"BA Code","Timestamp (Hour Ending)","Demand (MWh)","Demand Forecast (MWh)","Net Generation (MWh)","Total Interchange (MWh)"
ISNE,"6/1/2019 12 a.m. EDT",10847,10890,9037,-1810
ISNE,"6/1/2019 1 a.m. EDT",10004,10140,8048,-1956
ISNE,"6/1/2019 2 a.m. EDT",9457,9600,7450,-2007
ISNE,"6/1/2019 3 a.m. EDT",9506,9270,7210,-2296
ISNE,"6/1/2019 4 a.m. EDT",9518,9150,7379,-2139
ISNE,"6/1/2019 5 a.m. EDT",9529,9110,7448,-2081
ISNE,"6/1/2019 6 a.m. EDT",9548,9260,7488,-2060
ISNE,"6/1/2019 7 a.m. EDT",10026,9770,8014,-2012
ISNE,"6/1/2019 8 a.m. EDT",10412,10330,8227,-2185
ISNE,"6/1/2019 9 a.m. EDT",10959,10650,8733,-2226
ISNE,"6/1/2019 10 a.m. EDT",10999,10900,8734,-2265
ISNE,"6/1/2019 11 a.m. EDT",10850,11040,8849,-2001
ISNE,"6/1/2019 12 p.m. EDT",10863,11000,8779,-2084
ISNE,"6/1/2019 1 p.m. EDT",10889,11200,8847,-2042
ISNE,"6/1/2019 2 p.m. EDT",11002,11280,9259,-1743
ISNE,"6/1/2019 3 p.m. EDT",11263,11340,9561,-1702
ISNE,"6/1/2019 4 p.m. EDT",11571,11690,9793,-1778
ISNE,"6/1/2019 5 p.m. EDT",11966,12230,9898,-2068
ISNE,"6/1/2019 6 p.m. EDT",12326,12700,10217,-2109
ISNE,"6/1/2019 7 p.m. EDT",12537,12930,10340,-2197
ISNE,"6/1/2019 8 p.m. EDT",12569,12970,10034,-2535
ISNE,"6/1/2019 9 p.m. EDT",12682,12980,10269,-2413
ISNE,"6/1/2019 10 p.m. EDT",12307,12570,9939,-2368
ISNE,"6/1/2019 11 p.m. EDT",11450,11740,8903,-2547
ISNE,"6/2/2019 12 a.m. EDT",10508,10790,7940,-2568
ISNE,"6/2/2019 1 a.m. EDT",9987,9740,7752,-2235
ISNE,"6/2/2019 2 a.m. EDT",9537,9220,7359,-2178
ISNE,"6/2/2019 3 a.m. EDT",9533,8930,7357,-2176
ISNE,"6/2/2019 4 a.m. EDT",9600,8820,7141,-2459
ISNE,"6/2/2019 5 a.m. EDT",9861,8810,7344,-2517
ISNE,"6/2/2019 6 a.m. EDT",9695,8890,7478,-2217
ISNE,"6/2/2019 7 a.m. EDT",9908,9230,7556,-2352
ISNE,"6/2/2019 8 a.m. EDT",10070,9720,8035,-2035
ISNE,"6/2/2019 9 a.m. EDT",10632,10390,8547,-2085
ISNE,"6/2/2019 10 a.m. EDT",10814,10760,8972,-1842
ISNE,"6/2/2019 11 a.m. EDT",10967,10890,8907,-2060
ISNE,"6/2/2019 12 p.m. EDT",10887,11120,9195,-1692
ISNE,"6/2/2019 1 p.m. EDT",10865,11250,9166,-1699
ISNE,"6/2/2019 2 p.m. EDT",10975,11410,9496,-1479
ISNE,"6/2/2019 3 p.m. EDT",11253,11570,9791,-1462
ISNE,"6/2/2019 4 p.m. EDT",11703,11930,9874,-1829
ISNE,"6/2/2019 5 p.m. EDT",12312,12500,10059,-2253
ISNE,"6/2/2019 6 p.m. EDT",13016,13140,10736,-2280
ISNE,"6/2/2019 7 p.m. EDT",13380,13390,11087,-2293
ISNE,"6/2/2019 8 p.m. EDT",13428,13350,10876,-2552
ISNE,"6/2/2019 9 p.m. EDT",13419,13300,10840,-2579
ISNE,"6/2/2019 10 p.m. EDT",12815,12760,10306,-2509
ISNE,"6/2/2019 11 p.m. EDT",11630,11710,9048,-2582
ISNE,"6/3/2019 12 a.m. EDT",10725,10670,8316,-2409
ISNE,"6/3/2019 1 a.m. EDT",10121,9710,7506,-2615
ISNE,"6/3/2019 2 a.m. EDT",10015,9230,7124,-2891
ISNE,"6/3/2019 3 a.m. EDT",10031,8970,7163,-2868
ISNE,"6/3/2019 4 a.m. EDT",10144,8890,7396,-2748
ISNE,"6/3/2019 5 a.m. EDT",10339,9160,7570,-2769
ISNE,"6/3/2019 6 a.m. EDT",10470,9840,7751,-2719
ISNE,"6/3/2019 7 a.m. EDT",11156,11180,8619,-2537
ISNE,"6/3/2019 8 a.m. EDT",11925,11930,9293,-2632
ISNE,"6/3/2019 9 a.m. EDT",11811,11810,9291,-2520
ISNE,"6/3/2019 10 a.m. EDT",11596,11600,9149,-2447
ISNE,"6/3/2019 11 a.m. EDT",11514,11510,9204,-2310
ISNE,"6/3/2019 12 p.m. EDT",11557,11500,9297,-2260
ISNE,"6/3/2019 1 p.m. EDT",11544,11460,9407,-2137
ISNE,"6/3/2019 2 p.m. EDT",11698,11590,9447,-2251
ISNE,"6/3/2019 3 p.m. EDT",11762,11780,9414,-2348
ISNE,"6/3/2019 4 p.m. EDT",11944,11970,9528,-2416
ISNE,"6/3/2019 5 p.m. EDT",12509,12510,10069,-2440
ISNE,"6/3/2019 6 p.m. EDT",13053,13080,10570,-2483
ISNE,"6/3/2019 7 p.m. EDT",13397,13400,10893,-2504
ISNE,"6/3/2019 8 p.m. EDT",13397,13450,10894,-2503
ISNE,"6/3/2019 9 p.m. EDT",13357,13440,10789,-2568
ISNE,"6/3/2019 10 p.m. EDT",12738,12660,10191,-2547
ISNE,"6/3/2019 11 p.m. EDT",11525,11450,8763,-2762
ISNE,"6/4/2019 12 a.m. EDT",10576,10310,7714,-2862
ISNE,"6/4/2019 1 a.m. EDT",10037,9520,7496,-2541
ISNE,"6/4/2019 2 a.m. EDT",9999,9080,7453,-2546
ISNE,"6/4/2019 3 a.m. EDT",9982,8880,7433,-2549
ISNE,"6/4/2019 4 a.m. EDT",10164,8860,7525,-2639
ISNE,"6/4/2019 5 a.m. EDT",10306,9120,7699,-2607
ISNE,"6/4/2019 6 a.m. EDT",10398,9840,8046,-2352
ISNE,"6/4/2019 7 a.m. EDT",11127,11150,8689,-2438
ISNE,"6/4/2019 8 a.m. EDT",11780,11800,9217,-2563
ISNE,"6/4/2019 9 a.m. EDT",11642,11630,9499,-2143
ISNE,"6/4/2019 10 a.m. EDT",11452,11410,9549,-1903
ISNE,"6/4/2019 11 a.m. EDT",11686,11310,9986,-1700
ISNE,"6/4/2019 12 p.m. EDT",12196,11400,10413,-1783
ISNE,"6/4/2019 1 p.m. EDT",12301,11440,10557,-1744
ISNE,"6/4/2019 2 p.m. EDT",12306,11660,10638,-1668
ISNE,"6/4/2019 3 p.m. EDT",12401,11880,10828,-1573
ISNE,"6/4/2019 4 p.m. EDT",12552,12200,11097,-1455
ISNE,"6/4/2019 5 p.m. EDT",12578,12760,11022,-1556
ISNE,"6/4/2019 6 p.m. EDT",13029,13250,11517,-1512
ISNE,"6/4/2019 7 p.m. EDT",13299,13520,11490,-1809
ISNE,"6/4/2019 8 p.m. EDT",13351,13470,11437,-1914
ISNE,"6/4/2019 9 p.m. EDT",13440,13430,11372,-2068
ISNE,"6/4/2019 10 p.m. EDT",12834,12760,10795,-2039
ISNE,"6/4/2019 11 p.m. EDT",11651,11500,9329,-2322
ISNE,"6/5/2019 12 a.m. EDT",10713,10350,8322,-2391
ISNE,"6/5/2019 1 a.m. EDT",10194,9680,7818,-2376
ISNE,"6/5/2019 2 a.m. EDT",10065,9270,7777,-2288
ISNE,"6/5/2019 3 a.m. EDT",9885,9050,7508,-2377
ISNE,"6/5/2019 4 a.m. EDT",9818,9000,7482,-2336
ISNE,"6/5/2019 5 a.m. EDT",10060,9280,7561,-2499
ISNE,"6/5/2019 6 a.m. EDT",10317,10050,7793,-2524
ISNE,"6/5/2019 7 a.m. EDT",11447,11470,8943,-2504
ISNE,"6/5/2019 8 a.m. EDT",12418,12420,9858,-2560
ISNE,"6/5/2019 9 a.m. EDT",12675,12690,10236,-2439
ISNE,"6/5/2019 10 a.m. EDT",12751,12870,10779,-1972
ISNE,"6/5/2019 11 a.m. EDT",12725,12970,10685,-2040
ISNE,"6/5/2019 12 p.m. EDT",12754,13080,10468,-2286
ISNE,"6/5/2019 1 p.m. EDT",12941,13210,10660,-2281
ISNE,"6/5/2019 2 p.m. EDT",13434,13410,11188,-2246
ISNE,"6/5/2019 3 p.m. EDT",13845,13720,12015,-1830
ISNE,"6/5/2019 4 p.m. EDT",14203,13910,12595,-1608
ISNE,"6/5/2019 5 p.m. EDT",14601,14400,12512,-2089
ISNE,"6/5/2019 6 p.m. EDT",15000,14700,12758,-2242
ISNE,"6/5/2019 7 p.m. EDT",14973,14850,12748,-2225
ISNE,"6/5/2019 8 p.m. EDT",14907,14790,12737,-2170
ISNE,"6/5/2019 9 p.m. EDT",14900,14750,12734,-2166
ISNE,"6/5/2019 10 p.m. EDT",14196,14240,11740,-2456
ISNE,"6/5/2019 11 p.m. EDT",12892,12920,10208,-2684
ISNE,"6/6/2019 12 a.m. EDT",11753,11530,9101,-2652
ISNE,"6/6/2019 1 a.m. EDT",11177,10840,8584,-2593
ISNE,"6/6/2019 2 a.m. EDT",10580,10350,8562,-2018
ISNE,"6/6/2019 3 a.m. EDT",10405,10100,8598,-1807
ISNE,"6/6/2019 4 a.m. EDT",10499,9970,8442,-2057
ISNE,"6/6/2019 5 a.m. EDT",10743,10220,8697,-2046
ISNE,"6/6/2019 6 a.m. EDT",11260,11060,9107,-2153
ISNE,"6/6/2019 7 a.m. EDT",12545,12590,10402,-2143
ISNE,"6/6/2019 8 a.m. EDT",13705,13560,11647,-2058
ISNE,"6/6/2019 9 a.m. EDT",14236,13890,12161,-2075
ISNE,"6/6/2019 10 a.m. EDT",14366,14130,12300,-2066
ISNE,"6/6/2019 11 a.m. EDT",14296,14220,12628,-1668
ISNE,"6/6/2019 12 p.m. EDT",14252,14260,12474,-1778
ISNE,"6/6/2019 1 p.m. EDT",14293,14410,12518,-1775
ISNE,"6/6/2019 2 p.m. EDT",14483,14690,13012,-1471
ISNE,"6/6/2019 3 p.m. EDT",14580,14790,12713,-1867
ISNE,"6/6/2019 4 p.m. EDT",14777,14890,13023,-1754
ISNE,"6/6/2019 5 p.m. EDT",15119,15030,13977,-1142
ISNE,"6/6/2019 6 p.m. EDT",15509,15220,13887,-1622
ISNE,"6/6/2019 7 p.m. EDT",15619,15210,13329,-2290
ISNE,"6/6/2019 8 p.m. EDT",15472,15150,13483,-1989
ISNE,"6/6/2019 9 p.m. EDT",15314,15030,13349,-1965
ISNE,"6/6/2019 10 p.m. EDT",14679,14250,12496,-2183
ISNE,"6/6/2019 11 p.m. EDT",13308,12890,11038,-2270
ISNE,"6/7/2019 12 a.m. EDT",11905,11600,9689,-2216
ISNE,"6/7/2019 1 a.m. EDT",10873,10580,8850,-2023
ISNE,"6/7/2019 2 a.m. EDT",10496,10090,8703,-1793
ISNE,"6/7/2019 3 a.m. EDT",10382,9780,8266,-2116
ISNE,"6/7/2019 4 a.m. EDT",10213,9670,7936,-2277
ISNE,"6/7/2019 5 a.m. EDT",10338,9840,7978,-2360
ISNE,"6/7/2019 6 a.m. EDT",10658,10540,8502,-2156
ISNE,"6/7/2019 7 a.m. EDT",11729,11930,9355,-2374
ISNE,"6/7/2019 8 a.m. EDT",12642,12800,10314,-2328
ISNE,"6/7/2019 9 a.m. EDT",12848,13140,10740,-2108
ISNE,"6/7/2019 10 a.m. EDT",12891,13110,10892,-1999
ISNE,"6/7/2019 11 a.m. EDT",13106,13150,11554,-1552
ISNE,"6/7/2019 12 p.m. EDT",13279,13150,11771,-1508
ISNE,"6/7/2019 1 p.m. EDT",13419,13250,11925,-1494
ISNE,"6/7/2019 2 p.m. EDT",13691,13440,12288,-1403
ISNE,"6/7/2019 3 p.m. EDT",14018,13770,12858,-1160
ISNE,"6/7/2019 4 p.m. EDT",14363,14210,12802,-1561
ISNE,"6/7/2019 5 p.m. EDT",14709,14580,12904,-1805
ISNE,"6/7/2019 6 p.m. EDT",14873,14850,12874,-1999
ISNE,"6/7/2019 7 p.m. EDT",14838,14770,12698,-2140
ISNE,"6/7/2019 8 p.m. EDT",14592,14550,12425,-2167
ISNE,"6/7/2019 9 p.m. EDT",14424,14470,12361,-2063
ISNE,"6/7/2019 10 p.m. EDT",13973,13880,11832,-2141
ISNE,"6/7/2019 11 p.m. EDT",12869,12790,10607,-2262
ISNE,"6/8/2019 12 a.m. EDT",11604,11430,9312,-2292
ISNE,"6/8/2019 1 a.m. EDT",10615,10600,8349,-2266
ISNE,"6/8/2019 2 a.m. EDT",9959,9950,7977,-1982
ISNE,"6/8/2019 3 a.m. EDT",9800,9560,7838,-1962
ISNE,"6/8/2019 4 a.m. EDT",9606,9350,7522,-2084
ISNE,"6/8/2019 5 a.m. EDT",9705,9330,7676,-2029
ISNE,"6/8/2019 6 a.m. EDT",9912,9510,7880,-2032
ISNE,"6/8/2019 7 a.m. EDT",9943,10000,7897,-2046
ISNE,"6/8/2019 8 a.m. EDT",10459,10560,8176,-2283
ISNE,"6/8/2019 9 a.m. EDT",10938,10830,8787,-2151
ISNE,"6/8/2019 10 a.m. EDT",11136,11120,9127,-2009
ISNE,"6/8/2019 11 a.m. EDT",11208,11130,9737,-1471
ISNE,"6/8/2019 12 p.m. EDT",11280,11190,9840,-1440
ISNE,"6/8/2019 1 p.m. EDT",11370,11290,10095,-1275
ISNE,"6/8/2019 2 p.m. EDT",11467,11300,10073,-1394
ISNE,"6/8/2019 3 p.m. EDT",11703,11640,10061,-1642
ISNE,"6/8/2019 4 p.m. EDT",12141,12210,10467,-1674
ISNE,"6/8/2019 5 p.m. EDT",12812,12860,10986,-1826
ISNE,"6/8/2019 6 p.m. EDT",13520,13420,11576,-1944
ISNE,"6/8/2019 7 p.m. EDT",13896,13560,11492,-2404
ISNE,"6/8/2019 8 p.m. EDT",13692,13470,11097,-2595
ISNE,"6/8/2019 9 p.m. EDT",13422,13390,10835,-2587
ISNE,"6/8/2019 10 p.m. EDT",13013,12960,10482,-2531
ISNE,"6/8/2019 11 p.m. EDT",12010,12040,9255,-2755
ISNE,"6/9/2019 12 a.m. EDT",10901,10970,8216,-2685
ISNE,"6/9/2019 1 a.m. EDT",10234,9950,7530,-2704
ISNE,"6/9/2019 2 a.m. EDT",10172,9430,7652,-2520
ISNE,"6/9/2019 3 a.m. EDT",9902,9060,7643,-2259
ISNE,"6/9/2019 4 a.m. EDT",9939,8930,7592,-2347
ISNE,"6/9/2019 5 a.m. EDT",9970,8890,7583,-2387
ISNE,"6/9/2019 6 a.m. EDT",9945,8880,7543,-2402
ISNE,"6/9/2019 7 a.m. EDT",9953,9180,7786,-2167
ISNE,"6/9/2019 8 a.m. EDT",9862,9510,7383,-2479
ISNE,"6/9/2019 9 a.m. EDT",10002,10060,7799,-2203
ISNE,"6/9/2019 10 a.m. EDT",10315,10230,8091,-2224
ISNE,"6/9/2019 11 a.m. EDT",10480,10360,8512,-1968
ISNE,"6/9/2019 12 p.m. EDT",10688,10510,8815,-1873
ISNE,"6/9/2019 1 p.m. EDT",10878,10730,8945,-1933
ISNE,"6/9/2019 2 p.m. EDT",11047,10930,9166,-1881
ISNE,"6/9/2019 3 p.m. EDT",11316,11410,9573,-1743
ISNE,"6/9/2019 4 p.m. EDT",11822,11950,9859,-1963
ISNE,"6/9/2019 5 p.m. EDT",12595,12720,10365,-2230
ISNE,"6/9/2019 6 p.m. EDT",13463,13320,10859,-2604
ISNE,"6/9/2019 7 p.m. EDT",13920,13650,11335,-2585
ISNE,"6/9/2019 8 p.m. EDT",13818,13590,11198,-2620
ISNE,"6/9/2019 9 p.m. EDT",13708,13490,10976,-2732
ISNE,"6/9/2019 10 p.m. EDT",13190,12980,10397,-2793
ISNE,"6/9/2019 11 p.m. EDT",11971,11840,9083,-2888
ISNE,"6/10/2019 12 a.m. EDT",10792,10710,8184,-2608
ISNE,"6/10/2019 1 a.m. EDT",10539,9880,7917,-2622
ISNE,"6/10/2019 2 a.m. EDT",10416,9450,7906,-2510
ISNE,"6/10/2019 3 a.m. EDT",10269,9180,7627,-2642
ISNE,"6/10/2019 4 a.m. EDT",10335,9140,7675,-2660
ISNE,"6/10/2019 5 a.m. EDT",10339,9400,7708,-2631
ISNE,"6/10/2019 6 a.m. EDT",10615,10080,8214,-2401
ISNE,"6/10/2019 7 a.m. EDT",11320,11490,8848,-2472
ISNE,"6/10/2019 8 a.m. EDT",12266,12440,9729,-2537
ISNE,"6/10/2019 9 a.m. EDT",12483,12610,10076,-2407
ISNE,"6/10/2019 10 a.m. EDT",12651,12650,10429,-2222
ISNE,"6/10/2019 11 a.m. EDT",12892,12800,10848,-2044
ISNE,"6/10/2019 12 p.m. EDT",13139,13040,11046,-2093
ISNE,"6/10/2019 1 p.m. EDT",13352,13300,11202,-2150
ISNE,"6/10/2019 2 p.m. EDT",13662,13560,11316,-2346
ISNE,"6/10/2019 3 p.m. EDT",14033,13890,11543,-2490
ISNE,"6/10/2019 4 p.m. EDT",14537,14160,12107,-2430
ISNE,"6/10/2019 5 p.m. EDT",14930,14540,12719,-2211
ISNE,"6/10/2019 6 p.m. EDT",15401,14800,12680,-2721
ISNE,"6/10/2019 7 p.m. EDT",15548,14820,12791,-2757
ISNE,"6/10/2019 8 p.m. EDT",15364,14790,12554,-2810
ISNE,"6/10/2019 9 p.m. EDT",15244,14650,12566,-2678
ISNE,"6/10/2019 10 p.m. EDT",14525,13910,11922,-2603
ISNE,"6/10/2019 11 p.m. EDT",13180,12610,10197,-2983
ISNE,"6/11/2019 12 a.m. EDT",11961,11370,9125,-2836
ISNE,"6/11/2019 1 a.m. EDT",11342,11020,8452,-2890
ISNE,"6/11/2019 2 a.m. EDT",10943,10550,8113,-2830
ISNE,"6/11/2019 3 a.m. EDT",11115,10330,8235,-2880
ISNE,"6/11/2019 4 a.m. EDT",11058,10250,8289,-2769
ISNE,"6/11/2019 5 a.m. EDT",11047,10500,8266,-2781
ISNE,"6/11/2019 6 a.m. EDT",11612,11360,9105,-2507
ISNE,"6/11/2019 7 a.m. EDT",12839,12870,10541,-2298
ISNE,"6/11/2019 8 a.m. EDT",14058,14070,11493,-2565
ISNE,"6/11/2019 9 a.m. EDT",14533,14480,11998,-2535
ISNE,"6/11/2019 10 a.m. EDT",14792,14780,12195,-2597
ISNE,"6/11/2019 11 a.m. EDT",14916,14780,12340,-2576
ISNE,"6/11/2019 12 p.m. EDT",14490,14640,11967,-2523
ISNE,"6/11/2019 1 p.m. EDT",14077,14350,11409,-2668
ISNE,"6/11/2019 2 p.m. EDT",14251,14300,11687,-2564
ISNE,"6/11/2019 3 p.m. EDT",14192,14380,11534,-2658
ISNE,"6/11/2019 4 p.m. EDT",14199,14640,11577,-2622
ISNE,"6/11/2019 5 p.m. EDT",14576,15050,11943,-2633
ISNE,"6/11/2019 6 p.m. EDT",14834,15220,12209,-2625
ISNE,"6/11/2019 7 p.m. EDT",15084,15350,12659,-2425
ISNE,"6/11/2019 8 p.m. EDT",14854,14970,12280,-2574
ISNE,"6/11/2019 9 p.m. EDT",14528,14740,12273,-2255
ISNE,"6/11/2019 10 p.m. EDT",13877,13990,11553,-2324
ISNE,"6/11/2019 11 p.m. EDT",12535,12630,10069,-2466
ISNE,"6/12/2019 12 a.m. EDT",11207,11290,8865,-2342
ISNE,"6/12/2019 1 a.m. EDT",10761,10420,8322,-2439
ISNE,"6/12/2019 2 a.m. EDT",10667,9880,8039,-2628
ISNE,"6/12/2019 3 a.m. EDT",10678,9550,7863,-2815
ISNE,"6/12/2019 4 a.m. EDT",10851,9410,7846,-3005
ISNE,"6/12/2019 5 a.m. EDT",11034,9630,8093,-2941
ISNE,"6/12/2019 6 a.m. EDT",11629,10280,8657,-2972
ISNE,"6/12/2019 7 a.m. EDT",12062,11590,9301,-2761
ISNE,"6/12/2019 8 a.m. EDT",12272,12400,9613,-2659
ISNE,"6/12/2019 9 a.m. EDT",12535,12450,9745,-2790
ISNE,"6/12/2019 10 a.m. EDT",12511,12300,9941,-2570
ISNE,"6/12/2019 11 a.m. EDT",12520,12420,9833,-2687
ISNE,"6/12/2019 12 p.m. EDT",12401,12540,10171,-2230
ISNE,"6/12/2019 1 p.m. EDT",12550,12740,10281,-2269
ISNE,"6/12/2019 2 p.m. EDT",12830,13070,10271,-2559
ISNE,"6/12/2019 3 p.m. EDT",13014,13460,10330,-2684
ISNE,"6/12/2019 4 p.m. EDT",13392,13870,10538,-2854
ISNE,"6/12/2019 5 p.m. EDT",13964,14400,11024,-2940
ISNE,"6/12/2019 6 p.m. EDT",14481,14870,11558,-2923
ISNE,"6/12/2019 7 p.m. EDT",14708,14950,11897,-2811
ISNE,"6/12/2019 8 p.m. EDT",14518,14690,11503,-3015
ISNE,"6/12/2019 9 p.m. EDT",14227,14480,11345,-2882
ISNE,"6/12/2019 10 p.m. EDT",13624,13700,10811,-2813
ISNE,"6/12/2019 11 p.m. EDT",12347,12170,9662,-2685
ISNE,"6/13/2019 12 a.m. EDT",11142,10860,8649,-2493
ISNE,"6/13/2019 1 a.m. EDT",10361,10150,7866,-2495
ISNE,"6/13/2019 2 a.m. EDT",9608,9610,7311,-2297
ISNE,"6/13/2019 3 a.m. EDT",9408,9300,7306,-2102
ISNE,"6/13/2019 4 a.m. EDT",9453,9210,7368,-2085
ISNE,"6/13/2019 5 a.m. EDT",9657,9440,7452,-2205
ISNE,"6/13/2019 6 a.m. EDT",10138,10160,7900,-2238
ISNE,"6/13/2019 7 a.m. EDT",11493,11530,9532,-1961
ISNE,"6/13/2019 8 a.m. EDT",12587,12610,10621,-1966
ISNE,"6/13/2019 9 a.m. EDT",13023,13030,11068,-1955
ISNE,"6/13/2019 10 a.m. EDT",13280,13310,11360,-1920
ISNE,"6/13/2019 11 a.m. EDT",13507,13430,11718,-1789
ISNE,"6/13/2019 12 p.m. EDT",13656,13590,11631,-2025
ISNE,"6/13/2019 1 p.m. EDT",13623,13550,11345,-2278
ISNE,"6/13/2019 2 p.m. EDT",13441,13590,11221,-2220
ISNE,"6/13/2019 3 p.m. EDT",13212,13470,11020,-2192
ISNE,"6/13/2019 4 p.m. EDT",13160,13500,11118,-2042
ISNE,"6/13/2019 5 p.m. EDT",13264,13640,11372,-1892
ISNE,"6/13/2019 6 p.m. EDT",13486,13750,11490,-1996
ISNE,"6/13/2019 7 p.m. EDT",13504,13720,11482,-2022
ISNE,"6/13/2019 8 p.m. EDT",13334,13730,11188,-2146
ISNE,"6/13/2019 9 p.m. EDT",13242,13740,11231,-2011
ISNE,"6/13/2019 10 p.m. EDT",12691,13100,10561,-2130
ISNE,"6/13/2019 11 p.m. EDT",11579,11960,9038,-2541
ISNE,"6/14/2019 12 a.m. EDT",10503,10810,7942,-2561
ISNE,"6/14/2019 1 a.m. EDT",9747,9730,6936,-2811
ISNE,"6/14/2019 2 a.m. EDT",9390,9290,6886,-2504
ISNE,"6/14/2019 3 a.m. EDT",9432,9060,6916,-2516
ISNE,"6/14/2019 4 a.m. EDT",9659,9000,6991,-2668
ISNE,"6/14/2019 5 a.m. EDT",9734,9270,6924,-2810
ISNE,"6/14/2019 6 a.m. EDT",10090,10020,7130,-2960
ISNE,"6/14/2019 7 a.m. EDT",11400,11250,8113,-3287
ISNE,"6/14/2019 8 a.m. EDT",12120,12130,8935,-3185
ISNE,"6/14/2019 9 a.m. EDT",12277,12270,9269,-3008
ISNE,"6/14/2019 10 a.m. EDT",12172,12150,9453,-2719
ISNE,"6/14/2019 11 a.m. EDT",12454,12120,10008,-2446
ISNE,"6/14/2019 12 p.m. EDT",12753,12230,10381,-2372
ISNE,"6/14/2019 1 p.m. EDT",12915,12550,10632,-2283
ISNE,"6/14/2019 2 p.m. EDT",12909,12790,10523,-2386
ISNE,"6/14/2019 3 p.m. EDT",12843,12960,10525,-2318
ISNE,"6/14/2019 4 p.m. EDT",12874,13110,10409,-2465
ISNE,"6/14/2019 5 p.m. EDT",13095,13340,10473,-2622
ISNE,"6/14/2019 6 p.m. EDT",13215,13700,10798,-2417
ISNE,"6/14/2019 7 p.m. EDT",13176,13580,10926,-2250
ISNE,"6/14/2019 8 p.m. EDT",13071,13380,10731,-2340
ISNE,"6/14/2019 9 p.m. EDT",13023,13210,10818,-2205
ISNE,"6/14/2019 10 p.m. EDT",12681,12770,10546,-2135
ISNE,"6/14/2019 11 p.m. EDT",11697,11710,9322,-2375
ISNE,"6/15/2019 12 a.m. EDT",10619,10650,8102,-2517
ISNE,"6/15/2019 1 a.m. EDT",9811,9800,7548,-2263
ISNE,"6/15/2019 2 a.m. EDT",9558,9290,7397,-2161
ISNE,"6/15/2019 3 a.m. EDT",9594,9010,7419,-2175
ISNE,"6/15/2019 4 a.m. EDT",9588,8890,7331,-2257
ISNE,"6/15/2019 5 a.m. EDT",9717,8930,7323,-2394
ISNE,"6/15/2019 6 a.m. EDT",9839,9070,7265,-2574
ISNE,"6/15/2019 7 a.m. EDT",10118,9590,7473,-2645
ISNE,"6/15/2019 8 a.m. EDT",10349,10180,7849,-2500
ISNE,"6/15/2019 9 a.m. EDT",10729,10730,8647,-2082
ISNE,"6/15/2019 10 a.m. EDT",10899,11060,8845,-2054
ISNE,"6/15/2019 11 a.m. EDT",11012,11130,9004,-2008
ISNE,"6/15/2019 12 p.m. EDT",10974,11290,9115,-1859
ISNE,"6/15/2019 1 p.m. EDT",10956,11290,8934,-2022
ISNE,"6/15/2019 2 p.m. EDT",11250,11390,9211,-2039
ISNE,"6/15/2019 3 p.m. EDT",11671,11770,9624,-2047
ISNE,"6/15/2019 4 p.m. EDT",12137,12320,10214,-1923
ISNE,"6/15/2019 5 p.m. EDT",12632,13000,10644,-1988
ISNE,"6/15/2019 6 p.m. EDT",13007,13440,10623,-2384
ISNE,"6/15/2019 7 p.m. EDT",13337,13590,10966,-2371
ISNE,"6/15/2019 8 p.m. EDT",13286,13470,10830,-2456
ISNE,"6/15/2019 9 p.m. EDT",13295,13380,10564,-2731
ISNE,"6/15/2019 10 p.m. EDT",12981,13050,10674,-2307
ISNE,"6/15/2019 11 p.m. EDT",12137,12090,9722,-2415
ISNE,"6/16/2019 12 a.m. EDT",11182,11050,8534,-2648
ISNE,"6/16/2019 1 a.m. EDT",10398,10380,8287,-2111
ISNE,"6/16/2019 2 a.m. EDT",10101,9890,7782,-2319
ISNE,"6/16/2019 3 a.m. EDT",9679,9570,7260,-2419
ISNE,"6/16/2019 4 a.m. EDT",9389,9390,7038,-2351
ISNE,"6/16/2019 5 a.m. EDT",9349,9350,7057,-2292
ISNE,"6/16/2019 6 a.m. EDT",9427,9430,7161,-2266
ISNE,"6/16/2019 7 a.m. EDT",9746,9760,7642,-2104
ISNE,"6/16/2019 8 a.m. EDT",10329,10350,7968,-2361
ISNE,"6/16/2019 9 a.m. EDT",11106,11120,8629,-2477
ISNE,"6/16/2019 10 a.m. EDT",11853,11930,9343,-2510
ISNE,"6/16/2019 11 a.m. EDT",12455,12370,10027,-2428
ISNE,"6/16/2019 12 p.m. EDT",12691,12840,10588,-2103
ISNE,"6/16/2019 1 p.m. EDT",12872,13190,10887,-1985
ISNE,"6/16/2019 2 p.m. EDT",12834,13520,10951,-1883
ISNE,"6/16/2019 3 p.m. EDT",12963,13590,11069,-1894
ISNE,"6/16/2019 4 p.m. EDT",13027,13860,11093,-1934
ISNE,"6/16/2019 5 p.m. EDT",13245,14020,10970,-2275
ISNE,"6/16/2019 6 p.m. EDT",13517,14410,11164,-2353
ISNE,"6/16/2019 7 p.m. EDT",13635,14460,11262,-2373
ISNE,"6/16/2019 8 p.m. EDT",13617,14190,11227,-2390
ISNE,"6/16/2019 9 p.m. EDT",13616,14080,11347,-2269
ISNE,"6/16/2019 10 p.m. EDT",13156,13520,10887,-2269
ISNE,"6/16/2019 11 p.m. EDT",12147,12440,9484,-2663
ISNE,"6/17/2019 12 a.m. EDT",11115,11280,8540,-2575
ISNE,"6/17/2019 1 a.m. EDT",10394,10490,7940,-2454
ISNE,"6/17/2019 2 a.m. EDT",10400,9950,7935,-2465
ISNE,"6/17/2019 3 a.m. EDT",10419,9710,7754,-2665
ISNE,"6/17/2019 4 a.m. EDT",10426,9640,7639,-2787
ISNE,"6/17/2019 5 a.m. EDT",10663,9860,7842,-2821
ISNE,"6/17/2019 6 a.m. EDT",11020,10560,8244,-2776
ISNE,"6/17/2019 7 a.m. EDT",11965,11960,9064,-2901
ISNE,"6/17/2019 8 a.m. EDT",12929,12870,10330,-2599
ISNE,"6/17/2019 9 a.m. EDT",13198,13140,10418,-2780
ISNE,"6/17/2019 10 a.m. EDT",13297,13340,10808,-2489
ISNE,"6/17/2019 11 a.m. EDT",13574,13410,11404,-2170
ISNE,"6/17/2019 12 p.m. EDT",14003,13640,12149,-1854
ISNE,"6/17/2019 1 p.m. EDT",14186,13820,12429,-1757
ISNE,"6/17/2019 2 p.m. EDT",14387,14210,12667,-1720
ISNE,"6/17/2019 3 p.m. EDT",14515,14640,12600,-1915
ISNE,"6/17/2019 4 p.m. EDT",14620,14970,12647,-1973
ISNE,"6/17/2019 5 p.m. EDT",14883,15450,12990,-1893
ISNE,"6/17/2019 6 p.m. EDT",15334,15900,13121,-2213
ISNE,"6/17/2019 7 p.m. EDT",15608,16010,13387,-2221
ISNE,"6/17/2019 8 p.m. EDT",15494,15760,13014,-2480
ISNE,"6/17/2019 9 p.m. EDT",15315,15440,12788,-2527
ISNE,"6/17/2019 10 p.m. EDT",14780,14670,12254,-2526
ISNE,"6/17/2019 11 p.m. EDT",13412,13260,10652,-2760
ISNE,"6/18/2019 12 a.m. EDT",12074,11920,9212,-2862
ISNE,"6/18/2019 1 a.m. EDT",11089,10820,8142,-2947
ISNE,"6/18/2019 2 a.m. EDT",10773,10310,8008,-2765
ISNE,"6/18/2019 3 a.m. EDT",10476,10000,8019,-2457
ISNE,"6/18/2019 4 a.m. EDT",10351,10070,7854,-2497
ISNE,"6/18/2019 5 a.m. EDT",10541,10240,7992,-2549
ISNE,"6/18/2019 6 a.m. EDT",11211,11160,8446,-2765
ISNE,"6/18/2019 7 a.m. EDT",12239,12450,9059,-3180
ISNE,"6/18/2019 8 a.m. EDT",13291,13550,10220,-3071
ISNE,"6/18/2019 9 a.m. EDT",13922,14000,11007,-2915
ISNE,"6/18/2019 10 a.m. EDT",14291,14390,11587,-2704
ISNE,"6/18/2019 11 a.m. EDT",14495,14720,11778,-2717
ISNE,"6/18/2019 12 p.m. EDT",14701,14880,12013,-2688
ISNE,"6/18/2019 1 p.m. EDT",14929,14830,12167,-2762
ISNE,"6/18/2019 2 p.m. EDT",15047,14880,12434,-2613
ISNE,"6/18/2019 3 p.m. EDT",14876,14960,12485,-2391
ISNE,"6/18/2019 4 p.m. EDT",14766,15170,12590,-2176
ISNE,"6/18/2019 5 p.m. EDT",14849,15330,12609,-2240
ISNE,"6/18/2019 6 p.m. EDT",14975,15600,12649,-2326
ISNE,"6/18/2019 7 p.m. EDT",14935,15640,12693,-2242
ISNE,"6/18/2019 8 p.m. EDT",14776,15330,12404,-2372
ISNE,"6/18/2019 9 p.m. EDT",14589,15070,12020,-2569
ISNE,"6/18/2019 10 p.m. EDT",14012,14380,11430,-2582
ISNE,"6/18/2019 11 p.m. EDT",12831,13070,10047,-2784
ISNE,"6/19/2019 12 a.m. EDT",11632,11770,8704,-2928
ISNE,"6/19/2019 1 a.m. EDT",10790,10900,7873,-2917
ISNE,"6/19/2019 2 a.m. EDT",10381,10350,7736,-2645
ISNE,"6/19/2019 3 a.m. EDT",10240,10060,7533,-2707
ISNE,"6/19/2019 4 a.m. EDT",10150,9980,7402,-2748
ISNE,"6/19/2019 5 a.m. EDT",10378,10190,7572,-2806
ISNE,"6/19/2019 6 a.m. EDT",11093,10940,8070,-3023
ISNE,"6/19/2019 7 a.m. EDT",12156,12310,9327,-2829
ISNE,"6/19/2019 8 a.m. EDT",13170,13490,10381,-2789
ISNE,"6/19/2019 9 a.m. EDT",13763,13920,11309,-2454
ISNE,"6/19/2019 10 a.m. EDT",14130,14120,11853,-2277
ISNE,"6/19/2019 11 a.m. EDT",14441,14300,12125,-2316
ISNE,"6/19/2019 12 p.m. EDT",14596,14460,12355,-2241
ISNE,"6/19/2019 1 p.m. EDT",14616,14520,11966,-2650
ISNE,"6/19/2019 2 p.m. EDT",14814,14560,12167,-2647
ISNE,"6/19/2019 3 p.m. EDT",14957,14860,12459,-2498
ISNE,"6/19/2019 4 p.m. EDT",15080,14990,12718,-2362
ISNE,"6/19/2019 5 p.m. EDT",15356,15410,12981,-2375
ISNE,"6/19/2019 6 p.m. EDT",15483,15700,12735,-2748
ISNE,"6/19/2019 7 p.m. EDT",15399,15860,12583,-2816
ISNE,"6/19/2019 8 p.m. EDT",15270,15560,12532,-2738
ISNE,"6/19/2019 9 p.m. EDT",15189,15380,12280,-2909
ISNE,"6/19/2019 10 p.m. EDT",14631,14680,11821,-2810
ISNE,"6/19/2019 11 p.m. EDT",13454,13330,10495,-2959
ISNE,"6/20/2019 12 a.m. EDT",12212,11970,9339,-2873
ISNE,"6/20/2019 1 a.m. EDT",11155,11280,8618,-2537
ISNE,"6/20/2019 2 a.m. EDT",10693,10750,8385,-2308
ISNE,"6/20/2019 3 a.m. EDT",10778,10440,8416,-2362
ISNE,"6/20/2019 4 a.m. EDT",10972,10490,8554,-2418
ISNE,"6/20/2019 5 a.m. EDT",11085,10650,8400,-2685
ISNE,"6/20/2019 6 a.m. EDT",11360,11260,8699,-2661
ISNE,"6/20/2019 7 a.m. EDT",12435,12640,9457,-2978
ISNE,"6/20/2019 8 a.m. EDT",13480,13690,10727,-2753
ISNE,"6/20/2019 9 a.m. EDT",14187,14170,11453,-2734
ISNE,"6/20/2019 10 a.m. EDT",14667,14650,11909,-2758
ISNE,"6/20/2019 11 a.m. EDT",14984,14890,12323,-2661
ISNE,"6/20/2019 12 p.m. EDT",15162,15060,12531,-2631
ISNE,"6/20/2019 1 p.m. EDT",15208,15150,12378,-2830
ISNE,"6/20/2019 2 p.m. EDT",15284,15310,12379,-2905
ISNE,"6/20/2019 3 p.m. EDT",15199,15360,12475,-2724
ISNE,"6/20/2019 4 p.m. EDT",15147,15380,12863,-2284
ISNE,"6/20/2019 5 p.m. EDT",15312,15500,12905,-2407
ISNE,"6/20/2019 6 p.m. EDT",15434,15700,13061,-2373
ISNE,"6/20/2019 7 p.m. EDT",15447,15560,13056,-2391
ISNE,"6/20/2019 8 p.m. EDT",15354,15410,12850,-2504
ISNE,"6/20/2019 9 p.m. EDT",15224,15200,12566,-2658
ISNE,"6/20/2019 10 p.m. EDT",14663,14670,12165,-2498
ISNE,"6/20/2019 11 p.m. EDT",13509,13490,10619,-2890
ISNE,"6/21/2019 12 a.m. EDT",12330,12230,9413,-2917
ISNE,"6/21/2019 1 a.m. EDT",11862,11530,8840,-3022
ISNE,"6/21/2019 2 a.m. EDT",11773,10970,8879,-2894
ISNE,"6/21/2019 3 a.m. EDT",11570,10590,8960,-2610
ISNE,"6/21/2019 4 a.m. EDT",11615,10430,8998,-2617
ISNE,"6/21/2019 5 a.m. EDT",11676,10520,9086,-2590
ISNE,"6/21/2019 6 a.m. EDT",11831,11150,9095,-2736
ISNE,"6/21/2019 7 a.m. EDT",12489,12350,9798,-2691
ISNE,"6/21/2019 8 a.m. EDT",13249,13430,10252,-2997
ISNE,"6/21/2019 9 a.m. EDT",13865,13990,10969,-2896
ISNE,"6/21/2019 10 a.m. EDT",14278,14260,11445,-2833
ISNE,"6/21/2019 11 a.m. EDT",14410,14420,11486,-2924
ISNE,"6/21/2019 12 p.m. EDT",14361,14410,11424,-2937
ISNE,"6/21/2019 1 p.m. EDT",14312,14420,11481,-2831
ISNE,"6/21/2019 2 p.m. EDT",14382,14430,11286,-3096
ISNE,"6/21/2019 3 p.m. EDT",14322,14540,11474,-2848
ISNE,"6/21/2019 4 p.m. EDT",14290,14570,11640,-2650
ISNE,"6/21/2019 5 p.m. EDT",14303,14730,12026,-2277
ISNE,"6/21/2019 6 p.m. EDT",14308,14810,11868,-2440
ISNE,"6/21/2019 7 p.m. EDT",14205,14720,11413,-2792
ISNE,"6/21/2019 8 p.m. EDT",14011,14440,11186,-2825
ISNE,"6/21/2019 9 p.m. EDT",13914,14190,10914,-3000
ISNE,"6/21/2019 10 p.m. EDT",13548,13680,10283,-3265
ISNE,"6/21/2019 11 p.m. EDT",12521,12610,9456,-3065
ISNE,"6/22/2019 12 a.m. EDT",11367,11470,8412,-2955
ISNE,"6/22/2019 1 a.m. EDT",10920,10550,7958,-2962
ISNE,"6/22/2019 2 a.m. EDT",10393,9940,7462,-2931
ISNE,"6/22/2019 3 a.m. EDT",10235,9580,7461,-2774
ISNE,"6/22/2019 4 a.m. EDT",10353,9380,7487,-2866
ISNE,"6/22/2019 5 a.m. EDT",10373,9380,7441,-2932
ISNE,"6/22/2019 6 a.m. EDT",10498,9490,7414,-3084
ISNE,"6/22/2019 7 a.m. EDT",11021,9960,7981,-3040
ISNE,"6/22/2019 8 a.m. EDT",10439,10450,7959,-2480
ISNE,"6/22/2019 9 a.m. EDT",10894,10900,8596,-2298
ISNE,"6/22/2019 10 a.m. EDT",11191,11190,8556,-2635
ISNE,"6/22/2019 11 a.m. EDT",11361,11350,8274,-3087
ISNE,"6/22/2019 12 p.m. EDT",11496,11570,8651,-2845
ISNE,"6/22/2019 1 p.m. EDT",11801,11740,8902,-2899
ISNE,"6/22/2019 2 p.m. EDT",12234,11900,9587,-2647
ISNE,"6/22/2019 3 p.m. EDT",12381,12120,9895,-2486
ISNE,"6/22/2019 4 p.m. EDT",12567,12430,10224,-2343
ISNE,"6/22/2019 5 p.m. EDT",12647,12860,10122,-2525
ISNE,"6/22/2019 6 p.m. EDT",13171,13290,10528,-2643
ISNE,"6/22/2019 7 p.m. EDT",13491,13460,10565,-2926
ISNE,"6/22/2019 8 p.m. EDT",13350,13290,10441,-2909
ISNE,"6/22/2019 9 p.m. EDT",13244,13270,10529,-2715
ISNE,"6/22/2019 10 p.m. EDT",12980,12880,10668,-2312
ISNE,"6/22/2019 11 p.m. EDT",12099,11950,9449,-2650
ISNE,"6/23/2019 12 a.m. EDT",11082,10970,8134,-2948
ISNE,"6/23/2019 1 a.m. EDT",10309,10240,7055,-3254
ISNE,"6/23/2019 2 a.m. EDT",9958,9690,6856,-3102
ISNE,"6/23/2019 3 a.m. EDT",9601,9340,6523,-3078
ISNE,"6/23/2019 4 a.m. EDT",9386,9130,6523,-2863
ISNE,"6/23/2019 5 a.m. EDT",9591,9100,6818,-2773
ISNE,"6/23/2019 6 a.m. EDT",9493,9110,6431,-3062
ISNE,"6/23/2019 7 a.m. EDT",9600,9340,6551,-3049
ISNE,"6/23/2019 8 a.m. EDT",9775,9680,7283,-2492
ISNE,"6/23/2019 9 a.m. EDT",10255,10380,7967,-2288
ISNE,"6/23/2019 10 a.m. EDT",10628,10640,8259,-2369
ISNE,"6/23/2019 11 a.m. EDT",10942,10760,8659,-2283
ISNE,"6/23/2019 12 p.m. EDT",11265,11060,9041,-2224
ISNE,"6/23/2019 1 p.m. EDT",11568,11550,8868,-2700
ISNE,"6/23/2019 2 p.m. EDT",11892,11840,9225,-2667
ISNE,"6/23/2019 3 p.m. EDT",12310,12230,9676,-2634
ISNE,"6/23/2019 4 p.m. EDT",13007,12840,10676,-2331
ISNE,"6/23/2019 5 p.m. EDT",13926,13560,11725,-2201
ISNE,"6/23/2019 6 p.m. EDT",14859,14300,12245,-2614
ISNE,"6/23/2019 7 p.m. EDT",15383,14560,12691,-2692
ISNE,"6/23/2019 8 p.m. EDT",15341,14500,12417,-2924
ISNE,"6/23/2019 9 p.m. EDT",15095,14370,12225,-2870
ISNE,"6/23/2019 10 p.m. EDT",14692,13780,11950,-2742
ISNE,"6/23/2019 11 p.m. EDT",13514,12620,10449,-3065
ISNE,"6/24/2019 12 a.m. EDT",12189,11450,8904,-3285
ISNE,"6/24/2019 1 a.m. EDT",11175,11290,7983,-3192
ISNE,"6/24/2019 2 a.m. EDT",10743,10640,7576,-3167
ISNE,"6/24/2019 3 a.m. EDT",10571,10230,7564,-3007
ISNE,"6/24/2019 4 a.m. EDT",10486,10090,7427,-3059
ISNE,"6/24/2019 5 a.m. EDT",10624,10220,7465,-3159
ISNE,"6/24/2019 6 a.m. EDT",11164,10910,8024,-3140
ISNE,"6/24/2019 7 a.m. EDT",12054,12190,8861,-3193
ISNE,"6/24/2019 8 a.m. EDT",12921,13210,9921,-3000
ISNE,"6/24/2019 9 a.m. EDT",13448,13660,10734,-2714
ISNE,"6/24/2019 10 a.m. EDT",13781,13970,11175,-2606
ISNE,"6/24/2019 11 a.m. EDT",14179,14140,11863,-2316
ISNE,"6/24/2019 12 p.m. EDT",14582,14550,12342,-2240
ISNE,"6/24/2019 1 p.m. EDT",14927,14800,12753,-2174
ISNE,"6/24/2019 2 p.m. EDT",15442,15210,13476,-1966
ISNE,"6/24/2019 3 p.m. EDT",15912,15920,13641,-2271
ISNE,"6/24/2019 4 p.m. EDT",16402,16390,14087,-2315
ISNE,"6/24/2019 5 p.m. EDT",16791,16650,14329,-2462
ISNE,"6/24/2019 6 p.m. EDT",17112,16940,14449,-2663
ISNE,"6/24/2019 7 p.m. EDT",17050,16900,14118,-2932
ISNE,"6/24/2019 8 p.m. EDT",16636,16520,13467,-3169
ISNE,"6/24/2019 9 p.m. EDT",16336,16150,13248,-3088
ISNE,"6/24/2019 10 p.m. EDT",15624,15440,12756,-2868
ISNE,"6/24/2019 11 p.m. EDT",14138,13980,11111,-3027
ISNE,"6/25/2019 12 a.m. EDT",12681,12590,9620,-3061
ISNE,"6/25/2019 1 a.m. EDT",11792,11770,8587,-3205
ISNE,"6/25/2019 2 a.m. EDT",11435,11120,8645,-2790
ISNE,"6/25/2019 3 a.m. EDT",11138,10750,8523,-2615
ISNE,"6/25/2019 4 a.m. EDT",11374,10230,8610,-2764
ISNE,"6/25/2019 5 a.m. EDT",11438,10410,8629,-2809
ISNE,"6/25/2019 6 a.m. EDT",11581,11140,9036,-2545
ISNE,"6/25/2019 7 a.m. EDT",12624,12530,9992,-2632
ISNE,"6/25/2019 8 a.m. EDT",14027,13780,11301,-2726
ISNE,"6/25/2019 9 a.m. EDT",14811,14380,12295,-2516
ISNE,"6/25/2019 10 a.m. EDT",15228,14910,12886,-2342
ISNE,"6/25/2019 11 a.m. EDT",15586,15350,13230,-2356
ISNE,"6/25/2019 12 p.m. EDT",15826,15740,13333,-2493
ISNE,"6/25/2019 1 p.m. EDT",15957,15860,13541,-2416
ISNE,"6/25/2019 2 p.m. EDT",16079,16130,13736,-2343
ISNE,"6/25/2019 3 p.m. EDT",15926,16200,13591,-2335
ISNE,"6/25/2019 4 p.m. EDT",15704,16350,13592,-2112
ISNE,"6/25/2019 5 p.m. EDT",15692,16480,13724,-1968
ISNE,"6/25/2019 6 p.m. EDT",15907,16650,14009,-1898
ISNE,"6/25/2019 7 p.m. EDT",15909,16590,14133,-1776
ISNE,"6/25/2019 8 p.m. EDT",15700,16230,13801,-1899
ISNE,"6/25/2019 9 p.m. EDT",15506,15940,13449,-2057
ISNE,"6/25/2019 10 p.m. EDT",14955,15300,12492,-2463
ISNE,"6/25/2019 11 p.m. EDT",13760,14030,11239,-2521
ISNE,"6/26/2019 12 a.m. EDT",12521,12660,10188,-2333
ISNE,"6/26/2019 1 a.m. EDT",11907,11660,9062,-2845
ISNE,"6/26/2019 2 a.m. EDT",11877,11120,9042,-2835
ISNE,"6/26/2019 3 a.m. EDT",11853,10790,8914,-2939
ISNE,"6/26/2019 4 a.m. EDT",11734,10660,8709,-3025
ISNE,"6/26/2019 5 a.m. EDT",11922,10860,8885,-3037
ISNE,"6/26/2019 6 a.m. EDT",12292,11510,9452,-2840
ISNE,"6/26/2019 7 a.m. EDT",13164,12840,10239,-2925
ISNE,"6/26/2019 8 a.m. EDT",13987,14000,11046,-2941
ISNE,"6/26/2019 9 a.m. EDT",14533,14540,11782,-2751
ISNE,"6/26/2019 10 a.m. EDT",14834,14850,12276,-2558
ISNE,"6/26/2019 11 a.m. EDT",15164,15170,13132,-2032
ISNE,"6/26/2019 12 p.m. EDT",15499,15500,13249,-2250
ISNE,"6/26/2019 1 p.m. EDT",15700,15710,13705,-1995
ISNE,"6/26/2019 2 p.m. EDT",16152,16160,14518,-1634
ISNE,"6/26/2019 3 p.m. EDT",16574,16570,14947,-1627
ISNE,"6/26/2019 4 p.m. EDT",17070,17080,15427,-1643
ISNE,"6/26/2019 5 p.m. EDT",17626,17640,16157,-1469
ISNE,"6/26/2019 6 p.m. EDT",18089,18110,16212,-1877
ISNE,"6/26/2019 7 p.m. EDT",18114,17690,16244,-1870
ISNE,"6/26/2019 8 p.m. EDT",17706,17230,15852,-1854
ISNE,"6/26/2019 9 p.m. EDT",17215,16860,15263,-1952
ISNE,"6/26/2019 10 p.m. EDT",16452,16030,14328,-2124
ISNE,"6/26/2019 11 p.m. EDT",15106,14410,12398,-2708
ISNE,"6/27/2019 12 a.m. EDT",13518,12930,10956,-2562
ISNE,"6/27/2019 1 a.m. EDT",12278,12250,9491,-2787
ISNE,"6/27/2019 2 a.m. EDT",11622,11510,9120,-2502
ISNE,"6/27/2019 3 a.m. EDT",11354,11060,8890,-2464
ISNE,"6/27/2019 4 a.m. EDT",11102,10820,8595,-2507
ISNE,"6/27/2019 5 a.m. EDT",11448,10930,8861,-2587
ISNE,"6/27/2019 6 a.m. EDT",11831,11520,9087,-2744
ISNE,"6/27/2019 7 a.m. EDT",12983,12740,9819,-3164
ISNE,"6/27/2019 8 a.m. EDT",13847,13860,11224,-2623
ISNE,"6/27/2019 9 a.m. EDT",14406,14400,12282,-2124
ISNE,"6/27/2019 10 a.m. EDT",14739,14740,12865,-1874
ISNE,"6/27/2019 11 a.m. EDT",15226,15070,13766,-1460
ISNE,"6/27/2019 12 p.m. EDT",15765,15300,14711,-1054
ISNE,"6/27/2019 1 p.m. EDT",16255,15880,15362,-893
ISNE,"6/27/2019 2 p.m. EDT",16857,16200,15697,-1160
ISNE,"6/27/2019 3 p.m. EDT",17310,16870,16122,-1188
ISNE,"6/27/2019 4 p.m. EDT",17672,17690,16501,-1171
ISNE,"6/27/2019 5 p.m. EDT",18046,18120,16887,-1159
ISNE,"6/27/2019 6 p.m. EDT",18445,18330,17082,-1363
ISNE,"6/27/2019 7 p.m. EDT",18453,18500,16787,-1666
ISNE,"6/27/2019 8 p.m. EDT",18078,17670,16294,-1784
ISNE,"6/27/2019 9 p.m. EDT",17538,17210,15802,-1736
ISNE,"6/27/2019 10 p.m. EDT",16800,16340,14843,-1957
ISNE,"6/27/2019 11 p.m. EDT",15276,14900,12543,-2733
ISNE,"6/28/2019 12 a.m. EDT",13695,13230,10764,-2931
ISNE,"6/28/2019 1 a.m. EDT",12783,12470,9874,-2909
ISNE,"6/28/2019 2 a.m. EDT",12249,11690,9378,-2871
ISNE,"6/28/2019 3 a.m. EDT",11986,11170,8920,-3066
ISNE,"6/28/2019 4 a.m. EDT",12022,10930,9013,-3009
ISNE,"6/28/2019 5 a.m. EDT",12047,10990,8753,-3294
ISNE,"6/28/2019 6 a.m. EDT",12217,11470,8897,-3320
ISNE,"6/28/2019 7 a.m. EDT",12929,12660,9626,-3303
ISNE,"6/28/2019 8 a.m. EDT",14032,13810,10860,-3172
ISNE,"6/28/2019 9 a.m. EDT",14670,14480,12024,-2646
ISNE,"6/28/2019 10 a.m. EDT",15045,15120,13251,-1794
ISNE,"6/28/2019 11 a.m. EDT",15686,15630,14066,-1620
ISNE,"6/28/2019 12 p.m. EDT",16299,16260,14881,-1418
ISNE,"6/28/2019 1 p.m. EDT",16837,16880,15536,-1301
ISNE,"6/28/2019 2 p.m. EDT",17513,17530,16269,-1244
ISNE,"6/28/2019 3 p.m. EDT",18068,18240,16793,-1275
ISNE,"6/28/2019 4 p.m. EDT",18543,18460,17604,-939
ISNE,"6/28/2019 5 p.m. EDT",18998,18480,17939,-1059
ISNE,"6/28/2019 6 p.m. EDT",19408,19000,17944,-1464
ISNE,"6/28/2019 7 p.m. EDT",19323,18580,17447,-1876
ISNE,"6/28/2019 8 p.m. EDT",18847,18090,16468,-2379
ISNE,"6/28/2019 9 p.m. EDT",18140,17670,15771,-2369
ISNE,"6/28/2019 10 p.m. EDT",17416,16970,15299,-2117
ISNE,"6/28/2019 11 p.m. EDT",16000,15820,13707,-2293
ISNE,"6/29/2019 12 a.m. EDT",14506,14280,11708,-2798
ISNE,"6/29/2019 1 a.m. EDT",13561,13290,11070,-2491
ISNE,"6/29/2019 2 a.m. EDT",12753,12470,10298,-2455
ISNE,"6/29/2019 3 a.m. EDT",12374,11950,9751,-2623
ISNE,"6/29/2019 4 a.m. EDT",12469,11630,9769,-2700
ISNE,"6/29/2019 5 a.m. EDT",12217,11540,9873,-2344
ISNE,"6/29/2019 6 a.m. EDT",12247,11660,9865,-2382
ISNE,"6/29/2019 7 a.m. EDT",12490,12100,10126,-2364
ISNE,"6/29/2019 8 a.m. EDT",13127,12870,11079,-2048
ISNE,"6/29/2019 9 a.m. EDT",13903,13760,12065,-1838
ISNE,"6/29/2019 10 a.m. EDT",14551,14570,12762,-1789
ISNE,"6/29/2019 11 a.m. EDT",15183,15370,13465,-1718
ISNE,"6/29/2019 12 p.m. EDT",15624,16010,13968,-1656
ISNE,"6/29/2019 1 p.m. EDT",16021,16440,14552,-1469
ISNE,"6/29/2019 2 p.m. EDT",16613,16630,15177,-1436
ISNE,"6/29/2019 3 p.m. EDT",16868,16860,15854,-1014
ISNE,"6/29/2019 4 p.m. EDT",17041,17260,15826,-1215
ISNE,"6/29/2019 5 p.m. EDT",17062,17470,16217,-845
ISNE,"6/29/2019 6 p.m. EDT",17231,17750,15947,-1284
ISNE,"6/29/2019 7 p.m. EDT",17411,17500,15507,-1904
ISNE,"6/29/2019 8 p.m. EDT",17212,17150,14954,-2258
ISNE,"6/29/2019 9 p.m. EDT",16857,16830,14636,-2221
ISNE,"6/29/2019 10 p.m. EDT",16410,16360,13962,-2448
ISNE,"6/29/2019 11 p.m. EDT",15446,15260,12586,-2860
ISNE,"6/30/2019 12 a.m. EDT",14205,13950,10851,-3354
ISNE,"6/30/2019 1 a.m. EDT",13110,12930,10563,-2547
ISNE,"6/30/2019 2 a.m. EDT",12681,12160,10273,-2408
ISNE,"6/30/2019 3 a.m. EDT",12363,11570,9387,-2976
ISNE,"6/30/2019 4 a.m. EDT",12264,11170,9357,-2907
ISNE,"6/30/2019 5 a.m. EDT",12032,10950,9204,-2828
ISNE,"6/30/2019 6 a.m. EDT",11901,10810,9062,-2839
ISNE,"6/30/2019 7 a.m. EDT",11858,11110,9282,-2576
ISNE,"6/30/2019 8 a.m. EDT",12024,11690,9463,-2561
ISNE,"6/30/2019 9 a.m. EDT",12717,12500,10656,-2061
ISNE,"6/30/2019 10 a.m. EDT",13335,13350,11510,-1825
ISNE,"6/30/2019 11 a.m. EDT",13985,13840,12435,-1550
ISNE,"6/30/2019 12 p.m. EDT",14155,14160,12192,-1963
ISNE,"6/30/2019 1 p.m. EDT",13972,14420,11875,-2097
ISNE,"6/30/2019 2 p.m. EDT",14153,14490,12055,-2098
ISNE,"6/30/2019 3 p.m. EDT",14426,14420,12296,-2130
ISNE,"6/30/2019 4 p.m. EDT",14201,14460,11944,-2257
ISNE,"6/30/2019 5 p.m. EDT",14229,14690,11849,-2380
ISNE,"6/30/2019 6 p.m. EDT",14706,15030,12616,-2090
ISNE,"6/30/2019 7 p.m. EDT",14958,15250,12857,-2101
ISNE,"6/30/2019 8 p.m. EDT",14723,15110,12768,-1955
ISNE,"6/30/2019 9 p.m. EDT",14522,14870,12279,-2243
ISNE,"6/30/2019 10 p.m. EDT",14181,14360,11637,-2544
ISNE,"6/30/2019 11 p.m. EDT",13139,13240,10514,-2625
ISNE,"7/1/2019 12 a.m. EDT",12021,12070,8720,-3301
