"BA Code","Timestamp (Hour Ending)","Demand (MWh)","Demand Forecast (MWh)","Net Generation (MWh)","Total Interchange (MWh)"
ISNE,"9/1/2016 12 a.m. EDT",15058,15200,12294,-2764
ISNE,"9/1/2016 1 a.m. EDT",14156,13710,11354,-2802
ISNE,"9/1/2016 2 a.m. EDT",13850,13060,11136,-2714
ISNE,"9/1/2016 3 a.m. EDT",13728,12690,11067,-2661
ISNE,"9/1/2016 4 a.m. EDT",13523,12560,10811,-2712
ISNE,"9/1/2016 5 a.m. EDT",13682,12720,10795,-2887
ISNE,"9/1/2016 6 a.m. EDT",14312,13730,11407,-2905
ISNE,"9/1/2016 7 a.m. EDT",15347,15260,12558,-2789
ISNE,"9/1/2016 8 a.m. EDT",16429,16230,13858,-2571
ISNE,"9/1/2016 9 a.m. EDT",17053,16660,14485,-2568
ISNE,"9/1/2016 10 a.m. EDT",17518,17080,15149,-2369
ISNE,"9/1/2016 11 a.m. EDT",17885,17630,15398,-2487
ISNE,"9/1/2016 12 p.m. EDT",18061,17850,15482,-2579
ISNE,"9/1/2016 1 p.m. EDT",18013,18190,15328,-2685
ISNE,"9/1/2016 2 p.m. EDT",18028,18500,15257,-2771
ISNE,"9/1/2016 3 p.m. EDT",18002,18730,14940,-3062
ISNE,"9/1/2016 4 p.m. EDT",18071,18820,15283,-2788
ISNE,"9/1/2016 5 p.m. EDT",18190,19000,15521,-2669
ISNE,"9/1/2016 6 p.m. EDT",18215,18820,15360,-2855
ISNE,"9/1/2016 7 p.m. EDT",18016,18450,15022,-2994
ISNE,"9/1/2016 8 p.m. EDT",18102,18490,15199,-2903
ISNE,"9/1/2016 9 p.m. EDT",17950,18120,15159,-2791
ISNE,"9/1/2016 10 p.m. EDT",16832,16810,13829,-3003
ISNE,"9/1/2016 11 p.m. EDT",15175,15160,12131,-3044
ISNE,"9/2/2016 12 a.m. EDT",13832,13610,10889,-2943
ISNE,"9/2/2016 1 a.m. EDT",12679,12750,9966,-2713
ISNE,"9/2/2016 2 a.m. EDT",12380,12050,9621,-2759
ISNE,"9/2/2016 3 a.m. EDT",12294,11580,9720,-2574
ISNE,"9/2/2016 4 a.m. EDT",12134,11370,9456,-2678
ISNE,"9/2/2016 5 a.m. EDT",12308,11520,9576,-2732
ISNE,"9/2/2016 6 a.m. EDT",12397,11820,9824,-2573
ISNE,"9/2/2016 7 a.m. EDT",12955,13110,10321,-2634
ISNE,"9/2/2016 8 a.m. EDT",14017,14300,11155,-2862
ISNE,"9/2/2016 9 a.m. EDT",14782,15080,11909,-2873
ISNE,"9/2/2016 10 a.m. EDT",15311,15650,12503,-2808
ISNE,"9/2/2016 11 a.m. EDT",15716,16060,13124,-2592
ISNE,"9/2/2016 12 p.m. EDT",16086,16310,13520,-2566
ISNE,"9/2/2016 1 p.m. EDT",16286,16380,13647,-2639
ISNE,"9/2/2016 2 p.m. EDT",16502,16700,13732,-2770
ISNE,"9/2/2016 3 p.m. EDT",16617,16910,13826,-2791
ISNE,"9/2/2016 4 p.m. EDT",16720,17100,13962,-2758
ISNE,"9/2/2016 5 p.m. EDT",16890,17200,14139,-2751
ISNE,"9/2/2016 6 p.m. EDT",16886,16970,14084,-2802
ISNE,"9/2/2016 7 p.m. EDT",16448,16630,13701,-2747
ISNE,"9/2/2016 8 p.m. EDT",16285,16360,13658,-2627
ISNE,"9/2/2016 9 p.m. EDT",15999,16180,13408,-2591
ISNE,"9/2/2016 10 p.m. EDT",15064,15170,12517,-2547
ISNE,"9/2/2016 11 p.m. EDT",13815,13870,11432,-2383
ISNE,"9/3/2016 12 a.m. EDT",12556,12540,10249,-2307
ISNE,"9/3/2016 1 a.m. EDT",11759,11570,9449,-2310
ISNE,"9/3/2016 2 a.m. EDT",11430,10940,9119,-2311
ISNE,"9/3/2016 3 a.m. EDT",11067,10560,8776,-2291
ISNE,"9/3/2016 4 a.m. EDT",10827,10390,8767,-2060
ISNE,"9/3/2016 5 a.m. EDT",10750,10290,8613,-2137
ISNE,"9/3/2016 6 a.m. EDT",10718,10530,8845,-1873
ISNE,"9/3/2016 7 a.m. EDT",10824,11020,8850,-1974
ISNE,"9/3/2016 8 a.m. EDT",11381,11770,9361,-2020
ISNE,"9/3/2016 9 a.m. EDT",12225,12690,10154,-2071
ISNE,"9/3/2016 10 a.m. EDT",12875,13360,10807,-2068
ISNE,"9/3/2016 11 a.m. EDT",13192,13400,11091,-2101
ISNE,"9/3/2016 12 p.m. EDT",13408,13690,11065,-2343
ISNE,"9/3/2016 1 p.m. EDT",13560,13850,11312,-2248
ISNE,"9/3/2016 2 p.m. EDT",13615,13950,11508,-2107
ISNE,"9/3/2016 3 p.m. EDT",13680,14060,11594,-2086
ISNE,"9/3/2016 4 p.m. EDT",13727,14310,11568,-2159
ISNE,"9/3/2016 5 p.m. EDT",13934,14650,11772,-2162
ISNE,"9/3/2016 6 p.m. EDT",14159,14940,12151,-2008
ISNE,"9/3/2016 7 p.m. EDT",14181,14470,12209,-1972
ISNE,"9/3/2016 8 p.m. EDT",14366,14420,12082,-2284
ISNE,"9/3/2016 9 p.m. EDT",14307,14350,11894,-2413
ISNE,"9/3/2016 10 p.m. EDT",13579,13710,11241,-2338
ISNE,"9/3/2016 11 p.m. EDT",12619,12780,10219,-2400
ISNE,"9/4/2016 12 a.m. EDT",11599,11760,9142,-2457
ISNE,"9/4/2016 1 a.m. EDT",10764,10960,8274,-2490
ISNE,"9/4/2016 2 a.m. EDT",10528,10430,8098,-2430
ISNE,"9/4/2016 3 a.m. EDT",10603,10070,8318,-2285
ISNE,"9/4/2016 4 a.m. EDT",10695,9890,8591,-2104
ISNE,"9/4/2016 5 a.m. EDT",10736,9830,8377,-2359
ISNE,"9/4/2016 6 a.m. EDT",10607,9750,8305,-2302
ISNE,"9/4/2016 7 a.m. EDT",10812,9850,8353,-2459
ISNE,"9/4/2016 8 a.m. EDT",10836,10440,8829,-2007
ISNE,"9/4/2016 9 a.m. EDT",11382,11310,9023,-2359
ISNE,"9/4/2016 10 a.m. EDT",11977,12080,9394,-2583
ISNE,"9/4/2016 11 a.m. EDT",12354,12510,9872,-2482
ISNE,"9/4/2016 12 p.m. EDT",12612,12870,10201,-2411
ISNE,"9/4/2016 1 p.m. EDT",12812,13060,10537,-2275
ISNE,"9/4/2016 2 p.m. EDT",12925,13180,10678,-2247
ISNE,"9/4/2016 3 p.m. EDT",13102,13240,10916,-2186
ISNE,"9/4/2016 4 p.m. EDT",13376,13440,11419,-1957
ISNE,"9/4/2016 5 p.m. EDT",13773,13800,11824,-1949
ISNE,"9/4/2016 6 p.m. EDT",14121,14250,11732,-2389
ISNE,"9/4/2016 7 p.m. EDT",14085,14340,11665,-2420
ISNE,"9/4/2016 8 p.m. EDT",14192,14560,11675,-2517
ISNE,"9/4/2016 9 p.m. EDT",14050,14410,11691,-2359
ISNE,"9/4/2016 10 p.m. EDT",13303,13470,11063,-2240
ISNE,"9/4/2016 11 p.m. EDT",12379,12310,9840,-2539
ISNE,"9/5/2016 12 a.m. EDT",11387,11240,8856,-2531
ISNE,"9/5/2016 1 a.m. EDT",10756,10330,8348,-2408
ISNE,"9/5/2016 2 a.m. EDT",10077,9960,8216,-1861
ISNE,"9/5/2016 3 a.m. EDT",9786,9650,8353,-1433
ISNE,"9/5/2016 4 a.m. EDT",9878,9490,8187,-1691
ISNE,"9/5/2016 5 a.m. EDT",9916,9520,8001,-1915
ISNE,"9/5/2016 6 a.m. EDT",10199,9660,8088,-2111
ISNE,"9/5/2016 7 a.m. EDT",10576,9910,8445,-2131
ISNE,"9/5/2016 8 a.m. EDT",11090,10480,8787,-2303
ISNE,"9/5/2016 9 a.m. EDT",11753,11330,9546,-2207
ISNE,"9/5/2016 10 a.m. EDT",12451,11990,10266,-2185
ISNE,"9/5/2016 11 a.m. EDT",12916,12320,10625,-2291
ISNE,"9/5/2016 12 p.m. EDT",13017,12710,10801,-2216
ISNE,"9/5/2016 1 p.m. EDT",13119,12850,10865,-2254
ISNE,"9/5/2016 2 p.m. EDT",13270,12960,11046,-2224
ISNE,"9/5/2016 3 p.m. EDT",13487,12980,11235,-2252
ISNE,"9/5/2016 4 p.m. EDT",13751,13160,11515,-2236
ISNE,"9/5/2016 5 p.m. EDT",14195,13660,12011,-2184
ISNE,"9/5/2016 6 p.m. EDT",14669,14040,12406,-2263
ISNE,"9/5/2016 7 p.m. EDT",14842,14310,12704,-2138
ISNE,"9/5/2016 8 p.m. EDT",15133,14590,13009,-2124
ISNE,"9/5/2016 9 p.m. EDT",14992,14480,12851,-2141
ISNE,"9/5/2016 10 p.m. EDT",13976,13650,11939,-2037
ISNE,"9/5/2016 11 p.m. EDT",12658,12530,10483,-2175
ISNE,"9/6/2016 12 a.m. EDT",11552,11430,9326,-2226
ISNE,"9/6/2016 1 a.m. EDT",11305,10760,9095,-2210
ISNE,"9/6/2016 2 a.m. EDT",11299,10430,9116,-2183
ISNE,"9/6/2016 3 a.m. EDT",11315,10260,9120,-2195
ISNE,"9/6/2016 4 a.m. EDT",11281,10250,9083,-2198
ISNE,"9/6/2016 5 a.m. EDT",11525,10490,9248,-2277
ISNE,"9/6/2016 6 a.m. EDT",12061,11340,9622,-2439
ISNE,"9/6/2016 7 a.m. EDT",13274,12720,11160,-2114
ISNE,"9/6/2016 8 a.m. EDT",14386,13790,12521,-1865
ISNE,"9/6/2016 9 a.m. EDT",15007,14540,12971,-2036
ISNE,"9/6/2016 10 a.m. EDT",15503,15030,13313,-2190
ISNE,"9/6/2016 11 a.m. EDT",15899,15950,13805,-2094
ISNE,"9/6/2016 12 p.m. EDT",16124,16180,14160,-1964
ISNE,"9/6/2016 1 p.m. EDT",16249,16380,14263,-1986
ISNE,"9/6/2016 2 p.m. EDT",16430,16640,14325,-2105
ISNE,"9/6/2016 3 p.m. EDT",16540,16830,14735,-1805
ISNE,"9/6/2016 4 p.m. EDT",16653,16980,15163,-1490
ISNE,"9/6/2016 5 p.m. EDT",16812,17230,15407,-1405
ISNE,"9/6/2016 6 p.m. EDT",16965,17500,15494,-1471
ISNE,"9/6/2016 7 p.m. EDT",16973,17240,15307,-1666
ISNE,"9/6/2016 8 p.m. EDT",17196,17270,15363,-1833
ISNE,"9/6/2016 9 p.m. EDT",16861,16960,15007,-1854
ISNE,"9/6/2016 10 p.m. EDT",15792,15970,13714,-2078
ISNE,"9/6/2016 11 p.m. EDT",14375,14550,12327,-2048
ISNE,"9/7/2016 12 a.m. EDT",13078,13240,10970,-2108
ISNE,"9/7/2016 1 a.m. EDT",12719,12460,10177,-2542
ISNE,"9/7/2016 2 a.m. EDT",12469,11850,9865,-2604
ISNE,"9/7/2016 3 a.m. EDT",12438,11640,9729,-2709
ISNE,"9/7/2016 4 a.m. EDT",12333,11460,9666,-2667
ISNE,"9/7/2016 5 a.m. EDT",12557,11650,9972,-2585
ISNE,"9/7/2016 6 a.m. EDT",13103,12500,10598,-2505
ISNE,"9/7/2016 7 a.m. EDT",14396,14010,12012,-2384
ISNE,"9/7/2016 8 a.m. EDT",15441,15260,13230,-2211
ISNE,"9/7/2016 9 a.m. EDT",16070,16150,14082,-1988
ISNE,"9/7/2016 10 a.m. EDT",16531,16920,14598,-1933
ISNE,"9/7/2016 11 a.m. EDT",16957,17510,14840,-2117
ISNE,"9/7/2016 12 p.m. EDT",17330,17710,15262,-2068
ISNE,"9/7/2016 1 p.m. EDT",17679,17960,15434,-2245
ISNE,"9/7/2016 2 p.m. EDT",18017,18290,15819,-2198
ISNE,"9/7/2016 3 p.m. EDT",18177,18690,16198,-1979
ISNE,"9/7/2016 4 p.m. EDT",18412,18800,16605,-1807
ISNE,"9/7/2016 5 p.m. EDT",18681,19100,16980,-1701
ISNE,"9/7/2016 6 p.m. EDT",18794,19200,16906,-1888
ISNE,"9/7/2016 7 p.m. EDT",18630,19010,16524,-2106
ISNE,"9/7/2016 8 p.m. EDT",18764,18920,16593,-2171
ISNE,"9/7/2016 9 p.m. EDT",18408,18530,16231,-2177
ISNE,"9/7/2016 10 p.m. EDT",17240,17540,14899,-2341
ISNE,"9/7/2016 11 p.m. EDT",15963,15900,13578,-2385
ISNE,"9/8/2016 12 a.m. EDT",14754,14370,12511,-2243
ISNE,"9/8/2016 1 a.m. EDT",14230,13020,11231,-2999
ISNE,"9/8/2016 2 a.m. EDT",13789,12360,10678,-3111
ISNE,"9/8/2016 3 a.m. EDT",13396,11970,10279,-3117
ISNE,"9/8/2016 4 a.m. EDT",13215,11810,10171,-3044
ISNE,"9/8/2016 5 a.m. EDT",13371,11990,10312,-3059
ISNE,"9/8/2016 6 a.m. EDT",14293,12910,11447,-2846
ISNE,"9/8/2016 7 a.m. EDT",15534,14510,12864,-2670
ISNE,"9/8/2016 8 a.m. EDT",15933,15630,13326,-2607
ISNE,"9/8/2016 9 a.m. EDT",16515,16260,14116,-2399
ISNE,"9/8/2016 10 a.m. EDT",17053,16890,14572,-2481
ISNE,"9/8/2016 11 a.m. EDT",17597,17680,15180,-2417
ISNE,"9/8/2016 12 p.m. EDT",18066,18100,15476,-2590
ISNE,"9/8/2016 1 p.m. EDT",18484,18600,15869,-2615
ISNE,"9/8/2016 2 p.m. EDT",18934,19120,15884,-3050
ISNE,"9/8/2016 3 p.m. EDT",19320,19480,16604,-2716
ISNE,"9/8/2016 4 p.m. EDT",19717,19810,17353,-2364
ISNE,"9/8/2016 5 p.m. EDT",20197,20140,17998,-2199
ISNE,"9/8/2016 6 p.m. EDT",20417,20210,18076,-2341
ISNE,"9/8/2016 7 p.m. EDT",20075,19930,17332,-2743
ISNE,"9/8/2016 8 p.m. EDT",20174,19910,17243,-2931
ISNE,"9/8/2016 9 p.m. EDT",19689,19560,16689,-3000
ISNE,"9/8/2016 10 p.m. EDT",18389,18310,15455,-2934
ISNE,"9/8/2016 11 p.m. EDT",16736,16690,14061,-2675
ISNE,"9/9/2016 12 a.m. EDT",15775,15110,13037,-2738
ISNE,"9/9/2016 1 a.m. EDT",15229,14150,12345,-2884
ISNE,"9/9/2016 2 a.m. EDT",14693,13390,11832,-2861
ISNE,"9/9/2016 3 a.m. EDT",14280,13000,11655,-2625
ISNE,"9/9/2016 4 a.m. EDT",14105,12810,11731,-2374
ISNE,"9/9/2016 5 a.m. EDT",14312,13080,11698,-2614
ISNE,"9/9/2016 6 a.m. EDT",15267,13990,12624,-2643
ISNE,"9/9/2016 7 a.m. EDT",16591,15600,13936,-2655
ISNE,"9/9/2016 8 a.m. EDT",17358,16870,14892,-2466
ISNE,"9/9/2016 9 a.m. EDT",17906,17950,15475,-2431
ISNE,"9/9/2016 10 a.m. EDT",18725,18850,15831,-2894
ISNE,"9/9/2016 11 a.m. EDT",19571,19650,16617,-2954
ISNE,"9/9/2016 12 p.m. EDT",20522,20410,17485,-3037
ISNE,"9/9/2016 1 p.m. EDT",21328,20810,18342,-2986
ISNE,"9/9/2016 2 p.m. EDT",22029,21570,19213,-2816
ISNE,"9/9/2016 3 p.m. EDT",22463,22040,19759,-2704
ISNE,"9/9/2016 4 p.m. EDT",22806,22330,20162,-2644
ISNE,"9/9/2016 5 p.m. EDT",23034,22420,20312,-2722
ISNE,"9/9/2016 6 p.m. EDT",22772,22020,19888,-2884
ISNE,"9/9/2016 7 p.m. EDT",22017,21210,18929,-3088
ISNE,"9/9/2016 8 p.m. EDT",21631,20840,18398,-3233
ISNE,"9/9/2016 9 p.m. EDT",20859,20180,17569,-3290
ISNE,"9/9/2016 10 p.m. EDT",19443,18830,16133,-3310
ISNE,"9/9/2016 11 p.m. EDT",17759,17100,14815,-2944
ISNE,"9/10/2016 12 a.m. EDT",16073,15440,13110,-2963
ISNE,"9/10/2016 1 a.m. EDT",15017,14220,12114,-2903
ISNE,"9/10/2016 2 a.m. EDT",14174,13450,11420,-2754
ISNE,"9/10/2016 3 a.m. EDT",13983,12900,11280,-2703
ISNE,"9/10/2016 4 a.m. EDT",13933,12570,11175,-2758
ISNE,"9/10/2016 5 a.m. EDT",14048,12370,11129,-2919
ISNE,"9/10/2016 6 a.m. EDT",14020,13010,11019,-3001
ISNE,"9/10/2016 7 a.m. EDT",14258,13530,11382,-2876
ISNE,"9/10/2016 8 a.m. EDT",14333,14180,12050,-2283
ISNE,"9/10/2016 9 a.m. EDT",15218,15110,12917,-2301
ISNE,"9/10/2016 10 a.m. EDT",16116,15940,13914,-2202
ISNE,"9/10/2016 11 a.m. EDT",16899,16620,14945,-1954
ISNE,"9/10/2016 12 p.m. EDT",17389,17100,14973,-2416
ISNE,"9/10/2016 1 p.m. EDT",17644,17570,15085,-2559
ISNE,"9/10/2016 2 p.m. EDT",17836,17750,15396,-2440
ISNE,"9/10/2016 3 p.m. EDT",18135,17870,15951,-2184
ISNE,"9/10/2016 4 p.m. EDT",18499,18170,16346,-2153
ISNE,"9/10/2016 5 p.m. EDT",18753,18450,16362,-2391
ISNE,"9/10/2016 6 p.m. EDT",18784,18500,15942,-2842
ISNE,"9/10/2016 7 p.m. EDT",18501,18220,15561,-2940
ISNE,"9/10/2016 8 p.m. EDT",18609,18330,15530,-3079
ISNE,"9/10/2016 9 p.m. EDT",18277,18220,15126,-3151
ISNE,"9/10/2016 10 p.m. EDT",17432,17170,14585,-2847
ISNE,"9/10/2016 11 p.m. EDT",16297,16020,13779,-2518
ISNE,"9/11/2016 12 a.m. EDT",15097,14750,12562,-2535
ISNE,"9/11/2016 1 a.m. EDT",14145,14220,11152,-2993
ISNE,"9/11/2016 2 a.m. EDT",13780,13510,11087,-2693
ISNE,"9/11/2016 3 a.m. EDT",13848,12930,11307,-2541
ISNE,"9/11/2016 4 a.m. EDT",13582,12620,10871,-2711
ISNE,"9/11/2016 5 a.m. EDT",13501,12570,10920,-2581
ISNE,"9/11/2016 6 a.m. EDT",13702,12870,10938,-2764
ISNE,"9/11/2016 7 a.m. EDT",14117,13120,11439,-2678
ISNE,"9/11/2016 8 a.m. EDT",14391,13720,11645,-2746
ISNE,"9/11/2016 9 a.m. EDT",15047,14640,12270,-2777
ISNE,"9/11/2016 10 a.m. EDT",15959,15580,13056,-2903
ISNE,"9/11/2016 11 a.m. EDT",16173,16290,13316,-2857
ISNE,"9/11/2016 12 p.m. EDT",16039,16720,13164,-2875
ISNE,"9/11/2016 1 p.m. EDT",15973,17060,13399,-2574
ISNE,"9/11/2016 2 p.m. EDT",16057,17050,13403,-2654
ISNE,"9/11/2016 3 p.m. EDT",16196,17170,13331,-2865
ISNE,"9/11/2016 4 p.m. EDT",16517,17240,13619,-2898
ISNE,"9/11/2016 5 p.m. EDT",16841,17310,13944,-2897
ISNE,"9/11/2016 6 p.m. EDT",17101,17350,14152,-2949
ISNE,"9/11/2016 7 p.m. EDT",16851,16960,13938,-2913
ISNE,"9/11/2016 8 p.m. EDT",16742,16910,13717,-3025
ISNE,"9/11/2016 9 p.m. EDT",16173,16410,13252,-2921
ISNE,"9/11/2016 10 p.m. EDT",14908,15260,12043,-2865
ISNE,"9/11/2016 11 p.m. EDT",13493,13920,10766,-2727
ISNE,"9/12/2016 12 a.m. EDT",12411,12630,9682,-2729
ISNE,"9/12/2016 1 a.m. EDT",11687,11430,9152,-2535
ISNE,"9/12/2016 2 a.m. EDT",11520,10830,8916,-2604
ISNE,"9/12/2016 3 a.m. EDT",11305,10410,8746,-2559
ISNE,"9/12/2016 4 a.m. EDT",11377,10270,8837,-2540
ISNE,"9/12/2016 5 a.m. EDT",11363,10510,9042,-2321
ISNE,"9/12/2016 6 a.m. EDT",12124,11130,9709,-2415
ISNE,"9/12/2016 7 a.m. EDT",12879,12630,10434,-2445
ISNE,"9/12/2016 8 a.m. EDT",13541,13730,11069,-2472
ISNE,"9/12/2016 9 a.m. EDT",13956,14330,11497,-2459
ISNE,"9/12/2016 10 a.m. EDT",14304,14770,11903,-2401
ISNE,"9/12/2016 11 a.m. EDT",14636,14610,12344,-2292
ISNE,"9/12/2016 12 p.m. EDT",14878,14760,12426,-2452
ISNE,"9/12/2016 1 p.m. EDT",15057,14970,12584,-2473
ISNE,"9/12/2016 2 p.m. EDT",15347,15300,12981,-2366
ISNE,"9/12/2016 3 p.m. EDT",15624,15560,13239,-2385
ISNE,"9/12/2016 4 p.m. EDT",15899,15820,13334,-2565
ISNE,"9/12/2016 5 p.m. EDT",16255,16110,13698,-2557
ISNE,"9/12/2016 6 p.m. EDT",16543,16230,13928,-2615
ISNE,"9/12/2016 7 p.m. EDT",16408,16060,13717,-2691
ISNE,"9/12/2016 8 p.m. EDT",16497,16210,14093,-2404
ISNE,"9/12/2016 9 p.m. EDT",15974,15830,13597,-2377
ISNE,"9/12/2016 10 p.m. EDT",14732,14660,12300,-2432
ISNE,"9/12/2016 11 p.m. EDT",13239,13200,10686,-2553
ISNE,"9/13/2016 12 a.m. EDT",11927,11890,9439,-2488
ISNE,"9/13/2016 1 a.m. EDT",11428,11130,8869,-2559
ISNE,"9/13/2016 2 a.m. EDT",11467,10650,8658,-2809
ISNE,"9/13/2016 3 a.m. EDT",11514,10310,8610,-2904
ISNE,"9/13/2016 4 a.m. EDT",11390,10200,8866,-2524
ISNE,"9/13/2016 5 a.m. EDT",11610,10370,8721,-2889
ISNE,"9/13/2016 6 a.m. EDT",11862,11300,8860,-3002
ISNE,"9/13/2016 7 a.m. EDT",12797,12960,9742,-3055
ISNE,"9/13/2016 8 a.m. EDT",13705,14020,10691,-3014
ISNE,"9/13/2016 9 a.m. EDT",14189,14500,10933,-3256
ISNE,"9/13/2016 10 a.m. EDT",14588,14990,11484,-3104
ISNE,"9/13/2016 11 a.m. EDT",15026,15340,11951,-3075
ISNE,"9/13/2016 12 p.m. EDT",15380,15690,12211,-3169
ISNE,"9/13/2016 1 p.m. EDT",15677,15890,12601,-3076
ISNE,"9/13/2016 2 p.m. EDT",16104,16380,13265,-2839
ISNE,"9/13/2016 3 p.m. EDT",16451,16710,13359,-3092
ISNE,"9/13/2016 4 p.m. EDT",16865,17100,13769,-3096
ISNE,"9/13/2016 5 p.m. EDT",17277,17430,14279,-2998
ISNE,"9/13/2016 6 p.m. EDT",17480,17550,14503,-2977
ISNE,"9/13/2016 7 p.m. EDT",17262,17220,14247,-3015
ISNE,"9/13/2016 8 p.m. EDT",17403,17230,14244,-3159
ISNE,"9/13/2016 9 p.m. EDT",16873,16860,13728,-3145
ISNE,"9/13/2016 10 p.m. EDT",15647,15660,12520,-3127
ISNE,"9/13/2016 11 p.m. EDT",14105,14140,11006,-3099
ISNE,"9/14/2016 12 a.m. EDT",12746,12740,9850,-2896
ISNE,"9/14/2016 1 a.m. EDT",12051,11710,8985,-3066
ISNE,"9/14/2016 2 a.m. EDT",11799,11180,8820,-2979
ISNE,"9/14/2016 3 a.m. EDT",11663,10870,8715,-2948
ISNE,"9/14/2016 4 a.m. EDT",11624,10760,8642,-2982
ISNE,"9/14/2016 5 a.m. EDT",11682,11100,8653,-3029
ISNE,"9/14/2016 6 a.m. EDT",12234,12000,9320,-2914
ISNE,"9/14/2016 7 a.m. EDT",13621,13600,10598,-3023
ISNE,"9/14/2016 8 a.m. EDT",14718,14780,11546,-3172
ISNE,"9/14/2016 9 a.m. EDT",15354,15380,12024,-3330
ISNE,"9/14/2016 10 a.m. EDT",15964,15940,13051,-2913
ISNE,"9/14/2016 11 a.m. EDT",16714,16450,13998,-2716
ISNE,"9/14/2016 12 p.m. EDT",17364,16930,14709,-2655
ISNE,"9/14/2016 1 p.m. EDT",17913,17240,15055,-2858
ISNE,"9/14/2016 2 p.m. EDT",18665,17990,15719,-2946
ISNE,"9/14/2016 3 p.m. EDT",19207,18370,16241,-2966
ISNE,"9/14/2016 4 p.m. EDT",19471,18680,16505,-2966
ISNE,"9/14/2016 5 p.m. EDT",19587,18890,16603,-2984
ISNE,"9/14/2016 6 p.m. EDT",19280,18950,16357,-2923
ISNE,"9/14/2016 7 p.m. EDT",18810,18400,15831,-2979
ISNE,"9/14/2016 8 p.m. EDT",18680,18360,15732,-2948
ISNE,"9/14/2016 9 p.m. EDT",17777,17670,14869,-2908
ISNE,"9/14/2016 10 p.m. EDT",16194,16370,13185,-3009
ISNE,"9/14/2016 11 p.m. EDT",14322,14700,11492,-2830
ISNE,"9/15/2016 12 a.m. EDT",12857,13100,10005,-2852
ISNE,"9/15/2016 1 a.m. EDT",11941,11340,8881,-3060
ISNE,"9/15/2016 2 a.m. EDT",11404,10760,8365,-3039
ISNE,"9/15/2016 3 a.m. EDT",11428,10430,8257,-3171
ISNE,"9/15/2016 4 a.m. EDT",11440,10270,8094,-3346
ISNE,"9/15/2016 5 a.m. EDT",11248,10590,7936,-3312
ISNE,"9/15/2016 6 a.m. EDT",11762,11410,8515,-3247
ISNE,"9/15/2016 7 a.m. EDT",12804,12930,9851,-2953
ISNE,"9/15/2016 8 a.m. EDT",13658,13950,10763,-2895
ISNE,"9/15/2016 9 a.m. EDT",13944,14250,11020,-2924
ISNE,"9/15/2016 10 a.m. EDT",14141,14410,11249,-2892
ISNE,"9/15/2016 11 a.m. EDT",14364,14650,11366,-2998
ISNE,"9/15/2016 12 p.m. EDT",14565,14780,11621,-2944
ISNE,"9/15/2016 1 p.m. EDT",14580,14810,11560,-3020
ISNE,"9/15/2016 2 p.m. EDT",14707,15060,11359,-3348
ISNE,"9/15/2016 3 p.m. EDT",14774,15160,11489,-3285
ISNE,"9/15/2016 4 p.m. EDT",14924,15390,11880,-3044
ISNE,"9/15/2016 5 p.m. EDT",15203,15550,12150,-3053
ISNE,"9/15/2016 6 p.m. EDT",15410,15640,12323,-3087
ISNE,"9/15/2016 7 p.m. EDT",15328,15540,12297,-3031
ISNE,"9/15/2016 8 p.m. EDT",15570,15700,12514,-3056
ISNE,"9/15/2016 9 p.m. EDT",15083,15410,12337,-2746
ISNE,"9/15/2016 10 p.m. EDT",13991,14280,11123,-2868
ISNE,"9/15/2016 11 p.m. EDT",12600,12950,9597,-3003
ISNE,"9/16/2016 12 a.m. EDT",11353,11700,8389,-2964
ISNE,"9/16/2016 1 a.m. EDT",10890,10510,7349,-3541
ISNE,"9/16/2016 2 a.m. EDT",10648,10050,6979,-3669
ISNE,"9/16/2016 3 a.m. EDT",10627,9810,6856,-3771
ISNE,"9/16/2016 4 a.m. EDT",10745,9710,7029,-3716
ISNE,"9/16/2016 5 a.m. EDT",10782,9910,7140,-3642
ISNE,"9/16/2016 6 a.m. EDT",11244,10830,7604,-3640
ISNE,"9/16/2016 7 a.m. EDT",12323,12440,8818,-3505
ISNE,"9/16/2016 8 a.m. EDT",13228,13410,9699,-3529
ISNE,"9/16/2016 9 a.m. EDT",13594,13730,10076,-3518
ISNE,"9/16/2016 10 a.m. EDT",13828,13950,10368,-3460
ISNE,"9/16/2016 11 a.m. EDT",14123,14170,10869,-3254
ISNE,"9/16/2016 12 p.m. EDT",14283,14290,10975,-3308
ISNE,"9/16/2016 1 p.m. EDT",14350,14170,11075,-3275
ISNE,"9/16/2016 2 p.m. EDT",14476,14350,11305,-3171
ISNE,"9/16/2016 3 p.m. EDT",14515,14440,11633,-2882
ISNE,"9/16/2016 4 p.m. EDT",14637,14600,11720,-2917
ISNE,"9/16/2016 5 p.m. EDT",14869,14800,11695,-3174
ISNE,"9/16/2016 6 p.m. EDT",14977,14860,11842,-3135
ISNE,"9/16/2016 7 p.m. EDT",14809,14630,11654,-3155
ISNE,"9/16/2016 8 p.m. EDT",14998,14950,11723,-3275
ISNE,"9/16/2016 9 p.m. EDT",14520,14420,11441,-3079
ISNE,"9/16/2016 10 p.m. EDT",13617,13630,10240,-3377
ISNE,"9/16/2016 11 p.m. EDT",12487,12450,8999,-3488
ISNE,"9/17/2016 12 a.m. EDT",11341,11370,7848,-3493
ISNE,"9/17/2016 1 a.m. EDT",10658,10470,7387,-3271
ISNE,"9/17/2016 2 a.m. EDT",10462,9950,7171,-3291
ISNE,"9/17/2016 3 a.m. EDT",10429,9660,7234,-3195
ISNE,"9/17/2016 4 a.m. EDT",10553,9520,7238,-3315
ISNE,"9/17/2016 5 a.m. EDT",10587,9560,7273,-3314
ISNE,"9/17/2016 6 a.m. EDT",10689,9880,7373,-3316
ISNE,"9/17/2016 7 a.m. EDT",10759,10480,7502,-3257
ISNE,"9/17/2016 8 a.m. EDT",11054,11210,8102,-2952
ISNE,"9/17/2016 9 a.m. EDT",11805,12020,8766,-3039
ISNE,"9/17/2016 10 a.m. EDT",12313,12530,9352,-2961
ISNE,"9/17/2016 11 a.m. EDT",12569,12850,9844,-2725
ISNE,"9/17/2016 12 p.m. EDT",12721,13000,9985,-2736
ISNE,"9/17/2016 1 p.m. EDT",12787,13070,10186,-2601
ISNE,"9/17/2016 2 p.m. EDT",12838,13080,10000,-2838
ISNE,"9/17/2016 3 p.m. EDT",13019,13140,10221,-2798
ISNE,"9/17/2016 4 p.m. EDT",13367,13350,10699,-2668
ISNE,"9/17/2016 5 p.m. EDT",13790,13710,10873,-2917
ISNE,"9/17/2016 6 p.m. EDT",14192,13980,11141,-3051
ISNE,"9/17/2016 7 p.m. EDT",14308,14110,11068,-3240
ISNE,"9/17/2016 8 p.m. EDT",14710,14500,11546,-3164
ISNE,"9/17/2016 9 p.m. EDT",14395,14050,11308,-3087
ISNE,"9/17/2016 10 p.m. EDT",13702,13390,10711,-2991
ISNE,"9/17/2016 11 p.m. EDT",12791,12430,9679,-3112
ISNE,"9/18/2016 12 a.m. EDT",12102,11430,9713,-2389
ISNE,"9/18/2016 1 a.m. EDT",11808,10760,8647,-3161
ISNE,"9/18/2016 2 a.m. EDT",11695,10240,8530,-3165
ISNE,"9/18/2016 3 a.m. EDT",11422,9990,8340,-3082
ISNE,"9/18/2016 4 a.m. EDT",11296,9860,8377,-2919
ISNE,"9/18/2016 5 a.m. EDT",11331,9810,8346,-2985
ISNE,"9/18/2016 6 a.m. EDT",11557,10510,8688,-2869
ISNE,"9/18/2016 7 a.m. EDT",11966,10930,9125,-2841
ISNE,"9/18/2016 8 a.m. EDT",12377,11450,9475,-2902
ISNE,"9/18/2016 9 a.m. EDT",12950,12350,9985,-2965
ISNE,"9/18/2016 10 a.m. EDT",13650,13150,10783,-2867
ISNE,"9/18/2016 11 a.m. EDT",14314,13760,11479,-2835
ISNE,"9/18/2016 12 p.m. EDT",14895,14740,11966,-2929
ISNE,"9/18/2016 1 p.m. EDT",15322,15110,12554,-2768
ISNE,"9/18/2016 2 p.m. EDT",15565,15440,12844,-2721
ISNE,"9/18/2016 3 p.m. EDT",15706,15590,13029,-2677
ISNE,"9/18/2016 4 p.m. EDT",15938,15970,13273,-2665
ISNE,"9/18/2016 5 p.m. EDT",16279,16350,13857,-2422
ISNE,"9/18/2016 6 p.m. EDT",16735,17020,14161,-2574
ISNE,"9/18/2016 7 p.m. EDT",17065,17320,14541,-2524
ISNE,"9/18/2016 8 p.m. EDT",17532,17500,15099,-2433
ISNE,"9/18/2016 9 p.m. EDT",17066,16870,14600,-2466
ISNE,"9/18/2016 10 p.m. EDT",16024,15900,13265,-2759
ISNE,"9/18/2016 11 p.m. EDT",14694,14550,11914,-2780
ISNE,"9/19/2016 12 a.m. EDT",13680,13380,10922,-2758
ISNE,"9/19/2016 1 a.m. EDT",12976,12620,10237,-2739
ISNE,"9/19/2016 2 a.m. EDT",12677,12090,10067,-2610
ISNE,"9/19/2016 3 a.m. EDT",12646,11790,9991,-2655
ISNE,"9/19/2016 4 a.m. EDT",12583,11670,9864,-2719
ISNE,"9/19/2016 5 a.m. EDT",12879,11940,10147,-2732
ISNE,"9/19/2016 6 a.m. EDT",13578,13030,10891,-2687
ISNE,"9/19/2016 7 a.m. EDT",14931,14610,12178,-2753
ISNE,"9/19/2016 8 a.m. EDT",16147,15870,13588,-2559
ISNE,"9/19/2016 9 a.m. EDT",16775,16650,14231,-2544
ISNE,"9/19/2016 10 a.m. EDT",17264,17230,14468,-2796
ISNE,"9/19/2016 11 a.m. EDT",17702,17780,14871,-2831
ISNE,"9/19/2016 12 p.m. EDT",17838,18170,14967,-2871
ISNE,"9/19/2016 1 p.m. EDT",17770,18430,14963,-2807
ISNE,"9/19/2016 2 p.m. EDT",17676,18780,15231,-2445
ISNE,"9/19/2016 3 p.m. EDT",17411,18930,14985,-2426
ISNE,"9/19/2016 4 p.m. EDT",17263,19060,14776,-2487
ISNE,"9/19/2016 5 p.m. EDT",17279,19130,14788,-2491
ISNE,"9/19/2016 6 p.m. EDT",17479,19150,14986,-2493
ISNE,"9/19/2016 7 p.m. EDT",17634,19040,15156,-2478
ISNE,"9/19/2016 8 p.m. EDT",17856,19060,15422,-2434
ISNE,"9/19/2016 9 p.m. EDT",17232,18210,14725,-2507
ISNE,"9/19/2016 10 p.m. EDT",16051,16830,13681,-2370
ISNE,"9/19/2016 11 p.m. EDT",14580,15150,12191,-2389
ISNE,"9/20/2016 12 a.m. EDT",13484,13670,10950,-2534
ISNE,"9/20/2016 1 a.m. EDT",12829,12830,10329,-2500
ISNE,"9/20/2016 2 a.m. EDT",12536,12190,9990,-2546
ISNE,"9/20/2016 3 a.m. EDT",12476,11820,9912,-2564
ISNE,"9/20/2016 4 a.m. EDT",12373,11660,9782,-2591
ISNE,"9/20/2016 5 a.m. EDT",12597,11840,9948,-2649
ISNE,"9/20/2016 6 a.m. EDT",13550,12620,10880,-2670
ISNE,"9/20/2016 7 a.m. EDT",14802,14360,12195,-2607
ISNE,"9/20/2016 8 a.m. EDT",15399,15360,12876,-2523
ISNE,"9/20/2016 9 a.m. EDT",15930,15950,13635,-2295
ISNE,"9/20/2016 10 a.m. EDT",16315,16400,13970,-2345
ISNE,"9/20/2016 11 a.m. EDT",16710,16960,14308,-2402
ISNE,"9/20/2016 12 p.m. EDT",17042,17320,14652,-2390
ISNE,"9/20/2016 1 p.m. EDT",17356,17800,14986,-2370
ISNE,"9/20/2016 2 p.m. EDT",17876,18230,15544,-2332
ISNE,"9/20/2016 3 p.m. EDT",18291,18470,15940,-2351
ISNE,"9/20/2016 4 p.m. EDT",18647,18770,16283,-2364
ISNE,"9/20/2016 5 p.m. EDT",18891,19080,16566,-2325
ISNE,"9/20/2016 6 p.m. EDT",18890,19200,16530,-2360
ISNE,"9/20/2016 7 p.m. EDT",18731,18770,16234,-2497
ISNE,"9/20/2016 8 p.m. EDT",18981,19000,16507,-2474
ISNE,"9/20/2016 9 p.m. EDT",18243,18120,15770,-2473
ISNE,"9/20/2016 10 p.m. EDT",16885,16760,14416,-2469
ISNE,"9/20/2016 11 p.m. EDT",15218,15030,12751,-2467
ISNE,"9/21/2016 12 a.m. EDT",14122,13510,11592,-2530
ISNE,"9/21/2016 1 a.m. EDT",13179,12380,10658,-2521
ISNE,"9/21/2016 2 a.m. EDT",12749,11770,10122,-2627
ISNE,"9/21/2016 3 a.m. EDT",12581,11380,9950,-2631
ISNE,"9/21/2016 4 a.m. EDT",12375,11240,9950,-2425
ISNE,"9/21/2016 5 a.m. EDT",12489,11360,10494,-1995
ISNE,"9/21/2016 6 a.m. EDT",13201,12290,10708,-2493
ISNE,"9/21/2016 7 a.m. EDT",14391,13890,11475,-2916
ISNE,"9/21/2016 8 a.m. EDT",14847,14940,11829,-3018
ISNE,"9/21/2016 9 a.m. EDT",15273,15410,12300,-2973
ISNE,"9/21/2016 10 a.m. EDT",15588,15760,12783,-2805
ISNE,"9/21/2016 11 a.m. EDT",16008,16140,13244,-2764
ISNE,"9/21/2016 12 p.m. EDT",16333,16410,13499,-2834
ISNE,"9/21/2016 1 p.m. EDT",16669,16750,13917,-2752
ISNE,"9/21/2016 2 p.m. EDT",17160,17150,14485,-2675
ISNE,"9/21/2016 3 p.m. EDT",17456,17340,14830,-2626
ISNE,"9/21/2016 4 p.m. EDT",17686,17650,15067,-2619
ISNE,"9/21/2016 5 p.m. EDT",17818,17910,15211,-2607
ISNE,"9/21/2016 6 p.m. EDT",17684,18100,14963,-2721
ISNE,"9/21/2016 7 p.m. EDT",17444,17640,14548,-2896
ISNE,"9/21/2016 8 p.m. EDT",17587,17840,14819,-2768
ISNE,"9/21/2016 9 p.m. EDT",16824,17000,14230,-2594
ISNE,"9/21/2016 10 p.m. EDT",15498,15710,12794,-2704
ISNE,"9/21/2016 11 p.m. EDT",13900,14100,11155,-2745
ISNE,"9/22/2016 12 a.m. EDT",12735,12650,10227,-2508
ISNE,"9/22/2016 1 a.m. EDT",11840,11730,9347,-2493
ISNE,"9/22/2016 2 a.m. EDT",11629,11070,9159,-2470
ISNE,"9/22/2016 3 a.m. EDT",11572,10740,9279,-2293
ISNE,"9/22/2016 4 a.m. EDT",11433,10610,9155,-2278
ISNE,"9/22/2016 5 a.m. EDT",11428,10840,9170,-2258
ISNE,"9/22/2016 6 a.m. EDT",11958,11630,9300,-2658
ISNE,"9/22/2016 7 a.m. EDT",12992,13270,10356,-2636
ISNE,"9/22/2016 8 a.m. EDT",14108,14280,11235,-2873
ISNE,"9/22/2016 9 a.m. EDT",14427,14810,11640,-2787
ISNE,"9/22/2016 10 a.m. EDT",14854,15270,12274,-2580
ISNE,"9/22/2016 11 a.m. EDT",15390,15790,12803,-2587
ISNE,"9/22/2016 12 p.m. EDT",15833,16180,13212,-2621
ISNE,"9/22/2016 1 p.m. EDT",16205,16570,13586,-2619
ISNE,"9/22/2016 2 p.m. EDT",16717,16980,14199,-2518
ISNE,"9/22/2016 3 p.m. EDT",17129,17350,14453,-2676
ISNE,"9/22/2016 4 p.m. EDT",17534,17670,14982,-2552
ISNE,"9/22/2016 5 p.m. EDT",17879,17850,15593,-2286
ISNE,"9/22/2016 6 p.m. EDT",17875,17880,15319,-2556
ISNE,"9/22/2016 7 p.m. EDT",17543,17510,14914,-2629
ISNE,"9/22/2016 8 p.m. EDT",17633,17670,14979,-2654
ISNE,"9/22/2016 9 p.m. EDT",16887,16940,14067,-2820
ISNE,"9/22/2016 10 p.m. EDT",15589,15680,13017,-2572
ISNE,"9/22/2016 11 p.m. EDT",14086,14070,11281,-2805
ISNE,"9/23/2016 12 a.m. EDT",12896,12600,10313,-2583
ISNE,"9/23/2016 1 a.m. EDT",12298,11550,9849,-2449
ISNE,"9/23/2016 2 a.m. EDT",11829,10970,9425,-2404
ISNE,"9/23/2016 3 a.m. EDT",11730,10610,9344,-2386
ISNE,"9/23/2016 4 a.m. EDT",11741,10490,9381,-2360
ISNE,"9/23/2016 5 a.m. EDT",11819,10690,9436,-2383
ISNE,"9/23/2016 6 a.m. EDT",12068,11580,9795,-2273
ISNE,"9/23/2016 7 a.m. EDT",12989,13120,10641,-2348
ISNE,"9/23/2016 8 a.m. EDT",13985,14170,11444,-2541
ISNE,"9/23/2016 9 a.m. EDT",14539,14670,11709,-2830
ISNE,"9/23/2016 10 a.m. EDT",14982,15080,12272,-2710
ISNE,"9/23/2016 11 a.m. EDT",15349,15440,12749,-2600
ISNE,"9/23/2016 12 p.m. EDT",15660,15670,13101,-2559
ISNE,"9/23/2016 1 p.m. EDT",15761,15940,13271,-2490
ISNE,"9/23/2016 2 p.m. EDT",15891,16280,13404,-2487
ISNE,"9/23/2016 3 p.m. EDT",15959,16480,13515,-2444
ISNE,"9/23/2016 4 p.m. EDT",16194,16610,13694,-2500
ISNE,"9/23/2016 5 p.m. EDT",16529,16700,14242,-2287
ISNE,"9/23/2016 6 p.m. EDT",16551,16610,14214,-2337
ISNE,"9/23/2016 7 p.m. EDT",16368,16220,14034,-2334
ISNE,"9/23/2016 8 p.m. EDT",16266,16360,13794,-2472
ISNE,"9/23/2016 9 p.m. EDT",15509,15630,13117,-2392
ISNE,"9/23/2016 10 p.m. EDT",14419,14610,12170,-2249
ISNE,"9/23/2016 11 p.m. EDT",13147,13400,10979,-2168
ISNE,"9/24/2016 12 a.m. EDT",11880,12140,9769,-2111
ISNE,"9/24/2016 1 a.m. EDT",11157,10790,9047,-2110
ISNE,"9/24/2016 2 a.m. EDT",10827,10180,8494,-2333
ISNE,"9/24/2016 3 a.m. EDT",10713,9890,8177,-2536
ISNE,"9/24/2016 4 a.m. EDT",10773,9720,8233,-2540
ISNE,"9/24/2016 5 a.m. EDT",10799,9720,8320,-2479
ISNE,"9/24/2016 6 a.m. EDT",10982,9990,8314,-2668
ISNE,"9/24/2016 7 a.m. EDT",10836,10530,8473,-2363
ISNE,"9/24/2016 8 a.m. EDT",11387,11160,9305,-2082
ISNE,"9/24/2016 9 a.m. EDT",11898,11840,9796,-2102
ISNE,"9/24/2016 10 a.m. EDT",12201,12160,10115,-2086
ISNE,"9/24/2016 11 a.m. EDT",12346,12150,10322,-2024
ISNE,"9/24/2016 12 p.m. EDT",12408,12070,10500,-1908
ISNE,"9/24/2016 1 p.m. EDT",12324,11970,10393,-1931
ISNE,"9/24/2016 2 p.m. EDT",12182,11790,10187,-1995
ISNE,"9/24/2016 3 p.m. EDT",12133,11860,10118,-2015
ISNE,"9/24/2016 4 p.m. EDT",12257,12180,9972,-2285
ISNE,"9/24/2016 5 p.m. EDT",12571,12600,10507,-2064
ISNE,"9/24/2016 6 p.m. EDT",12967,12980,10956,-2011
ISNE,"9/24/2016 7 p.m. EDT",13203,13300,10776,-2427
ISNE,"9/24/2016 8 p.m. EDT",13503,13720,10991,-2512
ISNE,"9/24/2016 9 p.m. EDT",13078,13260,10834,-2244
ISNE,"9/24/2016 10 p.m. EDT",12369,12490,10202,-2167
ISNE,"9/24/2016 11 p.m. EDT",11495,11560,9589,-1906
ISNE,"9/25/2016 12 a.m. EDT",10927,10660,9000,-1927
ISNE,"9/25/2016 1 a.m. EDT",10814,10000,8637,-2177
ISNE,"9/25/2016 2 a.m. EDT",10399,9560,8331,-2068
ISNE,"9/25/2016 3 a.m. EDT",10307,9310,8232,-2075
ISNE,"9/25/2016 4 a.m. EDT",10020,9180,8375,-1645
ISNE,"9/25/2016 5 a.m. EDT",10013,9010,8478,-1535
ISNE,"9/25/2016 6 a.m. EDT",10141,9300,8477,-1664
ISNE,"9/25/2016 7 a.m. EDT",10294,9670,8548,-1746
ISNE,"9/25/2016 8 a.m. EDT",10645,10250,8692,-1953
ISNE,"9/25/2016 9 a.m. EDT",11018,10890,8931,-2087
ISNE,"9/25/2016 10 a.m. EDT",11322,11230,9449,-1873
ISNE,"9/25/2016 11 a.m. EDT",11201,11330,9280,-1921
ISNE,"9/25/2016 12 p.m. EDT",11238,11260,9204,-2034
ISNE,"9/25/2016 1 p.m. EDT",11321,11090,9437,-1884
ISNE,"9/25/2016 2 p.m. EDT",11337,11020,9603,-1734
ISNE,"9/25/2016 3 p.m. EDT",11406,11230,9760,-1646
ISNE,"9/25/2016 4 p.m. EDT",11688,11620,9900,-1788
ISNE,"9/25/2016 5 p.m. EDT",12226,12380,10450,-1776
ISNE,"9/25/2016 6 p.m. EDT",12962,12990,11054,-1908
ISNE,"9/25/2016 7 p.m. EDT",13479,13470,11208,-2271
ISNE,"9/25/2016 8 p.m. EDT",13939,13730,11569,-2370
ISNE,"9/25/2016 9 p.m. EDT",13361,13400,10943,-2418
ISNE,"9/25/2016 10 p.m. EDT",12372,12510,10167,-2205
ISNE,"9/25/2016 11 p.m. EDT",11207,11410,9079,-2128
ISNE,"9/26/2016 12 a.m. EDT",10392,10370,8366,-2026
ISNE,"9/26/2016 1 a.m. EDT",9842,9730,8229,-1613
ISNE,"9/26/2016 2 a.m. EDT",9483,9390,8252,-1231
ISNE,"9/26/2016 3 a.m. EDT",9426,9240,8210,-1216
ISNE,"9/26/2016 4 a.m. EDT",9581,9260,8369,-1212
ISNE,"9/26/2016 5 a.m. EDT",9896,9360,8680,-1216
ISNE,"9/26/2016 6 a.m. EDT",10439,10390,9304,-1135
ISNE,"9/26/2016 7 a.m. EDT",12147,12200,11108,-1039
ISNE,"9/26/2016 8 a.m. EDT",13131,13260,12188,-943
ISNE,"9/26/2016 9 a.m. EDT",13251,13450,12293,-958
ISNE,"9/26/2016 10 a.m. EDT",13213,13530,12280,-933
ISNE,"9/26/2016 11 a.m. EDT",13258,13270,12323,-935
ISNE,"9/26/2016 12 p.m. EDT",13281,13280,12356,-925
ISNE,"9/26/2016 1 p.m. EDT",13294,13300,12324,-970
ISNE,"9/26/2016 2 p.m. EDT",13414,13380,12495,-919
ISNE,"9/26/2016 3 p.m. EDT",13488,13440,12511,-977
ISNE,"9/26/2016 4 p.m. EDT",13638,13620,12576,-1062
ISNE,"9/26/2016 5 p.m. EDT",14008,14040,12883,-1125
ISNE,"9/26/2016 6 p.m. EDT",14398,14510,13167,-1231
ISNE,"9/26/2016 7 p.m. EDT",14838,14820,13599,-1239
ISNE,"9/26/2016 8 p.m. EDT",15174,15100,14010,-1164
ISNE,"9/26/2016 9 p.m. EDT",14536,14330,13345,-1191
ISNE,"9/26/2016 10 p.m. EDT",13348,13210,12087,-1261
ISNE,"9/26/2016 11 p.m. EDT",12137,11820,10800,-1337
ISNE,"9/27/2016 12 a.m. EDT",11052,10650,9786,-1266
ISNE,"9/27/2016 1 a.m. EDT",10518,10070,9685,-833
ISNE,"9/27/2016 2 a.m. EDT",10310,9650,9590,-720
ISNE,"9/27/2016 3 a.m. EDT",10360,9480,9649,-711
ISNE,"9/27/2016 4 a.m. EDT",10370,9460,9647,-723
ISNE,"9/27/2016 5 a.m. EDT",10652,9790,9702,-950
ISNE,"9/27/2016 6 a.m. EDT",11143,10880,10244,-899
ISNE,"9/27/2016 7 a.m. EDT",12646,12760,11943,-703
ISNE,"9/27/2016 8 a.m. EDT",13826,13850,13107,-719
ISNE,"9/27/2016 9 a.m. EDT",14265,14160,13775,-490
ISNE,"9/27/2016 10 a.m. EDT",14499,14280,13920,-579
ISNE,"9/27/2016 11 a.m. EDT",14725,14480,13913,-812
ISNE,"9/27/2016 12 p.m. EDT",14696,14590,13784,-912
ISNE,"9/27/2016 1 p.m. EDT",14651,14630,13785,-866
ISNE,"9/27/2016 2 p.m. EDT",14710,14800,13780,-930
ISNE,"9/27/2016 3 p.m. EDT",14701,14820,13831,-870
ISNE,"9/27/2016 4 p.m. EDT",14731,14860,14015,-716
ISNE,"9/27/2016 5 p.m. EDT",14915,15160,14410,-505
ISNE,"9/27/2016 6 p.m. EDT",15171,15370,14700,-471
ISNE,"9/27/2016 7 p.m. EDT",15433,15640,14938,-495
ISNE,"9/27/2016 8 p.m. EDT",15775,15730,15279,-496
ISNE,"9/27/2016 9 p.m. EDT",15078,15060,14341,-737
ISNE,"9/27/2016 10 p.m. EDT",13906,13950,13099,-807
ISNE,"9/27/2016 11 p.m. EDT",12510,12600,11605,-905
ISNE,"9/28/2016 12 a.m. EDT",11309,11420,10455,-854
ISNE,"9/28/2016 1 a.m. EDT",10977,10650,10037,-940
ISNE,"9/28/2016 2 a.m. EDT",10856,10120,10018,-838
ISNE,"9/28/2016 3 a.m. EDT",10839,9870,9783,-1056
ISNE,"9/28/2016 4 a.m. EDT",10743,9750,9719,-1024
ISNE,"9/28/2016 5 a.m. EDT",10977,9920,10007,-970
ISNE,"9/28/2016 6 a.m. EDT",11439,10870,10547,-892
ISNE,"9/28/2016 7 a.m. EDT",12622,12600,11903,-719
ISNE,"9/28/2016 8 a.m. EDT",13723,13730,13030,-693
ISNE,"9/28/2016 9 a.m. EDT",14109,14100,13441,-668
ISNE,"9/28/2016 10 a.m. EDT",14327,14330,13655,-672
ISNE,"9/28/2016 11 a.m. EDT",14458,14460,13681,-777
ISNE,"9/28/2016 12 p.m. EDT",14503,14520,13677,-826
ISNE,"9/28/2016 1 p.m. EDT",14427,14530,13506,-921
ISNE,"9/28/2016 2 p.m. EDT",14376,14550,13506,-870
ISNE,"9/28/2016 3 p.m. EDT",14225,14500,13319,-906
ISNE,"9/28/2016 4 p.m. EDT",14138,14490,13380,-758
ISNE,"9/28/2016 5 p.m. EDT",14267,14680,13494,-773
ISNE,"9/28/2016 6 p.m. EDT",14567,14920,13802,-765
ISNE,"9/28/2016 7 p.m. EDT",14944,15260,14178,-766
ISNE,"9/28/2016 8 p.m. EDT",15089,15490,14364,-725
ISNE,"9/28/2016 9 p.m. EDT",14462,14710,13632,-830
ISNE,"9/28/2016 10 p.m. EDT",13406,13570,12558,-848
ISNE,"9/28/2016 11 p.m. EDT",12352,12230,11574,-778
ISNE,"9/29/2016 12 a.m. EDT",11694,11070,10957,-737
ISNE,"9/29/2016 1 a.m. EDT",10967,10270,10219,-748
ISNE,"9/29/2016 2 a.m. EDT",10778,9870,9916,-862
ISNE,"9/29/2016 3 a.m. EDT",10582,9660,9644,-938
ISNE,"9/29/2016 4 a.m. EDT",10514,9580,9690,-824
ISNE,"9/29/2016 5 a.m. EDT",10740,9850,9750,-990
ISNE,"9/29/2016 6 a.m. EDT",11524,10620,10509,-1015
ISNE,"9/29/2016 7 a.m. EDT",12788,12470,11816,-972
ISNE,"9/29/2016 8 a.m. EDT",13280,13490,12360,-920
ISNE,"9/29/2016 9 a.m. EDT",13509,13750,12632,-877
ISNE,"9/29/2016 10 a.m. EDT",13588,13820,12695,-893
ISNE,"9/29/2016 11 a.m. EDT",13664,13670,12760,-904
ISNE,"9/29/2016 12 p.m. EDT",13639,13650,12742,-897
ISNE,"9/29/2016 1 p.m. EDT",13507,13750,12615,-892
ISNE,"9/29/2016 2 p.m. EDT",13514,13890,12573,-941
ISNE,"9/29/2016 3 p.m. EDT",13450,13850,12590,-860
ISNE,"9/29/2016 4 p.m. EDT",13488,13950,12749,-739
ISNE,"9/29/2016 5 p.m. EDT",13726,13830,12904,-822
ISNE,"9/29/2016 6 p.m. EDT",14067,14140,13317,-750
ISNE,"9/29/2016 7 p.m. EDT",14580,14490,13816,-764
ISNE,"9/29/2016 8 p.m. EDT",14909,14820,14208,-701
ISNE,"9/29/2016 9 p.m. EDT",14331,14370,13647,-684
ISNE,"9/29/2016 10 p.m. EDT",13340,13320,12735,-605
ISNE,"9/29/2016 11 p.m. EDT",12037,12030,11088,-949
ISNE,"9/30/2016 12 a.m. EDT",11173,10880,10295,-878
ISNE,"9/30/2016 1 a.m. EDT",10643,10100,9795,-848
ISNE,"9/30/2016 2 a.m. EDT",10446,9680,9636,-810
ISNE,"9/30/2016 3 a.m. EDT",10470,9450,9581,-889
ISNE,"9/30/2016 4 a.m. EDT",10471,9370,9455,-1016
ISNE,"9/30/2016 5 a.m. EDT",10499,9670,9512,-987
ISNE,"9/30/2016 6 a.m. EDT",10972,10540,10040,-932
ISNE,"9/30/2016 7 a.m. EDT",12276,12180,11535,-741
ISNE,"9/30/2016 8 a.m. EDT",13304,13240,12609,-695
ISNE,"9/30/2016 9 a.m. EDT",13666,13600,12934,-732
ISNE,"9/30/2016 10 a.m. EDT",13843,13800,13129,-714
ISNE,"9/30/2016 11 a.m. EDT",13950,13960,13187,-763
ISNE,"9/30/2016 12 p.m. EDT",13987,13960,13125,-862
ISNE,"9/30/2016 1 p.m. EDT",13911,13920,13039,-872
ISNE,"9/30/2016 2 p.m. EDT",13970,13960,13111,-859
ISNE,"9/30/2016 3 p.m. EDT",13888,13880,13041,-847
ISNE,"9/30/2016 4 p.m. EDT",13789,13870,12979,-810
ISNE,"9/30/2016 5 p.m. EDT",13859,14000,13013,-846
ISNE,"9/30/2016 6 p.m. EDT",14049,14150,13789,-260
ISNE,"9/30/2016 7 p.m. EDT",14372,14460,13493,-879
ISNE,"9/30/2016 8 p.m. EDT",14366,14530,13444,-922
ISNE,"9/30/2016 9 p.m. EDT",13843,13920,12857,-986
ISNE,"9/30/2016 10 p.m. EDT",13050,13080,12094,-956
ISNE,"9/30/2016 11 p.m. EDT",11949,11930,10913,-1036
ISNE,"10/1/2016 12 a.m. EDT",10865,10980,9808,-1057
