"BA Code","Timestamp (Hour Ending)","Demand (MWh)","Demand Forecast (MWh)","Net Generation (MWh)","Total Interchange (MWh)"
ISNE,"2/1/2020 12 a.m. EST",12067,12180,10191,-1876
ISNE,"2/1/2020 1 a.m. EST",11585,11420,9721,-1864
ISNE,"2/1/2020 2 a.m. EST",11529,11030,9503,-2026
ISNE,"2/1/2020 3 a.m. EST",11515,10840,9545,-1970
ISNE,"2/1/2020 4 a.m. EST",11589,10800,9616,-1973
ISNE,"2/1/2020 5 a.m. EST",11693,10970,9794,-1899
ISNE,"2/1/2020 6 a.m. EST",11690,11430,9886,-1804
ISNE,"2/1/2020 7 a.m. EST",12249,12120,10389,-1860
ISNE,"2/1/2020 8 a.m. EST",12795,12780,10998,-1797
ISNE,"2/1/2020 9 a.m. EST",13378,13470,11562,-1816
ISNE,"2/1/2020 10 a.m. EST",13821,13750,12123,-1698
ISNE,"2/1/2020 11 a.m. EST",14044,13740,12373,-1671
ISNE,"2/1/2020 12 p.m. EST",14101,14120,12215,-1886
ISNE,"2/1/2020 1 p.m. EST",14034,13880,12115,-1919
ISNE,"2/1/2020 2 p.m. EST",13923,13780,11979,-1944
ISNE,"2/1/2020 3 p.m. EST",13885,13710,11924,-1961
ISNE,"2/1/2020 4 p.m. EST",13999,13780,11936,-2063
ISNE,"2/1/2020 5 p.m. EST",14422,14000,12315,-2107
ISNE,"2/1/2020 6 p.m. EST",15014,14920,12946,-2068
ISNE,"2/1/2020 7 p.m. EST",14860,14890,12767,-2093
ISNE,"2/1/2020 8 p.m. EST",14412,14430,12336,-2076
ISNE,"2/1/2020 9 p.m. EST",13906,13880,11965,-1941
ISNE,"2/1/2020 10 p.m. EST",13282,13230,11319,-1963
ISNE,"2/1/2020 11 p.m. EST",12476,12520,10385,-2091
ISNE,"2/2/2020 12 a.m. EST",11846,11820,9622,-2224
ISNE,"2/2/2020 1 a.m. EST",11547,11340,9355,-2192
ISNE,"2/2/2020 2 a.m. EST",11434,10940,9100,-2334
ISNE,"2/2/2020 3 a.m. EST",11283,10700,8836,-2447
ISNE,"2/2/2020 4 a.m. EST",11211,10610,8771,-2440
ISNE,"2/2/2020 5 a.m. EST",11299,10630,8832,-2467
ISNE,"2/2/2020 6 a.m. EST",11498,10910,9097,-2401
ISNE,"2/2/2020 7 a.m. EST",11852,11450,9480,-2372
ISNE,"2/2/2020 8 a.m. EST",12209,12000,9753,-2456
ISNE,"2/2/2020 9 a.m. EST",12557,12490,10151,-2406
ISNE,"2/2/2020 10 a.m. EST",12597,12570,10231,-2366
ISNE,"2/2/2020 11 a.m. EST",12365,12400,9931,-2434
ISNE,"2/2/2020 12 p.m. EST",12550,12310,10199,-2351
ISNE,"2/2/2020 1 p.m. EST",12882,12240,10494,-2388
ISNE,"2/2/2020 2 p.m. EST",13006,12200,10694,-2312
ISNE,"2/2/2020 3 p.m. EST",13146,12350,10831,-2315
ISNE,"2/2/2020 4 p.m. EST",13668,13700,11321,-2347
ISNE,"2/2/2020 5 p.m. EST",14507,14630,12105,-2402
ISNE,"2/2/2020 6 p.m. EST",15502,15330,13078,-2424
ISNE,"2/2/2020 7 p.m. EST",15259,15300,12921,-2338
ISNE,"2/2/2020 8 p.m. EST",14482,14870,12168,-2314
ISNE,"2/2/2020 9 p.m. EST",13916,14260,11669,-2247
ISNE,"2/2/2020 10 p.m. EST",13385,13450,11096,-2289
ISNE,"2/2/2020 11 p.m. EST",12805,12530,10563,-2242
ISNE,"2/3/2020 12 a.m. EST",12154,11740,9788,-2366
ISNE,"2/3/2020 1 a.m. EST",11694,11100,9264,-2430
ISNE,"2/3/2020 2 a.m. EST",11597,10790,9087,-2510
ISNE,"2/3/2020 3 a.m. EST",11490,10690,8928,-2562
ISNE,"2/3/2020 4 a.m. EST",11558,10770,9025,-2533
ISNE,"2/3/2020 5 a.m. EST",11877,11190,9433,-2444
ISNE,"2/3/2020 6 a.m. EST",12587,12220,10228,-2359
ISNE,"2/3/2020 7 a.m. EST",13844,13900,11389,-2455
ISNE,"2/3/2020 8 a.m. EST",14763,14780,12288,-2475
ISNE,"2/3/2020 9 a.m. EST",14470,14430,11927,-2543
ISNE,"2/3/2020 10 a.m. EST",13750,13710,11290,-2460
ISNE,"2/3/2020 11 a.m. EST",13549,13230,11129,-2420
ISNE,"2/3/2020 12 p.m. EST",13665,12890,11264,-2401
ISNE,"2/3/2020 1 p.m. EST",13815,12700,11379,-2436
ISNE,"2/3/2020 2 p.m. EST",13727,12740,11286,-2441
ISNE,"2/3/2020 3 p.m. EST",13488,12820,11101,-2387
ISNE,"2/3/2020 4 p.m. EST",13632,13340,11095,-2537
ISNE,"2/3/2020 5 p.m. EST",14477,14260,11832,-2645
ISNE,"2/3/2020 6 p.m. EST",15661,15580,13056,-2605
ISNE,"2/3/2020 7 p.m. EST",15853,15860,13321,-2532
ISNE,"2/3/2020 8 p.m. EST",15470,15490,12981,-2489
ISNE,"2/3/2020 9 p.m. EST",14832,14840,12415,-2417
ISNE,"2/3/2020 10 p.m. EST",13908,13850,11373,-2535
ISNE,"2/3/2020 11 p.m. EST",12920,12730,10389,-2531
ISNE,"2/4/2020 12 a.m. EST",12075,11790,9377,-2698
ISNE,"2/4/2020 1 a.m. EST",11704,11210,9132,-2572
ISNE,"2/4/2020 2 a.m. EST",11705,10920,9192,-2513
ISNE,"2/4/2020 3 a.m. EST",11583,10780,9078,-2505
ISNE,"2/4/2020 4 a.m. EST",11614,10810,9127,-2487
ISNE,"2/4/2020 5 a.m. EST",11964,11200,9505,-2459
ISNE,"2/4/2020 6 a.m. EST",12656,12190,10286,-2370
ISNE,"2/4/2020 7 a.m. EST",13906,13890,11665,-2241
ISNE,"2/4/2020 8 a.m. EST",14736,14740,12561,-2175
ISNE,"2/4/2020 9 a.m. EST",14839,14810,12618,-2221
ISNE,"2/4/2020 10 a.m. EST",14689,14630,12521,-2168
ISNE,"2/4/2020 11 a.m. EST",14537,14600,12429,-2108
ISNE,"2/4/2020 12 p.m. EST",14363,14530,12311,-2052
ISNE,"2/4/2020 1 p.m. EST",14185,14320,12309,-1876
ISNE,"2/4/2020 2 p.m. EST",14218,14250,12133,-2085
ISNE,"2/4/2020 3 p.m. EST",13808,14170,11967,-1841
ISNE,"2/4/2020 4 p.m. EST",13826,14260,11742,-2084
ISNE,"2/4/2020 5 p.m. EST",14598,14860,12438,-2160
ISNE,"2/4/2020 6 p.m. EST",15640,15860,13469,-2171
ISNE,"2/4/2020 7 p.m. EST",15769,15910,13626,-2143
ISNE,"2/4/2020 8 p.m. EST",15358,15410,13429,-1929
ISNE,"2/4/2020 9 p.m. EST",14692,14740,12586,-2106
ISNE,"2/4/2020 10 p.m. EST",13703,13760,11568,-2135
ISNE,"2/4/2020 11 p.m. EST",12833,12600,10528,-2305
ISNE,"2/5/2020 12 a.m. EST",12019,11610,9915,-2104
ISNE,"2/5/2020 1 a.m. EST",11235,10830,9100,-2135
ISNE,"2/5/2020 2 a.m. EST",10771,10470,8653,-2118
ISNE,"2/5/2020 3 a.m. EST",10830,10360,8685,-2145
ISNE,"2/5/2020 4 a.m. EST",10898,10370,8844,-2054
ISNE,"2/5/2020 5 a.m. EST",11018,10760,9002,-2016
ISNE,"2/5/2020 6 a.m. EST",11799,11800,9676,-2123
ISNE,"2/5/2020 7 a.m. EST",13511,13550,11172,-2339
ISNE,"2/5/2020 8 a.m. EST",14410,14420,12036,-2374
ISNE,"2/5/2020 9 a.m. EST",14364,14380,12078,-2286
ISNE,"2/5/2020 10 a.m. EST",14399,14220,12241,-2158
ISNE,"2/5/2020 11 a.m. EST",14460,13830,12498,-1962
ISNE,"2/5/2020 12 p.m. EST",14137,13480,12298,-1839
ISNE,"2/5/2020 1 p.m. EST",13831,13210,11830,-2001
ISNE,"2/5/2020 2 p.m. EST",13713,13390,11536,-2177
ISNE,"2/5/2020 3 p.m. EST",13649,13730,11568,-2081
ISNE,"2/5/2020 4 p.m. EST",14061,14070,11888,-2173
ISNE,"2/5/2020 5 p.m. EST",14791,15050,12474,-2317
ISNE,"2/5/2020 6 p.m. EST",15967,16270,13659,-2308
ISNE,"2/5/2020 7 p.m. EST",16150,16470,13821,-2329
ISNE,"2/5/2020 8 p.m. EST",15834,16020,13520,-2314
ISNE,"2/5/2020 9 p.m. EST",15269,15390,13018,-2251
ISNE,"2/5/2020 10 p.m. EST",14349,14450,12134,-2215
ISNE,"2/5/2020 11 p.m. EST",13171,13330,11058,-2113
ISNE,"2/6/2020 12 a.m. EST",12165,12350,10037,-2128
ISNE,"2/6/2020 1 a.m. EST",11508,11570,9826,-1682
ISNE,"2/6/2020 2 a.m. EST",11145,11180,9352,-1793
ISNE,"2/6/2020 3 a.m. EST",11271,11020,9398,-1873
ISNE,"2/6/2020 4 a.m. EST",11363,11070,9646,-1717
ISNE,"2/6/2020 5 a.m. EST",11753,11480,10135,-1618
ISNE,"2/6/2020 6 a.m. EST",12490,12470,10775,-1715
ISNE,"2/6/2020 7 a.m. EST",14019,14070,12123,-1896
ISNE,"2/6/2020 8 a.m. EST",15034,14960,12964,-2070
ISNE,"2/6/2020 9 a.m. EST",15446,15230,13353,-2093
ISNE,"2/6/2020 10 a.m. EST",15663,15350,13669,-1994
ISNE,"2/6/2020 11 a.m. EST",15753,15490,13667,-2086
ISNE,"2/6/2020 12 p.m. EST",15740,15540,13756,-1984
ISNE,"2/6/2020 1 p.m. EST",15582,15440,13749,-1833
ISNE,"2/6/2020 2 p.m. EST",15571,15310,13791,-1780
ISNE,"2/6/2020 3 p.m. EST",15457,15200,13600,-1857
ISNE,"2/6/2020 4 p.m. EST",15419,15230,13433,-1986
ISNE,"2/6/2020 5 p.m. EST",15786,15610,13734,-2052
ISNE,"2/6/2020 6 p.m. EST",16443,16370,14432,-2011
ISNE,"2/6/2020 7 p.m. EST",16324,16270,14372,-1952
ISNE,"2/6/2020 8 p.m. EST",15853,15760,13853,-2000
ISNE,"2/6/2020 9 p.m. EST",15207,15080,13295,-1912
ISNE,"2/6/2020 10 p.m. EST",14265,14110,12115,-2150
ISNE,"2/6/2020 11 p.m. EST",13116,12960,10930,-2186
ISNE,"2/7/2020 12 a.m. EST",12180,11970,10121,-2059
ISNE,"2/7/2020 1 a.m. EST",11986,11370,9844,-2142
ISNE,"2/7/2020 2 a.m. EST",11873,10990,9591,-2282
ISNE,"2/7/2020 3 a.m. EST",11702,10800,9435,-2267
ISNE,"2/7/2020 4 a.m. EST",11693,10840,9290,-2403
ISNE,"2/7/2020 5 a.m. EST",12003,11170,9776,-2227
ISNE,"2/7/2020 6 a.m. EST",12429,12100,10243,-2186
ISNE,"2/7/2020 7 a.m. EST",13661,13800,11472,-2189
ISNE,"2/7/2020 8 a.m. EST",14724,14730,12531,-2193
ISNE,"2/7/2020 9 a.m. EST",15184,15120,12897,-2287
ISNE,"2/7/2020 10 a.m. EST",15376,15240,13120,-2256
ISNE,"2/7/2020 11 a.m. EST",15467,15310,13201,-2266
ISNE,"2/7/2020 12 p.m. EST",15485,15240,13195,-2290
ISNE,"2/7/2020 1 p.m. EST",15256,14860,12918,-2338
ISNE,"2/7/2020 2 p.m. EST",15008,14630,12606,-2402
ISNE,"2/7/2020 3 p.m. EST",14763,14340,12344,-2419
ISNE,"2/7/2020 4 p.m. EST",14685,14360,12307,-2378
ISNE,"2/7/2020 5 p.m. EST",14909,14740,12487,-2422
ISNE,"2/7/2020 6 p.m. EST",15631,15610,13109,-2522
ISNE,"2/7/2020 7 p.m. EST",15660,15800,13151,-2509
ISNE,"2/7/2020 8 p.m. EST",15279,15460,12776,-2503
ISNE,"2/7/2020 9 p.m. EST",14817,15020,12338,-2479
ISNE,"2/7/2020 10 p.m. EST",14195,14460,11796,-2399
ISNE,"2/7/2020 11 p.m. EST",13351,13630,11059,-2292
ISNE,"2/8/2020 12 a.m. EST",12574,12750,10188,-2386
ISNE,"2/8/2020 1 a.m. EST",12440,11980,9895,-2545
ISNE,"2/8/2020 2 a.m. EST",12601,11660,9923,-2678
ISNE,"2/8/2020 3 a.m. EST",12805,11520,10079,-2726
ISNE,"2/8/2020 4 a.m. EST",12823,11520,10155,-2668
ISNE,"2/8/2020 5 a.m. EST",12717,11810,10086,-2631
ISNE,"2/8/2020 6 a.m. EST",12740,12280,10146,-2594
ISNE,"2/8/2020 7 a.m. EST",13136,12990,10529,-2607
ISNE,"2/8/2020 8 a.m. EST",13484,13680,11001,-2483
ISNE,"2/8/2020 9 a.m. EST",13651,13790,11189,-2462
ISNE,"2/8/2020 10 a.m. EST",13375,13630,11050,-2325
ISNE,"2/8/2020 11 a.m. EST",13056,13200,10724,-2332
ISNE,"2/8/2020 12 p.m. EST",12952,12950,10695,-2257
ISNE,"2/8/2020 1 p.m. EST",13060,12900,10723,-2337
ISNE,"2/8/2020 2 p.m. EST",13323,12900,11054,-2269
ISNE,"2/8/2020 3 p.m. EST",13532,13200,11183,-2349
ISNE,"2/8/2020 4 p.m. EST",13908,13810,11307,-2601
ISNE,"2/8/2020 5 p.m. EST",14689,14580,11346,-3343
ISNE,"2/8/2020 6 p.m. EST",15751,15730,12417,-3334
ISNE,"2/8/2020 7 p.m. EST",15724,15910,12404,-3320
ISNE,"2/8/2020 8 p.m. EST",15400,15400,12013,-3387
ISNE,"2/8/2020 9 p.m. EST",14988,15000,11584,-3404
ISNE,"2/8/2020 10 p.m. EST",14423,14500,11030,-3393
ISNE,"2/8/2020 11 p.m. EST",13733,13800,10391,-3342
ISNE,"2/9/2020 12 a.m. EST",13282,13120,9790,-3492
ISNE,"2/9/2020 1 a.m. EST",12690,12420,9438,-3252
ISNE,"2/9/2020 2 a.m. EST",12366,12100,9179,-3187
ISNE,"2/9/2020 3 a.m. EST",12067,11950,8907,-3160
ISNE,"2/9/2020 4 a.m. EST",12167,11910,8931,-3236
ISNE,"2/9/2020 5 a.m. EST",12153,12060,8981,-3172
ISNE,"2/9/2020 6 a.m. EST",12405,12410,9285,-3120
ISNE,"2/9/2020 7 a.m. EST",12982,12970,9842,-3140
ISNE,"2/9/2020 8 a.m. EST",13467,13470,10364,-3103
ISNE,"2/9/2020 9 a.m. EST",13749,13940,10889,-2860
ISNE,"2/9/2020 10 a.m. EST",13613,13710,10749,-2864
ISNE,"2/9/2020 11 a.m. EST",13489,13600,10522,-2967
ISNE,"2/9/2020 12 p.m. EST",13469,13510,10360,-3109
ISNE,"2/9/2020 1 p.m. EST",13844,13730,10736,-3108
ISNE,"2/9/2020 2 p.m. EST",13941,13980,10733,-3208
ISNE,"2/9/2020 3 p.m. EST",14049,14020,10836,-3213
ISNE,"2/9/2020 4 p.m. EST",14432,14350,11348,-3084
ISNE,"2/9/2020 5 p.m. EST",15120,14990,12148,-2972
ISNE,"2/9/2020 6 p.m. EST",16090,15990,12982,-3108
ISNE,"2/9/2020 7 p.m. EST",16146,15930,13120,-3026
ISNE,"2/9/2020 8 p.m. EST",15659,15410,12540,-3119
ISNE,"2/9/2020 9 p.m. EST",14987,14730,11941,-3046
ISNE,"2/9/2020 10 p.m. EST",14076,13790,10912,-3164
ISNE,"2/9/2020 11 p.m. EST",13014,12800,9861,-3153
ISNE,"2/10/2020 12 a.m. EST",12538,11930,9449,-3089
ISNE,"2/10/2020 1 a.m. EST",11969,11440,9263,-2706
ISNE,"2/10/2020 2 a.m. EST",11592,11060,8719,-2873
ISNE,"2/10/2020 3 a.m. EST",11470,10910,8452,-3018
ISNE,"2/10/2020 4 a.m. EST",11494,10940,8402,-3092
ISNE,"2/10/2020 5 a.m. EST",11822,11320,8810,-3012
ISNE,"2/10/2020 6 a.m. EST",12489,12280,9366,-3123
ISNE,"2/10/2020 7 a.m. EST",13946,13920,10769,-3177
ISNE,"2/10/2020 8 a.m. EST",14906,14810,11749,-3157
ISNE,"2/10/2020 9 a.m. EST",15131,14980,11933,-3198
ISNE,"2/10/2020 10 a.m. EST",15286,15310,12034,-3252
ISNE,"2/10/2020 11 a.m. EST",15368,15340,12024,-3344
ISNE,"2/10/2020 12 p.m. EST",15337,15330,12018,-3319
ISNE,"2/10/2020 1 p.m. EST",15026,15130,11678,-3348
ISNE,"2/10/2020 2 p.m. EST",15000,15010,11494,-3506
ISNE,"2/10/2020 3 p.m. EST",14830,14880,11346,-3484
ISNE,"2/10/2020 4 p.m. EST",14867,14930,11479,-3388
ISNE,"2/10/2020 5 p.m. EST",15334,15380,11955,-3379
ISNE,"2/10/2020 6 p.m. EST",16155,16250,12910,-3245
ISNE,"2/10/2020 7 p.m. EST",16131,16240,12908,-3223
ISNE,"2/10/2020 8 p.m. EST",15632,15750,12352,-3280
ISNE,"2/10/2020 9 p.m. EST",14932,15060,11725,-3207
ISNE,"2/10/2020 10 p.m. EST",13908,14040,10389,-3519
ISNE,"2/10/2020 11 p.m. EST",12738,12870,9219,-3519
ISNE,"2/11/2020 12 a.m. EST",11793,11900,8499,-3294
ISNE,"2/11/2020 1 a.m. EST",11614,11140,8399,-3215
ISNE,"2/11/2020 2 a.m. EST",11247,10770,8034,-3213
ISNE,"2/11/2020 3 a.m. EST",11150,10620,8112,-3038
ISNE,"2/11/2020 4 a.m. EST",11385,10660,8450,-2935
ISNE,"2/11/2020 5 a.m. EST",11354,11010,8418,-2936
ISNE,"2/11/2020 6 a.m. EST",12230,12040,8968,-3262
ISNE,"2/11/2020 7 a.m. EST",13676,13700,10054,-3622
ISNE,"2/11/2020 8 a.m. EST",14680,14700,11009,-3671
ISNE,"2/11/2020 9 a.m. EST",14940,14990,11302,-3638
ISNE,"2/11/2020 10 a.m. EST",15039,15020,11421,-3618
ISNE,"2/11/2020 11 a.m. EST",15147,15110,11459,-3688
ISNE,"2/11/2020 12 p.m. EST",15165,15100,11496,-3669
ISNE,"2/11/2020 1 p.m. EST",15101,15000,11550,-3551
ISNE,"2/11/2020 2 p.m. EST",15096,14920,11467,-3629
ISNE,"2/11/2020 3 p.m. EST",14979,14780,11389,-3590
ISNE,"2/11/2020 4 p.m. EST",14901,14860,11384,-3517
ISNE,"2/11/2020 5 p.m. EST",15192,15290,11872,-3320
ISNE,"2/11/2020 6 p.m. EST",15981,16190,12468,-3513
ISNE,"2/11/2020 7 p.m. EST",16047,16180,12567,-3480
ISNE,"2/11/2020 8 p.m. EST",15602,15620,12245,-3357
ISNE,"2/11/2020 9 p.m. EST",14946,14980,11733,-3213
ISNE,"2/11/2020 10 p.m. EST",14001,14020,10682,-3319
ISNE,"2/11/2020 11 p.m. EST",12793,12890,9374,-3419
ISNE,"2/12/2020 12 a.m. EST",12031,11900,8987,-3044
ISNE,"2/12/2020 1 a.m. EST",11651,11170,8489,-3162
ISNE,"2/12/2020 2 a.m. EST",11366,10830,8200,-3166
ISNE,"2/12/2020 3 a.m. EST",11463,10710,8226,-3237
ISNE,"2/12/2020 4 a.m. EST",11532,10780,8302,-3230
ISNE,"2/12/2020 5 a.m. EST",11758,11130,8561,-3197
ISNE,"2/12/2020 6 a.m. EST",12344,12190,9210,-3134
ISNE,"2/12/2020 7 a.m. EST",13961,13920,10816,-3145
ISNE,"2/12/2020 8 a.m. EST",14645,14580,11432,-3213
ISNE,"2/12/2020 9 a.m. EST",14093,14370,10783,-3310
ISNE,"2/12/2020 10 a.m. EST",13480,13490,10228,-3252
ISNE,"2/12/2020 11 a.m. EST",13070,13150,9734,-3336
ISNE,"2/12/2020 12 p.m. EST",12586,12910,9307,-3279
ISNE,"2/12/2020 1 p.m. EST",12349,12700,9302,-3047
ISNE,"2/12/2020 2 p.m. EST",12536,13000,9642,-2894
ISNE,"2/12/2020 3 p.m. EST",13017,13410,9902,-3115
ISNE,"2/12/2020 4 p.m. EST",13590,13850,10225,-3365
ISNE,"2/12/2020 5 p.m. EST",14464,14740,10965,-3499
ISNE,"2/12/2020 6 p.m. EST",15634,15880,12147,-3487
ISNE,"2/12/2020 7 p.m. EST",15850,16070,12446,-3404
ISNE,"2/12/2020 8 p.m. EST",15497,15620,12133,-3364
ISNE,"2/12/2020 9 p.m. EST",14906,15000,11518,-3388
ISNE,"2/12/2020 10 p.m. EST",13999,14030,10697,-3302
ISNE,"2/12/2020 11 p.m. EST",12827,12900,9432,-3395
ISNE,"2/13/2020 12 a.m. EST",12041,11910,8753,-3288
ISNE,"2/13/2020 1 a.m. EST",11467,11210,8180,-3287
ISNE,"2/13/2020 2 a.m. EST",11161,10890,8302,-2859
ISNE,"2/13/2020 3 a.m. EST",11274,10780,8294,-2980
ISNE,"2/13/2020 4 a.m. EST",11372,10860,8287,-3085
ISNE,"2/13/2020 5 a.m. EST",11716,11220,8629,-3087
ISNE,"2/13/2020 6 a.m. EST",12370,12180,9257,-3113
ISNE,"2/13/2020 7 a.m. EST",13698,13720,10865,-2833
ISNE,"2/13/2020 8 a.m. EST",14709,14710,12006,-2703
ISNE,"2/13/2020 9 a.m. EST",15108,15130,12470,-2638
ISNE,"2/13/2020 10 a.m. EST",15241,15230,12656,-2585
ISNE,"2/13/2020 11 a.m. EST",15347,15170,12257,-3090
ISNE,"2/13/2020 12 p.m. EST",15438,15180,12309,-3129
ISNE,"2/13/2020 1 p.m. EST",15392,15040,12200,-3192
ISNE,"2/13/2020 2 p.m. EST",15310,14960,12310,-3000
ISNE,"2/13/2020 3 p.m. EST",15141,14860,12213,-2928
ISNE,"2/13/2020 4 p.m. EST",15066,14870,12102,-2964
ISNE,"2/13/2020 5 p.m. EST",15288,15250,12158,-3130
ISNE,"2/13/2020 6 p.m. EST",15999,15980,12875,-3124
ISNE,"2/13/2020 7 p.m. EST",16102,16050,13065,-3037
ISNE,"2/13/2020 8 p.m. EST",15673,15590,12632,-3041
ISNE,"2/13/2020 9 p.m. EST",15090,14960,12231,-2859
ISNE,"2/13/2020 10 p.m. EST",14206,14030,11431,-2775
ISNE,"2/13/2020 11 p.m. EST",13100,12950,10257,-2843
ISNE,"2/14/2020 12 a.m. EST",12228,12000,9316,-2912
ISNE,"2/14/2020 1 a.m. EST",11746,11500,8816,-2930
ISNE,"2/14/2020 2 a.m. EST",11397,11150,8415,-2982
ISNE,"2/14/2020 3 a.m. EST",11439,11030,8454,-2985
ISNE,"2/14/2020 4 a.m. EST",11575,11110,8548,-3027
ISNE,"2/14/2020 5 a.m. EST",11660,11520,8912,-2748
ISNE,"2/14/2020 6 a.m. EST",12709,12580,10030,-2679
ISNE,"2/14/2020 7 a.m. EST",14383,14290,11876,-2507
ISNE,"2/14/2020 8 a.m. EST",15076,15080,12508,-2568
ISNE,"2/14/2020 9 a.m. EST",14904,14910,12318,-2586
ISNE,"2/14/2020 10 a.m. EST",14471,14400,11816,-2655
ISNE,"2/14/2020 11 a.m. EST",13997,13980,10858,-3139
ISNE,"2/14/2020 12 p.m. EST",13786,13560,10786,-3000
ISNE,"2/14/2020 1 p.m. EST",13445,13340,10893,-2552
ISNE,"2/14/2020 2 p.m. EST",13215,13550,10761,-2454
ISNE,"2/14/2020 3 p.m. EST",13448,14060,11178,-2270
ISNE,"2/14/2020 4 p.m. EST",14117,14710,11823,-2294
ISNE,"2/14/2020 5 p.m. EST",15270,15610,12753,-2517
ISNE,"2/14/2020 6 p.m. EST",16424,16940,13551,-2873
ISNE,"2/14/2020 7 p.m. EST",16808,17250,13940,-2868
ISNE,"2/14/2020 8 p.m. EST",16600,16930,13879,-2721
ISNE,"2/14/2020 9 p.m. EST",16249,16300,13624,-2625
ISNE,"2/14/2020 10 p.m. EST",15694,15680,13108,-2586
ISNE,"2/14/2020 11 p.m. EST",14850,14860,12519,-2331
ISNE,"2/15/2020 12 a.m. EST",14153,13970,11548,-2605
ISNE,"2/15/2020 1 a.m. EST",13739,13490,11174,-2565
ISNE,"2/15/2020 2 a.m. EST",13415,13170,10868,-2547
ISNE,"2/15/2020 3 a.m. EST",13291,13030,10877,-2414
ISNE,"2/15/2020 4 a.m. EST",13284,13040,10855,-2429
ISNE,"2/15/2020 5 a.m. EST",13720,13220,11135,-2585
ISNE,"2/15/2020 6 a.m. EST",13875,13650,11267,-2608
ISNE,"2/15/2020 7 a.m. EST",14367,14390,11679,-2688
ISNE,"2/15/2020 8 a.m. EST",14858,14860,12237,-2621
ISNE,"2/15/2020 9 a.m. EST",14728,14730,12080,-2648
ISNE,"2/15/2020 10 a.m. EST",14304,14360,11701,-2603
ISNE,"2/15/2020 11 a.m. EST",13845,13990,11315,-2530
ISNE,"2/15/2020 12 p.m. EST",13419,13430,10833,-2586
ISNE,"2/15/2020 1 p.m. EST",13004,13330,10375,-2629
ISNE,"2/15/2020 2 p.m. EST",12957,13200,10211,-2746
ISNE,"2/15/2020 3 p.m. EST",13182,13460,10412,-2770
ISNE,"2/15/2020 4 p.m. EST",13987,14090,11282,-2705
ISNE,"2/15/2020 5 p.m. EST",14815,14920,11975,-2840
ISNE,"2/15/2020 6 p.m. EST",15918,16000,13030,-2888
ISNE,"2/15/2020 7 p.m. EST",16197,16250,13510,-2687
ISNE,"2/15/2020 8 p.m. EST",15828,15750,13190,-2638
ISNE,"2/15/2020 9 p.m. EST",15356,15190,12734,-2622
ISNE,"2/15/2020 10 p.m. EST",14734,14560,12261,-2473
ISNE,"2/15/2020 11 p.m. EST",13892,13780,11456,-2436
ISNE,"2/16/2020 12 a.m. EST",13091,12960,10488,-2603
ISNE,"2/16/2020 1 a.m. EST",12457,12460,9799,-2658
ISNE,"2/16/2020 2 a.m. EST",12054,12050,9301,-2753
ISNE,"2/16/2020 3 a.m. EST",11773,11780,9015,-2758
ISNE,"2/16/2020 4 a.m. EST",11645,11650,8857,-2788
ISNE,"2/16/2020 5 a.m. EST",11691,11690,8764,-2927
ISNE,"2/16/2020 6 a.m. EST",11910,11920,8819,-3091
ISNE,"2/16/2020 7 a.m. EST",12381,12390,9225,-3156
ISNE,"2/16/2020 8 a.m. EST",12824,12840,9725,-3099
ISNE,"2/16/2020 9 a.m. EST",13172,13180,10241,-2931
ISNE,"2/16/2020 10 a.m. EST",13173,13150,10262,-2911
ISNE,"2/16/2020 11 a.m. EST",13187,12980,10178,-3009
ISNE,"2/16/2020 12 p.m. EST",13323,12740,10337,-2986
ISNE,"2/16/2020 1 p.m. EST",13398,12740,10470,-2928
ISNE,"2/16/2020 2 p.m. EST",13246,12790,10023,-3223
ISNE,"2/16/2020 3 p.m. EST",13052,13080,9872,-3180
ISNE,"2/16/2020 4 p.m. EST",13237,13300,10025,-3212
ISNE,"2/16/2020 5 p.m. EST",13901,13920,10782,-3119
ISNE,"2/16/2020 6 p.m. EST",14954,14920,11992,-2962
ISNE,"2/16/2020 7 p.m. EST",15238,15340,12287,-2951
ISNE,"2/16/2020 8 p.m. EST",14819,15000,11981,-2838
ISNE,"2/16/2020 9 p.m. EST",14209,14460,11292,-2917
ISNE,"2/16/2020 10 p.m. EST",13468,13650,10279,-3189
ISNE,"2/16/2020 11 p.m. EST",12620,12740,9491,-3129
ISNE,"2/17/2020 12 a.m. EST",11984,11940,8898,-3086
ISNE,"2/17/2020 1 a.m. EST",11604,11350,8664,-2940
ISNE,"2/17/2020 2 a.m. EST",11501,11070,8486,-3015
ISNE,"2/17/2020 3 a.m. EST",11674,10970,8785,-2889
ISNE,"2/17/2020 4 a.m. EST",11560,11060,8556,-3004
ISNE,"2/17/2020 5 a.m. EST",11914,11420,8945,-2969
ISNE,"2/17/2020 6 a.m. EST",12356,12210,9302,-3054
ISNE,"2/17/2020 7 a.m. EST",13326,13350,10236,-3090
ISNE,"2/17/2020 8 a.m. EST",13864,13890,10667,-3197
ISNE,"2/17/2020 9 a.m. EST",13463,13450,10296,-3167
ISNE,"2/17/2020 10 a.m. EST",13128,12740,10218,-2910
ISNE,"2/17/2020 11 a.m. EST",12761,12370,10143,-2618
ISNE,"2/17/2020 12 p.m. EST",12711,11990,9867,-2844
ISNE,"2/17/2020 1 p.m. EST",12510,11990,9413,-3097
ISNE,"2/17/2020 2 p.m. EST",12687,12330,9487,-3200
ISNE,"2/17/2020 3 p.m. EST",12838,12780,9528,-3310
ISNE,"2/17/2020 4 p.m. EST",13331,13430,9945,-3386
ISNE,"2/17/2020 5 p.m. EST",14232,14330,10740,-3492
ISNE,"2/17/2020 6 p.m. EST",15381,15630,11768,-3613
ISNE,"2/17/2020 7 p.m. EST",15833,16110,12357,-3476
ISNE,"2/17/2020 8 p.m. EST",15465,15790,11913,-3552
ISNE,"2/17/2020 9 p.m. EST",14914,15140,11473,-3441
ISNE,"2/17/2020 10 p.m. EST",14096,14320,10653,-3443
ISNE,"2/17/2020 11 p.m. EST",13077,13320,9771,-3306
ISNE,"2/18/2020 12 a.m. EST",12239,12470,8977,-3262
ISNE,"2/18/2020 1 a.m. EST",11678,11670,8490,-3188
ISNE,"2/18/2020 2 a.m. EST",11625,11370,8523,-3102
ISNE,"2/18/2020 3 a.m. EST",11514,11270,8453,-3061
ISNE,"2/18/2020 4 a.m. EST",11838,11330,8793,-3045
ISNE,"2/18/2020 5 a.m. EST",12216,11700,9354,-2862
ISNE,"2/18/2020 6 a.m. EST",12724,12670,9958,-2766
ISNE,"2/18/2020 7 a.m. EST",14086,14130,11367,-2719
ISNE,"2/18/2020 8 a.m. EST",14988,15020,12190,-2798
ISNE,"2/18/2020 9 a.m. EST",15278,15290,12553,-2725
ISNE,"2/18/2020 10 a.m. EST",15317,15310,12570,-2747
ISNE,"2/18/2020 11 a.m. EST",15524,15540,12932,-2592
ISNE,"2/18/2020 12 p.m. EST",15674,15680,13039,-2635
ISNE,"2/18/2020 1 p.m. EST",15692,15680,13046,-2646
ISNE,"2/18/2020 2 p.m. EST",15773,15780,13147,-2626
ISNE,"2/18/2020 3 p.m. EST",15767,15710,13124,-2643
ISNE,"2/18/2020 4 p.m. EST",15780,15760,13063,-2717
ISNE,"2/18/2020 5 p.m. EST",16082,15870,13367,-2715
ISNE,"2/18/2020 6 p.m. EST",16669,16020,13973,-2696
ISNE,"2/18/2020 7 p.m. EST",16542,16250,13730,-2812
ISNE,"2/18/2020 8 p.m. EST",16011,15570,13216,-2795
ISNE,"2/18/2020 9 p.m. EST",15240,14840,12381,-2859
ISNE,"2/18/2020 10 p.m. EST",14274,13840,11329,-2945
ISNE,"2/18/2020 11 p.m. EST",13574,12660,10314,-3260
ISNE,"2/19/2020 12 a.m. EST",13104,11700,9793,-3311
ISNE,"2/19/2020 1 a.m. EST",12215,11410,8935,-3280
ISNE,"2/19/2020 2 a.m. EST",11813,11020,8531,-3282
ISNE,"2/19/2020 3 a.m. EST",11620,10830,8408,-3212
ISNE,"2/19/2020 4 a.m. EST",11611,10820,8401,-3210
ISNE,"2/19/2020 5 a.m. EST",11939,11170,8779,-3160
ISNE,"2/19/2020 6 a.m. EST",12372,12120,9282,-3090
ISNE,"2/19/2020 7 a.m. EST",13595,13650,10514,-3081
ISNE,"2/19/2020 8 a.m. EST",14353,14370,11209,-3144
ISNE,"2/19/2020 9 a.m. EST",13911,13890,10675,-3236
ISNE,"2/19/2020 10 a.m. EST",13200,13190,9852,-3348
ISNE,"2/19/2020 11 a.m. EST",12914,12700,9652,-3262
ISNE,"2/19/2020 12 p.m. EST",12778,12360,9556,-3222
ISNE,"2/19/2020 1 p.m. EST",12302,12310,9235,-3067
ISNE,"2/19/2020 2 p.m. EST",12413,12610,9272,-3141
ISNE,"2/19/2020 3 p.m. EST",12364,13130,9657,-2707
ISNE,"2/19/2020 4 p.m. EST",13007,13700,10456,-2551
ISNE,"2/19/2020 5 p.m. EST",14254,14610,11363,-2891
ISNE,"2/19/2020 6 p.m. EST",15639,15860,12671,-2968
ISNE,"2/19/2020 7 p.m. EST",16214,16300,13235,-2979
ISNE,"2/19/2020 8 p.m. EST",15914,16040,12841,-3073
ISNE,"2/19/2020 9 p.m. EST",15399,15560,12329,-3070
ISNE,"2/19/2020 10 p.m. EST",14585,14720,11514,-3071
ISNE,"2/19/2020 11 p.m. EST",13527,13640,10456,-3071
ISNE,"2/20/2020 12 a.m. EST",12802,12730,9771,-3031
ISNE,"2/20/2020 1 a.m. EST",12477,12010,9594,-2883
ISNE,"2/20/2020 2 a.m. EST",12050,11710,9464,-2586
ISNE,"2/20/2020 3 a.m. EST",11936,11620,9463,-2473
ISNE,"2/20/2020 4 a.m. EST",12030,11710,9644,-2386
ISNE,"2/20/2020 5 a.m. EST",12440,12090,9938,-2502
ISNE,"2/20/2020 6 a.m. EST",13229,13130,10411,-2818
ISNE,"2/20/2020 7 a.m. EST",14733,14770,12043,-2690
ISNE,"2/20/2020 8 a.m. EST",15360,15390,12929,-2431
ISNE,"2/20/2020 9 a.m. EST",14697,14910,12383,-2314
ISNE,"2/20/2020 10 a.m. EST",13935,13950,11624,-2311
ISNE,"2/20/2020 11 a.m. EST",13605,13470,11293,-2312
ISNE,"2/20/2020 12 p.m. EST",13532,13090,11583,-1949
ISNE,"2/20/2020 1 p.m. EST",13544,13010,11558,-1986
ISNE,"2/20/2020 2 p.m. EST",13741,13220,11615,-2126
ISNE,"2/20/2020 3 p.m. EST",14024,13530,11907,-2117
ISNE,"2/20/2020 4 p.m. EST",14382,14070,12010,-2372
ISNE,"2/20/2020 5 p.m. EST",15175,14950,12342,-2833
ISNE,"2/20/2020 6 p.m. EST",16313,16080,13463,-2850
ISNE,"2/20/2020 7 p.m. EST",16700,16690,13844,-2856
ISNE,"2/20/2020 8 p.m. EST",16429,16420,13789,-2640
ISNE,"2/20/2020 9 p.m. EST",16020,15970,13474,-2546
ISNE,"2/20/2020 10 p.m. EST",15233,15180,12997,-2236
ISNE,"2/20/2020 11 p.m. EST",14180,14150,11995,-2185
ISNE,"2/21/2020 12 a.m. EST",13299,13310,10912,-2387
ISNE,"2/21/2020 1 a.m. EST",12874,12840,10559,-2315
ISNE,"2/21/2020 2 a.m. EST",12752,12550,10454,-2298
ISNE,"2/21/2020 3 a.m. EST",12642,12480,10105,-2537
ISNE,"2/21/2020 4 a.m. EST",12531,12560,10162,-2369
ISNE,"2/21/2020 5 a.m. EST",12933,12980,10454,-2479
ISNE,"2/21/2020 6 a.m. EST",13971,14020,11439,-2532
ISNE,"2/21/2020 7 a.m. EST",15501,15500,13075,-2426
ISNE,"2/21/2020 8 a.m. EST",16057,16080,13699,-2358
ISNE,"2/21/2020 9 a.m. EST",15420,15450,12953,-2467
ISNE,"2/21/2020 10 a.m. EST",14657,14630,12339,-2318
ISNE,"2/21/2020 11 a.m. EST",14019,14020,11472,-2547
ISNE,"2/21/2020 12 p.m. EST",13607,13480,11285,-2322
ISNE,"2/21/2020 1 p.m. EST",13196,13180,10803,-2393
ISNE,"2/21/2020 2 p.m. EST",13086,13040,10662,-2424
ISNE,"2/21/2020 3 p.m. EST",13200,13230,10637,-2563
ISNE,"2/21/2020 4 p.m. EST",13778,13880,11152,-2626
ISNE,"2/21/2020 5 p.m. EST",14887,14720,12294,-2593
ISNE,"2/21/2020 6 p.m. EST",16038,15790,13452,-2586
ISNE,"2/21/2020 7 p.m. EST",16447,16320,13930,-2517
ISNE,"2/21/2020 8 p.m. EST",16074,15980,13405,-2669
ISNE,"2/21/2020 9 p.m. EST",15571,15450,12806,-2765
ISNE,"2/21/2020 10 p.m. EST",14888,14800,12134,-2754
ISNE,"2/21/2020 11 p.m. EST",13959,13920,11175,-2784
ISNE,"2/22/2020 12 a.m. EST",13086,13010,10215,-2871
ISNE,"2/22/2020 1 a.m. EST",12440,12480,9865,-2575
ISNE,"2/22/2020 2 a.m. EST",12050,12080,9776,-2274
ISNE,"2/22/2020 3 a.m. EST",11866,11890,9347,-2519
ISNE,"2/22/2020 4 a.m. EST",11802,11890,9175,-2627
ISNE,"2/22/2020 5 a.m. EST",11928,11890,9263,-2665
ISNE,"2/22/2020 6 a.m. EST",12349,12370,9783,-2566
ISNE,"2/22/2020 7 a.m. EST",13036,12950,10543,-2493
ISNE,"2/22/2020 8 a.m. EST",13329,13320,10681,-2648
ISNE,"2/22/2020 9 a.m. EST",12993,13010,10308,-2685
ISNE,"2/22/2020 10 a.m. EST",12449,12480,9720,-2729
ISNE,"2/22/2020 11 a.m. EST",12155,11970,9764,-2391
ISNE,"2/22/2020 12 p.m. EST",12080,11510,9626,-2454
ISNE,"2/22/2020 1 p.m. EST",11779,11230,9235,-2544
ISNE,"2/22/2020 2 p.m. EST",11731,11020,9081,-2650
ISNE,"2/22/2020 3 p.m. EST",11876,11020,9208,-2668
ISNE,"2/22/2020 4 p.m. EST",12163,11740,9511,-2652
ISNE,"2/22/2020 5 p.m. EST",12916,12850,10075,-2841
ISNE,"2/22/2020 6 p.m. EST",14132,14090,11297,-2835
ISNE,"2/22/2020 7 p.m. EST",14651,14710,11767,-2884
ISNE,"2/22/2020 8 p.m. EST",14366,14330,11443,-2923
ISNE,"2/22/2020 9 p.m. EST",13942,13910,11126,-2816
ISNE,"2/22/2020 10 p.m. EST",13396,13400,10731,-2665
ISNE,"2/22/2020 11 p.m. EST",12678,12720,10184,-2494
ISNE,"2/23/2020 12 a.m. EST",11958,12040,9252,-2706
ISNE,"2/23/2020 1 a.m. EST",11717,11480,9244,-2473
ISNE,"2/23/2020 2 a.m. EST",11677,11160,9165,-2512
ISNE,"2/23/2020 3 a.m. EST",11516,10990,8839,-2677
ISNE,"2/23/2020 4 a.m. EST",11489,10970,8794,-2695
ISNE,"2/23/2020 5 a.m. EST",11593,11060,8918,-2675
ISNE,"2/23/2020 6 a.m. EST",11441,11370,8869,-2572
ISNE,"2/23/2020 7 a.m. EST",11920,11720,9373,-2547
ISNE,"2/23/2020 8 a.m. EST",12132,12020,9563,-2569
ISNE,"2/23/2020 9 a.m. EST",11816,11790,9402,-2414
ISNE,"2/23/2020 10 a.m. EST",11585,11320,8946,-2639
ISNE,"2/23/2020 11 a.m. EST",11616,10960,8975,-2641
ISNE,"2/23/2020 12 p.m. EST",11425,10610,8635,-2790
ISNE,"2/23/2020 1 p.m. EST",11221,10440,8448,-2773
ISNE,"2/23/2020 2 p.m. EST",11124,10400,8346,-2778
ISNE,"2/23/2020 3 p.m. EST",11147,10560,8534,-2613
ISNE,"2/23/2020 4 p.m. EST",11718,11300,8957,-2761
ISNE,"2/23/2020 5 p.m. EST",12629,12340,9588,-3041
ISNE,"2/23/2020 6 p.m. EST",13978,13810,10882,-3096
ISNE,"2/23/2020 7 p.m. EST",14613,14420,12003,-2610
ISNE,"2/23/2020 8 p.m. EST",14377,14140,12121,-2256
ISNE,"2/23/2020 9 p.m. EST",13866,13600,12370,-1496
ISNE,"2/23/2020 10 p.m. EST",13072,12930,11483,-1589
ISNE,"2/23/2020 11 p.m. EST",12102,12030,10050,-2052
ISNE,"2/24/2020 12 a.m. EST",11490,11290,9143,-2347
ISNE,"2/24/2020 1 a.m. EST",11146,10720,8417,-2729
ISNE,"2/24/2020 2 a.m. EST",11125,10470,8326,-2799
ISNE,"2/24/2020 3 a.m. EST",11045,10410,8367,-2678
ISNE,"2/24/2020 4 a.m. EST",11167,10520,8532,-2635
ISNE,"2/24/2020 5 a.m. EST",11350,11020,8790,-2560
ISNE,"2/24/2020 6 a.m. EST",12255,12120,9429,-2826
ISNE,"2/24/2020 7 a.m. EST",13901,13650,10912,-2989
ISNE,"2/24/2020 8 a.m. EST",14336,14110,11282,-3054
ISNE,"2/24/2020 9 a.m. EST",13484,13440,10475,-3009
ISNE,"2/24/2020 10 a.m. EST",12537,12610,9703,-2834
ISNE,"2/24/2020 11 a.m. EST",11930,12010,9198,-2732
ISNE,"2/24/2020 12 p.m. EST",11887,11670,9328,-2559
ISNE,"2/24/2020 1 p.m. EST",11893,11540,9194,-2699
ISNE,"2/24/2020 2 p.m. EST",11912,11750,9204,-2708
ISNE,"2/24/2020 3 p.m. EST",12183,11960,9330,-2853
ISNE,"2/24/2020 4 p.m. EST",12435,12430,9779,-2656
ISNE,"2/24/2020 5 p.m. EST",13345,13320,10566,-2779
ISNE,"2/24/2020 6 p.m. EST",14547,14530,11607,-2940
ISNE,"2/24/2020 7 p.m. EST",15089,15190,11953,-3136
ISNE,"2/24/2020 8 p.m. EST",14723,14720,11570,-3153
ISNE,"2/24/2020 9 p.m. EST",14086,14080,10842,-3244
ISNE,"2/24/2020 10 p.m. EST",13168,13110,9971,-3197
ISNE,"2/24/2020 11 p.m. EST",12049,12030,8885,-3164
ISNE,"2/25/2020 12 a.m. EST",11401,11080,8420,-2981
ISNE,"2/25/2020 1 a.m. EST",11050,10470,8421,-2629
ISNE,"2/25/2020 2 a.m. EST",10724,10130,8185,-2539
ISNE,"2/25/2020 3 a.m. EST",10840,9990,8228,-2612
ISNE,"2/25/2020 4 a.m. EST",10842,10040,8137,-2705
ISNE,"2/25/2020 5 a.m. EST",10980,10370,8451,-2529
ISNE,"2/25/2020 6 a.m. EST",11714,11390,9137,-2577
ISNE,"2/25/2020 7 a.m. EST",13031,12980,10350,-2681
ISNE,"2/25/2020 8 a.m. EST",13869,13620,11400,-2469
ISNE,"2/25/2020 9 a.m. EST",13828,13610,11573,-2255
ISNE,"2/25/2020 10 a.m. EST",13412,13320,11063,-2349
ISNE,"2/25/2020 11 a.m. EST",13234,13070,11138,-2096
ISNE,"2/25/2020 12 p.m. EST",13149,12860,11070,-2079
ISNE,"2/25/2020 1 p.m. EST",12819,12810,10829,-1990
ISNE,"2/25/2020 2 p.m. EST",12803,12910,10795,-2008
ISNE,"2/25/2020 3 p.m. EST",13060,12950,10858,-2202
ISNE,"2/25/2020 4 p.m. EST",13377,13060,11143,-2234
ISNE,"2/25/2020 5 p.m. EST",13950,13670,11538,-2412
ISNE,"2/25/2020 6 p.m. EST",14822,14690,12064,-2758
ISNE,"2/25/2020 7 p.m. EST",15109,15260,12311,-2798
ISNE,"2/25/2020 8 p.m. EST",14727,14730,12234,-2493
ISNE,"2/25/2020 9 p.m. EST",14088,14030,11608,-2480
ISNE,"2/25/2020 10 p.m. EST",13178,13090,10937,-2241
ISNE,"2/25/2020 11 p.m. EST",12050,12010,9830,-2220
ISNE,"2/26/2020 12 a.m. EST",11118,11090,8740,-2378
ISNE,"2/26/2020 1 a.m. EST",10711,10590,8078,-2633
ISNE,"2/26/2020 2 a.m. EST",10493,10230,7903,-2590
ISNE,"2/26/2020 3 a.m. EST",10609,10070,8031,-2578
ISNE,"2/26/2020 4 a.m. EST",10622,10090,8154,-2468
ISNE,"2/26/2020 5 a.m. EST",10731,10420,8303,-2428
ISNE,"2/26/2020 6 a.m. EST",11552,11400,8923,-2629
ISNE,"2/26/2020 7 a.m. EST",12938,12910,10454,-2484
ISNE,"2/26/2020 8 a.m. EST",13780,13740,11274,-2506
ISNE,"2/26/2020 9 a.m. EST",13799,13900,11380,-2419
ISNE,"2/26/2020 10 a.m. EST",13684,13660,11329,-2355
ISNE,"2/26/2020 11 a.m. EST",13627,13590,11181,-2446
ISNE,"2/26/2020 12 p.m. EST",13545,13560,10987,-2558
ISNE,"2/26/2020 1 p.m. EST",13387,13480,10792,-2595
ISNE,"2/26/2020 2 p.m. EST",13346,13490,10808,-2538
ISNE,"2/26/2020 3 p.m. EST",13348,13510,10860,-2488
ISNE,"2/26/2020 4 p.m. EST",13652,13650,11085,-2567
ISNE,"2/26/2020 5 p.m. EST",14220,14190,11876,-2344
ISNE,"2/26/2020 6 p.m. EST",15001,15100,12479,-2522
ISNE,"2/26/2020 7 p.m. EST",15242,15600,12693,-2549
ISNE,"2/26/2020 8 p.m. EST",14844,15030,12199,-2645
ISNE,"2/26/2020 9 p.m. EST",14239,14320,11703,-2536
ISNE,"2/26/2020 10 p.m. EST",13359,13380,10526,-2833
ISNE,"2/26/2020 11 p.m. EST",12214,12250,9525,-2689
ISNE,"2/27/2020 12 a.m. EST",11266,11300,8420,-2846
ISNE,"2/27/2020 1 a.m. EST",10642,10640,8065,-2577
ISNE,"2/27/2020 2 a.m. EST",10516,10310,7987,-2529
ISNE,"2/27/2020 3 a.m. EST",10679,10170,7896,-2783
ISNE,"2/27/2020 4 a.m. EST",10702,10190,7833,-2869
ISNE,"2/27/2020 5 a.m. EST",11052,10570,8233,-2819
ISNE,"2/27/2020 6 a.m. EST",11683,11520,9096,-2587
ISNE,"2/27/2020 7 a.m. EST",13070,13110,10472,-2598
ISNE,"2/27/2020 8 a.m. EST",14051,14060,11345,-2706
ISNE,"2/27/2020 9 a.m. EST",14272,14280,11544,-2728
ISNE,"2/27/2020 10 a.m. EST",14031,14050,11148,-2883
ISNE,"2/27/2020 11 a.m. EST",13416,13540,10563,-2853
ISNE,"2/27/2020 12 p.m. EST",13061,13090,10186,-2875
ISNE,"2/27/2020 1 p.m. EST",13619,12780,11087,-2532
ISNE,"2/27/2020 2 p.m. EST",13458,12610,10888,-2570
ISNE,"2/27/2020 3 p.m. EST",13410,12590,11040,-2370
ISNE,"2/27/2020 4 p.m. EST",13429,12830,10555,-2874
ISNE,"2/27/2020 5 p.m. EST",14158,13590,11279,-2879
ISNE,"2/27/2020 6 p.m. EST",15341,14810,12492,-2849
ISNE,"2/27/2020 7 p.m. EST",15916,15520,13095,-2821
ISNE,"2/27/2020 8 p.m. EST",15686,15260,12845,-2841
ISNE,"2/27/2020 9 p.m. EST",15185,14770,12350,-2835
ISNE,"2/27/2020 10 p.m. EST",14336,13950,11439,-2897
ISNE,"2/27/2020 11 p.m. EST",13253,12910,10568,-2685
ISNE,"2/28/2020 12 a.m. EST",12342,12040,9745,-2597
ISNE,"2/28/2020 1 a.m. EST",12006,11680,9331,-2675
ISNE,"2/28/2020 2 a.m. EST",11915,11340,9406,-2509
ISNE,"2/28/2020 3 a.m. EST",11776,11210,9302,-2474
ISNE,"2/28/2020 4 a.m. EST",11818,11270,9307,-2511
ISNE,"2/28/2020 5 a.m. EST",12153,11660,9569,-2584
ISNE,"2/28/2020 6 a.m. EST",12833,12680,10202,-2631
ISNE,"2/28/2020 7 a.m. EST",14181,14220,11456,-2725
ISNE,"2/28/2020 8 a.m. EST",14618,14600,11833,-2785
ISNE,"2/28/2020 9 a.m. EST",14057,14040,11352,-2705
ISNE,"2/28/2020 10 a.m. EST",13425,13350,10895,-2530
ISNE,"2/28/2020 11 a.m. EST",12966,13020,10801,-2165
ISNE,"2/28/2020 12 p.m. EST",12943,12640,10824,-2119
ISNE,"2/28/2020 1 p.m. EST",12941,12480,10707,-2234
ISNE,"2/28/2020 2 p.m. EST",13071,12520,10923,-2148
ISNE,"2/28/2020 3 p.m. EST",13187,12990,10914,-2273
ISNE,"2/28/2020 4 p.m. EST",13705,13680,11253,-2452
ISNE,"2/28/2020 5 p.m. EST",14319,14380,11598,-2721
ISNE,"2/28/2020 6 p.m. EST",15224,15300,12205,-3019
ISNE,"2/28/2020 7 p.m. EST",15652,15700,12716,-2936
ISNE,"2/28/2020 8 p.m. EST",15305,15320,12391,-2914
ISNE,"2/28/2020 9 p.m. EST",14846,14760,11985,-2861
ISNE,"2/28/2020 10 p.m. EST",14176,14090,11421,-2755
ISNE,"2/28/2020 11 p.m. EST",13269,13220,10896,-2373
ISNE,"2/29/2020 12 a.m. EST",12416,12340,9904,-2512
ISNE,"2/29/2020 1 a.m. EST",11798,11800,9565,-2233
ISNE,"2/29/2020 2 a.m. EST",11447,11450,9233,-2214
ISNE,"2/29/2020 3 a.m. EST",11281,11270,9043,-2238
ISNE,"2/29/2020 4 a.m. EST",11254,11250,9072,-2182
ISNE,"2/29/2020 5 a.m. EST",11423,11430,9189,-2234
ISNE,"2/29/2020 6 a.m. EST",11853,11870,9586,-2267
ISNE,"2/29/2020 7 a.m. EST",12472,12490,10164,-2308
ISNE,"2/29/2020 8 a.m. EST",12810,12820,10082,-2728
ISNE,"2/29/2020 9 a.m. EST",12727,12720,10118,-2609
ISNE,"2/29/2020 10 a.m. EST",12381,12370,10053,-2328
ISNE,"2/29/2020 11 a.m. EST",12578,12290,9859,-2719
ISNE,"2/29/2020 12 p.m. EST",12737,12260,10153,-2584
ISNE,"2/29/2020 1 p.m. EST",12801,12280,10208,-2593
ISNE,"2/29/2020 2 p.m. EST",12543,12390,9861,-2682
ISNE,"2/29/2020 3 p.m. EST",12518,12600,9782,-2736
ISNE,"2/29/2020 4 p.m. EST",12983,13010,10336,-2647
ISNE,"2/29/2020 5 p.m. EST",13758,13690,10972,-2786
ISNE,"2/29/2020 6 p.m. EST",14848,14800,12016,-2832
ISNE,"2/29/2020 7 p.m. EST",15441,15250,12680,-2761
ISNE,"2/29/2020 8 p.m. EST",15165,14940,12330,-2835
ISNE,"2/29/2020 9 p.m. EST",14791,14560,12196,-2595
ISNE,"2/29/2020 10 p.m. EST",14341,14040,11796,-2545
ISNE,"2/29/2020 11 p.m. EST",14300,13330,12307,-1993
ISNE,"3/1/2020 12 a.m. EST",14300,12630,12276,-2024
