"BA Code","Timestamp (Hour Ending)","Demand (MWh)","Demand Forecast (MWh)","Net Generation (MWh)","Total Interchange (MWh)"
ISNE,"11/1/2016 12 a.m. EDT",11365,11490,8683,-2682
ISNE,"11/1/2016 1 a.m. EDT",10957,10740,8110,-2847
ISNE,"11/1/2016 2 a.m. EDT",10910,10350,8096,-2814
ISNE,"11/1/2016 3 a.m. EDT",11091,10190,8175,-2916
ISNE,"11/1/2016 4 a.m. EDT",11347,10200,8399,-2948
ISNE,"11/1/2016 5 a.m. EDT",11444,10520,8597,-2847
ISNE,"11/1/2016 6 a.m. EDT",12249,11640,9661,-2588
ISNE,"11/1/2016 7 a.m. EDT",13680,13650,11100,-2580
ISNE,"11/1/2016 8 a.m. EDT",14807,14620,12358,-2449
ISNE,"11/1/2016 9 a.m. EDT",14740,14450,12277,-2463
ISNE,"11/1/2016 10 a.m. EDT",14309,14010,11811,-2498
ISNE,"11/1/2016 11 a.m. EDT",13949,13730,11537,-2412
ISNE,"11/1/2016 12 p.m. EDT",13623,13490,11105,-2518
ISNE,"11/1/2016 1 p.m. EDT",13360,13350,11148,-2212
ISNE,"11/1/2016 2 p.m. EDT",13276,13280,10904,-2372
ISNE,"11/1/2016 3 p.m. EDT",13254,13290,10948,-2306
ISNE,"11/1/2016 4 p.m. EDT",13402,13500,11071,-2331
ISNE,"11/1/2016 5 p.m. EDT",13930,14160,11488,-2442
ISNE,"11/1/2016 6 p.m. EDT",14868,14900,12310,-2558
ISNE,"11/1/2016 7 p.m. EDT",15741,15600,13044,-2697
ISNE,"11/1/2016 8 p.m. EDT",15482,15310,12875,-2607
ISNE,"11/1/2016 9 p.m. EDT",14825,14770,12271,-2554
ISNE,"11/1/2016 10 p.m. EDT",13816,13720,11113,-2703
ISNE,"11/1/2016 11 p.m. EDT",12493,12380,9918,-2575
ISNE,"11/2/2016 12 a.m. EDT",11556,11270,8830,-2726
ISNE,"11/2/2016 1 a.m. EDT",10943,10530,8130,-2813
ISNE,"11/2/2016 2 a.m. EDT",10674,10080,7924,-2750
ISNE,"11/2/2016 3 a.m. EDT",10678,9880,7856,-2822
ISNE,"11/2/2016 4 a.m. EDT",10617,9860,8038,-2579
ISNE,"11/2/2016 5 a.m. EDT",10798,10110,8245,-2553
ISNE,"11/2/2016 6 a.m. EDT",11624,11120,8902,-2722
ISNE,"11/2/2016 7 a.m. EDT",13045,13030,10373,-2672
ISNE,"11/2/2016 8 a.m. EDT",14043,14120,11289,-2754
ISNE,"11/2/2016 9 a.m. EDT",14062,14070,11477,-2585
ISNE,"11/2/2016 10 a.m. EDT",13820,13920,11543,-2277
ISNE,"11/2/2016 11 a.m. EDT",13668,13850,11520,-2148
ISNE,"11/2/2016 12 p.m. EDT",13525,13700,11570,-1955
ISNE,"11/2/2016 1 p.m. EDT",13448,13580,11592,-1856
ISNE,"11/2/2016 2 p.m. EDT",13550,13650,11818,-1732
ISNE,"11/2/2016 3 p.m. EDT",13655,13710,11926,-1729
ISNE,"11/2/2016 4 p.m. EDT",13769,13800,11800,-1969
ISNE,"11/2/2016 5 p.m. EDT",14058,14340,11922,-2136
ISNE,"11/2/2016 6 p.m. EDT",14769,14860,12379,-2390
ISNE,"11/2/2016 7 p.m. EDT",15494,15470,13080,-2414
ISNE,"11/2/2016 8 p.m. EDT",15157,15110,12778,-2379
ISNE,"11/2/2016 9 p.m. EDT",14449,14460,12290,-2159
ISNE,"11/2/2016 10 p.m. EDT",13428,13410,11207,-2221
ISNE,"11/2/2016 11 p.m. EDT",12162,12120,9942,-2220
ISNE,"11/3/2016 12 a.m. EDT",11289,11010,8906,-2383
ISNE,"11/3/2016 1 a.m. EDT",10892,10270,8691,-2201
ISNE,"11/3/2016 2 a.m. EDT",10629,9800,8533,-2096
ISNE,"11/3/2016 3 a.m. EDT",10600,9610,8298,-2302
ISNE,"11/3/2016 4 a.m. EDT",10568,9580,8449,-2119
ISNE,"11/3/2016 5 a.m. EDT",10460,9790,8510,-1950
ISNE,"11/3/2016 6 a.m. EDT",11299,10810,8864,-2435
ISNE,"11/3/2016 7 a.m. EDT",12551,12790,10214,-2337
ISNE,"11/3/2016 8 a.m. EDT",13723,13860,11655,-2068
ISNE,"11/3/2016 9 a.m. EDT",13963,13990,12113,-1850
ISNE,"11/3/2016 10 a.m. EDT",14152,14020,12363,-1789
ISNE,"11/3/2016 11 a.m. EDT",14292,14030,12668,-1624
ISNE,"11/3/2016 12 p.m. EDT",14379,13990,12770,-1609
ISNE,"11/3/2016 1 p.m. EDT",14454,13970,12774,-1680
ISNE,"11/3/2016 2 p.m. EDT",14488,14050,12640,-1848
ISNE,"11/3/2016 3 p.m. EDT",14402,14030,12492,-1910
ISNE,"11/3/2016 4 p.m. EDT",14348,14120,12499,-1849
ISNE,"11/3/2016 5 p.m. EDT",14503,14540,12476,-2027
ISNE,"11/3/2016 6 p.m. EDT",14961,14920,12748,-2213
ISNE,"11/3/2016 7 p.m. EDT",15380,15350,13400,-1980
ISNE,"11/3/2016 8 p.m. EDT",15026,15090,12931,-2095
ISNE,"11/3/2016 9 p.m. EDT",14368,14480,11996,-2372
ISNE,"11/3/2016 10 p.m. EDT",13376,13460,11049,-2327
ISNE,"11/3/2016 11 p.m. EDT",12082,12190,9768,-2314
ISNE,"11/4/2016 12 a.m. EDT",11057,11090,8945,-2112
ISNE,"11/4/2016 1 a.m. EDT",10695,10260,8655,-2040
ISNE,"11/4/2016 2 a.m. EDT",10518,9830,8359,-2159
ISNE,"11/4/2016 3 a.m. EDT",10535,9630,8416,-2119
ISNE,"11/4/2016 4 a.m. EDT",10533,9610,8347,-2186
ISNE,"11/4/2016 5 a.m. EDT",10740,9870,8450,-2290
ISNE,"11/4/2016 6 a.m. EDT",11560,10680,9048,-2512
ISNE,"11/4/2016 7 a.m. EDT",12746,12490,10374,-2372
ISNE,"11/4/2016 8 a.m. EDT",13775,13660,11464,-2311
ISNE,"11/4/2016 9 a.m. EDT",13906,13720,12115,-1791
ISNE,"11/4/2016 10 a.m. EDT",13730,13710,11956,-1774
ISNE,"11/4/2016 11 a.m. EDT",13731,13580,11873,-1858
ISNE,"11/4/2016 12 p.m. EDT",13459,13400,11617,-1842
ISNE,"11/4/2016 1 p.m. EDT",13146,13350,11451,-1695
ISNE,"11/4/2016 2 p.m. EDT",13003,13360,11283,-1720
ISNE,"11/4/2016 3 p.m. EDT",12887,13350,11168,-1719
ISNE,"11/4/2016 4 p.m. EDT",13049,13380,11316,-1733
ISNE,"11/4/2016 5 p.m. EDT",13532,13910,11725,-1807
ISNE,"11/4/2016 6 p.m. EDT",14109,14530,11637,-2472
ISNE,"11/4/2016 7 p.m. EDT",14766,15010,12246,-2520
ISNE,"11/4/2016 8 p.m. EDT",14451,14630,12152,-2299
ISNE,"11/4/2016 9 p.m. EDT",13957,14190,11791,-2166
ISNE,"11/4/2016 10 p.m. EDT",13279,13390,11352,-1927
ISNE,"11/4/2016 11 p.m. EDT",12328,12360,10146,-2182
ISNE,"11/5/2016 12 a.m. EDT",11312,11380,9461,-1851
ISNE,"11/5/2016 1 a.m. EDT",10865,10550,8359,-2506
ISNE,"11/5/2016 2 a.m. EDT",10625,10150,8079,-2546
ISNE,"11/5/2016 3 a.m. EDT",10723,9920,8073,-2650
ISNE,"11/5/2016 4 a.m. EDT",10698,9830,7888,-2810
ISNE,"11/5/2016 5 a.m. EDT",10823,9950,7687,-3136
ISNE,"11/5/2016 6 a.m. EDT",11234,10460,8176,-3058
ISNE,"11/5/2016 7 a.m. EDT",11558,11280,8855,-2703
ISNE,"11/5/2016 8 a.m. EDT",12405,12100,9439,-2966
ISNE,"11/5/2016 9 a.m. EDT",12908,12690,9941,-2967
ISNE,"11/5/2016 10 a.m. EDT",13338,12900,10437,-2901
ISNE,"11/5/2016 11 a.m. EDT",13438,13210,10572,-2866
ISNE,"11/5/2016 12 p.m. EDT",13076,13000,10116,-2960
ISNE,"11/5/2016 1 p.m. EDT",12756,12740,9897,-2859
ISNE,"11/5/2016 2 p.m. EDT",12493,12600,9553,-2940
ISNE,"11/5/2016 3 p.m. EDT",12242,12490,9462,-2780
ISNE,"11/5/2016 4 p.m. EDT",12311,12550,9460,-2851
ISNE,"11/5/2016 5 p.m. EDT",12792,13170,10004,-2788
ISNE,"11/5/2016 6 p.m. EDT",13583,13580,10861,-2722
ISNE,"11/5/2016 7 p.m. EDT",14100,14140,11414,-2686
ISNE,"11/5/2016 8 p.m. EDT",13755,13750,11109,-2646
ISNE,"11/5/2016 9 p.m. EDT",13288,13330,10645,-2643
ISNE,"11/5/2016 10 p.m. EDT",12666,12670,10116,-2550
ISNE,"11/5/2016 11 p.m. EDT",11832,11840,9231,-2601
ISNE,"11/6/2016 12 a.m. EDT",11067,10950,8735,-2332
ISNE,"11/6/2016 1 a.m. EDT",10507,9950,8162,-2345
ISNE,"11/6/2016 1 a.m. EST",10266,9500,7826,-2440
ISNE,"11/6/2016 2 a.m. EST",10266,9500,7811,-2455
ISNE,"11/6/2016 3 a.m. EST",10142,9310,7664,-2478
ISNE,"11/6/2016 4 a.m. EST",10349,9190,7757,-2592
ISNE,"11/6/2016 5 a.m. EST",10488,9280,7913,-2575
ISNE,"11/6/2016 6 a.m. EST",10837,9800,8063,-2774
ISNE,"11/6/2016 7 a.m. EST",11213,10330,8480,-2733
ISNE,"11/6/2016 8 a.m. EST",11537,10970,8977,-2560
ISNE,"11/6/2016 9 a.m. EST",11898,11680,9453,-2445
ISNE,"11/6/2016 10 a.m. EST",12286,12330,9946,-2340
ISNE,"11/6/2016 11 a.m. EST",12359,12410,9837,-2522
ISNE,"11/6/2016 12 p.m. EST",12420,12360,9941,-2479
ISNE,"11/6/2016 1 p.m. EST",12518,12270,10010,-2508
ISNE,"11/6/2016 2 p.m. EST",12595,12200,10030,-2565
ISNE,"11/6/2016 3 p.m. EST",12688,12300,9951,-2737
ISNE,"11/6/2016 4 p.m. EST",13045,12820,10345,-2700
ISNE,"11/6/2016 5 p.m. EST",13995,13810,11350,-2645
ISNE,"11/6/2016 6 p.m. EST",15010,15000,12457,-2553
ISNE,"11/6/2016 7 p.m. EST",14790,14770,12029,-2761
ISNE,"11/6/2016 8 p.m. EST",14292,14330,11453,-2839
ISNE,"11/6/2016 9 p.m. EST",13612,13830,10846,-2766
ISNE,"11/6/2016 10 p.m. EST",12650,12810,10015,-2635
ISNE,"11/6/2016 11 p.m. EST",11593,11760,9138,-2455
ISNE,"11/7/2016 12 a.m. EST",10850,11080,8454,-2396
ISNE,"11/7/2016 1 a.m. EST",10673,10310,8361,-2312
ISNE,"11/7/2016 2 a.m. EST",10497,10010,8116,-2381
ISNE,"11/7/2016 3 a.m. EST",10673,9880,8172,-2501
ISNE,"11/7/2016 4 a.m. EST",10790,9970,8341,-2449
ISNE,"11/7/2016 5 a.m. EST",10991,10460,8631,-2360
ISNE,"11/7/2016 6 a.m. EST",11922,11590,9548,-2374
ISNE,"11/7/2016 7 a.m. EST",13553,13490,11426,-2127
ISNE,"11/7/2016 8 a.m. EST",14021,14580,11841,-2180
ISNE,"11/7/2016 9 a.m. EST",14177,14320,11941,-2236
ISNE,"11/7/2016 10 a.m. EST",13951,13940,11759,-2192
ISNE,"11/7/2016 11 a.m. EST",13819,13700,11438,-2381
ISNE,"11/7/2016 12 p.m. EST",13654,13500,11255,-2399
ISNE,"11/7/2016 1 p.m. EST",13519,13390,11170,-2349
ISNE,"11/7/2016 2 p.m. EST",13529,13370,11326,-2203
ISNE,"11/7/2016 3 p.m. EST",13624,13450,11493,-2131
ISNE,"11/7/2016 4 p.m. EST",13993,13790,11689,-2304
ISNE,"11/7/2016 5 p.m. EST",14898,14770,12386,-2512
ISNE,"11/7/2016 6 p.m. EST",16082,16000,13412,-2670
ISNE,"11/7/2016 7 p.m. EST",16006,15980,13378,-2628
ISNE,"11/7/2016 8 p.m. EST",15603,15520,12769,-2834
ISNE,"11/7/2016 9 p.m. EST",14913,14870,12230,-2683
ISNE,"11/7/2016 10 p.m. EST",13908,13760,11169,-2739
ISNE,"11/7/2016 11 p.m. EST",12777,12470,10106,-2671
ISNE,"11/8/2016 12 a.m. EST",12153,11410,9688,-2465
ISNE,"11/8/2016 1 a.m. EST",11830,10700,9046,-2784
ISNE,"11/8/2016 2 a.m. EST",11597,10320,8811,-2786
ISNE,"11/8/2016 3 a.m. EST",11527,10180,8698,-2829
ISNE,"11/8/2016 4 a.m. EST",11557,10260,8796,-2761
ISNE,"11/8/2016 5 a.m. EST",11952,10600,9202,-2750
ISNE,"11/8/2016 6 a.m. EST",12458,12040,9692,-2766
ISNE,"11/8/2016 7 a.m. EST",13649,13800,10872,-2777
ISNE,"11/8/2016 8 a.m. EST",14340,14530,11549,-2791
ISNE,"11/8/2016 9 a.m. EST",14134,14230,11288,-2846
ISNE,"11/8/2016 10 a.m. EST",13782,13810,11194,-2588
ISNE,"11/8/2016 11 a.m. EST",13538,13640,11132,-2406
ISNE,"11/8/2016 12 p.m. EST",13411,13340,11119,-2292
ISNE,"11/8/2016 1 p.m. EST",13329,13310,10959,-2370
ISNE,"11/8/2016 2 p.m. EST",13440,13190,10910,-2530
ISNE,"11/8/2016 3 p.m. EST",13604,13230,11098,-2506
ISNE,"11/8/2016 4 p.m. EST",13897,13490,11370,-2527
ISNE,"11/8/2016 5 p.m. EST",14662,14610,12062,-2600
ISNE,"11/8/2016 6 p.m. EST",15667,15740,13160,-2507
ISNE,"11/8/2016 7 p.m. EST",15548,15650,12968,-2580
ISNE,"11/8/2016 8 p.m. EST",15078,15150,12331,-2747
ISNE,"11/8/2016 9 p.m. EST",14401,14480,11885,-2516
ISNE,"11/8/2016 10 p.m. EST",13446,13450,11144,-2302
ISNE,"11/8/2016 11 p.m. EST",12338,12110,9567,-2771
ISNE,"11/9/2016 12 a.m. EST",11640,11040,8982,-2658
ISNE,"11/9/2016 1 a.m. EST",11683,10470,8580,-3103
ISNE,"11/9/2016 2 a.m. EST",11627,10070,8479,-3148
ISNE,"11/9/2016 3 a.m. EST",11477,9900,8324,-3153
ISNE,"11/9/2016 4 a.m. EST",11415,9890,8224,-3191
ISNE,"11/9/2016 5 a.m. EST",11701,10280,8576,-3125
ISNE,"11/9/2016 6 a.m. EST",12358,11540,9292,-3066
ISNE,"11/9/2016 7 a.m. EST",13464,13280,10477,-2987
ISNE,"11/9/2016 8 a.m. EST",14029,14150,11292,-2737
ISNE,"11/9/2016 9 a.m. EST",14073,14180,11929,-2144
ISNE,"11/9/2016 10 a.m. EST",14066,14110,11841,-2225
ISNE,"11/9/2016 11 a.m. EST",14273,14030,12067,-2206
ISNE,"11/9/2016 12 p.m. EST",14318,14040,11953,-2365
ISNE,"11/9/2016 1 p.m. EST",14266,13930,12124,-2142
ISNE,"11/9/2016 2 p.m. EST",14345,14070,12286,-2059
ISNE,"11/9/2016 3 p.m. EST",14324,14140,12252,-2072
ISNE,"11/9/2016 4 p.m. EST",14429,14340,12338,-2091
ISNE,"11/9/2016 5 p.m. EST",15220,15230,12934,-2286
ISNE,"11/9/2016 6 p.m. EST",15909,16240,13425,-2484
ISNE,"11/9/2016 7 p.m. EST",15682,15920,13198,-2484
ISNE,"11/9/2016 8 p.m. EST",15157,15450,12689,-2468
ISNE,"11/9/2016 9 p.m. EST",14442,14690,12396,-2046
ISNE,"11/9/2016 10 p.m. EST",13387,13640,11250,-2137
ISNE,"11/9/2016 11 p.m. EST",12124,12380,9548,-2576
ISNE,"11/10/2016 12 a.m. EST",11313,11340,8802,-2511
ISNE,"11/10/2016 1 a.m. EST",10988,10740,7994,-2994
ISNE,"11/10/2016 2 a.m. EST",11055,10390,7875,-3180
ISNE,"11/10/2016 3 a.m. EST",11049,10200,8020,-3029
ISNE,"11/10/2016 4 a.m. EST",11076,10220,8184,-2892
ISNE,"11/10/2016 5 a.m. EST",11460,10640,8518,-2942
ISNE,"11/10/2016 6 a.m. EST",12107,11580,9393,-2714
ISNE,"11/10/2016 7 a.m. EST",13358,13390,10925,-2433
ISNE,"11/10/2016 8 a.m. EST",14142,14220,11941,-2201
ISNE,"11/10/2016 9 a.m. EST",13980,14210,11790,-2190
ISNE,"11/10/2016 10 a.m. EST",13664,14040,11429,-2235
ISNE,"11/10/2016 11 a.m. EST",13493,13930,11361,-2132
ISNE,"11/10/2016 12 p.m. EST",13347,13820,11353,-1994
ISNE,"11/10/2016 1 p.m. EST",13225,13720,11162,-2063
ISNE,"11/10/2016 2 p.m. EST",13383,13760,11183,-2200
ISNE,"11/10/2016 3 p.m. EST",13548,13800,11353,-2195
ISNE,"11/10/2016 4 p.m. EST",13885,14100,11709,-2176
ISNE,"11/10/2016 5 p.m. EST",14742,15120,12610,-2132
ISNE,"11/10/2016 6 p.m. EST",15677,16150,13546,-2131
ISNE,"11/10/2016 7 p.m. EST",15541,15890,13211,-2330
ISNE,"11/10/2016 8 p.m. EST",15091,15370,12806,-2285
ISNE,"11/10/2016 9 p.m. EST",14469,14680,12191,-2278
ISNE,"11/10/2016 10 p.m. EST",13573,13630,11181,-2392
ISNE,"11/10/2016 11 p.m. EST",12410,12330,10036,-2374
ISNE,"11/11/2016 12 a.m. EST",11314,11250,8975,-2339
ISNE,"11/11/2016 1 a.m. EST",11013,10540,8671,-2342
ISNE,"11/11/2016 2 a.m. EST",10936,10120,8623,-2313
ISNE,"11/11/2016 3 a.m. EST",10739,9930,8455,-2284
ISNE,"11/11/2016 4 a.m. EST",10705,9910,8487,-2218
ISNE,"11/11/2016 5 a.m. EST",10966,10190,8923,-2043
ISNE,"11/11/2016 6 a.m. EST",11397,11010,9411,-1986
ISNE,"11/11/2016 7 a.m. EST",12222,12250,10235,-1987
ISNE,"11/11/2016 8 a.m. EST",13098,13090,10949,-2149
ISNE,"11/11/2016 9 a.m. EST",13375,13400,11123,-2252
ISNE,"11/11/2016 10 a.m. EST",13422,13570,11724,-1698
ISNE,"11/11/2016 11 a.m. EST",13374,13460,11920,-1454
ISNE,"11/11/2016 12 p.m. EST",13304,13290,11791,-1513
ISNE,"11/11/2016 1 p.m. EST",13260,13140,11736,-1524
ISNE,"11/11/2016 2 p.m. EST",13228,13070,11703,-1525
ISNE,"11/11/2016 3 p.m. EST",13324,13120,11654,-1670
ISNE,"11/11/2016 4 p.m. EST",13669,13360,11274,-2395
ISNE,"11/11/2016 5 p.m. EST",14532,14560,12045,-2487
ISNE,"11/11/2016 6 p.m. EST",15480,15850,12983,-2497
ISNE,"11/11/2016 7 p.m. EST",15271,15640,12696,-2575
ISNE,"11/11/2016 8 p.m. EST",14764,15010,12610,-2154
ISNE,"11/11/2016 9 p.m. EST",14247,14500,12172,-2075
ISNE,"11/11/2016 10 p.m. EST",13527,13620,11411,-2116
ISNE,"11/11/2016 11 p.m. EST",12593,12680,10468,-2125
ISNE,"11/12/2016 12 a.m. EST",12075,11630,9665,-2410
ISNE,"11/12/2016 1 a.m. EST",11330,10970,8746,-2584
ISNE,"11/12/2016 2 a.m. EST",10897,10600,8320,-2577
ISNE,"11/12/2016 3 a.m. EST",10899,10360,8443,-2456
ISNE,"11/12/2016 4 a.m. EST",11133,10320,8809,-2324
ISNE,"11/12/2016 5 a.m. EST",11297,10510,9013,-2284
ISNE,"11/12/2016 6 a.m. EST",11426,10970,9354,-2072
ISNE,"11/12/2016 7 a.m. EST",11722,11630,9885,-1837
ISNE,"11/12/2016 8 a.m. EST",12376,12220,10282,-2094
ISNE,"11/12/2016 9 a.m. EST",12790,12790,10848,-1942
ISNE,"11/12/2016 10 a.m. EST",12848,12930,10849,-1999
ISNE,"11/12/2016 11 a.m. EST",12703,12790,10777,-1926
ISNE,"11/12/2016 12 p.m. EST",12492,12550,10390,-2102
ISNE,"11/12/2016 1 p.m. EST",12316,12360,10365,-1951
ISNE,"11/12/2016 2 p.m. EST",12222,12260,10230,-1992
ISNE,"11/12/2016 3 p.m. EST",12359,12260,10269,-2090
ISNE,"11/12/2016 4 p.m. EST",12814,12680,10542,-2272
ISNE,"11/12/2016 5 p.m. EST",13812,13830,11403,-2409
ISNE,"11/12/2016 6 p.m. EST",14857,14850,12380,-2477
ISNE,"11/12/2016 7 p.m. EST",14672,14630,12079,-2593
ISNE,"11/12/2016 8 p.m. EST",14220,14190,11802,-2418
ISNE,"11/12/2016 9 p.m. EST",13759,13680,11605,-2154
ISNE,"11/12/2016 10 p.m. EST",13100,13050,11227,-1873
ISNE,"11/12/2016 11 p.m. EST",12253,12210,10438,-1815
ISNE,"11/13/2016 12 a.m. EST",11651,11400,9673,-1978
ISNE,"11/13/2016 1 a.m. EST",11250,10660,8773,-2477
ISNE,"11/13/2016 2 a.m. EST",10864,10350,8279,-2585
ISNE,"11/13/2016 3 a.m. EST",10913,10110,8234,-2679
ISNE,"11/13/2016 4 a.m. EST",11031,10030,8388,-2643
ISNE,"11/13/2016 5 a.m. EST",10905,10000,8373,-2532
ISNE,"11/13/2016 6 a.m. EST",11099,10340,8536,-2563
ISNE,"11/13/2016 7 a.m. EST",11407,10770,9046,-2361
ISNE,"11/13/2016 8 a.m. EST",11861,11340,9716,-2145
ISNE,"11/13/2016 9 a.m. EST",12049,11860,10145,-1904
ISNE,"11/13/2016 10 a.m. EST",11894,12040,10103,-1791
ISNE,"11/13/2016 11 a.m. EST",11831,12010,9877,-1954
ISNE,"11/13/2016 12 p.m. EST",11741,11990,9759,-1982
ISNE,"11/13/2016 1 p.m. EST",11748,11970,9830,-1918
ISNE,"11/13/2016 2 p.m. EST",11801,11910,9742,-2059
ISNE,"11/13/2016 3 p.m. EST",12023,11890,9841,-2182
ISNE,"11/13/2016 4 p.m. EST",12527,12240,10407,-2120
ISNE,"11/13/2016 5 p.m. EST",13607,13690,11530,-2077
ISNE,"11/13/2016 6 p.m. EST",14791,14900,12485,-2306
ISNE,"11/13/2016 7 p.m. EST",14681,14720,12246,-2435
ISNE,"11/13/2016 8 p.m. EST",14214,14270,11924,-2290
ISNE,"11/13/2016 9 p.m. EST",13690,13730,11659,-2031
ISNE,"11/13/2016 10 p.m. EST",12764,12700,10799,-1965
ISNE,"11/13/2016 11 p.m. EST",11790,11680,9741,-2049
ISNE,"11/14/2016 12 a.m. EST",10902,10810,8719,-2183
ISNE,"11/14/2016 1 a.m. EST",10436,10240,7972,-2464
ISNE,"11/14/2016 2 a.m. EST",10186,9900,7873,-2313
ISNE,"11/14/2016 3 a.m. EST",10327,9810,8033,-2294
ISNE,"11/14/2016 4 a.m. EST",10441,9870,8121,-2320
ISNE,"11/14/2016 5 a.m. EST",10864,10290,8523,-2341
ISNE,"11/14/2016 6 a.m. EST",11876,11390,9630,-2246
ISNE,"11/14/2016 7 a.m. EST",13310,13150,11031,-2279
ISNE,"11/14/2016 8 a.m. EST",14174,14000,12287,-1887
ISNE,"11/14/2016 9 a.m. EST",13987,13930,12293,-1694
ISNE,"11/14/2016 10 a.m. EST",13641,13580,12135,-1506
ISNE,"11/14/2016 11 a.m. EST",13473,13520,12033,-1440
ISNE,"11/14/2016 12 p.m. EST",13376,13260,11987,-1389
ISNE,"11/14/2016 1 p.m. EST",13320,13300,12079,-1241
ISNE,"11/14/2016 2 p.m. EST",13434,13310,12056,-1378
ISNE,"11/14/2016 3 p.m. EST",13632,13400,12075,-1557
ISNE,"11/14/2016 4 p.m. EST",13961,13680,12197,-1764
ISNE,"11/14/2016 5 p.m. EST",14910,14750,13104,-1806
ISNE,"11/14/2016 6 p.m. EST",15903,15900,13945,-1958
ISNE,"11/14/2016 7 p.m. EST",15694,15640,13802,-1892
ISNE,"11/14/2016 8 p.m. EST",15191,15090,13584,-1607
ISNE,"11/14/2016 9 p.m. EST",14495,14450,12976,-1519
ISNE,"11/14/2016 10 p.m. EST",13467,13340,12046,-1421
ISNE,"11/14/2016 11 p.m. EST",12191,12060,10496,-1695
ISNE,"11/15/2016 12 a.m. EST",11362,11020,9444,-1918
ISNE,"11/15/2016 1 a.m. EST",10683,10370,8960,-1723
ISNE,"11/15/2016 2 a.m. EST",10544,10010,8821,-1723
ISNE,"11/15/2016 3 a.m. EST",10599,9820,8649,-1950
ISNE,"11/15/2016 4 a.m. EST",10616,9830,8681,-1935
ISNE,"11/15/2016 5 a.m. EST",10954,10220,9046,-1908
ISNE,"11/15/2016 6 a.m. EST",11575,11340,9837,-1738
ISNE,"11/15/2016 7 a.m. EST",13010,13170,11472,-1538
ISNE,"11/15/2016 8 a.m. EST",14035,14100,12536,-1499
ISNE,"11/15/2016 9 a.m. EST",14229,14240,12764,-1465
ISNE,"11/15/2016 10 a.m. EST",14340,14220,13018,-1322
ISNE,"11/15/2016 11 a.m. EST",14509,14320,13079,-1430
ISNE,"11/15/2016 12 p.m. EST",14619,14340,13388,-1231
ISNE,"11/15/2016 1 p.m. EST",14616,14290,13371,-1245
ISNE,"11/15/2016 2 p.m. EST",14715,14390,13247,-1468
ISNE,"11/15/2016 3 p.m. EST",14743,14410,13039,-1704
ISNE,"11/15/2016 4 p.m. EST",14964,14750,13340,-1624
ISNE,"11/15/2016 5 p.m. EST",15696,15590,13893,-1803
ISNE,"11/15/2016 6 p.m. EST",16200,16400,14345,-1855
ISNE,"11/15/2016 7 p.m. EST",15955,15990,14356,-1599
ISNE,"11/15/2016 8 p.m. EST",15466,15440,13844,-1622
ISNE,"11/15/2016 9 p.m. EST",14739,14620,13134,-1605
ISNE,"11/15/2016 10 p.m. EST",13634,13460,12309,-1325
ISNE,"11/15/2016 11 p.m. EST",12307,12150,10879,-1428
ISNE,"11/16/2016 12 a.m. EST",11199,11020,9650,-1549
ISNE,"11/16/2016 1 a.m. EST",10809,10440,9194,-1615
ISNE,"11/16/2016 2 a.m. EST",10814,10010,8930,-1884
ISNE,"11/16/2016 3 a.m. EST",10835,9800,8863,-1972
ISNE,"11/16/2016 4 a.m. EST",10814,9810,8860,-1954
ISNE,"11/16/2016 5 a.m. EST",10963,10130,9147,-1816
ISNE,"11/16/2016 6 a.m. EST",11711,11190,9918,-1793
ISNE,"11/16/2016 7 a.m. EST",12862,12930,11138,-1724
ISNE,"11/16/2016 8 a.m. EST",13819,13920,11915,-1904
ISNE,"11/16/2016 9 a.m. EST",14030,13850,12173,-1857
ISNE,"11/16/2016 10 a.m. EST",14108,13710,12334,-1774
ISNE,"11/16/2016 11 a.m. EST",14152,13640,12277,-1875
ISNE,"11/16/2016 12 p.m. EST",14107,13540,12142,-1965
ISNE,"11/16/2016 1 p.m. EST",14028,13430,12168,-1860
ISNE,"11/16/2016 2 p.m. EST",14042,13490,12037,-2005
ISNE,"11/16/2016 3 p.m. EST",14013,13600,12216,-1797
ISNE,"11/16/2016 4 p.m. EST",14144,13930,12387,-1757
ISNE,"11/16/2016 5 p.m. EST",14928,14910,12931,-1997
ISNE,"11/16/2016 6 p.m. EST",15784,15900,14122,-1662
ISNE,"11/16/2016 7 p.m. EST",15618,15710,13612,-2006
ISNE,"11/16/2016 8 p.m. EST",15163,15200,13374,-1789
ISNE,"11/16/2016 9 p.m. EST",14511,14500,12790,-1721
ISNE,"11/16/2016 10 p.m. EST",13508,13530,11752,-1756
ISNE,"11/16/2016 11 p.m. EST",12228,12290,10279,-1949
ISNE,"11/17/2016 12 a.m. EST",11320,11210,9484,-1836
ISNE,"11/17/2016 1 a.m. EST",11035,10440,9161,-1874
ISNE,"11/17/2016 2 a.m. EST",10953,10020,8873,-2080
ISNE,"11/17/2016 3 a.m. EST",10913,9840,8734,-2179
ISNE,"11/17/2016 4 a.m. EST",10946,9860,8755,-2191
ISNE,"11/17/2016 5 a.m. EST",11232,10190,9311,-1921
ISNE,"11/17/2016 6 a.m. EST",12019,11270,10257,-1762
ISNE,"11/17/2016 7 a.m. EST",13135,13040,11702,-1433
ISNE,"11/17/2016 8 a.m. EST",14015,13920,12467,-1548
ISNE,"11/17/2016 9 a.m. EST",14091,13890,12562,-1529
ISNE,"11/17/2016 10 a.m. EST",13960,13700,12702,-1258
ISNE,"11/17/2016 11 a.m. EST",13884,13610,12698,-1186
ISNE,"11/17/2016 12 p.m. EST",13806,13510,12529,-1277
ISNE,"11/17/2016 1 p.m. EST",13722,13360,12428,-1294
ISNE,"11/17/2016 2 p.m. EST",13721,13430,13320,-401
ISNE,"11/17/2016 3 p.m. EST",13686,13490,13128,-558
ISNE,"11/17/2016 4 p.m. EST",13922,13800,12963,-959
ISNE,"11/17/2016 5 p.m. EST",14774,14770,12909,-1865
ISNE,"11/17/2016 6 p.m. EST",15703,15800,13923,-1780
ISNE,"11/17/2016 7 p.m. EST",15583,15550,13720,-1863
ISNE,"11/17/2016 8 p.m. EST",15179,15100,13292,-1887
ISNE,"11/17/2016 9 p.m. EST",14564,14560,12925,-1639
ISNE,"11/17/2016 10 p.m. EST",13604,13590,12042,-1562
ISNE,"11/17/2016 11 p.m. EST",12494,12340,10757,-1737
ISNE,"11/18/2016 12 a.m. EST",11817,11250,9895,-1922
ISNE,"11/18/2016 1 a.m. EST",11185,10530,9399,-1786
ISNE,"11/18/2016 2 a.m. EST",11182,10070,9037,-2145
ISNE,"11/18/2016 3 a.m. EST",11017,9880,8934,-2083
ISNE,"11/18/2016 4 a.m. EST",11011,9920,9055,-1956
ISNE,"11/18/2016 5 a.m. EST",11348,10230,9543,-1805
ISNE,"11/18/2016 6 a.m. EST",12344,11280,10352,-1992
ISNE,"11/18/2016 7 a.m. EST",13223,12960,11622,-1601
ISNE,"11/18/2016 8 a.m. EST",13980,13850,12026,-1954
ISNE,"11/18/2016 9 a.m. EST",13869,13700,12181,-1688
ISNE,"11/18/2016 10 a.m. EST",13592,13580,12217,-1375
ISNE,"11/18/2016 11 a.m. EST",13409,13450,12303,-1106
ISNE,"11/18/2016 12 p.m. EST",13247,13250,12181,-1066
ISNE,"11/18/2016 1 p.m. EST",13133,13150,11962,-1171
ISNE,"11/18/2016 2 p.m. EST",13258,13230,12240,-1018
ISNE,"11/18/2016 3 p.m. EST",13393,13300,12379,-1014
ISNE,"11/18/2016 4 p.m. EST",13699,13460,12477,-1222
ISNE,"11/18/2016 5 p.m. EST",14442,14270,12772,-1670
ISNE,"11/18/2016 6 p.m. EST",15222,15060,13294,-1928
ISNE,"11/18/2016 7 p.m. EST",14944,14850,12883,-2061
ISNE,"11/18/2016 8 p.m. EST",14458,14300,12518,-1940
ISNE,"11/18/2016 9 p.m. EST",13921,13770,12035,-1886
ISNE,"11/18/2016 10 p.m. EST",13184,13030,11454,-1730
ISNE,"11/18/2016 11 p.m. EST",12195,12060,10247,-1948
ISNE,"11/19/2016 12 a.m. EST",11228,11080,9250,-1978
ISNE,"11/19/2016 1 a.m. EST",10740,10450,8157,-2583
ISNE,"11/19/2016 2 a.m. EST",10515,9970,8128,-2387
ISNE,"11/19/2016 3 a.m. EST",10380,9760,8177,-2203
ISNE,"11/19/2016 4 a.m. EST",10573,9720,8170,-2403
ISNE,"11/19/2016 5 a.m. EST",10702,9840,8295,-2407
ISNE,"11/19/2016 6 a.m. EST",10976,10350,8580,-2396
ISNE,"11/19/2016 7 a.m. EST",11428,11060,9071,-2357
ISNE,"11/19/2016 8 a.m. EST",11955,11680,9589,-2366
ISNE,"11/19/2016 9 a.m. EST",12451,12250,9911,-2540
ISNE,"11/19/2016 10 a.m. EST",12585,12420,10006,-2579
ISNE,"11/19/2016 11 a.m. EST",12472,12370,9714,-2758
ISNE,"11/19/2016 12 p.m. EST",12290,12230,9651,-2639
ISNE,"11/19/2016 1 p.m. EST",12135,12120,9502,-2633
ISNE,"11/19/2016 2 p.m. EST",12068,12030,9332,-2736
ISNE,"11/19/2016 3 p.m. EST",12186,12070,9517,-2669
ISNE,"11/19/2016 4 p.m. EST",12544,12440,10312,-2232
ISNE,"11/19/2016 5 p.m. EST",13520,13530,11267,-2253
ISNE,"11/19/2016 6 p.m. EST",14383,14290,12047,-2336
ISNE,"11/19/2016 7 p.m. EST",14134,13990,11630,-2504
ISNE,"11/19/2016 8 p.m. EST",13658,13710,10947,-2711
ISNE,"11/19/2016 9 p.m. EST",13172,13180,10417,-2755
ISNE,"11/19/2016 10 p.m. EST",12510,12510,10014,-2496
ISNE,"11/19/2016 11 p.m. EST",11641,11670,9088,-2553
ISNE,"11/20/2016 12 a.m. EST",10964,10780,8319,-2645
ISNE,"11/20/2016 1 a.m. EST",10496,10220,7745,-2751
ISNE,"11/20/2016 2 a.m. EST",10243,9770,7574,-2669
ISNE,"11/20/2016 3 a.m. EST",10016,9520,7339,-2677
ISNE,"11/20/2016 4 a.m. EST",9935,9430,7273,-2662
ISNE,"11/20/2016 5 a.m. EST",10095,9550,7424,-2671
ISNE,"11/20/2016 6 a.m. EST",10588,9860,7861,-2727
ISNE,"11/20/2016 7 a.m. EST",11093,10280,8311,-2782
ISNE,"11/20/2016 8 a.m. EST",11475,11040,8726,-2749
ISNE,"11/20/2016 9 a.m. EST",11975,11950,9361,-2614
ISNE,"11/20/2016 10 a.m. EST",12594,12550,9991,-2603
ISNE,"11/20/2016 11 a.m. EST",12907,12810,10222,-2685
ISNE,"11/20/2016 12 p.m. EST",13074,12940,10368,-2706
ISNE,"11/20/2016 1 p.m. EST",13253,13050,10714,-2539
ISNE,"11/20/2016 2 p.m. EST",13425,13070,10874,-2551
ISNE,"11/20/2016 3 p.m. EST",13617,13130,10990,-2627
ISNE,"11/20/2016 4 p.m. EST",13986,13620,11318,-2668
ISNE,"11/20/2016 5 p.m. EST",15035,14790,12308,-2727
ISNE,"11/20/2016 6 p.m. EST",15755,15600,13011,-2744
ISNE,"11/20/2016 7 p.m. EST",15594,15310,12996,-2598
ISNE,"11/20/2016 8 p.m. EST",15165,14900,12570,-2595
ISNE,"11/20/2016 9 p.m. EST",14664,14280,12055,-2609
ISNE,"11/20/2016 10 p.m. EST",13731,13380,11106,-2625
ISNE,"11/20/2016 11 p.m. EST",12645,12310,9935,-2710
ISNE,"11/21/2016 12 a.m. EST",11687,11350,9019,-2668
ISNE,"11/21/2016 1 a.m. EST",11305,10880,8593,-2712
ISNE,"11/21/2016 2 a.m. EST",11205,10530,8482,-2723
ISNE,"11/21/2016 3 a.m. EST",11334,10370,8658,-2676
ISNE,"11/21/2016 4 a.m. EST",11436,10420,8678,-2758
ISNE,"11/21/2016 5 a.m. EST",11430,10870,8726,-2704
ISNE,"11/21/2016 6 a.m. EST",12232,12140,9713,-2519
ISNE,"11/21/2016 7 a.m. EST",14097,13980,11224,-2873
ISNE,"11/21/2016 8 a.m. EST",15099,15020,12078,-3021
ISNE,"11/21/2016 9 a.m. EST",15320,15170,12510,-2810
ISNE,"11/21/2016 10 a.m. EST",15295,15110,12654,-2641
ISNE,"11/21/2016 11 a.m. EST",15237,15190,12382,-2855
ISNE,"11/21/2016 12 p.m. EST",15183,15050,12297,-2886
ISNE,"11/21/2016 1 p.m. EST",15146,15000,12279,-2867
ISNE,"11/21/2016 2 p.m. EST",15286,14990,12493,-2793
ISNE,"11/21/2016 3 p.m. EST",15265,15120,12612,-2653
ISNE,"11/21/2016 4 p.m. EST",15572,15440,12704,-2868
ISNE,"11/21/2016 5 p.m. EST",16616,16590,13743,-2873
ISNE,"11/21/2016 6 p.m. EST",17473,17400,14539,-2934
ISNE,"11/21/2016 7 p.m. EST",17326,17190,14201,-3125
ISNE,"11/21/2016 8 p.m. EST",16894,16760,13896,-2998
ISNE,"11/21/2016 9 p.m. EST",16207,16020,13251,-2956
ISNE,"11/21/2016 10 p.m. EST",15128,15020,12072,-3056
ISNE,"11/21/2016 11 p.m. EST",13808,13640,10901,-2907
ISNE,"11/22/2016 12 a.m. EST",12598,12440,9859,-2739
ISNE,"11/22/2016 1 a.m. EST",11849,11710,8965,-2884
ISNE,"11/22/2016 2 a.m. EST",11421,11320,8648,-2773
ISNE,"11/22/2016 3 a.m. EST",11697,11150,8935,-2762
ISNE,"11/22/2016 4 a.m. EST",11791,11160,8884,-2907
ISNE,"11/22/2016 5 a.m. EST",11892,11600,9086,-2806
ISNE,"11/22/2016 6 a.m. EST",12802,12740,9867,-2935
ISNE,"11/22/2016 7 a.m. EST",14512,14650,11634,-2878
ISNE,"11/22/2016 8 a.m. EST",15399,15560,12627,-2772
ISNE,"11/22/2016 9 a.m. EST",15251,15410,12671,-2580
ISNE,"11/22/2016 10 a.m. EST",14945,15150,12346,-2599
ISNE,"11/22/2016 11 a.m. EST",14730,14930,12220,-2510
ISNE,"11/22/2016 12 p.m. EST",14553,14780,12166,-2387
ISNE,"11/22/2016 1 p.m. EST",14421,14640,11875,-2546
ISNE,"11/22/2016 2 p.m. EST",14530,14660,11998,-2532
ISNE,"11/22/2016 3 p.m. EST",14718,14740,12178,-2540
ISNE,"11/22/2016 4 p.m. EST",15151,15090,12503,-2648
ISNE,"11/22/2016 5 p.m. EST",16193,16240,13397,-2796
ISNE,"11/22/2016 6 p.m. EST",17139,17300,14377,-2762
ISNE,"11/22/2016 7 p.m. EST",17025,17110,14221,-2804
ISNE,"11/22/2016 8 p.m. EST",16688,16640,13954,-2734
ISNE,"11/22/2016 9 p.m. EST",16099,16060,13641,-2458
ISNE,"11/22/2016 10 p.m. EST",15117,15020,12513,-2604
ISNE,"11/22/2016 11 p.m. EST",13870,13680,11347,-2523
ISNE,"11/23/2016 12 a.m. EST",12698,12530,10080,-2618
ISNE,"11/23/2016 1 a.m. EST",12082,11840,9111,-2971
ISNE,"11/23/2016 2 a.m. EST",11773,11460,8783,-2990
ISNE,"11/23/2016 3 a.m. EST",11783,11290,8898,-2885
ISNE,"11/23/2016 4 a.m. EST",11942,11320,8985,-2957
ISNE,"11/23/2016 5 a.m. EST",11902,11600,9168,-2734
ISNE,"11/23/2016 6 a.m. EST",12693,12770,9994,-2699
ISNE,"11/23/2016 7 a.m. EST",14153,14600,11563,-2590
ISNE,"11/23/2016 8 a.m. EST",15085,15500,12558,-2527
ISNE,"11/23/2016 9 a.m. EST",15205,15280,12717,-2488
ISNE,"11/23/2016 10 a.m. EST",14988,15000,12410,-2578
ISNE,"11/23/2016 11 a.m. EST",14789,14730,12400,-2389
ISNE,"11/23/2016 12 p.m. EST",14586,14490,12118,-2468
ISNE,"11/23/2016 1 p.m. EST",14329,14280,11875,-2454
ISNE,"11/23/2016 2 p.m. EST",14367,14290,11793,-2574
ISNE,"11/23/2016 3 p.m. EST",14560,14370,12028,-2532
ISNE,"11/23/2016 4 p.m. EST",14875,14740,12470,-2405
ISNE,"11/23/2016 5 p.m. EST",15926,15860,13526,-2400
ISNE,"11/23/2016 6 p.m. EST",16768,16900,14358,-2410
ISNE,"11/23/2016 7 p.m. EST",16528,16800,13644,-2884
ISNE,"11/23/2016 8 p.m. EST",16056,16420,13302,-2754
ISNE,"11/23/2016 9 p.m. EST",15490,15810,12768,-2722
ISNE,"11/23/2016 10 p.m. EST",14656,14830,11963,-2693
ISNE,"11/23/2016 11 p.m. EST",13517,13540,10624,-2893
ISNE,"11/24/2016 12 a.m. EST",12384,12400,9135,-3249
ISNE,"11/24/2016 1 a.m. EST",11548,11810,8553,-2995
ISNE,"11/24/2016 2 a.m. EST",11299,11260,8284,-3015
ISNE,"11/24/2016 3 a.m. EST",11251,10940,8031,-3220
ISNE,"11/24/2016 4 a.m. EST",11302,10810,7965,-3337
ISNE,"11/24/2016 5 a.m. EST",11319,10760,8112,-3207
ISNE,"11/24/2016 6 a.m. EST",11397,11220,8372,-3025
ISNE,"11/24/2016 7 a.m. EST",11841,12010,9188,-2653
ISNE,"11/24/2016 8 a.m. EST",12701,12780,10088,-2613
ISNE,"11/24/2016 9 a.m. EST",13809,13750,11312,-2497
ISNE,"11/24/2016 10 a.m. EST",14634,14520,11904,-2730
ISNE,"11/24/2016 11 a.m. EST",15038,14900,12011,-3027
ISNE,"11/24/2016 12 p.m. EST",15100,15000,12316,-2784
ISNE,"11/24/2016 1 p.m. EST",14717,14620,11861,-2856
ISNE,"11/24/2016 2 p.m. EST",14036,13990,11234,-2802
ISNE,"11/24/2016 3 p.m. EST",13456,13460,11086,-2370
ISNE,"11/24/2016 4 p.m. EST",13374,13290,10970,-2404
ISNE,"11/24/2016 5 p.m. EST",13357,13670,10879,-2478
ISNE,"11/24/2016 6 p.m. EST",13372,14050,11007,-2365
ISNE,"11/24/2016 7 p.m. EST",13191,13920,11158,-2033
ISNE,"11/24/2016 8 p.m. EST",13053,13840,10613,-2440
ISNE,"11/24/2016 9 p.m. EST",12900,13650,10500,-2400
ISNE,"11/24/2016 10 p.m. EST",12513,13240,10304,-2209
ISNE,"11/24/2016 11 p.m. EST",11867,12520,10002,-1865
ISNE,"11/25/2016 12 a.m. EST",11159,11730,8743,-2416
ISNE,"11/25/2016 1 a.m. EST",10821,11100,8016,-2805
ISNE,"11/25/2016 2 a.m. EST",10685,10680,7779,-2906
ISNE,"11/25/2016 3 a.m. EST",10769,10530,7616,-3153
ISNE,"11/25/2016 4 a.m. EST",10788,10370,7572,-3216
ISNE,"11/25/2016 5 a.m. EST",11238,10230,8073,-3165
ISNE,"11/25/2016 6 a.m. EST",11336,10780,8331,-3005
ISNE,"11/25/2016 7 a.m. EST",11795,11510,8915,-2880
ISNE,"11/25/2016 8 a.m. EST",12536,12050,9498,-3038
ISNE,"11/25/2016 9 a.m. EST",13042,12960,10085,-2957
ISNE,"11/25/2016 10 a.m. EST",13578,13370,10710,-2868
ISNE,"11/25/2016 11 a.m. EST",13834,13480,10898,-2936
ISNE,"11/25/2016 12 p.m. EST",13912,13520,11273,-2639
ISNE,"11/25/2016 1 p.m. EST",13872,13410,11381,-2491
ISNE,"11/25/2016 2 p.m. EST",13793,13440,11239,-2554
ISNE,"11/25/2016 3 p.m. EST",13757,13500,11139,-2618
ISNE,"11/25/2016 4 p.m. EST",13879,13850,11195,-2684
ISNE,"11/25/2016 5 p.m. EST",14647,14820,11896,-2751
ISNE,"11/25/2016 6 p.m. EST",15075,15460,12243,-2832
ISNE,"11/25/2016 7 p.m. EST",14769,15090,11743,-3026
ISNE,"11/25/2016 8 p.m. EST",14311,14560,11200,-3111
ISNE,"11/25/2016 9 p.m. EST",13811,14210,10631,-3180
ISNE,"11/25/2016 10 p.m. EST",13117,13490,9999,-3118
ISNE,"11/25/2016 11 p.m. EST",12242,12580,9012,-3230
ISNE,"11/26/2016 12 a.m. EST",11428,11690,8205,-3223
ISNE,"11/26/2016 1 a.m. EST",10863,10940,7761,-3102
ISNE,"11/26/2016 2 a.m. EST",10661,10480,7623,-3038
ISNE,"11/26/2016 3 a.m. EST",10855,10230,7668,-3187
ISNE,"11/26/2016 4 a.m. EST",10901,10120,7733,-3168
ISNE,"11/26/2016 5 a.m. EST",10987,10260,7831,-3156
ISNE,"11/26/2016 6 a.m. EST",11374,10340,8308,-3066
ISNE,"11/26/2016 7 a.m. EST",11813,10940,8729,-3084
ISNE,"11/26/2016 8 a.m. EST",12323,11560,9298,-3025
ISNE,"11/26/2016 9 a.m. EST",12703,12620,9783,-2920
ISNE,"11/26/2016 10 a.m. EST",13107,13060,10310,-2797
ISNE,"11/26/2016 11 a.m. EST",13381,13080,10659,-2722
ISNE,"11/26/2016 12 p.m. EST",13306,12960,10513,-2793
ISNE,"11/26/2016 1 p.m. EST",13140,12790,10256,-2884
ISNE,"11/26/2016 2 p.m. EST",12981,12690,10164,-2817
ISNE,"11/26/2016 3 p.m. EST",12985,12730,10301,-2684
ISNE,"11/26/2016 4 p.m. EST",13212,13120,10449,-2763
ISNE,"11/26/2016 5 p.m. EST",14200,14160,11212,-2988
ISNE,"11/26/2016 6 p.m. EST",14906,15000,11861,-3045
ISNE,"11/26/2016 7 p.m. EST",14714,14730,11438,-3276
ISNE,"11/26/2016 8 p.m. EST",14329,14370,11226,-3103
ISNE,"11/26/2016 9 p.m. EST",13909,13850,10978,-2931
ISNE,"11/26/2016 10 p.m. EST",13306,13210,10370,-2936
ISNE,"11/26/2016 11 p.m. EST",12478,12420,9757,-2721
ISNE,"11/27/2016 12 a.m. EST",11622,11590,8775,-2847
ISNE,"11/27/2016 1 a.m. EST",11188,10730,7690,-3498
ISNE,"11/27/2016 2 a.m. EST",10934,10370,7406,-3528
ISNE,"11/27/2016 3 a.m. EST",10894,10110,7552,-3342
ISNE,"11/27/2016 4 a.m. EST",10894,10010,7636,-3258
ISNE,"11/27/2016 5 a.m. EST",11208,10150,7850,-3358
ISNE,"11/27/2016 6 a.m. EST",11337,10480,8116,-3221
ISNE,"11/27/2016 7 a.m. EST",11630,10930,8441,-3189
ISNE,"11/27/2016 8 a.m. EST",12192,11470,8807,-3385
ISNE,"11/27/2016 9 a.m. EST",12567,12150,8949,-3618
ISNE,"11/27/2016 10 a.m. EST",12993,12550,9259,-3734
ISNE,"11/27/2016 11 a.m. EST",13167,12570,9787,-3380
ISNE,"11/27/2016 12 p.m. EST",13205,12680,9916,-3289
ISNE,"11/27/2016 1 p.m. EST",13288,12700,9861,-3427
ISNE,"11/27/2016 2 p.m. EST",13408,12720,10070,-3338
ISNE,"11/27/2016 3 p.m. EST",13449,12940,10377,-3072
ISNE,"11/27/2016 4 p.m. EST",13937,13450,10731,-3206
ISNE,"11/27/2016 5 p.m. EST",15173,14880,11655,-3518
ISNE,"11/27/2016 6 p.m. EST",15963,15800,12316,-3647
ISNE,"11/27/2016 7 p.m. EST",15857,15500,12315,-3542
ISNE,"11/27/2016 8 p.m. EST",15396,15090,11927,-3469
ISNE,"11/27/2016 9 p.m. EST",14940,14580,11614,-3326
ISNE,"11/27/2016 10 p.m. EST",13978,13680,10675,-3303
ISNE,"11/27/2016 11 p.m. EST",12826,12620,9417,-3409
ISNE,"11/28/2016 12 a.m. EST",11838,11660,8358,-3480
ISNE,"11/28/2016 1 a.m. EST",11438,10920,8095,-3343
ISNE,"11/28/2016 2 a.m. EST",11281,10590,8116,-3165
ISNE,"11/28/2016 3 a.m. EST",11546,10480,8039,-3507
ISNE,"11/28/2016 4 a.m. EST",11759,10560,8265,-3494
ISNE,"11/28/2016 5 a.m. EST",12038,10980,8435,-3603
ISNE,"11/28/2016 6 a.m. EST",12904,12390,9577,-3327
ISNE,"11/28/2016 7 a.m. EST",14291,13930,11198,-3093
ISNE,"11/28/2016 8 a.m. EST",15273,14830,12520,-2753
ISNE,"11/28/2016 9 a.m. EST",15162,14790,12517,-2645
ISNE,"11/28/2016 10 a.m. EST",14794,14560,12093,-2701
ISNE,"11/28/2016 11 a.m. EST",14516,14370,12083,-2433
ISNE,"11/28/2016 12 p.m. EST",14291,14080,11690,-2601
ISNE,"11/28/2016 1 p.m. EST",14094,13940,11594,-2500
ISNE,"11/28/2016 2 p.m. EST",14125,13960,11498,-2627
ISNE,"11/28/2016 3 p.m. EST",14278,14070,11547,-2731
ISNE,"11/28/2016 4 p.m. EST",14710,14470,11788,-2922
ISNE,"11/28/2016 5 p.m. EST",15943,15790,12950,-2993
ISNE,"11/28/2016 6 p.m. EST",17082,16750,14032,-3050
ISNE,"11/28/2016 7 p.m. EST",17093,16510,13859,-3234
ISNE,"11/28/2016 8 p.m. EST",16719,16150,13587,-3132
ISNE,"11/28/2016 9 p.m. EST",16060,15510,12762,-3298
ISNE,"11/28/2016 10 p.m. EST",15009,14480,11520,-3489
ISNE,"11/28/2016 11 p.m. EST",13671,13110,10198,-3473
ISNE,"11/29/2016 12 a.m. EST",12438,12000,9068,-3370
ISNE,"11/29/2016 1 a.m. EST",11897,11390,8284,-3613
ISNE,"11/29/2016 2 a.m. EST",11717,10990,8007,-3710
ISNE,"11/29/2016 3 a.m. EST",11799,10770,8081,-3718
ISNE,"11/29/2016 4 a.m. EST",11753,10710,7981,-3772
ISNE,"11/29/2016 5 a.m. EST",12181,11050,8319,-3862
ISNE,"11/29/2016 6 a.m. EST",12495,12270,8817,-3678
ISNE,"11/29/2016 7 a.m. EST",14093,14080,10704,-3389
ISNE,"11/29/2016 8 a.m. EST",15141,15070,11707,-3434
ISNE,"11/29/2016 9 a.m. EST",15360,15150,11933,-3427
ISNE,"11/29/2016 10 a.m. EST",15529,15010,11955,-3574
ISNE,"11/29/2016 11 a.m. EST",15785,15020,12293,-3492
ISNE,"11/29/2016 12 p.m. EST",15846,14950,12456,-3390
ISNE,"11/29/2016 1 p.m. EST",15766,14900,12504,-3262
ISNE,"11/29/2016 2 p.m. EST",15739,15010,12401,-3338
ISNE,"11/29/2016 3 p.m. EST",15680,15060,12383,-3297
ISNE,"11/29/2016 4 p.m. EST",15844,15390,12691,-3153
ISNE,"11/29/2016 5 p.m. EST",16531,16500,13217,-3314
ISNE,"11/29/2016 6 p.m. EST",16947,16800,13824,-3123
ISNE,"11/29/2016 7 p.m. EST",16732,16450,13228,-3504
ISNE,"11/29/2016 8 p.m. EST",16181,15930,12541,-3640
ISNE,"11/29/2016 9 p.m. EST",15386,15170,11807,-3579
ISNE,"11/29/2016 10 p.m. EST",14192,14030,11147,-3045
ISNE,"11/29/2016 11 p.m. EST",13081,12690,10166,-2915
ISNE,"11/30/2016 12 a.m. EST",12326,11510,9422,-2904
ISNE,"11/30/2016 1 a.m. EST",11908,10930,8748,-3160
ISNE,"11/30/2016 2 a.m. EST",11548,10440,8284,-3264
ISNE,"11/30/2016 3 a.m. EST",11320,10250,8370,-2950
ISNE,"11/30/2016 4 a.m. EST",11292,10180,8819,-2473
ISNE,"11/30/2016 5 a.m. EST",11614,10520,8797,-2817
ISNE,"11/30/2016 6 a.m. EST",12411,11480,9555,-2856
ISNE,"11/30/2016 7 a.m. EST",13313,13350,10714,-2599
ISNE,"11/30/2016 8 a.m. EST",14241,14410,11529,-2712
ISNE,"11/30/2016 9 a.m. EST",14453,14650,11746,-2707
ISNE,"11/30/2016 10 a.m. EST",14518,14680,11607,-2911
ISNE,"11/30/2016 11 a.m. EST",14667,14650,11877,-2790
ISNE,"11/30/2016 12 p.m. EST",14788,14630,12059,-2729
ISNE,"11/30/2016 1 p.m. EST",14784,14500,11978,-2806
ISNE,"11/30/2016 2 p.m. EST",14855,14610,12135,-2720
ISNE,"11/30/2016 3 p.m. EST",14882,14710,12063,-2819
ISNE,"11/30/2016 4 p.m. EST",15152,15050,12240,-2912
ISNE,"11/30/2016 5 p.m. EST",16010,16090,12796,-3214
ISNE,"11/30/2016 6 p.m. EST",16526,16580,13362,-3164
ISNE,"11/30/2016 7 p.m. EST",16342,16240,12960,-3382
ISNE,"11/30/2016 8 p.m. EST",15877,15890,12660,-3217
ISNE,"11/30/2016 9 p.m. EST",15227,15130,12545,-2682
ISNE,"11/30/2016 10 p.m. EST",14195,14000,11501,-2694
ISNE,"11/30/2016 11 p.m. EST",13164,12610,10357,-2807
ISNE,"12/1/2016 12 a.m. EST",12508,11330,9638,-2870
