"BA Code","Timestamp (Hour Ending)","Demand (MWh)","Demand Forecast (MWh)","Net Generation (MWh)","Total Interchange (MWh)"
ISNE,"11/1/2020 12 a.m. EDT",11479,11810,9149,-2330
ISNE,"11/1/2020 1 a.m. EDT",10915,10920,8583,-2332
ISNE,"11/1/2020 1 a.m. EST",10829,10700,8496,-2333
ISNE,"11/1/2020 2 a.m. EST",10913,10700,8747,-2166
ISNE,"11/1/2020 3 a.m. EST",11120,10190,8805,-2315
ISNE,"11/1/2020 4 a.m. EST",11136,10090,8827,-2309
ISNE,"11/1/2020 5 a.m. EST",10967,10210,8528,-2439
ISNE,"11/1/2020 6 a.m. EST",11031,10520,8520,-2511
ISNE,"11/1/2020 7 a.m. EST",11262,11000,8753,-2509
ISNE,"11/1/2020 8 a.m. EST",11451,11460,8922,-2529
ISNE,"11/1/2020 9 a.m. EST",11865,11880,9238,-2627
ISNE,"11/1/2020 10 a.m. EST",12117,12120,9631,-2486
ISNE,"11/1/2020 11 a.m. EST",12346,12340,9833,-2513
ISNE,"11/1/2020 12 p.m. EST",12433,12440,9918,-2515
ISNE,"11/1/2020 1 p.m. EST",12587,12580,10075,-2512
ISNE,"11/1/2020 2 p.m. EST",12910,12930,10575,-2335
ISNE,"11/1/2020 3 p.m. EST",13259,13240,10998,-2261
ISNE,"11/1/2020 4 p.m. EST",13543,13550,11069,-2474
ISNE,"11/1/2020 5 p.m. EST",14267,14070,11733,-2534
ISNE,"11/1/2020 6 p.m. EST",14682,14600,12173,-2509
ISNE,"11/1/2020 7 p.m. EST",14207,14380,11629,-2578
ISNE,"11/1/2020 8 p.m. EST",13517,13650,10816,-2701
ISNE,"11/1/2020 9 p.m. EST",12992,13100,10257,-2735
ISNE,"11/1/2020 10 p.m. EST",12179,12290,9449,-2730
ISNE,"11/1/2020 11 p.m. EST",11317,11430,8715,-2602
ISNE,"11/2/2020 12 a.m. EST",11002,10690,8477,-2525
ISNE,"11/2/2020 1 a.m. EST",10720,9920,7976,-2744
ISNE,"11/2/2020 2 a.m. EST",10497,9710,7625,-2872
ISNE,"11/2/2020 3 a.m. EST",10652,9670,7859,-2793
ISNE,"11/2/2020 4 a.m. EST",10708,9810,8000,-2708
ISNE,"11/2/2020 5 a.m. EST",11008,10240,8323,-2685
ISNE,"11/2/2020 6 a.m. EST",11840,11240,9209,-2631
ISNE,"11/2/2020 7 a.m. EST",12638,12650,10360,-2278
ISNE,"11/2/2020 8 a.m. EST",13367,13390,10722,-2645
ISNE,"11/2/2020 9 a.m. EST",13352,13340,10529,-2823
ISNE,"11/2/2020 10 a.m. EST",13370,13360,10526,-2844
ISNE,"11/2/2020 11 a.m. EST",13468,13410,10758,-2710
ISNE,"11/2/2020 12 p.m. EST",13529,13400,10813,-2716
ISNE,"11/2/2020 1 p.m. EST",13517,13340,10876,-2641
ISNE,"11/2/2020 2 p.m. EST",13286,13110,10660,-2626
ISNE,"11/2/2020 3 p.m. EST",13390,13490,10832,-2558
ISNE,"11/2/2020 4 p.m. EST",14099,14280,11469,-2630
ISNE,"11/2/2020 5 p.m. EST",15276,15030,12535,-2741
ISNE,"11/2/2020 6 p.m. EST",16324,16100,13627,-2697
ISNE,"11/2/2020 7 p.m. EST",16011,16040,13117,-2894
ISNE,"11/2/2020 8 p.m. EST",15410,15580,12564,-2846
ISNE,"11/2/2020 9 p.m. EST",14614,14680,11788,-2826
ISNE,"11/2/2020 10 p.m. EST",13670,13720,11029,-2641
ISNE,"11/2/2020 11 p.m. EST",12609,12530,10039,-2570
ISNE,"11/3/2020 12 a.m. EST",11736,11600,9281,-2455
ISNE,"11/3/2020 1 a.m. EST",11545,11130,9016,-2529
ISNE,"11/3/2020 2 a.m. EST",11306,10750,8751,-2555
ISNE,"11/3/2020 3 a.m. EST",11126,10580,8511,-2615
ISNE,"11/3/2020 4 a.m. EST",11117,10580,8544,-2573
ISNE,"11/3/2020 5 a.m. EST",11437,10930,8850,-2587
ISNE,"11/3/2020 6 a.m. EST",12066,11800,9497,-2569
ISNE,"11/3/2020 7 a.m. EST",13000,13040,10562,-2438
ISNE,"11/3/2020 8 a.m. EST",13799,13800,11364,-2435
ISNE,"11/3/2020 9 a.m. EST",13715,13700,11322,-2393
ISNE,"11/3/2020 10 a.m. EST",13391,13390,10999,-2392
ISNE,"11/3/2020 11 a.m. EST",12955,12940,10606,-2349
ISNE,"11/3/2020 12 p.m. EST",12636,12560,10241,-2395
ISNE,"11/3/2020 1 p.m. EST",12550,12480,10177,-2373
ISNE,"11/3/2020 2 p.m. EST",12889,12560,10516,-2373
ISNE,"11/3/2020 3 p.m. EST",13173,12920,10688,-2485
ISNE,"11/3/2020 4 p.m. EST",13935,13630,11501,-2434
ISNE,"11/3/2020 5 p.m. EST",14970,14720,12383,-2587
ISNE,"11/3/2020 6 p.m. EST",15965,15800,13361,-2604
ISNE,"11/3/2020 7 p.m. EST",15774,15680,13086,-2688
ISNE,"11/3/2020 8 p.m. EST",15201,15250,12458,-2743
ISNE,"11/3/2020 9 p.m. EST",14508,14550,11748,-2760
ISNE,"11/3/2020 10 p.m. EST",13685,13650,10905,-2780
ISNE,"11/3/2020 11 p.m. EST",12708,12570,9930,-2778
ISNE,"11/4/2020 12 a.m. EST",11886,11670,9398,-2488
ISNE,"11/4/2020 1 a.m. EST",11532,11260,9078,-2454
ISNE,"11/4/2020 2 a.m. EST",11430,10910,9034,-2396
ISNE,"11/4/2020 3 a.m. EST",11507,10710,9212,-2295
ISNE,"11/4/2020 4 a.m. EST",11455,10680,9081,-2374
ISNE,"11/4/2020 5 a.m. EST",11480,10950,9142,-2338
ISNE,"11/4/2020 6 a.m. EST",11909,11920,9724,-2185
ISNE,"11/4/2020 7 a.m. EST",13166,13460,11022,-2144
ISNE,"11/4/2020 8 a.m. EST",13815,13950,11575,-2240
ISNE,"11/4/2020 9 a.m. EST",13343,13150,11165,-2178
ISNE,"11/4/2020 10 a.m. EST",12676,12540,10451,-2225
ISNE,"11/4/2020 11 a.m. EST",12234,12030,10090,-2144
ISNE,"11/4/2020 12 p.m. EST",12478,11680,10319,-2159
ISNE,"11/4/2020 1 p.m. EST",12474,11590,10167,-2307
ISNE,"11/4/2020 2 p.m. EST",12681,11790,10525,-2156
ISNE,"11/4/2020 3 p.m. EST",12805,12200,10617,-2188
ISNE,"11/4/2020 4 p.m. EST",13438,12940,11136,-2302
ISNE,"11/4/2020 5 p.m. EST",14267,13940,11906,-2361
ISNE,"11/4/2020 6 p.m. EST",15322,14940,13036,-2286
ISNE,"11/4/2020 7 p.m. EST",15025,14740,12812,-2213
ISNE,"11/4/2020 8 p.m. EST",14366,14290,12035,-2331
ISNE,"11/4/2020 9 p.m. EST",13609,13630,11088,-2521
ISNE,"11/4/2020 10 p.m. EST",12667,12720,10178,-2489
ISNE,"11/4/2020 11 p.m. EST",11878,11630,9556,-2322
ISNE,"11/5/2020 12 a.m. EST",11414,10750,9015,-2399
ISNE,"11/5/2020 1 a.m. EST",10717,10150,8383,-2334
ISNE,"11/5/2020 2 a.m. EST",10389,9810,8037,-2352
ISNE,"11/5/2020 3 a.m. EST",10234,9660,7859,-2375
ISNE,"11/5/2020 4 a.m. EST",10250,9700,7777,-2473
ISNE,"11/5/2020 5 a.m. EST",10556,9950,8205,-2351
ISNE,"11/5/2020 6 a.m. EST",11336,10870,8925,-2411
ISNE,"11/5/2020 7 a.m. EST",12156,12340,9807,-2349
ISNE,"11/5/2020 8 a.m. EST",12725,12870,10216,-2509
ISNE,"11/5/2020 9 a.m. EST",12496,12370,9835,-2661
ISNE,"11/5/2020 10 a.m. EST",12039,11900,9299,-2740
ISNE,"11/5/2020 11 a.m. EST",11773,11710,9260,-2513
ISNE,"11/5/2020 12 p.m. EST",11912,11660,9394,-2518
ISNE,"11/5/2020 1 p.m. EST",11979,11720,9444,-2535
ISNE,"11/5/2020 2 p.m. EST",12042,11960,9736,-2306
ISNE,"11/5/2020 3 p.m. EST",12541,12290,9905,-2636
ISNE,"11/5/2020 4 p.m. EST",12989,12970,10347,-2642
ISNE,"11/5/2020 5 p.m. EST",13868,13800,11054,-2814
ISNE,"11/5/2020 6 p.m. EST",14788,14650,12054,-2734
ISNE,"11/5/2020 7 p.m. EST",14504,14410,11711,-2793
ISNE,"11/5/2020 8 p.m. EST",13872,13920,11087,-2785
ISNE,"11/5/2020 9 p.m. EST",13165,13290,10340,-2825
ISNE,"11/5/2020 10 p.m. EST",12264,12300,9481,-2783
ISNE,"11/5/2020 11 p.m. EST",11435,11250,8838,-2597
ISNE,"11/6/2020 12 a.m. EST",11150,10330,8815,-2335
ISNE,"11/6/2020 1 a.m. EST",10886,9650,8255,-2631
ISNE,"11/6/2020 2 a.m. EST",10505,9440,8009,-2496
ISNE,"11/6/2020 3 a.m. EST",10062,9160,7847,-2215
ISNE,"11/6/2020 4 a.m. EST",10011,9230,7792,-2219
ISNE,"11/6/2020 5 a.m. EST",10153,9430,7878,-2275
ISNE,"11/6/2020 6 a.m. EST",10453,10430,8027,-2426
ISNE,"11/6/2020 7 a.m. EST",11474,11650,8940,-2534
ISNE,"11/6/2020 8 a.m. EST",12317,12300,9635,-2682
ISNE,"11/6/2020 9 a.m. EST",12471,12310,9835,-2636
ISNE,"11/6/2020 10 a.m. EST",12017,12040,9466,-2551
ISNE,"11/6/2020 11 a.m. EST",11530,11870,9156,-2374
ISNE,"11/6/2020 12 p.m. EST",11325,11670,8931,-2394
ISNE,"11/6/2020 1 p.m. EST",11333,11440,8940,-2393
ISNE,"11/6/2020 2 p.m. EST",11647,11550,9205,-2442
ISNE,"11/6/2020 3 p.m. EST",12125,11820,9684,-2441
ISNE,"11/6/2020 4 p.m. EST",12752,12720,10171,-2581
ISNE,"11/6/2020 5 p.m. EST",13442,13440,10826,-2616
ISNE,"11/6/2020 6 p.m. EST",14232,14170,11692,-2540
ISNE,"11/6/2020 7 p.m. EST",13874,13790,11259,-2615
ISNE,"11/6/2020 8 p.m. EST",13260,13270,10587,-2673
ISNE,"11/6/2020 9 p.m. EST",12599,12580,10007,-2592
ISNE,"11/6/2020 10 p.m. EST",11875,11860,9142,-2733
ISNE,"11/6/2020 11 p.m. EST",11021,10980,8216,-2805
ISNE,"11/7/2020 12 a.m. EST",10210,10190,7454,-2756
ISNE,"11/7/2020 1 a.m. EST",9654,9640,7322,-2332
ISNE,"11/7/2020 2 a.m. EST",9447,9280,7091,-2356
ISNE,"11/7/2020 3 a.m. EST",9334,9100,6847,-2487
ISNE,"11/7/2020 4 a.m. EST",9499,9020,6975,-2524
ISNE,"11/7/2020 5 a.m. EST",9625,9120,7220,-2405
ISNE,"11/7/2020 6 a.m. EST",9770,9460,7463,-2307
ISNE,"11/7/2020 7 a.m. EST",10307,10010,8111,-2196
ISNE,"11/7/2020 8 a.m. EST",10380,10210,8156,-2224
ISNE,"11/7/2020 9 a.m. EST",10382,10480,8168,-2214
ISNE,"11/7/2020 10 a.m. EST",10246,10280,8121,-2125
ISNE,"11/7/2020 11 a.m. EST",10417,10090,8280,-2137
ISNE,"11/7/2020 12 p.m. EST",10374,9980,8270,-2104
ISNE,"11/7/2020 1 p.m. EST",10479,9970,8404,-2075
ISNE,"11/7/2020 2 p.m. EST",10690,10130,8640,-2050
ISNE,"11/7/2020 3 p.m. EST",11018,10630,8941,-2077
ISNE,"11/7/2020 4 p.m. EST",11661,11450,9695,-1966
ISNE,"11/7/2020 5 p.m. EST",12546,12490,10219,-2327
ISNE,"11/7/2020 6 p.m. EST",13387,13200,11143,-2244
ISNE,"11/7/2020 7 p.m. EST",13099,12760,10829,-2270
ISNE,"11/7/2020 8 p.m. EST",12549,12320,10238,-2311
ISNE,"11/7/2020 9 p.m. EST",11909,11950,9624,-2285
ISNE,"11/7/2020 10 p.m. EST",11324,11200,9067,-2257
ISNE,"11/7/2020 11 p.m. EST",10815,10530,8618,-2197
ISNE,"11/8/2020 12 a.m. EST",10142,9810,7829,-2313
ISNE,"11/8/2020 1 a.m. EST",9595,9370,7443,-2152
ISNE,"11/8/2020 2 a.m. EST",9291,8940,7242,-2049
ISNE,"11/8/2020 3 a.m. EST",9327,8730,7335,-1992
ISNE,"11/8/2020 4 a.m. EST",9257,8650,7272,-1985
ISNE,"11/8/2020 5 a.m. EST",9331,8740,7315,-2016
ISNE,"11/8/2020 6 a.m. EST",9603,9060,7625,-1978
ISNE,"11/8/2020 7 a.m. EST",10041,9460,7841,-2200
ISNE,"11/8/2020 8 a.m. EST",10182,9690,8280,-1902
ISNE,"11/8/2020 9 a.m. EST",10172,9850,8243,-1929
ISNE,"11/8/2020 10 a.m. EST",10179,9600,8320,-1859
ISNE,"11/8/2020 11 a.m. EST",9716,9380,7931,-1785
ISNE,"11/8/2020 12 p.m. EST",9804,9370,7966,-1838
ISNE,"11/8/2020 1 p.m. EST",10013,9470,8172,-1841
ISNE,"11/8/2020 2 p.m. EST",10322,9800,8347,-1975
ISNE,"11/8/2020 3 p.m. EST",10877,10290,8865,-2012
ISNE,"11/8/2020 4 p.m. EST",11751,11490,9583,-2168
ISNE,"11/8/2020 5 p.m. EST",12775,12780,10517,-2258
ISNE,"11/8/2020 6 p.m. EST",13766,13590,11443,-2323
ISNE,"11/8/2020 7 p.m. EST",13459,13260,10986,-2473
ISNE,"11/8/2020 8 p.m. EST",12860,12890,10418,-2442
ISNE,"11/8/2020 9 p.m. EST",12190,12350,9718,-2472
ISNE,"11/8/2020 10 p.m. EST",11434,11370,9048,-2386
ISNE,"11/8/2020 11 p.m. EST",11017,10540,8619,-2398
ISNE,"11/9/2020 12 a.m. EST",10493,9760,8061,-2432
ISNE,"11/9/2020 1 a.m. EST",10095,9280,7657,-2438
ISNE,"11/9/2020 2 a.m. EST",9816,9020,7498,-2318
ISNE,"11/9/2020 3 a.m. EST",9935,8900,7438,-2497
ISNE,"11/9/2020 4 a.m. EST",9844,8960,7621,-2223
ISNE,"11/9/2020 5 a.m. EST",10078,9300,7869,-2209
ISNE,"11/9/2020 6 a.m. EST",10779,10200,8372,-2407
ISNE,"11/9/2020 7 a.m. EST",11606,11540,9097,-2509
ISNE,"11/9/2020 8 a.m. EST",12283,12290,9798,-2485
ISNE,"11/9/2020 9 a.m. EST",12063,12040,9751,-2312
ISNE,"11/9/2020 10 a.m. EST",11598,11400,9373,-2225
ISNE,"11/9/2020 11 a.m. EST",11470,11210,9418,-2052
ISNE,"11/9/2020 12 p.m. EST",11459,11070,9379,-2080
ISNE,"11/9/2020 1 p.m. EST",11625,11150,9531,-2094
ISNE,"11/9/2020 2 p.m. EST",11966,11510,9959,-2007
ISNE,"11/9/2020 3 p.m. EST",12472,11950,10247,-2225
ISNE,"11/9/2020 4 p.m. EST",13138,12910,10893,-2245
ISNE,"11/9/2020 5 p.m. EST",13922,13950,11437,-2485
ISNE,"11/9/2020 6 p.m. EST",14886,14620,12339,-2547
ISNE,"11/9/2020 7 p.m. EST",14520,14470,11876,-2644
ISNE,"11/9/2020 8 p.m. EST",13835,13990,11202,-2633
ISNE,"11/9/2020 9 p.m. EST",13005,13280,10441,-2564
ISNE,"11/9/2020 10 p.m. EST",12092,12200,9498,-2594
ISNE,"11/9/2020 11 p.m. EST",11098,11120,8729,-2369
ISNE,"11/10/2020 12 a.m. EST",10426,10190,8390,-2036
ISNE,"11/10/2020 1 a.m. EST",10189,9640,7837,-2352
ISNE,"11/10/2020 2 a.m. EST",9845,9290,7821,-2024
ISNE,"11/10/2020 3 a.m. EST",9936,9150,7840,-2096
ISNE,"11/10/2020 4 a.m. EST",9964,9170,7823,-2141
ISNE,"11/10/2020 5 a.m. EST",10083,9470,7899,-2184
ISNE,"11/10/2020 6 a.m. EST",10730,10320,8071,-2659
ISNE,"11/10/2020 7 a.m. EST",11882,11630,9034,-2848
ISNE,"11/10/2020 8 a.m. EST",12461,12350,9695,-2766
ISNE,"11/10/2020 9 a.m. EST",12146,12130,9226,-2920
ISNE,"11/10/2020 10 a.m. EST",11795,11700,9057,-2738
ISNE,"11/10/2020 11 a.m. EST",11688,11490,8990,-2698
ISNE,"11/10/2020 12 p.m. EST",11742,11430,9216,-2526
ISNE,"11/10/2020 1 p.m. EST",11854,11660,9159,-2695
ISNE,"11/10/2020 2 p.m. EST",11998,11960,9345,-2653
ISNE,"11/10/2020 3 p.m. EST",12579,12330,9939,-2640
ISNE,"11/10/2020 4 p.m. EST",13280,12980,10372,-2908
ISNE,"11/10/2020 5 p.m. EST",14003,13950,11093,-2910
ISNE,"11/10/2020 6 p.m. EST",14918,14740,12035,-2883
ISNE,"11/10/2020 7 p.m. EST",14545,14530,11601,-2944
ISNE,"11/10/2020 8 p.m. EST",13840,14050,10899,-2941
ISNE,"11/10/2020 9 p.m. EST",13047,13410,10086,-2961
ISNE,"11/10/2020 10 p.m. EST",12137,12330,9303,-2834
ISNE,"11/10/2020 11 p.m. EST",11176,11220,8449,-2727
ISNE,"11/11/2020 12 a.m. EST",10584,10300,8047,-2537
ISNE,"11/11/2020 1 a.m. EST",10529,9730,7986,-2543
ISNE,"11/11/2020 2 a.m. EST",10458,9380,7645,-2813
ISNE,"11/11/2020 3 a.m. EST",10243,9180,7715,-2528
ISNE,"11/11/2020 4 a.m. EST",10183,9150,7608,-2575
ISNE,"11/11/2020 5 a.m. EST",10326,9390,8013,-2313
ISNE,"11/11/2020 6 a.m. EST",10848,10080,8109,-2739
ISNE,"11/11/2020 7 a.m. EST",11895,11150,8964,-2931
ISNE,"11/11/2020 8 a.m. EST",12638,11980,9735,-2903
ISNE,"11/11/2020 9 a.m. EST",12703,12520,9748,-2955
ISNE,"11/11/2020 10 a.m. EST",12717,12680,9715,-3002
ISNE,"11/11/2020 11 a.m. EST",12994,12750,9922,-3072
ISNE,"11/11/2020 12 p.m. EST",13162,12840,10008,-3154
ISNE,"11/11/2020 1 p.m. EST",13440,13040,10188,-3252
ISNE,"11/11/2020 2 p.m. EST",13732,13270,10315,-3417
ISNE,"11/11/2020 3 p.m. EST",13836,13610,10329,-3507
ISNE,"11/11/2020 4 p.m. EST",13984,13790,10408,-3576
ISNE,"11/11/2020 5 p.m. EST",14664,14410,11031,-3633
ISNE,"11/11/2020 6 p.m. EST",15275,15130,11725,-3550
ISNE,"11/11/2020 7 p.m. EST",14893,14610,11361,-3532
ISNE,"11/11/2020 8 p.m. EST",14181,14040,10636,-3545
ISNE,"11/11/2020 9 p.m. EST",13403,13390,9841,-3562
ISNE,"11/11/2020 10 p.m. EST",12493,12420,9093,-3400
ISNE,"11/11/2020 11 p.m. EST",11552,11370,8155,-3397
ISNE,"11/12/2020 12 a.m. EST",11150,10490,7768,-3382
ISNE,"11/12/2020 1 a.m. EST",10560,10000,7473,-3087
ISNE,"11/12/2020 2 a.m. EST",10410,9670,7294,-3116
ISNE,"11/12/2020 3 a.m. EST",10541,9480,7643,-2898
ISNE,"11/12/2020 4 a.m. EST",10211,9420,7474,-2737
ISNE,"11/12/2020 5 a.m. EST",10429,9650,7690,-2739
ISNE,"11/12/2020 6 a.m. EST",10665,10350,7985,-2680
ISNE,"11/12/2020 7 a.m. EST",11914,11580,9294,-2620
ISNE,"11/12/2020 8 a.m. EST",12627,12650,9941,-2686
ISNE,"11/12/2020 9 a.m. EST",13183,13060,10491,-2692
ISNE,"11/12/2020 10 a.m. EST",13464,13410,10749,-2715
ISNE,"11/12/2020 11 a.m. EST",13604,13480,10866,-2738
ISNE,"11/12/2020 12 p.m. EST",13681,13510,10608,-3073
ISNE,"11/12/2020 1 p.m. EST",13664,13500,10455,-3209
ISNE,"11/12/2020 2 p.m. EST",13641,13580,10452,-3189
ISNE,"11/12/2020 3 p.m. EST",13539,13650,10249,-3290
ISNE,"11/12/2020 4 p.m. EST",13636,13760,10521,-3115
ISNE,"11/12/2020 5 p.m. EST",14274,14380,11130,-3144
ISNE,"11/12/2020 6 p.m. EST",14862,15160,11818,-3044
ISNE,"11/12/2020 7 p.m. EST",14528,14970,11536,-2992
ISNE,"11/12/2020 8 p.m. EST",13889,14400,10897,-2992
ISNE,"11/12/2020 9 p.m. EST",13160,13630,10192,-2968
ISNE,"11/12/2020 10 p.m. EST",12267,12710,9482,-2785
ISNE,"11/12/2020 11 p.m. EST",11344,11310,8503,-2841
ISNE,"11/13/2020 12 a.m. EST",11015,10410,7975,-3040
ISNE,"11/13/2020 1 a.m. EST",10679,9860,7844,-2835
ISNE,"11/13/2020 2 a.m. EST",10575,9530,7861,-2714
ISNE,"11/13/2020 3 a.m. EST",10393,9340,7367,-3026
ISNE,"11/13/2020 4 a.m. EST",10398,9360,7477,-2921
ISNE,"11/13/2020 5 a.m. EST",10666,9640,7675,-2991
ISNE,"11/13/2020 6 a.m. EST",11035,10460,8349,-2686
ISNE,"11/13/2020 7 a.m. EST",11762,11770,9491,-2271
ISNE,"11/13/2020 8 a.m. EST",12835,12850,10118,-2717
ISNE,"11/13/2020 9 a.m. EST",13496,13490,10588,-2908
ISNE,"11/13/2020 10 a.m. EST",13826,13680,10751,-3075
ISNE,"11/13/2020 11 a.m. EST",14108,13790,10916,-3192
ISNE,"11/13/2020 12 p.m. EST",14284,13790,11158,-3126
ISNE,"11/13/2020 1 p.m. EST",14281,13760,11159,-3122
ISNE,"11/13/2020 2 p.m. EST",14246,13830,11050,-3196
ISNE,"11/13/2020 3 p.m. EST",14119,13820,10922,-3197
ISNE,"11/13/2020 4 p.m. EST",14135,13990,10893,-3242
ISNE,"11/13/2020 5 p.m. EST",14590,14590,11294,-3296
ISNE,"11/13/2020 6 p.m. EST",15120,15010,11878,-3242
ISNE,"11/13/2020 7 p.m. EST",14754,14630,11425,-3329
ISNE,"11/13/2020 8 p.m. EST",14139,14020,10827,-3312
ISNE,"11/13/2020 9 p.m. EST",13458,13370,10409,-3049
ISNE,"11/13/2020 10 p.m. EST",12690,12640,9939,-2751
ISNE,"11/13/2020 11 p.m. EST",11774,11740,9122,-2652
ISNE,"11/14/2020 12 a.m. EST",10940,10940,8292,-2648
ISNE,"11/14/2020 1 a.m. EST",10352,10340,7760,-2592
ISNE,"11/14/2020 2 a.m. EST",10232,9970,7659,-2573
ISNE,"11/14/2020 3 a.m. EST",10056,9790,7415,-2641
ISNE,"11/14/2020 4 a.m. EST",10010,9750,7342,-2668
ISNE,"11/14/2020 5 a.m. EST",10143,9880,7623,-2520
ISNE,"11/14/2020 6 a.m. EST",10309,10290,7969,-2340
ISNE,"11/14/2020 7 a.m. EST",10914,10920,8586,-2328
ISNE,"11/14/2020 8 a.m. EST",11349,11350,8903,-2446
ISNE,"11/14/2020 9 a.m. EST",11436,11440,8886,-2550
ISNE,"11/14/2020 10 a.m. EST",11197,11190,8540,-2657
ISNE,"11/14/2020 11 a.m. EST",11210,11220,8456,-2754
ISNE,"11/14/2020 12 p.m. EST",11890,11620,9030,-2860
ISNE,"11/14/2020 1 p.m. EST",11920,11700,9069,-2851
ISNE,"11/14/2020 2 p.m. EST",11922,11310,8787,-3135
ISNE,"11/14/2020 3 p.m. EST",12024,11810,8921,-3103
ISNE,"11/14/2020 4 p.m. EST",12470,12580,9379,-3091
ISNE,"11/14/2020 5 p.m. EST",13528,13430,10321,-3207
ISNE,"11/14/2020 6 p.m. EST",14458,14220,11062,-3396
ISNE,"11/14/2020 7 p.m. EST",14239,13900,10821,-3418
ISNE,"11/14/2020 8 p.m. EST",13751,13470,10608,-3143
ISNE,"11/14/2020 9 p.m. EST",13269,12960,10227,-3042
ISNE,"11/14/2020 10 p.m. EST",12637,12380,9809,-2828
ISNE,"11/14/2020 11 p.m. EST",11997,11710,9106,-2891
ISNE,"11/15/2020 12 a.m. EST",11465,11030,8366,-3099
ISNE,"11/15/2020 1 a.m. EST",11368,10690,8514,-2854
ISNE,"11/15/2020 2 a.m. EST",11192,10370,8983,-2209
ISNE,"11/15/2020 3 a.m. EST",11206,10230,9152,-2054
ISNE,"11/15/2020 4 a.m. EST",11277,10200,9048,-2229
ISNE,"11/15/2020 5 a.m. EST",11138,10330,8686,-2452
ISNE,"11/15/2020 6 a.m. EST",11215,10670,8854,-2361
ISNE,"11/15/2020 7 a.m. EST",11516,11160,9115,-2401
ISNE,"11/15/2020 8 a.m. EST",11823,11430,9184,-2639
ISNE,"11/15/2020 9 a.m. EST",11931,11360,9250,-2681
ISNE,"11/15/2020 10 a.m. EST",11988,11440,9600,-2388
ISNE,"11/15/2020 11 a.m. EST",11972,11470,9782,-2190
ISNE,"11/15/2020 12 p.m. EST",12299,11670,10118,-2181
ISNE,"11/15/2020 1 p.m. EST",12460,11910,10232,-2228
ISNE,"11/15/2020 2 p.m. EST",12830,12220,10881,-1949
ISNE,"11/15/2020 3 p.m. EST",13002,12550,10927,-2075
ISNE,"11/15/2020 4 p.m. EST",13399,13000,11167,-2232
ISNE,"11/15/2020 5 p.m. EST",14357,13850,11754,-2603
ISNE,"11/15/2020 6 p.m. EST",14940,14520,12098,-2842
ISNE,"11/15/2020 7 p.m. EST",14537,14170,11992,-2545
ISNE,"11/15/2020 8 p.m. EST",13847,13550,11483,-2364
ISNE,"11/15/2020 9 p.m. EST",13123,12810,10959,-2164
ISNE,"11/15/2020 10 p.m. EST",12240,11870,9944,-2296
ISNE,"11/15/2020 11 p.m. EST",11380,10970,9139,-2241
ISNE,"11/16/2020 12 a.m. EST",10887,10250,8281,-2606
ISNE,"11/16/2020 1 a.m. EST",10564,9850,8348,-2216
ISNE,"11/16/2020 2 a.m. EST",10245,9550,8088,-2157
ISNE,"11/16/2020 3 a.m. EST",10123,9430,8098,-2025
ISNE,"11/16/2020 4 a.m. EST",10140,9470,8005,-2135
ISNE,"11/16/2020 5 a.m. EST",10678,9820,8469,-2209
ISNE,"11/16/2020 6 a.m. EST",11007,10750,8404,-2603
ISNE,"11/16/2020 7 a.m. EST",11960,12280,9178,-2782
ISNE,"11/16/2020 8 a.m. EST",12744,12990,9739,-3005
ISNE,"11/16/2020 9 a.m. EST",12602,12760,9545,-3057
ISNE,"11/16/2020 10 a.m. EST",12161,12350,9092,-3069
ISNE,"11/16/2020 11 a.m. EST",12081,12100,9448,-2633
ISNE,"11/16/2020 12 p.m. EST",12396,12400,9880,-2516
ISNE,"11/16/2020 1 p.m. EST",12759,12600,10263,-2496
ISNE,"11/16/2020 2 p.m. EST",13130,12850,10674,-2456
ISNE,"11/16/2020 3 p.m. EST",13360,12970,10615,-2745
ISNE,"11/16/2020 4 p.m. EST",13686,13660,10782,-2904
ISNE,"11/16/2020 5 p.m. EST",14581,14720,11583,-2998
ISNE,"11/16/2020 6 p.m. EST",15488,15600,12389,-3099
ISNE,"11/16/2020 7 p.m. EST",15205,15500,11882,-3323
ISNE,"11/16/2020 8 p.m. EST",14546,14930,11359,-3187
ISNE,"11/16/2020 9 p.m. EST",13798,14190,10999,-2799
ISNE,"11/16/2020 10 p.m. EST",12906,13250,10477,-2429
ISNE,"11/16/2020 11 p.m. EST",11903,12130,9717,-2186
ISNE,"11/17/2020 12 a.m. EST",11468,11180,9159,-2309
ISNE,"11/17/2020 1 a.m. EST",11035,10490,9103,-1932
ISNE,"11/17/2020 2 a.m. EST",10944,10170,8812,-2132
ISNE,"11/17/2020 3 a.m. EST",10824,10060,8689,-2135
ISNE,"11/17/2020 4 a.m. EST",10877,10130,8728,-2149
ISNE,"11/17/2020 5 a.m. EST",11227,10490,8837,-2390
ISNE,"11/17/2020 6 a.m. EST",12102,11440,9515,-2587
ISNE,"11/17/2020 7 a.m. EST",12773,12910,10071,-2702
ISNE,"11/17/2020 8 a.m. EST",13632,13640,10707,-2925
ISNE,"11/17/2020 9 a.m. EST",13638,13590,10569,-3069
ISNE,"11/17/2020 10 a.m. EST",13261,13250,10468,-2793
ISNE,"11/17/2020 11 a.m. EST",13287,13000,10619,-2668
ISNE,"11/17/2020 12 p.m. EST",13229,12880,10358,-2871
ISNE,"11/17/2020 1 p.m. EST",13168,12900,10328,-2840
ISNE,"11/17/2020 2 p.m. EST",13422,13120,10594,-2828
ISNE,"11/17/2020 3 p.m. EST",13712,13420,10921,-2791
ISNE,"11/17/2020 4 p.m. EST",14158,14000,11265,-2893
ISNE,"11/17/2020 5 p.m. EST",15115,15020,11992,-3123
ISNE,"11/17/2020 6 p.m. EST",15944,15950,12758,-3186
ISNE,"11/17/2020 7 p.m. EST",15646,15720,12461,-3185
ISNE,"11/17/2020 8 p.m. EST",15062,15120,11863,-3199
ISNE,"11/17/2020 9 p.m. EST",14358,14490,11357,-3001
ISNE,"11/17/2020 10 p.m. EST",13464,13640,10693,-2771
ISNE,"11/17/2020 11 p.m. EST",12489,12570,9801,-2688
ISNE,"11/18/2020 12 a.m. EST",12306,11690,9461,-2845
ISNE,"11/18/2020 1 a.m. EST",11841,11040,9109,-2732
ISNE,"11/18/2020 2 a.m. EST",11761,10750,9010,-2751
ISNE,"11/18/2020 3 a.m. EST",11682,10650,9025,-2657
ISNE,"11/18/2020 4 a.m. EST",11728,10730,9097,-2631
ISNE,"11/18/2020 5 a.m. EST",11873,11130,9151,-2722
ISNE,"11/18/2020 6 a.m. EST",12289,12100,9564,-2725
ISNE,"11/18/2020 7 a.m. EST",13505,13580,10830,-2675
ISNE,"11/18/2020 8 a.m. EST",14439,14430,11550,-2889
ISNE,"11/18/2020 9 a.m. EST",14321,13890,11409,-2912
ISNE,"11/18/2020 10 a.m. EST",13735,13680,10776,-2959
ISNE,"11/18/2020 11 a.m. EST",13526,13290,10668,-2858
ISNE,"11/18/2020 12 p.m. EST",13534,13060,10566,-2968
ISNE,"11/18/2020 1 p.m. EST",13508,13010,10519,-2989
ISNE,"11/18/2020 2 p.m. EST",13634,13190,10663,-2971
ISNE,"11/18/2020 3 p.m. EST",14114,13690,11082,-3032
ISNE,"11/18/2020 4 p.m. EST",14950,14440,11872,-3078
ISNE,"11/18/2020 5 p.m. EST",16148,15720,13022,-3126
ISNE,"11/18/2020 6 p.m. EST",17030,16750,13871,-3159
ISNE,"11/18/2020 7 p.m. EST",16787,16610,13675,-3112
ISNE,"11/18/2020 8 p.m. EST",16308,16170,13102,-3206
ISNE,"11/18/2020 9 p.m. EST",15643,15550,12465,-3178
ISNE,"11/18/2020 10 p.m. EST",14716,14650,11681,-3035
ISNE,"11/18/2020 11 p.m. EST",13650,13570,10747,-2903
ISNE,"11/19/2020 12 a.m. EST",12781,12600,9696,-3085
ISNE,"11/19/2020 1 a.m. EST",12208,12200,9387,-2821
ISNE,"11/19/2020 2 a.m. EST",11941,11890,8854,-3087
ISNE,"11/19/2020 3 a.m. EST",12045,11780,8940,-3105
ISNE,"11/19/2020 4 a.m. EST",12096,11830,9100,-2996
ISNE,"11/19/2020 5 a.m. EST",12168,12130,9266,-2902
ISNE,"11/19/2020 6 a.m. EST",12993,13010,10051,-2942
ISNE,"11/19/2020 7 a.m. EST",14378,14410,11368,-3010
ISNE,"11/19/2020 8 a.m. EST",15150,15150,12052,-3098
ISNE,"11/19/2020 9 a.m. EST",14941,14920,11886,-3055
ISNE,"11/19/2020 10 a.m. EST",14555,14630,11636,-2919
ISNE,"11/19/2020 11 a.m. EST",14044,14120,11099,-2945
ISNE,"11/19/2020 12 p.m. EST",13708,13870,10798,-2910
ISNE,"11/19/2020 1 p.m. EST",13671,13670,11026,-2645
ISNE,"11/19/2020 2 p.m. EST",14090,13790,11670,-2420
ISNE,"11/19/2020 3 p.m. EST",14382,14060,12028,-2354
ISNE,"11/19/2020 4 p.m. EST",14874,14630,12460,-2414
ISNE,"11/19/2020 5 p.m. EST",15784,15620,13162,-2622
ISNE,"11/19/2020 6 p.m. EST",16489,16230,13675,-2814
ISNE,"11/19/2020 7 p.m. EST",16127,16010,13480,-2647
ISNE,"11/19/2020 8 p.m. EST",15500,15520,12904,-2596
ISNE,"11/19/2020 9 p.m. EST",14704,14820,12157,-2547
ISNE,"11/19/2020 10 p.m. EST",13896,13880,11253,-2643
ISNE,"11/19/2020 11 p.m. EST",12854,12770,10272,-2582
ISNE,"11/20/2020 12 a.m. EST",12055,11780,9098,-2957
ISNE,"11/20/2020 1 a.m. EST",11512,10930,9062,-2450
ISNE,"11/20/2020 2 a.m. EST",11324,10520,9025,-2299
ISNE,"11/20/2020 3 a.m. EST",11095,10280,8990,-2105
ISNE,"11/20/2020 4 a.m. EST",11069,10270,9112,-1957
ISNE,"11/20/2020 5 a.m. EST",11344,10550,9367,-1977
ISNE,"11/20/2020 6 a.m. EST",11638,11320,9614,-2024
ISNE,"11/20/2020 7 a.m. EST",12610,12620,10630,-1980
ISNE,"11/20/2020 8 a.m. EST",13381,13390,11558,-1823
ISNE,"11/20/2020 9 a.m. EST",13323,13320,11608,-1715
ISNE,"11/20/2020 10 a.m. EST",12896,12860,11230,-1666
ISNE,"11/20/2020 11 a.m. EST",12509,12510,10677,-1832
ISNE,"11/20/2020 12 p.m. EST",12318,12320,10859,-1459
ISNE,"11/20/2020 1 p.m. EST",12291,12200,10668,-1623
ISNE,"11/20/2020 2 p.m. EST",12453,12230,10684,-1769
ISNE,"11/20/2020 3 p.m. EST",12720,12550,10764,-1956
ISNE,"11/20/2020 4 p.m. EST",13219,13200,11077,-2142
ISNE,"11/20/2020 5 p.m. EST",14074,14190,11614,-2460
ISNE,"11/20/2020 6 p.m. EST",14804,15000,12428,-2376
ISNE,"11/20/2020 7 p.m. EST",14491,14430,12206,-2285
ISNE,"11/20/2020 8 p.m. EST",13933,13950,11909,-2024
ISNE,"11/20/2020 9 p.m. EST",13266,13360,11346,-1920
ISNE,"11/20/2020 10 p.m. EST",12519,12650,10649,-1870
ISNE,"11/20/2020 11 p.m. EST",11602,11800,9926,-1676
ISNE,"11/21/2020 12 a.m. EST",11190,10940,9195,-1995
ISNE,"11/21/2020 1 a.m. EST",10691,10160,8466,-2225
ISNE,"11/21/2020 2 a.m. EST",10575,9780,8327,-2248
ISNE,"11/21/2020 3 a.m. EST",10635,9590,8396,-2239
ISNE,"11/21/2020 4 a.m. EST",10618,9550,8429,-2189
ISNE,"11/21/2020 5 a.m. EST",10479,9680,8306,-2173
ISNE,"11/21/2020 6 a.m. EST",10875,10080,8457,-2418
ISNE,"11/21/2020 7 a.m. EST",11309,10700,8711,-2598
ISNE,"11/21/2020 8 a.m. EST",11502,11160,8771,-2731
ISNE,"11/21/2020 9 a.m. EST",11668,11340,8813,-2855
ISNE,"11/21/2020 10 a.m. EST",11503,11120,8781,-2722
ISNE,"11/21/2020 11 a.m. EST",11241,10900,8638,-2603
ISNE,"11/21/2020 12 p.m. EST",11191,10710,8648,-2543
ISNE,"11/21/2020 1 p.m. EST",11124,10760,8697,-2427
ISNE,"11/21/2020 2 p.m. EST",11375,10750,8834,-2541
ISNE,"11/21/2020 3 p.m. EST",11759,11180,9288,-2471
ISNE,"11/21/2020 4 p.m. EST",12273,12050,9805,-2468
ISNE,"11/21/2020 5 p.m. EST",13311,13160,10721,-2590
ISNE,"11/21/2020 6 p.m. EST",14092,14000,11417,-2675
ISNE,"11/21/2020 7 p.m. EST",13822,13640,11129,-2693
ISNE,"11/21/2020 8 p.m. EST",13278,13260,10661,-2617
ISNE,"11/21/2020 9 p.m. EST",12713,12780,10297,-2416
ISNE,"11/21/2020 10 p.m. EST",12058,12210,9624,-2434
ISNE,"11/21/2020 11 p.m. EST",11316,11530,9040,-2276
ISNE,"11/22/2020 12 a.m. EST",10876,10810,8522,-2354
ISNE,"11/22/2020 1 a.m. EST",10130,10100,8196,-1934
ISNE,"11/22/2020 2 a.m. EST",10070,9820,8057,-2013
ISNE,"11/22/2020 3 a.m. EST",9950,9680,8143,-1807
ISNE,"11/22/2020 4 a.m. EST",9963,9710,8140,-1823
ISNE,"11/22/2020 5 a.m. EST",10100,9870,8196,-1904
ISNE,"11/22/2020 6 a.m. EST",10223,10220,8059,-2164
ISNE,"11/22/2020 7 a.m. EST",10794,10800,8392,-2402
ISNE,"11/22/2020 8 a.m. EST",11453,11300,9018,-2435
ISNE,"11/22/2020 9 a.m. EST",11840,11590,9697,-2143
ISNE,"11/22/2020 10 a.m. EST",11931,11830,9784,-2147
ISNE,"11/22/2020 11 a.m. EST",12410,12410,10268,-2142
ISNE,"11/22/2020 12 p.m. EST",13005,13000,10732,-2273
ISNE,"11/22/2020 1 p.m. EST",13477,13510,11037,-2440
ISNE,"11/22/2020 2 p.m. EST",13716,13810,11129,-2587
ISNE,"11/22/2020 3 p.m. EST",13821,13990,10998,-2823
ISNE,"11/22/2020 4 p.m. EST",14085,14380,11218,-2867
ISNE,"11/22/2020 5 p.m. EST",14899,14930,12167,-2732
ISNE,"11/22/2020 6 p.m. EST",15346,15500,12563,-2783
ISNE,"11/22/2020 7 p.m. EST",14910,14870,12245,-2665
ISNE,"11/22/2020 8 p.m. EST",14227,14220,11524,-2703
ISNE,"11/22/2020 9 p.m. EST",13501,13590,10491,-3010
ISNE,"11/22/2020 10 p.m. EST",12611,12690,9868,-2743
ISNE,"11/22/2020 11 p.m. EST",11752,11710,9129,-2623
ISNE,"11/23/2020 12 a.m. EST",11035,10860,8562,-2473
ISNE,"11/23/2020 1 a.m. EST",10760,10180,8048,-2712
ISNE,"11/23/2020 2 a.m. EST",10656,9840,7854,-2802
ISNE,"11/23/2020 3 a.m. EST",10715,9690,7886,-2829
ISNE,"11/23/2020 4 a.m. EST",10731,9700,7911,-2820
ISNE,"11/23/2020 5 a.m. EST",10767,10010,8000,-2767
ISNE,"11/23/2020 6 a.m. EST",11296,10790,8393,-2903
ISNE,"11/23/2020 7 a.m. EST",12148,12130,9247,-2901
ISNE,"11/23/2020 8 a.m. EST",13260,13280,10429,-2831
ISNE,"11/23/2020 9 a.m. EST",14070,14060,11148,-2922
ISNE,"11/23/2020 10 a.m. EST",14504,14480,11550,-2954
ISNE,"11/23/2020 11 a.m. EST",14769,14540,11465,-3304
ISNE,"11/23/2020 12 p.m. EST",14890,14450,11416,-3474
ISNE,"11/23/2020 1 p.m. EST",14617,14310,11103,-3514
ISNE,"11/23/2020 2 p.m. EST",14190,14210,10813,-3377
ISNE,"11/23/2020 3 p.m. EST",14085,14250,10633,-3452
ISNE,"11/23/2020 4 p.m. EST",14314,14460,11205,-3109
ISNE,"11/23/2020 5 p.m. EST",15160,14980,12055,-3105
ISNE,"11/23/2020 6 p.m. EST",16066,15850,13126,-2940
ISNE,"11/23/2020 7 p.m. EST",15794,15670,12825,-2969
ISNE,"11/23/2020 8 p.m. EST",15235,15100,12196,-3039
ISNE,"11/23/2020 9 p.m. EST",14522,14350,11640,-2882
ISNE,"11/23/2020 10 p.m. EST",13647,13420,10353,-3294
ISNE,"11/23/2020 11 p.m. EST",12940,12360,9786,-3154
ISNE,"11/24/2020 12 a.m. EST",12409,11430,9174,-3235
ISNE,"11/24/2020 1 a.m. EST",12154,10970,8926,-3228
ISNE,"11/24/2020 2 a.m. EST",11843,10610,8734,-3109
ISNE,"11/24/2020 3 a.m. EST",11697,10510,8874,-2823
ISNE,"11/24/2020 4 a.m. EST",11729,10570,8985,-2744
ISNE,"11/24/2020 5 a.m. EST",12078,10940,9342,-2736
ISNE,"11/24/2020 6 a.m. EST",12511,11940,9665,-2846
ISNE,"11/24/2020 7 a.m. EST",13530,13620,10398,-3132
ISNE,"11/24/2020 8 a.m. EST",14114,14500,10804,-3310
ISNE,"11/24/2020 9 a.m. EST",14010,13940,10846,-3164
ISNE,"11/24/2020 10 a.m. EST",13352,13220,10243,-3109
ISNE,"11/24/2020 11 a.m. EST",13071,12760,9808,-3263
ISNE,"11/24/2020 12 p.m. EST",12885,12510,9821,-3064
ISNE,"11/24/2020 1 p.m. EST",12781,12470,9961,-2820
ISNE,"11/24/2020 2 p.m. EST",13032,12630,10240,-2792
ISNE,"11/24/2020 3 p.m. EST",13327,13140,10358,-2969
ISNE,"11/24/2020 4 p.m. EST",14192,14030,10960,-3232
ISNE,"11/24/2020 5 p.m. EST",15365,15300,11923,-3442
ISNE,"11/24/2020 6 p.m. EST",16289,16250,13138,-3151
ISNE,"11/24/2020 7 p.m. EST",16109,16080,12501,-3608
ISNE,"11/24/2020 8 p.m. EST",15643,15820,12022,-3621
ISNE,"11/24/2020 9 p.m. EST",15010,15200,11311,-3699
ISNE,"11/24/2020 10 p.m. EST",14171,14320,10534,-3637
ISNE,"11/24/2020 11 p.m. EST",13130,13240,9548,-3582
ISNE,"11/25/2020 12 a.m. EST",12236,12310,8516,-3720
ISNE,"11/25/2020 1 a.m. EST",11765,11560,8214,-3551
ISNE,"11/25/2020 2 a.m. EST",11517,11210,8284,-3233
ISNE,"11/25/2020 3 a.m. EST",11329,11040,8147,-3182
ISNE,"11/25/2020 4 a.m. EST",11295,11000,8153,-3142
ISNE,"11/25/2020 5 a.m. EST",11570,11280,8372,-3198
ISNE,"11/25/2020 6 a.m. EST",12329,12050,9292,-3037
ISNE,"11/25/2020 7 a.m. EST",13221,13250,10487,-2734
ISNE,"11/25/2020 8 a.m. EST",14208,14210,11542,-2666
ISNE,"11/25/2020 9 a.m. EST",14750,14730,11935,-2815
ISNE,"11/25/2020 10 a.m. EST",14845,14820,12000,-2845
ISNE,"11/25/2020 11 a.m. EST",14778,14630,11830,-2948
ISNE,"11/25/2020 12 p.m. EST",14691,14420,11773,-2918
ISNE,"11/25/2020 1 p.m. EST",14435,14200,11652,-2783
ISNE,"11/25/2020 2 p.m. EST",14499,14150,11730,-2769
ISNE,"11/25/2020 3 p.m. EST",14571,14240,11955,-2616
ISNE,"11/25/2020 4 p.m. EST",14746,14520,12043,-2703
ISNE,"11/25/2020 5 p.m. EST",15412,15420,12678,-2734
ISNE,"11/25/2020 6 p.m. EST",15776,16000,12833,-2943
ISNE,"11/25/2020 7 p.m. EST",15391,15710,12330,-3061
ISNE,"11/25/2020 8 p.m. EST",14790,15220,11815,-2975
ISNE,"11/25/2020 9 p.m. EST",14099,14530,10848,-3251
ISNE,"11/25/2020 10 p.m. EST",13266,13580,9897,-3369
ISNE,"11/25/2020 11 p.m. EST",12236,12410,9078,-3158
ISNE,"11/26/2020 12 a.m. EST",11238,11410,8227,-3011
ISNE,"11/26/2020 1 a.m. EST",10770,10470,7568,-3202
ISNE,"11/26/2020 2 a.m. EST",10409,9990,7175,-3234
ISNE,"11/26/2020 3 a.m. EST",10555,9690,7033,-3522
ISNE,"11/26/2020 4 a.m. EST",10662,9600,7234,-3428
ISNE,"11/26/2020 5 a.m. EST",10490,9690,7298,-3192
ISNE,"11/26/2020 6 a.m. EST",10830,10040,7428,-3402
ISNE,"11/26/2020 7 a.m. EST",11413,10650,7928,-3485
ISNE,"11/26/2020 8 a.m. EST",11914,11420,8505,-3409
ISNE,"11/26/2020 9 a.m. EST",12662,12510,9229,-3433
ISNE,"11/26/2020 10 a.m. EST",13539,13540,9993,-3546
ISNE,"11/26/2020 11 a.m. EST",14289,14290,10702,-3587
ISNE,"11/26/2020 12 p.m. EST",14739,14720,11043,-3696
ISNE,"11/26/2020 1 p.m. EST",14850,14800,11051,-3799
ISNE,"11/26/2020 2 p.m. EST",14396,14380,10391,-4005
ISNE,"11/26/2020 3 p.m. EST",13737,13710,9966,-3771
ISNE,"11/26/2020 4 p.m. EST",13302,13460,9765,-3537
ISNE,"11/26/2020 5 p.m. EST",13334,13710,9760,-3574
ISNE,"11/26/2020 6 p.m. EST",13210,13930,9350,-3860
ISNE,"11/26/2020 7 p.m. EST",12730,13520,9417,-3313
ISNE,"11/26/2020 8 p.m. EST",12467,13120,9374,-3093
ISNE,"11/26/2020 9 p.m. EST",12197,12670,9328,-2869
ISNE,"11/26/2020 10 p.m. EST",11709,12100,8877,-2832
ISNE,"11/26/2020 11 p.m. EST",11041,11330,8590,-2451
ISNE,"11/27/2020 12 a.m. EST",10385,10440,8473,-1912
ISNE,"11/27/2020 1 a.m. EST",10129,9620,7947,-2182
ISNE,"11/27/2020 2 a.m. EST",9845,9300,7674,-2171
ISNE,"11/27/2020 3 a.m. EST",9630,9150,7479,-2151
ISNE,"11/27/2020 4 a.m. EST",9417,9130,7453,-1964
ISNE,"11/27/2020 5 a.m. EST",9624,9340,7447,-2177
ISNE,"11/27/2020 6 a.m. EST",10157,9880,7796,-2361
ISNE,"11/27/2020 7 a.m. EST",10911,10640,8000,-2911
ISNE,"11/27/2020 8 a.m. EST",11231,11190,8410,-2821
ISNE,"11/27/2020 9 a.m. EST",11643,11640,8801,-2842
ISNE,"11/27/2020 10 a.m. EST",12060,12030,8996,-3064
ISNE,"11/27/2020 11 a.m. EST",12236,12180,9018,-3218
ISNE,"11/27/2020 12 p.m. EST",12278,12220,9094,-3184
ISNE,"11/27/2020 1 p.m. EST",12424,12380,9177,-3247
ISNE,"11/27/2020 2 p.m. EST",12454,12450,9406,-3048
ISNE,"11/27/2020 3 p.m. EST",12540,12620,9482,-3058
ISNE,"11/27/2020 4 p.m. EST",12840,12940,9637,-3203
ISNE,"11/27/2020 5 p.m. EST",13628,13740,10326,-3302
ISNE,"11/27/2020 6 p.m. EST",14132,14210,10990,-3142
ISNE,"11/27/2020 7 p.m. EST",13815,13760,10858,-2957
ISNE,"11/27/2020 8 p.m. EST",13318,13280,10211,-3107
ISNE,"11/27/2020 9 p.m. EST",12738,12760,9949,-2789
ISNE,"11/27/2020 10 p.m. EST",12041,12120,9291,-2750
ISNE,"11/27/2020 11 p.m. EST",11229,11420,8460,-2769
ISNE,"11/28/2020 12 a.m. EST",10417,10590,8065,-2352
ISNE,"11/28/2020 1 a.m. EST",10104,9810,7825,-2279
ISNE,"11/28/2020 2 a.m. EST",9965,9430,7918,-2047
ISNE,"11/28/2020 3 a.m. EST",9743,9220,7859,-1884
ISNE,"11/28/2020 4 a.m. EST",9675,9160,7712,-1963
ISNE,"11/28/2020 5 a.m. EST",9798,9290,7822,-1976
ISNE,"11/28/2020 6 a.m. EST",9893,9610,7756,-2137
ISNE,"11/28/2020 7 a.m. EST",10182,10200,7997,-2185
ISNE,"11/28/2020 8 a.m. EST",10777,10630,8590,-2187
ISNE,"11/28/2020 9 a.m. EST",11383,11430,8967,-2416
ISNE,"11/28/2020 10 a.m. EST",11729,11720,9125,-2604
ISNE,"11/28/2020 11 a.m. EST",11637,11560,8833,-2804
ISNE,"11/28/2020 12 p.m. EST",11413,11370,8485,-2928
ISNE,"11/28/2020 1 p.m. EST",11594,11270,8543,-3051
ISNE,"11/28/2020 2 p.m. EST",11772,11320,8474,-3298
ISNE,"11/28/2020 3 p.m. EST",12034,11670,8653,-3381
ISNE,"11/28/2020 4 p.m. EST",12556,12330,8952,-3604
ISNE,"11/28/2020 5 p.m. EST",13529,13190,10149,-3380
ISNE,"11/28/2020 6 p.m. EST",14282,13880,10767,-3515
ISNE,"11/28/2020 7 p.m. EST",14083,13580,10624,-3459
ISNE,"11/28/2020 8 p.m. EST",13648,13160,10225,-3423
ISNE,"11/28/2020 9 p.m. EST",13172,12680,9910,-3262
ISNE,"11/28/2020 10 p.m. EST",12543,12140,9590,-2953
ISNE,"11/28/2020 11 p.m. EST",11798,11470,8703,-3095
ISNE,"11/29/2020 12 a.m. EST",11025,10780,8054,-2971
ISNE,"11/29/2020 1 a.m. EST",10647,10440,7808,-2839
ISNE,"11/29/2020 2 a.m. EST",10344,10100,7804,-2540
ISNE,"11/29/2020 3 a.m. EST",10160,9910,8013,-2147
ISNE,"11/29/2020 4 a.m. EST",10101,9850,7735,-2366
ISNE,"11/29/2020 5 a.m. EST",10106,9960,7863,-2243
ISNE,"11/29/2020 6 a.m. EST",10268,10190,7679,-2589
ISNE,"11/29/2020 7 a.m. EST",10794,10600,8310,-2484
ISNE,"11/29/2020 8 a.m. EST",11213,11150,8439,-2774
ISNE,"11/29/2020 9 a.m. EST",11217,11190,8212,-3005
ISNE,"11/29/2020 10 a.m. EST",10896,10950,7949,-2947
ISNE,"11/29/2020 11 a.m. EST",10586,10830,7807,-2779
ISNE,"11/29/2020 12 p.m. EST",10476,10760,7709,-2767
ISNE,"11/29/2020 1 p.m. EST",10574,10860,7734,-2840
ISNE,"11/29/2020 2 p.m. EST",10846,11010,8038,-2808
ISNE,"11/29/2020 3 p.m. EST",11470,11350,8485,-2985
ISNE,"11/29/2020 4 p.m. EST",12385,12250,9131,-3254
ISNE,"11/29/2020 5 p.m. EST",13839,13420,10633,-3206
ISNE,"11/29/2020 6 p.m. EST",14819,14340,11673,-3146
ISNE,"11/29/2020 7 p.m. EST",14650,14190,11500,-3150
ISNE,"11/29/2020 8 p.m. EST",14178,13810,10951,-3227
ISNE,"11/29/2020 9 p.m. EST",13572,13280,10396,-3176
ISNE,"11/29/2020 10 p.m. EST",12740,12460,9579,-3161
ISNE,"11/29/2020 11 p.m. EST",11744,11610,8903,-2841
ISNE,"11/30/2020 12 a.m. EST",11310,10810,8471,-2839
ISNE,"11/30/2020 1 a.m. EST",11105,10340,7819,-3286
ISNE,"11/30/2020 2 a.m. EST",10832,10050,7541,-3291
ISNE,"11/30/2020 3 a.m. EST",10723,9940,7510,-3213
ISNE,"11/30/2020 4 a.m. EST",10784,10000,7885,-2899
ISNE,"11/30/2020 5 a.m. EST",10840,10370,8017,-2823
ISNE,"11/30/2020 6 a.m. EST",11493,11240,8728,-2765
ISNE,"11/30/2020 7 a.m. EST",12592,12600,9838,-2754
ISNE,"11/30/2020 8 a.m. EST",13634,13650,10553,-3081
ISNE,"11/30/2020 9 a.m. EST",14233,14240,10988,-3245
ISNE,"11/30/2020 10 a.m. EST",14465,14470,11358,-3107
ISNE,"11/30/2020 11 a.m. EST",14740,14740,11477,-3263
ISNE,"11/30/2020 12 p.m. EST",14977,14970,11722,-3255
ISNE,"11/30/2020 1 p.m. EST",15085,15090,11737,-3348
ISNE,"11/30/2020 2 p.m. EST",15146,15150,11619,-3527
ISNE,"11/30/2020 3 p.m. EST",15072,15060,11142,-3930
ISNE,"11/30/2020 4 p.m. EST",15042,15030,11164,-3878
ISNE,"11/30/2020 5 p.m. EST",15534,15560,12025,-3509
ISNE,"11/30/2020 6 p.m. EST",15886,15880,12286,-3600
ISNE,"11/30/2020 7 p.m. EST",15366,15430,11925,-3441
ISNE,"11/30/2020 8 p.m. EST",14658,14550,11448,-3210
ISNE,"11/30/2020 9 p.m. EST",13791,13920,10734,-3057
ISNE,"11/30/2020 10 p.m. EST",12797,12910,9793,-3004
ISNE,"11/30/2020 11 p.m. EST",11704,11720,8958,-2746
ISNE,"12/1/2020 12 a.m. EST",11014,10710,8549,-2465
