"BA Code","Timestamp (Hour Ending)","Demand (MWh)","Demand Forecast (MWh)","Net Generation (MWh)","Total Interchange (MWh)"
ISNE,"8/1/2016 12 a.m. EDT",13794,13900,11208,-2586
ISNE,"8/1/2016 1 a.m. EDT",13371,12970,10888,-2483
ISNE,"8/1/2016 2 a.m. EDT",13212,12360,10726,-2486
ISNE,"8/1/2016 3 a.m. EDT",13297,12020,10772,-2525
ISNE,"8/1/2016 4 a.m. EDT",13162,11910,10769,-2393
ISNE,"8/1/2016 5 a.m. EDT",13217,12110,10883,-2334
ISNE,"8/1/2016 6 a.m. EDT",13385,12800,11309,-2076
ISNE,"8/1/2016 7 a.m. EDT",14258,14140,12201,-2057
ISNE,"8/1/2016 8 a.m. EDT",15355,15410,13057,-2298
ISNE,"8/1/2016 9 a.m. EDT",16258,16190,13755,-2503
ISNE,"8/1/2016 10 a.m. EDT",17004,16760,14650,-2354
ISNE,"8/1/2016 11 a.m. EDT",17598,17180,15255,-2343
ISNE,"8/1/2016 12 p.m. EDT",18016,17490,15512,-2504
ISNE,"8/1/2016 1 p.m. EDT",18251,17500,15649,-2602
ISNE,"8/1/2016 2 p.m. EDT",18505,17790,15809,-2696
ISNE,"8/1/2016 3 p.m. EDT",18604,17810,15991,-2613
ISNE,"8/1/2016 4 p.m. EDT",18516,17830,16179,-2337
ISNE,"8/1/2016 5 p.m. EDT",18467,17870,16219,-2248
ISNE,"8/1/2016 6 p.m. EDT",18388,17900,16083,-2305
ISNE,"8/1/2016 7 p.m. EDT",18031,17350,15552,-2479
ISNE,"8/1/2016 8 p.m. EDT",17696,17100,15220,-2476
ISNE,"8/1/2016 9 p.m. EDT",17581,17140,15221,-2360
ISNE,"8/1/2016 10 p.m. EDT",16736,16190,14190,-2546
ISNE,"8/1/2016 11 p.m. EDT",15318,14750,13026,-2292
ISNE,"8/2/2016 12 a.m. EDT",13908,13450,11642,-2266
ISNE,"8/2/2016 1 a.m. EDT",12989,12510,10308,-2681
ISNE,"8/2/2016 2 a.m. EDT",12709,11960,10234,-2475
ISNE,"8/2/2016 3 a.m. EDT",12685,11600,10195,-2490
ISNE,"8/2/2016 4 a.m. EDT",12725,11460,10436,-2289
ISNE,"8/2/2016 5 a.m. EDT",12866,11580,10511,-2355
ISNE,"8/2/2016 6 a.m. EDT",13289,12530,10854,-2435
ISNE,"8/2/2016 7 a.m. EDT",13934,13880,11333,-2601
ISNE,"8/2/2016 8 a.m. EDT",15051,15050,12533,-2518
ISNE,"8/2/2016 9 a.m. EDT",15842,15800,13302,-2540
ISNE,"8/2/2016 10 a.m. EDT",16294,16250,13614,-2680
ISNE,"8/2/2016 11 a.m. EDT",16726,16670,14017,-2709
ISNE,"8/2/2016 12 p.m. EDT",16928,16960,14247,-2681
ISNE,"8/2/2016 1 p.m. EDT",16983,17170,14295,-2688
ISNE,"8/2/2016 2 p.m. EDT",17065,17530,14311,-2754
ISNE,"8/2/2016 3 p.m. EDT",17015,17700,14225,-2790
ISNE,"8/2/2016 4 p.m. EDT",17031,17860,14482,-2549
ISNE,"8/2/2016 5 p.m. EDT",17189,17990,14737,-2452
ISNE,"8/2/2016 6 p.m. EDT",17373,18180,14735,-2638
ISNE,"8/2/2016 7 p.m. EDT",17278,17850,14887,-2391
ISNE,"8/2/2016 8 p.m. EDT",16842,17370,14545,-2297
ISNE,"8/2/2016 9 p.m. EDT",16711,17270,14348,-2363
ISNE,"8/2/2016 10 p.m. EDT",16018,16420,13626,-2392
ISNE,"8/2/2016 11 p.m. EDT",14593,14890,12085,-2508
ISNE,"8/3/2016 12 a.m. EDT",13261,13460,10651,-2610
ISNE,"8/3/2016 1 a.m. EDT",12405,12460,9671,-2734
ISNE,"8/3/2016 2 a.m. EDT",12290,11790,9506,-2784
ISNE,"8/3/2016 3 a.m. EDT",12127,11380,9468,-2659
ISNE,"8/3/2016 4 a.m. EDT",12365,11180,9692,-2673
ISNE,"8/3/2016 5 a.m. EDT",12547,11350,9724,-2823
ISNE,"8/3/2016 6 a.m. EDT",12616,12010,9781,-2835
ISNE,"8/3/2016 7 a.m. EDT",13017,13220,10445,-2572
ISNE,"8/3/2016 8 a.m. EDT",14076,14590,11634,-2442
ISNE,"8/3/2016 9 a.m. EDT",14971,15430,12533,-2438
ISNE,"8/3/2016 10 a.m. EDT",15587,16080,13007,-2580
ISNE,"8/3/2016 11 a.m. EDT",16192,16640,13661,-2531
ISNE,"8/3/2016 12 p.m. EDT",16718,17150,14115,-2603
ISNE,"8/3/2016 1 p.m. EDT",17134,17530,14708,-2426
ISNE,"8/3/2016 2 p.m. EDT",17683,17990,15387,-2296
ISNE,"8/3/2016 3 p.m. EDT",18110,18320,15752,-2358
ISNE,"8/3/2016 4 p.m. EDT",18470,18590,16103,-2367
ISNE,"8/3/2016 5 p.m. EDT",18755,18810,16217,-2538
ISNE,"8/3/2016 6 p.m. EDT",18851,19000,16195,-2656
ISNE,"8/3/2016 7 p.m. EDT",18536,18520,16000,-2536
ISNE,"8/3/2016 8 p.m. EDT",17927,17890,15414,-2513
ISNE,"8/3/2016 9 p.m. EDT",17640,17770,15231,-2409
ISNE,"8/3/2016 10 p.m. EDT",16820,16890,14415,-2405
ISNE,"8/3/2016 11 p.m. EDT",15237,15320,12768,-2469
ISNE,"8/4/2016 12 a.m. EDT",13721,13790,11114,-2607
ISNE,"8/4/2016 1 a.m. EDT",12809,12420,10505,-2304
ISNE,"8/4/2016 2 a.m. EDT",12668,11730,10227,-2441
ISNE,"8/4/2016 3 a.m. EDT",12640,11300,10133,-2507
ISNE,"8/4/2016 4 a.m. EDT",12504,11100,10117,-2387
ISNE,"8/4/2016 5 a.m. EDT",12461,11260,10218,-2243
ISNE,"8/4/2016 6 a.m. EDT",12812,11880,10454,-2358
ISNE,"8/4/2016 7 a.m. EDT",13661,13090,11045,-2616
ISNE,"8/4/2016 8 a.m. EDT",14350,14470,11823,-2527
ISNE,"8/4/2016 9 a.m. EDT",15273,15410,12998,-2275
ISNE,"8/4/2016 10 a.m. EDT",16055,16120,13673,-2382
ISNE,"8/4/2016 11 a.m. EDT",16761,16820,14338,-2423
ISNE,"8/4/2016 12 p.m. EDT",17357,17310,14923,-2434
ISNE,"8/4/2016 1 p.m. EDT",17861,17740,15599,-2262
ISNE,"8/4/2016 2 p.m. EDT",18429,18230,16168,-2261
ISNE,"8/4/2016 3 p.m. EDT",18874,18570,16427,-2447
ISNE,"8/4/2016 4 p.m. EDT",19262,18860,16737,-2525
ISNE,"8/4/2016 5 p.m. EDT",19627,19100,17009,-2618
ISNE,"8/4/2016 6 p.m. EDT",19767,19070,16842,-2925
ISNE,"8/4/2016 7 p.m. EDT",19435,18750,16552,-2883
ISNE,"8/4/2016 8 p.m. EDT",18688,18050,15665,-3023
ISNE,"8/4/2016 9 p.m. EDT",18373,17940,15663,-2710
ISNE,"8/4/2016 10 p.m. EDT",17503,17100,15107,-2396
ISNE,"8/4/2016 11 p.m. EDT",15886,15510,13285,-2601
ISNE,"8/5/2016 12 a.m. EDT",14286,14010,11412,-2874
ISNE,"8/5/2016 1 a.m. EDT",13374,12810,10798,-2576
ISNE,"8/5/2016 2 a.m. EDT",13074,12080,10378,-2696
ISNE,"8/5/2016 3 a.m. EDT",12913,11600,10206,-2707
ISNE,"8/5/2016 4 a.m. EDT",13152,11370,10484,-2668
ISNE,"8/5/2016 5 a.m. EDT",13205,11700,10406,-2799
ISNE,"8/5/2016 6 a.m. EDT",13441,12290,10534,-2907
ISNE,"8/5/2016 7 a.m. EDT",13943,13460,10889,-3054
ISNE,"8/5/2016 8 a.m. EDT",14757,14960,11947,-2810
ISNE,"8/5/2016 9 a.m. EDT",15800,15960,13378,-2422
ISNE,"8/5/2016 10 a.m. EDT",16705,16850,14138,-2567
ISNE,"8/5/2016 11 a.m. EDT",17524,17700,14927,-2597
ISNE,"8/5/2016 12 p.m. EDT",18256,18540,15646,-2610
ISNE,"8/5/2016 1 p.m. EDT",18843,19070,16389,-2454
ISNE,"8/5/2016 2 p.m. EDT",19450,19640,16821,-2629
ISNE,"8/5/2016 3 p.m. EDT",19937,20180,17390,-2547
ISNE,"8/5/2016 4 p.m. EDT",20246,20340,17781,-2465
ISNE,"8/5/2016 5 p.m. EDT",20540,20540,17704,-2836
ISNE,"8/5/2016 6 p.m. EDT",20588,20350,17587,-3001
ISNE,"8/5/2016 7 p.m. EDT",20098,19880,16722,-3376
ISNE,"8/5/2016 8 p.m. EDT",19269,18950,15825,-3444
ISNE,"8/5/2016 9 p.m. EDT",18869,18610,15729,-3140
ISNE,"8/5/2016 10 p.m. EDT",18058,17820,15037,-3021
ISNE,"8/5/2016 11 p.m. EDT",16682,16430,13825,-2857
ISNE,"8/6/2016 12 a.m. EDT",15204,14880,12302,-2902
ISNE,"8/6/2016 1 a.m. EDT",14013,13770,11509,-2504
ISNE,"8/6/2016 2 a.m. EDT",13543,12970,10545,-2998
ISNE,"8/6/2016 3 a.m. EDT",13453,12420,10550,-2903
ISNE,"8/6/2016 4 a.m. EDT",13125,12110,10212,-2913
ISNE,"8/6/2016 5 a.m. EDT",13326,12070,10376,-2950
ISNE,"8/6/2016 6 a.m. EDT",13248,12420,10289,-2959
ISNE,"8/6/2016 7 a.m. EDT",13214,12800,10147,-3067
ISNE,"8/6/2016 8 a.m. EDT",13986,13920,11175,-2811
ISNE,"8/6/2016 9 a.m. EDT",15128,15290,12399,-2729
ISNE,"8/6/2016 10 a.m. EDT",16286,16510,13235,-3051
ISNE,"8/6/2016 11 a.m. EDT",17203,17440,14008,-3195
ISNE,"8/6/2016 12 p.m. EDT",17876,18200,14597,-3279
ISNE,"8/6/2016 1 p.m. EDT",18470,18760,15235,-3235
ISNE,"8/6/2016 2 p.m. EDT",19115,19170,15833,-3282
ISNE,"8/6/2016 3 p.m. EDT",19583,19520,16116,-3467
ISNE,"8/6/2016 4 p.m. EDT",20011,19830,16621,-3390
ISNE,"8/6/2016 5 p.m. EDT",20364,20020,16958,-3406
ISNE,"8/6/2016 6 p.m. EDT",20509,20030,17069,-3440
ISNE,"8/6/2016 7 p.m. EDT",20098,19700,16491,-3607
ISNE,"8/6/2016 8 p.m. EDT",19442,19090,15875,-3567
ISNE,"8/6/2016 9 p.m. EDT",19111,18740,15726,-3385
ISNE,"8/6/2016 10 p.m. EDT",18281,18030,15357,-2924
ISNE,"8/6/2016 11 p.m. EDT",16860,16810,14073,-2787
ISNE,"8/7/2016 12 a.m. EDT",15349,15340,12133,-3216
ISNE,"8/7/2016 1 a.m. EDT",14209,13740,11149,-3060
ISNE,"8/7/2016 2 a.m. EDT",13886,12970,11024,-2862
ISNE,"8/7/2016 3 a.m. EDT",13500,12340,10924,-2576
ISNE,"8/7/2016 4 a.m. EDT",13079,11920,10539,-2540
ISNE,"8/7/2016 5 a.m. EDT",13065,11680,10390,-2675
ISNE,"8/7/2016 6 a.m. EDT",13009,11570,10393,-2616
ISNE,"8/7/2016 7 a.m. EDT",13020,11770,10248,-2772
ISNE,"8/7/2016 8 a.m. EDT",13227,12630,10646,-2581
ISNE,"8/7/2016 9 a.m. EDT",14067,13820,11494,-2573
ISNE,"8/7/2016 10 a.m. EDT",14813,14920,12548,-2265
ISNE,"8/7/2016 11 a.m. EDT",15693,15820,13348,-2345
ISNE,"8/7/2016 12 p.m. EDT",16476,16600,13947,-2529
ISNE,"8/7/2016 1 p.m. EDT",17098,17200,14504,-2594
ISNE,"8/7/2016 2 p.m. EDT",17485,17690,14757,-2728
ISNE,"8/7/2016 3 p.m. EDT",17770,18110,14941,-2829
ISNE,"8/7/2016 4 p.m. EDT",18143,18650,15302,-2841
ISNE,"8/7/2016 5 p.m. EDT",18614,19200,15856,-2758
ISNE,"8/7/2016 6 p.m. EDT",18967,19620,16296,-2671
ISNE,"8/7/2016 7 p.m. EDT",18913,19550,16056,-2857
ISNE,"8/7/2016 8 p.m. EDT",18384,19000,15473,-2911
ISNE,"8/7/2016 9 p.m. EDT",18169,18710,15592,-2577
ISNE,"8/7/2016 10 p.m. EDT",17356,17950,15044,-2312
ISNE,"8/7/2016 11 p.m. EDT",15901,16390,13606,-2295
ISNE,"8/8/2016 12 a.m. EDT",14695,14890,12450,-2245
ISNE,"8/8/2016 1 a.m. EDT",13845,13180,11498,-2347
ISNE,"8/8/2016 2 a.m. EDT",13226,12430,10985,-2241
ISNE,"8/8/2016 3 a.m. EDT",12994,11900,10640,-2354
ISNE,"8/8/2016 4 a.m. EDT",13027,11690,10543,-2484
ISNE,"8/8/2016 5 a.m. EDT",13125,11810,10646,-2479
ISNE,"8/8/2016 6 a.m. EDT",13185,12460,10754,-2431
ISNE,"8/8/2016 7 a.m. EDT",14072,13640,11828,-2244
ISNE,"8/8/2016 8 a.m. EDT",14904,15030,12297,-2607
ISNE,"8/8/2016 9 a.m. EDT",15944,16060,13449,-2495
ISNE,"8/8/2016 10 a.m. EDT",16706,16910,14056,-2650
ISNE,"8/8/2016 11 a.m. EDT",17434,17650,14783,-2651
ISNE,"8/8/2016 12 p.m. EDT",18019,18300,15309,-2710
ISNE,"8/8/2016 1 p.m. EDT",18566,18760,15893,-2673
ISNE,"8/8/2016 2 p.m. EDT",19096,19250,16557,-2539
ISNE,"8/8/2016 3 p.m. EDT",19513,19670,17129,-2384
ISNE,"8/8/2016 4 p.m. EDT",19841,19940,17379,-2462
ISNE,"8/8/2016 5 p.m. EDT",20229,20240,17901,-2328
ISNE,"8/8/2016 6 p.m. EDT",20434,20420,17950,-2484
ISNE,"8/8/2016 7 p.m. EDT",20173,19920,17201,-2972
ISNE,"8/8/2016 8 p.m. EDT",19424,18990,16418,-3006
ISNE,"8/8/2016 9 p.m. EDT",18999,18590,16014,-2985
ISNE,"8/8/2016 10 p.m. EDT",17883,17480,14902,-2981
ISNE,"8/8/2016 11 p.m. EDT",16089,15800,13265,-2824
ISNE,"8/9/2016 12 a.m. EDT",14521,14250,12179,-2342
ISNE,"8/9/2016 1 a.m. EDT",13803,12880,10817,-2986
ISNE,"8/9/2016 2 a.m. EDT",13397,12130,10379,-3018
ISNE,"8/9/2016 3 a.m. EDT",13167,11640,10489,-2678
ISNE,"8/9/2016 4 a.m. EDT",12836,11400,10338,-2498
ISNE,"8/9/2016 5 a.m. EDT",12901,11510,10486,-2415
ISNE,"8/9/2016 6 a.m. EDT",13344,12240,10618,-2726
ISNE,"8/9/2016 7 a.m. EDT",14093,13460,11400,-2693
ISNE,"8/9/2016 8 a.m. EDT",15051,14750,12365,-2686
ISNE,"8/9/2016 9 a.m. EDT",15735,15760,13021,-2714
ISNE,"8/9/2016 10 a.m. EDT",16463,16520,13642,-2821
ISNE,"8/9/2016 11 a.m. EDT",17209,17310,14612,-2597
ISNE,"8/9/2016 12 p.m. EDT",17932,17980,15288,-2644
ISNE,"8/9/2016 1 p.m. EDT",18570,18500,15998,-2572
ISNE,"8/9/2016 2 p.m. EDT",19321,19130,16742,-2579
ISNE,"8/9/2016 3 p.m. EDT",19902,19610,17054,-2848
ISNE,"8/9/2016 4 p.m. EDT",20437,19970,17649,-2788
ISNE,"8/9/2016 5 p.m. EDT",20819,20340,18255,-2564
ISNE,"8/9/2016 6 p.m. EDT",20947,20400,18261,-2686
ISNE,"8/9/2016 7 p.m. EDT",20538,20000,17728,-2810
ISNE,"8/9/2016 8 p.m. EDT",19857,19400,16974,-2883
ISNE,"8/9/2016 9 p.m. EDT",19526,19100,16578,-2948
ISNE,"8/9/2016 10 p.m. EDT",18449,18110,15726,-2723
ISNE,"8/9/2016 11 p.m. EDT",16768,16400,14051,-2717
ISNE,"8/10/2016 12 a.m. EDT",15106,14820,12327,-2779
ISNE,"8/10/2016 1 a.m. EDT",14598,13590,11833,-2765
ISNE,"8/10/2016 2 a.m. EDT",14399,12870,11634,-2765
ISNE,"8/10/2016 3 a.m. EDT",14187,12390,11349,-2838
ISNE,"8/10/2016 4 a.m. EDT",14030,12180,11434,-2596
ISNE,"8/10/2016 5 a.m. EDT",14179,12330,11593,-2586
ISNE,"8/10/2016 6 a.m. EDT",14783,13300,12162,-2621
ISNE,"8/10/2016 7 a.m. EDT",15234,14600,12558,-2676
ISNE,"8/10/2016 8 a.m. EDT",16196,16100,13666,-2530
ISNE,"8/10/2016 9 a.m. EDT",17306,17150,14685,-2621
ISNE,"8/10/2016 10 a.m. EDT",18020,18000,15549,-2471
ISNE,"8/10/2016 11 a.m. EDT",18544,18830,16208,-2336
ISNE,"8/10/2016 12 p.m. EDT",18822,19540,16524,-2298
ISNE,"8/10/2016 1 p.m. EDT",18871,20120,16696,-2175
ISNE,"8/10/2016 2 p.m. EDT",19007,20630,16933,-2074
ISNE,"8/10/2016 3 p.m. EDT",19124,21130,17292,-1832
ISNE,"8/10/2016 4 p.m. EDT",19446,21510,17902,-1544
ISNE,"8/10/2016 5 p.m. EDT",19895,21830,18356,-1539
ISNE,"8/10/2016 6 p.m. EDT",20195,22050,18493,-1702
ISNE,"8/10/2016 7 p.m. EDT",20215,21730,18169,-2046
ISNE,"8/10/2016 8 p.m. EDT",20057,21180,17768,-2289
ISNE,"8/10/2016 9 p.m. EDT",20220,20700,17740,-2480
ISNE,"8/10/2016 10 p.m. EDT",19458,19690,16681,-2777
ISNE,"8/10/2016 11 p.m. EDT",18037,18040,15291,-2746
ISNE,"8/11/2016 12 a.m. EDT",16961,16320,14430,-2531
ISNE,"8/11/2016 1 a.m. EDT",16302,15040,13460,-2842
ISNE,"8/11/2016 2 a.m. EDT",16169,14150,13123,-3046
ISNE,"8/11/2016 3 a.m. EDT",15755,13580,12788,-2967
ISNE,"8/11/2016 4 a.m. EDT",15518,13320,12855,-2663
ISNE,"8/11/2016 5 a.m. EDT",15647,13950,13219,-2428
ISNE,"8/11/2016 6 a.m. EDT",16287,14800,13784,-2503
ISNE,"8/11/2016 7 a.m. EDT",16973,16200,14333,-2640
ISNE,"8/11/2016 8 a.m. EDT",17938,17930,15428,-2510
ISNE,"8/11/2016 9 a.m. EDT",19228,19160,16410,-2818
ISNE,"8/11/2016 10 a.m. EDT",20348,20380,17358,-2990
ISNE,"8/11/2016 11 a.m. EDT",21513,21320,18245,-3268
ISNE,"8/11/2016 12 p.m. EDT",22535,22380,19372,-3163
ISNE,"8/11/2016 1 p.m. EDT",23323,23200,20304,-3019
ISNE,"8/11/2016 2 p.m. EDT",24158,24050,21254,-2904
ISNE,"8/11/2016 3 p.m. EDT",24539,24700,21680,-2859
ISNE,"8/11/2016 4 p.m. EDT",24699,24800,21289,-3410
ISNE,"8/11/2016 5 p.m. EDT",24953,25100,21376,-3577
ISNE,"8/11/2016 6 p.m. EDT",25013,24950,21444,-3569
ISNE,"8/11/2016 7 p.m. EDT",24555,24350,20768,-3787
ISNE,"8/11/2016 8 p.m. EDT",24064,23610,20255,-3809
ISNE,"8/11/2016 9 p.m. EDT",23732,23330,20049,-3683
ISNE,"8/11/2016 10 p.m. EDT",22500,22060,18954,-3546
ISNE,"8/11/2016 11 p.m. EDT",20597,20140,17138,-3459
ISNE,"8/12/2016 12 a.m. EDT",19065,18270,15747,-3318
ISNE,"8/12/2016 1 a.m. EDT",18481,16500,15099,-3382
ISNE,"8/12/2016 2 a.m. EDT",17621,15870,14425,-3196
ISNE,"8/12/2016 3 a.m. EDT",17226,15090,13982,-3244
ISNE,"8/12/2016 4 a.m. EDT",16887,14790,13696,-3191
ISNE,"8/12/2016 5 a.m. EDT",16896,15220,13692,-3204
ISNE,"8/12/2016 6 a.m. EDT",17352,15960,14219,-3133
ISNE,"8/12/2016 7 a.m. EDT",18039,17290,14908,-3131
ISNE,"8/12/2016 8 a.m. EDT",18832,19020,15652,-3180
ISNE,"8/12/2016 9 a.m. EDT",19988,20590,16621,-3367
ISNE,"8/12/2016 10 a.m. EDT",21232,21820,17737,-3495
ISNE,"8/12/2016 11 a.m. EDT",22516,22840,19122,-3394
ISNE,"8/12/2016 12 p.m. EDT",23594,23780,20288,-3306
ISNE,"8/12/2016 1 p.m. EDT",24402,24550,21152,-3250
ISNE,"8/12/2016 2 p.m. EDT",25035,25170,21875,-3160
ISNE,"8/12/2016 3 p.m. EDT",25411,25420,22035,-3376
ISNE,"8/12/2016 4 p.m. EDT",25463,25400,22064,-3399
ISNE,"8/12/2016 5 p.m. EDT",25101,25260,21719,-3382
ISNE,"8/12/2016 6 p.m. EDT",24554,24690,21089,-3465
ISNE,"8/12/2016 7 p.m. EDT",23739,24370,20084,-3655
ISNE,"8/12/2016 8 p.m. EDT",23037,23570,19354,-3683
ISNE,"8/12/2016 9 p.m. EDT",22596,23070,19069,-3527
ISNE,"8/12/2016 10 p.m. EDT",21378,22070,17903,-3475
ISNE,"8/12/2016 11 p.m. EDT",19837,20400,16312,-3525
ISNE,"8/13/2016 12 a.m. EDT",18667,18710,15202,-3465
ISNE,"8/13/2016 1 a.m. EDT",17378,16920,14192,-3186
ISNE,"8/13/2016 2 a.m. EDT",16717,15950,13307,-3410
ISNE,"8/13/2016 3 a.m. EDT",16292,15370,13152,-3140
ISNE,"8/13/2016 4 a.m. EDT",16047,14930,13290,-2757
ISNE,"8/13/2016 5 a.m. EDT",16175,14690,13293,-2882
ISNE,"8/13/2016 6 a.m. EDT",16156,14760,13209,-2947
ISNE,"8/13/2016 7 a.m. EDT",16209,15130,13214,-2995
ISNE,"8/13/2016 8 a.m. EDT",16677,16200,13528,-3149
ISNE,"8/13/2016 9 a.m. EDT",17160,17560,14119,-3041
ISNE,"8/13/2016 10 a.m. EDT",18048,18680,14797,-3251
ISNE,"8/13/2016 11 a.m. EDT",18946,19680,15785,-3161
ISNE,"8/13/2016 12 p.m. EDT",19610,20260,16603,-3007
ISNE,"8/13/2016 1 p.m. EDT",20095,20860,17245,-2850
ISNE,"8/13/2016 2 p.m. EDT",20412,21150,18161,-2251
ISNE,"8/13/2016 3 p.m. EDT",20643,21210,18234,-2409
ISNE,"8/13/2016 4 p.m. EDT",20786,21280,18486,-2300
ISNE,"8/13/2016 5 p.m. EDT",20926,21500,18720,-2206
ISNE,"8/13/2016 6 p.m. EDT",20858,21380,18562,-2296
ISNE,"8/13/2016 7 p.m. EDT",20473,21040,18066,-2407
ISNE,"8/13/2016 8 p.m. EDT",20013,20360,17469,-2544
ISNE,"8/13/2016 9 p.m. EDT",19852,20080,17407,-2445
ISNE,"8/13/2016 10 p.m. EDT",18865,19230,16076,-2789
ISNE,"8/13/2016 11 p.m. EDT",17409,17990,14796,-2613
ISNE,"8/14/2016 12 a.m. EDT",16205,16520,13661,-2544
ISNE,"8/14/2016 1 a.m. EDT",15330,15490,12714,-2616
ISNE,"8/14/2016 2 a.m. EDT",15040,14900,12492,-2548
ISNE,"8/14/2016 3 a.m. EDT",14553,14560,12130,-2423
ISNE,"8/14/2016 4 a.m. EDT",14260,14190,12208,-2052
ISNE,"8/14/2016 5 a.m. EDT",14148,14170,12360,-1788
ISNE,"8/14/2016 6 a.m. EDT",14175,13230,12410,-1765
ISNE,"8/14/2016 7 a.m. EDT",13622,13520,12119,-1503
ISNE,"8/14/2016 8 a.m. EDT",14389,14560,12732,-1657
ISNE,"8/14/2016 9 a.m. EDT",15837,16060,13559,-2278
ISNE,"8/14/2016 10 a.m. EDT",17546,17720,14948,-2598
ISNE,"8/14/2016 11 a.m. EDT",19222,19130,16310,-2912
ISNE,"8/14/2016 12 p.m. EDT",20557,20100,17631,-2926
ISNE,"8/14/2016 1 p.m. EDT",21579,21060,18571,-3008
ISNE,"8/14/2016 2 p.m. EDT",22293,21780,18996,-3297
ISNE,"8/14/2016 3 p.m. EDT",22762,22370,19494,-3268
ISNE,"8/14/2016 4 p.m. EDT",23209,22580,20276,-2933
ISNE,"8/14/2016 5 p.m. EDT",23635,22840,20679,-2956
ISNE,"8/14/2016 6 p.m. EDT",23994,22900,20726,-3268
ISNE,"8/14/2016 7 p.m. EDT",23747,22710,20491,-3256
ISNE,"8/14/2016 8 p.m. EDT",23146,22470,19588,-3558
ISNE,"8/14/2016 9 p.m. EDT",22786,21970,19334,-3452
ISNE,"8/14/2016 10 p.m. EDT",21510,21040,18076,-3434
ISNE,"8/14/2016 11 p.m. EDT",19769,19350,16255,-3514
ISNE,"8/15/2016 12 a.m. EDT",18040,17770,14796,-3244
ISNE,"8/15/2016 1 a.m. EDT",16924,15920,13891,-3033
ISNE,"8/15/2016 2 a.m. EDT",16538,14950,13510,-3028
ISNE,"8/15/2016 3 a.m. EDT",16494,14440,13460,-3034
ISNE,"8/15/2016 4 a.m. EDT",16224,14190,13086,-3138
ISNE,"8/15/2016 5 a.m. EDT",16200,14180,13038,-3162
ISNE,"8/15/2016 6 a.m. EDT",16361,15190,13205,-3156
ISNE,"8/15/2016 7 a.m. EDT",16455,16080,13342,-3113
ISNE,"8/15/2016 8 a.m. EDT",17628,17440,14740,-2888
ISNE,"8/15/2016 9 a.m. EDT",18775,18670,15916,-2859
ISNE,"8/15/2016 10 a.m. EDT",19666,19650,17035,-2631
ISNE,"8/15/2016 11 a.m. EDT",20523,20590,17318,-3205
ISNE,"8/15/2016 12 p.m. EDT",21219,21310,17982,-3237
ISNE,"8/15/2016 1 p.m. EDT",21750,21930,18994,-2756
ISNE,"8/15/2016 2 p.m. EDT",22340,22480,19115,-3225
ISNE,"8/15/2016 3 p.m. EDT",22772,22770,19647,-3125
ISNE,"8/15/2016 4 p.m. EDT",23046,22930,20062,-2984
ISNE,"8/15/2016 5 p.m. EDT",23266,23050,20246,-3020
ISNE,"8/15/2016 6 p.m. EDT",23178,22950,20107,-3071
ISNE,"8/15/2016 7 p.m. EDT",22622,22560,19311,-3311
ISNE,"8/15/2016 8 p.m. EDT",21795,21880,18659,-3136
ISNE,"8/15/2016 9 p.m. EDT",21352,21440,17961,-3391
ISNE,"8/15/2016 10 p.m. EDT",19969,20220,16688,-3281
ISNE,"8/15/2016 11 p.m. EDT",18100,18330,14845,-3255
ISNE,"8/16/2016 12 a.m. EDT",16528,16520,13294,-3234
ISNE,"8/16/2016 1 a.m. EDT",15398,15420,11903,-3495
ISNE,"8/16/2016 2 a.m. EDT",15164,14590,11770,-3394
ISNE,"8/16/2016 3 a.m. EDT",14978,14060,11531,-3447
ISNE,"8/16/2016 4 a.m. EDT",14707,13760,11202,-3505
ISNE,"8/16/2016 5 a.m. EDT",14773,13790,11423,-3350
ISNE,"8/16/2016 6 a.m. EDT",15197,13970,11968,-3229
ISNE,"8/16/2016 7 a.m. EDT",15951,15240,12817,-3134
ISNE,"8/16/2016 8 a.m. EDT",16718,16720,13655,-3063
ISNE,"8/16/2016 9 a.m. EDT",17453,17790,14293,-3160
ISNE,"8/16/2016 10 a.m. EDT",18218,18500,14939,-3279
ISNE,"8/16/2016 11 a.m. EDT",19009,19550,15611,-3398
ISNE,"8/16/2016 12 p.m. EDT",19854,20220,16424,-3430
ISNE,"8/16/2016 1 p.m. EDT",20548,20640,17131,-3417
ISNE,"8/16/2016 2 p.m. EDT",21213,21380,17746,-3467
ISNE,"8/16/2016 3 p.m. EDT",21450,21770,17924,-3526
ISNE,"8/16/2016 4 p.m. EDT",21444,22140,17950,-3494
ISNE,"8/16/2016 5 p.m. EDT",21537,22400,18159,-3378
ISNE,"8/16/2016 6 p.m. EDT",21634,22330,18199,-3435
ISNE,"8/16/2016 7 p.m. EDT",21411,21850,17982,-3429
ISNE,"8/16/2016 8 p.m. EDT",21173,21300,17660,-3513
ISNE,"8/16/2016 9 p.m. EDT",21108,21330,17559,-3549
ISNE,"8/16/2016 10 p.m. EDT",20089,20170,16472,-3617
ISNE,"8/16/2016 11 p.m. EDT",18592,18430,14960,-3632
ISNE,"8/17/2016 12 a.m. EDT",17136,16750,13755,-3381
ISNE,"8/17/2016 1 a.m. EDT",16373,15840,12977,-3396
ISNE,"8/17/2016 2 a.m. EDT",16357,15100,13301,-3056
ISNE,"8/17/2016 3 a.m. EDT",16569,14750,13476,-3093
ISNE,"8/17/2016 4 a.m. EDT",16606,14510,13496,-3110
ISNE,"8/17/2016 5 a.m. EDT",16654,14700,13552,-3102
ISNE,"8/17/2016 6 a.m. EDT",16906,15560,13790,-3116
ISNE,"8/17/2016 7 a.m. EDT",17469,16940,14372,-3097
ISNE,"8/17/2016 8 a.m. EDT",18483,18190,15335,-3148
ISNE,"8/17/2016 9 a.m. EDT",19264,19150,16096,-3168
ISNE,"8/17/2016 10 a.m. EDT",19577,19910,16434,-3143
ISNE,"8/17/2016 11 a.m. EDT",20024,20680,16879,-3145
ISNE,"8/17/2016 12 p.m. EDT",20288,21240,17190,-3098
ISNE,"8/17/2016 1 p.m. EDT",20312,21440,17373,-2939
ISNE,"8/17/2016 2 p.m. EDT",20529,21910,17401,-3128
ISNE,"8/17/2016 3 p.m. EDT",20699,22260,17294,-3405
ISNE,"8/17/2016 4 p.m. EDT",20858,22390,17550,-3308
ISNE,"8/17/2016 5 p.m. EDT",20929,22480,17593,-3336
ISNE,"8/17/2016 6 p.m. EDT",20794,22300,17481,-3313
ISNE,"8/17/2016 7 p.m. EDT",20182,21650,16741,-3441
ISNE,"8/17/2016 8 p.m. EDT",19590,21040,16242,-3348
ISNE,"8/17/2016 9 p.m. EDT",19401,20710,16084,-3317
ISNE,"8/17/2016 10 p.m. EDT",18293,19420,15136,-3157
ISNE,"8/17/2016 11 p.m. EDT",16595,17580,13448,-3147
ISNE,"8/18/2016 12 a.m. EDT",15063,15810,12298,-2765
ISNE,"8/18/2016 1 a.m. EDT",14008,14270,12073,-1935
ISNE,"8/18/2016 2 a.m. EDT",13797,13430,12017,-1780
ISNE,"8/18/2016 3 a.m. EDT",13721,12950,11929,-1792
ISNE,"8/18/2016 4 a.m. EDT",13575,12740,12123,-1452
ISNE,"8/18/2016 5 a.m. EDT",13682,12830,12282,-1400
ISNE,"8/18/2016 6 a.m. EDT",14178,13190,12670,-1508
ISNE,"8/18/2016 7 a.m. EDT",14691,14420,12782,-1909
ISNE,"8/18/2016 8 a.m. EDT",15489,15880,13610,-1879
ISNE,"8/18/2016 9 a.m. EDT",16313,16960,14400,-1913
ISNE,"8/18/2016 10 a.m. EDT",17056,17740,14961,-2095
ISNE,"8/18/2016 11 a.m. EDT",17998,18640,15766,-2232
ISNE,"8/18/2016 12 p.m. EDT",18842,19400,16307,-2535
ISNE,"8/18/2016 1 p.m. EDT",19593,19990,16867,-2726
ISNE,"8/18/2016 2 p.m. EDT",20458,20710,17769,-2689
ISNE,"8/18/2016 3 p.m. EDT",21109,21230,18417,-2692
ISNE,"8/18/2016 4 p.m. EDT",21585,21660,18742,-2843
ISNE,"8/18/2016 5 p.m. EDT",21918,22000,19050,-2868
ISNE,"8/18/2016 6 p.m. EDT",22046,21780,19231,-2815
ISNE,"8/18/2016 7 p.m. EDT",21667,21160,18696,-2971
ISNE,"8/18/2016 8 p.m. EDT",21030,20720,18071,-2959
ISNE,"8/18/2016 9 p.m. EDT",20808,20470,17846,-2962
ISNE,"8/18/2016 10 p.m. EDT",19681,19340,16857,-2824
ISNE,"8/18/2016 11 p.m. EDT",17968,17640,15220,-2748
ISNE,"8/19/2016 12 a.m. EDT",16253,15940,13449,-2804
ISNE,"8/19/2016 1 a.m. EDT",15207,14720,12726,-2481
ISNE,"8/19/2016 2 a.m. EDT",14836,13940,12454,-2382
ISNE,"8/19/2016 3 a.m. EDT",14779,13400,12229,-2550
ISNE,"8/19/2016 4 a.m. EDT",14568,13070,11708,-2860
ISNE,"8/19/2016 5 a.m. EDT",14559,13160,11572,-2987
ISNE,"8/19/2016 6 a.m. EDT",14680,13880,11912,-2768
ISNE,"8/19/2016 7 a.m. EDT",15018,15010,12355,-2663
ISNE,"8/19/2016 8 a.m. EDT",16308,16370,13712,-2596
ISNE,"8/19/2016 9 a.m. EDT",17413,17420,14681,-2732
ISNE,"8/19/2016 10 a.m. EDT",18243,18320,15277,-2966
ISNE,"8/19/2016 11 a.m. EDT",19030,19170,16091,-2939
ISNE,"8/19/2016 12 p.m. EDT",19716,19890,16620,-3096
ISNE,"8/19/2016 1 p.m. EDT",20248,20300,17193,-3055
ISNE,"8/19/2016 2 p.m. EDT",20763,20860,17548,-3215
ISNE,"8/19/2016 3 p.m. EDT",21089,21350,17869,-3220
ISNE,"8/19/2016 4 p.m. EDT",21316,21520,18163,-3153
ISNE,"8/19/2016 5 p.m. EDT",21432,21600,18345,-3087
ISNE,"8/19/2016 6 p.m. EDT",21208,21340,18062,-3146
ISNE,"8/19/2016 7 p.m. EDT",20549,20700,17550,-2999
ISNE,"8/19/2016 8 p.m. EDT",19757,19880,16665,-3092
ISNE,"8/19/2016 9 p.m. EDT",19411,19610,16424,-2987
ISNE,"8/19/2016 10 p.m. EDT",18306,18470,15623,-2683
ISNE,"8/19/2016 11 p.m. EDT",16816,16930,14184,-2632
ISNE,"8/20/2016 12 a.m. EDT",15248,15340,12505,-2743
ISNE,"8/20/2016 1 a.m. EDT",14002,14130,10977,-3025
ISNE,"8/20/2016 2 a.m. EDT",13326,13290,10591,-2735
ISNE,"8/20/2016 3 a.m. EDT",13358,12730,10401,-2957
ISNE,"8/20/2016 4 a.m. EDT",13049,12340,10004,-3045
ISNE,"8/20/2016 5 a.m. EDT",13197,12130,9858,-3339
ISNE,"8/20/2016 6 a.m. EDT",13389,12370,10171,-3218
ISNE,"8/20/2016 7 a.m. EDT",13481,12690,10521,-2960
ISNE,"8/20/2016 8 a.m. EDT",13825,13670,11121,-2704
ISNE,"8/20/2016 9 a.m. EDT",14947,15000,12344,-2603
ISNE,"8/20/2016 10 a.m. EDT",15665,15930,13132,-2533
ISNE,"8/20/2016 11 a.m. EDT",16572,16860,13853,-2719
ISNE,"8/20/2016 12 p.m. EDT",17314,17600,14412,-2902
ISNE,"8/20/2016 1 p.m. EDT",17829,18060,14867,-2962
ISNE,"8/20/2016 2 p.m. EDT",18051,18450,15093,-2958
ISNE,"8/20/2016 3 p.m. EDT",18213,18840,15329,-2884
ISNE,"8/20/2016 4 p.m. EDT",18396,19060,15275,-3121
ISNE,"8/20/2016 5 p.m. EDT",18607,19200,15473,-3134
ISNE,"8/20/2016 6 p.m. EDT",18791,19120,15690,-3101
ISNE,"8/20/2016 7 p.m. EDT",18456,18670,15119,-3337
ISNE,"8/20/2016 8 p.m. EDT",17920,18150,14628,-3292
ISNE,"8/20/2016 9 p.m. EDT",17806,18070,14652,-3154
ISNE,"8/20/2016 10 p.m. EDT",16993,17110,14171,-2822
ISNE,"8/20/2016 11 p.m. EDT",15789,15960,13051,-2738
ISNE,"8/21/2016 12 a.m. EDT",14508,14600,11667,-2841
ISNE,"8/21/2016 1 a.m. EDT",13502,13400,10372,-3130
ISNE,"8/21/2016 2 a.m. EDT",13031,12760,9865,-3166
ISNE,"8/21/2016 3 a.m. EDT",12839,12260,9793,-3046
ISNE,"8/21/2016 4 a.m. EDT",12781,11930,9644,-3137
ISNE,"8/21/2016 5 a.m. EDT",12950,12070,9760,-3190
ISNE,"8/21/2016 6 a.m. EDT",13094,12130,9798,-3296
ISNE,"8/21/2016 7 a.m. EDT",13519,12310,10156,-3363
ISNE,"8/21/2016 8 a.m. EDT",14093,13090,11188,-2905
ISNE,"8/21/2016 9 a.m. EDT",14141,14040,11426,-2715
ISNE,"8/21/2016 10 a.m. EDT",15001,15130,12129,-2872
ISNE,"8/21/2016 11 a.m. EDT",15806,15940,13083,-2723
ISNE,"8/21/2016 12 p.m. EDT",16566,16770,13747,-2819
ISNE,"8/21/2016 1 p.m. EDT",17182,17160,14214,-2968
ISNE,"8/21/2016 2 p.m. EDT",17653,17580,14771,-2882
ISNE,"8/21/2016 3 p.m. EDT",18106,17880,15132,-2974
ISNE,"8/21/2016 4 p.m. EDT",18546,18260,15287,-3259
ISNE,"8/21/2016 5 p.m. EDT",18905,18530,15522,-3383
ISNE,"8/21/2016 6 p.m. EDT",19111,18650,15702,-3409
ISNE,"8/21/2016 7 p.m. EDT",18940,18430,15341,-3599
ISNE,"8/21/2016 8 p.m. EDT",18842,18420,15211,-3631
ISNE,"8/21/2016 9 p.m. EDT",18859,18480,15245,-3614
ISNE,"8/21/2016 10 p.m. EDT",17990,17480,14607,-3383
ISNE,"8/21/2016 11 p.m. EDT",16682,16160,13343,-3339
ISNE,"8/22/2016 12 a.m. EDT",15366,14840,12152,-3214
ISNE,"8/22/2016 1 a.m. EDT",14384,13790,11027,-3357
ISNE,"8/22/2016 2 a.m. EDT",14155,13340,10757,-3398
ISNE,"8/22/2016 3 a.m. EDT",14051,12890,10457,-3594
ISNE,"8/22/2016 4 a.m. EDT",13852,12730,10185,-3667
ISNE,"8/22/2016 5 a.m. EDT",13766,13180,10110,-3656
ISNE,"8/22/2016 6 a.m. EDT",14041,13840,10475,-3566
ISNE,"8/22/2016 7 a.m. EDT",14541,14860,11233,-3308
ISNE,"8/22/2016 8 a.m. EDT",15691,16070,12229,-3462
ISNE,"8/22/2016 9 a.m. EDT",16554,16770,13173,-3381
ISNE,"8/22/2016 10 a.m. EDT",17112,17320,13858,-3254
ISNE,"8/22/2016 11 a.m. EDT",17480,17800,13972,-3508
ISNE,"8/22/2016 12 p.m. EDT",17699,18290,14233,-3466
ISNE,"8/22/2016 1 p.m. EDT",17785,18360,14370,-3415
ISNE,"8/22/2016 2 p.m. EDT",17843,18710,14424,-3419
ISNE,"8/22/2016 3 p.m. EDT",17893,19040,14497,-3396
ISNE,"8/22/2016 4 p.m. EDT",17960,19090,14399,-3561
ISNE,"8/22/2016 5 p.m. EDT",18022,19200,14525,-3497
ISNE,"8/22/2016 6 p.m. EDT",17958,19050,14332,-3626
ISNE,"8/22/2016 7 p.m. EDT",17415,18420,14036,-3379
ISNE,"8/22/2016 8 p.m. EDT",16806,17700,13693,-3113
ISNE,"8/22/2016 9 p.m. EDT",16577,17500,13472,-3105
ISNE,"8/22/2016 10 p.m. EDT",15433,16320,12754,-2679
ISNE,"8/22/2016 11 p.m. EDT",13918,14630,11372,-2546
ISNE,"8/23/2016 12 a.m. EDT",12558,13060,10431,-2127
ISNE,"8/23/2016 1 a.m. EDT",11797,12050,9525,-2272
ISNE,"8/23/2016 2 a.m. EDT",11504,11450,9017,-2487
ISNE,"8/23/2016 3 a.m. EDT",11206,11010,8937,-2269
ISNE,"8/23/2016 4 a.m. EDT",11446,10800,8971,-2475
ISNE,"8/23/2016 5 a.m. EDT",11273,10570,9085,-2188
ISNE,"8/23/2016 6 a.m. EDT",11779,11220,9300,-2479
ISNE,"8/23/2016 7 a.m. EDT",12347,12430,9870,-2477
ISNE,"8/23/2016 8 a.m. EDT",13520,13680,10982,-2538
ISNE,"8/23/2016 9 a.m. EDT",14288,14530,11596,-2692
ISNE,"8/23/2016 10 a.m. EDT",14790,15030,12045,-2745
ISNE,"8/23/2016 11 a.m. EDT",15267,15380,12387,-2880
ISNE,"8/23/2016 12 p.m. EDT",15634,15800,12844,-2790
ISNE,"8/23/2016 1 p.m. EDT",15910,16120,12974,-2936
ISNE,"8/23/2016 2 p.m. EDT",16321,16530,13150,-3171
ISNE,"8/23/2016 3 p.m. EDT",16643,16860,13399,-3244
ISNE,"8/23/2016 4 p.m. EDT",16978,17290,13824,-3154
ISNE,"8/23/2016 5 p.m. EDT",17404,17560,14399,-3005
ISNE,"8/23/2016 6 p.m. EDT",17672,17600,14817,-2855
ISNE,"8/23/2016 7 p.m. EDT",17484,17260,14553,-2931
ISNE,"8/23/2016 8 p.m. EDT",17157,16900,14532,-2625
ISNE,"8/23/2016 9 p.m. EDT",17045,16790,14395,-2650
ISNE,"8/23/2016 10 p.m. EDT",15983,15800,13351,-2632
ISNE,"8/23/2016 11 p.m. EDT",14524,14340,11843,-2681
ISNE,"8/24/2016 12 a.m. EDT",13126,12950,10234,-2892
ISNE,"8/24/2016 1 a.m. EDT",12151,11930,9261,-2890
ISNE,"8/24/2016 2 a.m. EDT",11923,11440,9131,-2792
ISNE,"8/24/2016 3 a.m. EDT",11753,11090,9105,-2648
ISNE,"8/24/2016 4 a.m. EDT",11623,10960,9156,-2467
ISNE,"8/24/2016 5 a.m. EDT",11533,11100,9097,-2436
ISNE,"8/24/2016 6 a.m. EDT",12002,11820,9162,-2840
ISNE,"8/24/2016 7 a.m. EDT",12937,13060,9861,-3076
ISNE,"8/24/2016 8 a.m. EDT",14172,14450,11079,-3093
ISNE,"8/24/2016 9 a.m. EDT",15135,15320,12036,-3099
ISNE,"8/24/2016 10 a.m. EDT",15920,16020,12821,-3099
ISNE,"8/24/2016 11 a.m. EDT",16696,16770,13527,-3169
ISNE,"8/24/2016 12 p.m. EDT",17416,17500,14384,-3032
ISNE,"8/24/2016 1 p.m. EDT",18053,18020,14782,-3271
ISNE,"8/24/2016 2 p.m. EDT",18793,18720,15761,-3032
ISNE,"8/24/2016 3 p.m. EDT",19378,19280,16520,-2858
ISNE,"8/24/2016 4 p.m. EDT",19884,19700,16887,-2997
ISNE,"8/24/2016 5 p.m. EDT",20344,20120,17557,-2787
ISNE,"8/24/2016 6 p.m. EDT",20456,20140,17194,-3262
ISNE,"8/24/2016 7 p.m. EDT",19993,19800,16724,-3269
ISNE,"8/24/2016 8 p.m. EDT",19542,19220,16138,-3404
ISNE,"8/24/2016 9 p.m. EDT",19353,19000,15913,-3440
ISNE,"8/24/2016 10 p.m. EDT",18095,17850,14877,-3218
ISNE,"8/24/2016 11 p.m. EDT",16580,16150,13207,-3373
ISNE,"8/25/2016 12 a.m. EDT",15285,14570,12067,-3218
ISNE,"8/25/2016 1 a.m. EDT",13936,13370,10913,-3023
ISNE,"8/25/2016 2 a.m. EDT",13838,12570,10724,-3114
ISNE,"8/25/2016 3 a.m. EDT",13630,12130,10502,-3128
ISNE,"8/25/2016 4 a.m. EDT",13424,11900,10135,-3289
ISNE,"8/25/2016 5 a.m. EDT",13718,12240,10385,-3333
ISNE,"8/25/2016 6 a.m. EDT",14083,12940,10822,-3261
ISNE,"8/25/2016 7 a.m. EDT",14486,14190,11380,-3106
ISNE,"8/25/2016 8 a.m. EDT",15510,15430,12286,-3224
ISNE,"8/25/2016 9 a.m. EDT",16590,16410,13246,-3344
ISNE,"8/25/2016 10 a.m. EDT",17469,17190,14064,-3405
ISNE,"8/25/2016 11 a.m. EDT",18334,18010,14716,-3618
ISNE,"8/25/2016 12 p.m. EDT",19082,18720,15490,-3592
ISNE,"8/25/2016 1 p.m. EDT",19732,19310,16265,-3467
ISNE,"8/25/2016 2 p.m. EDT",20351,19950,16732,-3619
ISNE,"8/25/2016 3 p.m. EDT",20652,20480,17122,-3530
ISNE,"8/25/2016 4 p.m. EDT",20851,20740,17362,-3489
ISNE,"8/25/2016 5 p.m. EDT",21050,21050,17689,-3361
ISNE,"8/25/2016 6 p.m. EDT",20855,20970,17436,-3419
ISNE,"8/25/2016 7 p.m. EDT",20335,20510,16983,-3352
ISNE,"8/25/2016 8 p.m. EDT",20098,20000,16909,-3189
ISNE,"8/25/2016 9 p.m. EDT",19929,19810,16785,-3144
ISNE,"8/25/2016 10 p.m. EDT",18849,18630,15896,-2953
ISNE,"8/25/2016 11 p.m. EDT",17289,16960,14522,-2767
ISNE,"8/26/2016 12 a.m. EDT",15733,15300,13125,-2608
ISNE,"8/26/2016 1 a.m. EDT",15040,14700,12243,-2797
ISNE,"8/26/2016 2 a.m. EDT",15020,13930,12114,-2906
ISNE,"8/26/2016 3 a.m. EDT",14966,13450,12071,-2895
ISNE,"8/26/2016 4 a.m. EDT",14763,13180,11796,-2967
ISNE,"8/26/2016 5 a.m. EDT",14540,13340,11712,-2828
ISNE,"8/26/2016 6 a.m. EDT",14526,14060,11850,-2676
ISNE,"8/26/2016 7 a.m. EDT",15312,15250,12538,-2774
ISNE,"8/26/2016 8 a.m. EDT",16797,16720,14190,-2607
ISNE,"8/26/2016 9 a.m. EDT",18036,17930,15412,-2624
ISNE,"8/26/2016 10 a.m. EDT",18951,18880,16038,-2913
ISNE,"8/26/2016 11 a.m. EDT",19815,19910,16776,-3039
ISNE,"8/26/2016 12 p.m. EDT",20650,20640,17479,-3171
ISNE,"8/26/2016 1 p.m. EDT",21408,21280,18099,-3309
ISNE,"8/26/2016 2 p.m. EDT",22067,22010,18569,-3498
ISNE,"8/26/2016 3 p.m. EDT",22418,22620,19044,-3374
ISNE,"8/26/2016 4 p.m. EDT",22821,22920,19438,-3383
ISNE,"8/26/2016 5 p.m. EDT",23114,23100,19984,-3130
ISNE,"8/26/2016 6 p.m. EDT",23021,22690,19961,-3060
ISNE,"8/26/2016 7 p.m. EDT",22306,22060,18930,-3376
ISNE,"8/26/2016 8 p.m. EDT",21462,21370,17993,-3469
ISNE,"8/26/2016 9 p.m. EDT",20903,20820,17458,-3445
ISNE,"8/26/2016 10 p.m. EDT",19536,19570,16560,-2976
ISNE,"8/26/2016 11 p.m. EDT",17821,17950,14942,-2879
ISNE,"8/27/2016 12 a.m. EDT",16221,16210,13316,-2905
ISNE,"8/27/2016 1 a.m. EDT",14972,14620,12001,-2971
ISNE,"8/27/2016 2 a.m. EDT",14159,13680,11280,-2879
ISNE,"8/27/2016 3 a.m. EDT",14031,13070,11129,-2902
ISNE,"8/27/2016 4 a.m. EDT",13827,12670,11115,-2712
ISNE,"8/27/2016 5 a.m. EDT",13403,12440,10654,-2749
ISNE,"8/27/2016 6 a.m. EDT",13476,12510,10741,-2735
ISNE,"8/27/2016 7 a.m. EDT",13758,12910,11048,-2710
ISNE,"8/27/2016 8 a.m. EDT",14184,13720,11581,-2603
ISNE,"8/27/2016 9 a.m. EDT",15084,14980,12682,-2402
ISNE,"8/27/2016 10 a.m. EDT",15963,15960,13587,-2376
ISNE,"8/27/2016 11 a.m. EDT",16776,16840,14356,-2420
ISNE,"8/27/2016 12 p.m. EDT",17481,17540,14863,-2618
ISNE,"8/27/2016 1 p.m. EDT",18086,18030,15277,-2809
ISNE,"8/27/2016 2 p.m. EDT",18488,18450,15494,-2994
ISNE,"8/27/2016 3 p.m. EDT",18817,18760,15745,-3072
ISNE,"8/27/2016 4 p.m. EDT",19130,19080,16154,-2976
ISNE,"8/27/2016 5 p.m. EDT",19370,19260,16635,-2735
ISNE,"8/27/2016 6 p.m. EDT",19431,19250,16680,-2751
ISNE,"8/27/2016 7 p.m. EDT",18979,18920,15939,-3040
ISNE,"8/27/2016 8 p.m. EDT",18438,18390,15352,-3086
ISNE,"8/27/2016 9 p.m. EDT",18168,18240,15265,-2903
ISNE,"8/27/2016 10 p.m. EDT",17170,17190,14271,-2899
ISNE,"8/27/2016 11 p.m. EDT",15872,15950,12906,-2966
ISNE,"8/28/2016 12 a.m. EDT",14765,14600,11869,-2896
ISNE,"8/28/2016 1 a.m. EDT",13659,13510,10709,-2950
ISNE,"8/28/2016 2 a.m. EDT",12881,12810,9997,-2884
ISNE,"8/28/2016 3 a.m. EDT",12821,12280,9967,-2854
ISNE,"8/28/2016 4 a.m. EDT",12797,11910,10038,-2759
ISNE,"8/28/2016 5 a.m. EDT",12632,11790,9934,-2698
ISNE,"8/28/2016 6 a.m. EDT",12672,11750,9948,-2724
ISNE,"8/28/2016 7 a.m. EDT",12612,11860,9880,-2732
ISNE,"8/28/2016 8 a.m. EDT",13278,12560,10610,-2668
ISNE,"8/28/2016 9 a.m. EDT",14151,13610,11513,-2638
ISNE,"8/28/2016 10 a.m. EDT",14660,14620,12131,-2529
ISNE,"8/28/2016 11 a.m. EDT",15445,15380,13000,-2445
ISNE,"8/28/2016 12 p.m. EDT",16212,16170,13767,-2445
ISNE,"8/28/2016 1 p.m. EDT",16895,16820,14438,-2457
ISNE,"8/28/2016 2 p.m. EDT",17485,17240,15015,-2470
ISNE,"8/28/2016 3 p.m. EDT",18033,17730,15279,-2754
ISNE,"8/28/2016 4 p.m. EDT",18534,18120,15741,-2793
ISNE,"8/28/2016 5 p.m. EDT",18991,18610,16294,-2697
ISNE,"8/28/2016 6 p.m. EDT",19267,18860,16313,-2954
ISNE,"8/28/2016 7 p.m. EDT",18997,18530,15856,-3141
ISNE,"8/28/2016 8 p.m. EDT",18655,18250,15608,-3047
ISNE,"8/28/2016 9 p.m. EDT",18449,18090,15360,-3089
ISNE,"8/28/2016 10 p.m. EDT",17331,17040,14284,-3047
ISNE,"8/28/2016 11 p.m. EDT",15846,15590,12699,-3147
ISNE,"8/29/2016 12 a.m. EDT",14430,14240,12076,-2354
ISNE,"8/29/2016 1 a.m. EDT",13755,13310,10862,-2893
ISNE,"8/29/2016 2 a.m. EDT",13776,12640,10750,-3026
ISNE,"8/29/2016 3 a.m. EDT",13524,12290,10638,-2886
ISNE,"8/29/2016 4 a.m. EDT",13379,12110,10519,-2860
ISNE,"8/29/2016 5 a.m. EDT",13462,12320,10793,-2669
ISNE,"8/29/2016 6 a.m. EDT",14142,13380,11454,-2688
ISNE,"8/29/2016 7 a.m. EDT",15159,14630,12442,-2717
ISNE,"8/29/2016 8 a.m. EDT",16248,15920,13567,-2681
ISNE,"8/29/2016 9 a.m. EDT",17238,17000,14216,-3022
ISNE,"8/29/2016 10 a.m. EDT",17993,17910,14929,-3064
ISNE,"8/29/2016 11 a.m. EDT",18935,18870,16004,-2931
ISNE,"8/29/2016 12 p.m. EDT",19710,19600,16808,-2902
ISNE,"8/29/2016 1 p.m. EDT",20278,20010,17474,-2804
ISNE,"8/29/2016 2 p.m. EDT",20796,20570,17910,-2886
ISNE,"8/29/2016 3 p.m. EDT",21151,20950,18511,-2640
ISNE,"8/29/2016 4 p.m. EDT",21324,21160,18455,-2869
ISNE,"8/29/2016 5 p.m. EDT",21421,21230,18608,-2813
ISNE,"8/29/2016 6 p.m. EDT",21307,21110,18302,-3005
ISNE,"8/29/2016 7 p.m. EDT",20640,20560,17730,-2910
ISNE,"8/29/2016 8 p.m. EDT",19899,19890,16878,-3021
ISNE,"8/29/2016 9 p.m. EDT",19340,19350,16351,-2989
ISNE,"8/29/2016 10 p.m. EDT",17808,17960,15009,-2799
ISNE,"8/29/2016 11 p.m. EDT",15919,16100,13324,-2595
ISNE,"8/30/2016 12 a.m. EDT",14221,14450,11913,-2308
ISNE,"8/30/2016 1 a.m. EDT",13449,13120,11194,-2255
ISNE,"8/30/2016 2 a.m. EDT",12963,12410,10575,-2388
ISNE,"8/30/2016 3 a.m. EDT",12769,11900,10368,-2401
ISNE,"8/30/2016 4 a.m. EDT",12976,11660,10533,-2443
ISNE,"8/30/2016 5 a.m. EDT",12838,11790,10590,-2248
ISNE,"8/30/2016 6 a.m. EDT",12989,12310,10764,-2225
ISNE,"8/30/2016 7 a.m. EDT",13912,13660,11516,-2396
ISNE,"8/30/2016 8 a.m. EDT",14522,14950,11934,-2588
ISNE,"8/30/2016 9 a.m. EDT",15294,15790,12629,-2665
ISNE,"8/30/2016 10 a.m. EDT",15937,16360,13204,-2733
ISNE,"8/30/2016 11 a.m. EDT",16552,16900,14005,-2547
ISNE,"8/30/2016 12 p.m. EDT",17088,17360,14581,-2507
ISNE,"8/30/2016 1 p.m. EDT",17558,17780,15169,-2389
ISNE,"8/30/2016 2 p.m. EDT",18153,18340,15517,-2636
ISNE,"8/30/2016 3 p.m. EDT",18608,18680,15941,-2667
ISNE,"8/30/2016 4 p.m. EDT",18990,18940,16483,-2507
ISNE,"8/30/2016 5 p.m. EDT",19369,19140,16756,-2613
ISNE,"8/30/2016 6 p.m. EDT",19505,19260,16899,-2606
ISNE,"8/30/2016 7 p.m. EDT",19167,18690,16300,-2867
ISNE,"8/30/2016 8 p.m. EDT",18882,18300,16187,-2695
ISNE,"8/30/2016 9 p.m. EDT",18539,18210,15710,-2829
ISNE,"8/30/2016 10 p.m. EDT",17219,17040,14655,-2564
ISNE,"8/30/2016 11 p.m. EDT",15576,15400,12789,-2787
ISNE,"8/31/2016 12 a.m. EDT",14041,13870,11641,-2400
ISNE,"8/31/2016 1 a.m. EDT",13164,12990,10387,-2777
ISNE,"8/31/2016 2 a.m. EDT",13279,12290,10303,-2976
ISNE,"8/31/2016 3 a.m. EDT",13389,11870,10328,-3061
ISNE,"8/31/2016 4 a.m. EDT",13337,11760,10279,-3058
ISNE,"8/31/2016 5 a.m. EDT",13463,12000,10701,-2762
ISNE,"8/31/2016 6 a.m. EDT",13690,12840,11171,-2519
ISNE,"8/31/2016 7 a.m. EDT",14476,14050,11699,-2777
ISNE,"8/31/2016 8 a.m. EDT",15594,15440,12858,-2736
ISNE,"8/31/2016 9 a.m. EDT",16457,16280,13772,-2685
ISNE,"8/31/2016 10 a.m. EDT",17166,17110,14322,-2844
ISNE,"8/31/2016 11 a.m. EDT",17827,17870,15028,-2799
ISNE,"8/31/2016 12 p.m. EDT",18314,18550,15448,-2866
ISNE,"8/31/2016 1 p.m. EDT",18659,19210,15873,-2786
ISNE,"8/31/2016 2 p.m. EDT",19012,19790,16064,-2948
ISNE,"8/31/2016 3 p.m. EDT",19067,20140,16016,-3051
ISNE,"8/31/2016 4 p.m. EDT",19177,20280,16298,-2879
ISNE,"8/31/2016 5 p.m. EDT",19350,20480,16690,-2660
ISNE,"8/31/2016 6 p.m. EDT",19418,20390,16631,-2787
ISNE,"8/31/2016 7 p.m. EDT",19277,19950,16180,-3097
ISNE,"8/31/2016 8 p.m. EDT",19469,19880,16291,-3178
ISNE,"8/31/2016 9 p.m. EDT",19278,19530,16229,-3049
ISNE,"8/31/2016 10 p.m. EDT",18131,18350,15348,-2783
ISNE,"8/31/2016 11 p.m. EDT",16541,16750,13707,-2834
ISNE,"9/1/2016 12 a.m. EDT",15058,15200,12294,-2764
