"BA Code","Timestamp (Hour Ending)","Demand (MWh)","Demand Forecast (MWh)","Net Generation (MWh)","Total Interchange (MWh)"
ISNE,"10/1/2017 12 a.m. EDT",10424,10370,8281,-2143
ISNE,"10/1/2017 1 a.m. EDT",10142,9700,7437,-2705
ISNE,"10/1/2017 2 a.m. EDT",9846,9300,7481,-2365
ISNE,"10/1/2017 3 a.m. EDT",9602,9030,7436,-2166
ISNE,"10/1/2017 4 a.m. EDT",9482,8920,7233,-2249
ISNE,"10/1/2017 5 a.m. EDT",9514,9000,7406,-2108
ISNE,"10/1/2017 6 a.m. EDT",9621,9180,7596,-2025
ISNE,"10/1/2017 7 a.m. EDT",9939,9530,7711,-2228
ISNE,"10/1/2017 8 a.m. EDT",10238,10100,8009,-2229
ISNE,"10/1/2017 9 a.m. EDT",10752,10590,8496,-2256
ISNE,"10/1/2017 10 a.m. EDT",10907,10770,8747,-2160
ISNE,"10/1/2017 11 a.m. EDT",10788,10750,8559,-2229
ISNE,"10/1/2017 12 p.m. EDT",10819,10690,8600,-2219
ISNE,"10/1/2017 1 p.m. EDT",10973,10720,8772,-2201
ISNE,"10/1/2017 2 p.m. EDT",10896,10700,8957,-1939
ISNE,"10/1/2017 3 p.m. EDT",10847,10850,8922,-1925
ISNE,"10/1/2017 4 p.m. EDT",11165,11150,9194,-1971
ISNE,"10/1/2017 5 p.m. EDT",11910,11710,9819,-2091
ISNE,"10/1/2017 6 p.m. EDT",12758,12600,10348,-2410
ISNE,"10/1/2017 7 p.m. EDT",13441,13200,11036,-2405
ISNE,"10/1/2017 8 p.m. EDT",13768,13470,11543,-2225
ISNE,"10/1/2017 9 p.m. EDT",13190,12990,10803,-2387
ISNE,"10/1/2017 10 p.m. EDT",12259,12140,9858,-2401
ISNE,"10/1/2017 11 p.m. EDT",11139,11060,8832,-2307
ISNE,"10/2/2017 12 a.m. EDT",10213,10090,7921,-2292
ISNE,"10/2/2017 1 a.m. EDT",9847,9490,7761,-2086
ISNE,"10/2/2017 2 a.m. EDT",9463,9120,7765,-1698
ISNE,"10/2/2017 3 a.m. EDT",9734,8950,7851,-1883
ISNE,"10/2/2017 4 a.m. EDT",9824,8960,7592,-2232
ISNE,"10/2/2017 5 a.m. EDT",10035,9270,7826,-2209
ISNE,"10/2/2017 6 a.m. EDT",10642,10200,8710,-1932
ISNE,"10/2/2017 7 a.m. EDT",12094,11970,10288,-1806
ISNE,"10/2/2017 8 a.m. EDT",13045,12900,11181,-1864
ISNE,"10/2/2017 9 a.m. EDT",13020,12810,10843,-2177
ISNE,"10/2/2017 10 a.m. EDT",12854,12680,10920,-1934
ISNE,"10/2/2017 11 a.m. EDT",12794,12670,11141,-1653
ISNE,"10/2/2017 12 p.m. EDT",12783,12650,11019,-1764
ISNE,"10/2/2017 1 p.m. EDT",12766,12770,11117,-1649
ISNE,"10/2/2017 2 p.m. EDT",12867,12880,11138,-1729
ISNE,"10/2/2017 3 p.m. EDT",12976,12960,11217,-1759
ISNE,"10/2/2017 4 p.m. EDT",13215,13120,11374,-1841
ISNE,"10/2/2017 5 p.m. EDT",13692,13550,11627,-2065
ISNE,"10/2/2017 6 p.m. EDT",14316,14060,12035,-2281
ISNE,"10/2/2017 7 p.m. EDT",14786,14660,12220,-2566
ISNE,"10/2/2017 8 p.m. EDT",14947,14830,12340,-2607
ISNE,"10/2/2017 9 p.m. EDT",14217,14060,11782,-2435
ISNE,"10/2/2017 10 p.m. EDT",13116,12980,10709,-2407
ISNE,"10/2/2017 11 p.m. EDT",11801,11680,9343,-2458
ISNE,"10/3/2017 12 a.m. EDT",10729,10550,8290,-2439
ISNE,"10/3/2017 1 a.m. EDT",10467,9950,8065,-2402
ISNE,"10/3/2017 2 a.m. EDT",10074,9540,7660,-2414
ISNE,"10/3/2017 3 a.m. EDT",10119,9350,7621,-2498
ISNE,"10/3/2017 4 a.m. EDT",10345,9330,7770,-2575
ISNE,"10/3/2017 5 a.m. EDT",10602,9630,8139,-2463
ISNE,"10/3/2017 6 a.m. EDT",10990,10620,8757,-2233
ISNE,"10/3/2017 7 a.m. EDT",12286,12400,10126,-2160
ISNE,"10/3/2017 8 a.m. EDT",13200,13160,10971,-2229
ISNE,"10/3/2017 9 a.m. EDT",13145,13020,11113,-2032
ISNE,"10/3/2017 10 a.m. EDT",12922,12860,11043,-1879
ISNE,"10/3/2017 11 a.m. EDT",12864,12800,11215,-1649
ISNE,"10/3/2017 12 p.m. EDT",12849,12770,11031,-1818
ISNE,"10/3/2017 1 p.m. EDT",12831,12720,10776,-2055
ISNE,"10/3/2017 2 p.m. EDT",13002,12920,10964,-2038
ISNE,"10/3/2017 3 p.m. EDT",13076,13060,10918,-2158
ISNE,"10/3/2017 4 p.m. EDT",13278,13270,11160,-2118
ISNE,"10/3/2017 5 p.m. EDT",13730,13690,11488,-2242
ISNE,"10/3/2017 6 p.m. EDT",14294,14140,11992,-2302
ISNE,"10/3/2017 7 p.m. EDT",14782,14700,12429,-2353
ISNE,"10/3/2017 8 p.m. EDT",14957,14850,12571,-2386
ISNE,"10/3/2017 9 p.m. EDT",14269,14150,11777,-2492
ISNE,"10/3/2017 10 p.m. EDT",13185,13100,10776,-2409
ISNE,"10/3/2017 11 p.m. EDT",11883,11780,9549,-2334
ISNE,"10/4/2017 12 a.m. EDT",10982,10630,8481,-2501
ISNE,"10/4/2017 1 a.m. EDT",10690,9980,8090,-2600
ISNE,"10/4/2017 2 a.m. EDT",10399,9580,7892,-2507
ISNE,"10/4/2017 3 a.m. EDT",10393,9370,7972,-2421
ISNE,"10/4/2017 4 a.m. EDT",10350,9330,7818,-2532
ISNE,"10/4/2017 5 a.m. EDT",10624,9650,8045,-2579
ISNE,"10/4/2017 6 a.m. EDT",11230,10650,8930,-2300
ISNE,"10/4/2017 7 a.m. EDT",12273,12440,10286,-1987
ISNE,"10/4/2017 8 a.m. EDT",13145,13160,10973,-2172
ISNE,"10/4/2017 9 a.m. EDT",13139,13000,10890,-2249
ISNE,"10/4/2017 10 a.m. EDT",12966,13010,10745,-2221
ISNE,"10/4/2017 11 a.m. EDT",12951,12970,11058,-1893
ISNE,"10/4/2017 12 p.m. EDT",12998,13050,11089,-1909
ISNE,"10/4/2017 1 p.m. EDT",13087,13190,11286,-1801
ISNE,"10/4/2017 2 p.m. EDT",13327,13380,11300,-2027
ISNE,"10/4/2017 3 p.m. EDT",13582,13560,11656,-1926
ISNE,"10/4/2017 4 p.m. EDT",13937,13860,11919,-2018
ISNE,"10/4/2017 5 p.m. EDT",14436,14310,11998,-2438
ISNE,"10/4/2017 6 p.m. EDT",14903,14780,12404,-2499
ISNE,"10/4/2017 7 p.m. EDT",15297,15280,12827,-2470
ISNE,"10/4/2017 8 p.m. EDT",15427,15350,12967,-2460
ISNE,"10/4/2017 9 p.m. EDT",14742,14660,12456,-2286
ISNE,"10/4/2017 10 p.m. EDT",13685,13590,11312,-2373
ISNE,"10/4/2017 11 p.m. EDT",12372,12230,10056,-2316
ISNE,"10/5/2017 12 a.m. EDT",11667,11060,9004,-2663
ISNE,"10/5/2017 1 a.m. EDT",11042,10510,8198,-2844
ISNE,"10/5/2017 2 a.m. EDT",10839,10070,7959,-2880
ISNE,"10/5/2017 3 a.m. EDT",10723,9850,7831,-2892
ISNE,"10/5/2017 4 a.m. EDT",10821,9820,7787,-3034
ISNE,"10/5/2017 5 a.m. EDT",10835,10070,7970,-2865
ISNE,"10/5/2017 6 a.m. EDT",11376,11080,8855,-2521
ISNE,"10/5/2017 7 a.m. EDT",12635,12840,10262,-2373
ISNE,"10/5/2017 8 a.m. EDT",13619,13600,11050,-2569
ISNE,"10/5/2017 9 a.m. EDT",13852,13600,11137,-2715
ISNE,"10/5/2017 10 a.m. EDT",13929,13660,11313,-2616
ISNE,"10/5/2017 11 a.m. EDT",14045,13830,11705,-2340
ISNE,"10/5/2017 12 p.m. EDT",14233,14080,11854,-2379
ISNE,"10/5/2017 1 p.m. EDT",14361,14200,11916,-2445
ISNE,"10/5/2017 2 p.m. EDT",14810,14550,12376,-2434
ISNE,"10/5/2017 3 p.m. EDT",15104,14800,12581,-2523
ISNE,"10/5/2017 4 p.m. EDT",15310,15020,12896,-2414
ISNE,"10/5/2017 5 p.m. EDT",15633,15420,13467,-2166
ISNE,"10/5/2017 6 p.m. EDT",15956,15700,13591,-2365
ISNE,"10/5/2017 7 p.m. EDT",16301,15990,13987,-2314
ISNE,"10/5/2017 8 p.m. EDT",16321,16030,14012,-2309
ISNE,"10/5/2017 9 p.m. EDT",15639,15400,13383,-2256
ISNE,"10/5/2017 10 p.m. EDT",14597,14310,12437,-2160
ISNE,"10/5/2017 11 p.m. EDT",13345,12860,11031,-2314
ISNE,"10/6/2017 12 a.m. EDT",12141,11580,9695,-2446
ISNE,"10/6/2017 1 a.m. EDT",11162,10970,8997,-2165
ISNE,"10/6/2017 2 a.m. EDT",10753,10350,8904,-1849
ISNE,"10/6/2017 3 a.m. EDT",10926,10020,8962,-1964
ISNE,"10/6/2017 4 a.m. EDT",11056,9890,8944,-2112
ISNE,"10/6/2017 5 a.m. EDT",11163,10050,8918,-2245
ISNE,"10/6/2017 6 a.m. EDT",11428,10890,9641,-1787
ISNE,"10/6/2017 7 a.m. EDT",12430,12470,10761,-1669
ISNE,"10/6/2017 8 a.m. EDT",13341,13350,11594,-1747
ISNE,"10/6/2017 9 a.m. EDT",13706,13630,12054,-1652
ISNE,"10/6/2017 10 a.m. EDT",14006,14000,12357,-1649
ISNE,"10/6/2017 11 a.m. EDT",14276,14020,12595,-1681
ISNE,"10/6/2017 12 p.m. EDT",14520,14220,12851,-1669
ISNE,"10/6/2017 1 p.m. EDT",14702,14240,13019,-1683
ISNE,"10/6/2017 2 p.m. EDT",14909,14480,13201,-1708
ISNE,"10/6/2017 3 p.m. EDT",14791,14630,12950,-1841
ISNE,"10/6/2017 4 p.m. EDT",14714,14730,12838,-1876
ISNE,"10/6/2017 5 p.m. EDT",14783,14840,12899,-1884
ISNE,"10/6/2017 6 p.m. EDT",14832,15030,12895,-1937
ISNE,"10/6/2017 7 p.m. EDT",15040,15190,12933,-2107
ISNE,"10/6/2017 8 p.m. EDT",14929,15120,12870,-2059
ISNE,"10/6/2017 9 p.m. EDT",14298,14440,12403,-1895
ISNE,"10/6/2017 10 p.m. EDT",13453,13550,11840,-1613
ISNE,"10/6/2017 11 p.m. EDT",12403,12470,10593,-1810
ISNE,"10/7/2017 12 a.m. EDT",11317,11380,9824,-1493
ISNE,"10/7/2017 1 a.m. EDT",10484,10510,8920,-1564
ISNE,"10/7/2017 2 a.m. EDT",10380,10010,8464,-1916
ISNE,"10/7/2017 3 a.m. EDT",10221,9660,8346,-1875
ISNE,"10/7/2017 4 a.m. EDT",10075,9530,8173,-1902
ISNE,"10/7/2017 5 a.m. EDT",10145,9570,7991,-2154
ISNE,"10/7/2017 6 a.m. EDT",10464,9910,8373,-2091
ISNE,"10/7/2017 7 a.m. EDT",11130,10820,9210,-1920
ISNE,"10/7/2017 8 a.m. EDT",11868,11300,9761,-2107
ISNE,"10/7/2017 9 a.m. EDT",12670,12140,10663,-2007
ISNE,"10/7/2017 10 a.m. EDT",13116,12430,11234,-1882
ISNE,"10/7/2017 11 a.m. EDT",12910,12680,11164,-1746
ISNE,"10/7/2017 12 p.m. EDT",12894,12940,11202,-1692
ISNE,"10/7/2017 1 p.m. EDT",12954,13120,11463,-1491
ISNE,"10/7/2017 2 p.m. EDT",13173,13540,11572,-1601
ISNE,"10/7/2017 3 p.m. EDT",13535,13770,12083,-1452
ISNE,"10/7/2017 4 p.m. EDT",13714,14200,12317,-1397
ISNE,"10/7/2017 5 p.m. EDT",13962,14510,12407,-1555
ISNE,"10/7/2017 6 p.m. EDT",14262,14990,12450,-1812
ISNE,"10/7/2017 7 p.m. EDT",14655,15200,12872,-1783
ISNE,"10/7/2017 8 p.m. EDT",14678,15060,12889,-1789
ISNE,"10/7/2017 9 p.m. EDT",14195,14450,12502,-1693
ISNE,"10/7/2017 10 p.m. EDT",13535,13590,11716,-1819
ISNE,"10/7/2017 11 p.m. EDT",12695,12640,10835,-1860
ISNE,"10/8/2017 12 a.m. EDT",12087,11700,10177,-1910
ISNE,"10/8/2017 1 a.m. EDT",11547,10820,9873,-1674
ISNE,"10/8/2017 2 a.m. EDT",10866,10310,9107,-1759
ISNE,"10/8/2017 3 a.m. EDT",10568,10060,9056,-1512
ISNE,"10/8/2017 4 a.m. EDT",10524,10120,8920,-1604
ISNE,"10/8/2017 5 a.m. EDT",10694,10190,8901,-1793
ISNE,"10/8/2017 6 a.m. EDT",10944,10440,9032,-1912
ISNE,"10/8/2017 7 a.m. EDT",11430,10900,9659,-1771
ISNE,"10/8/2017 8 a.m. EDT",12063,11640,9962,-2101
ISNE,"10/8/2017 9 a.m. EDT",13006,12370,10805,-2201
ISNE,"10/8/2017 10 a.m. EDT",13854,12950,11783,-2071
ISNE,"10/8/2017 11 a.m. EDT",14203,13390,12378,-1825
ISNE,"10/8/2017 12 p.m. EDT",14267,13820,12408,-1859
ISNE,"10/8/2017 1 p.m. EDT",14375,14190,12587,-1788
ISNE,"10/8/2017 2 p.m. EDT",14411,14390,12990,-1421
ISNE,"10/8/2017 3 p.m. EDT",14430,14660,13121,-1309
ISNE,"10/8/2017 4 p.m. EDT",14552,15060,13358,-1194
ISNE,"10/8/2017 5 p.m. EDT",14876,15310,13586,-1290
ISNE,"10/8/2017 6 p.m. EDT",15319,15990,13823,-1496
ISNE,"10/8/2017 7 p.m. EDT",15875,16390,13825,-2050
ISNE,"10/8/2017 8 p.m. EDT",15866,16580,13807,-2059
ISNE,"10/8/2017 9 p.m. EDT",15368,15680,13579,-1789
ISNE,"10/8/2017 10 p.m. EDT",14519,14680,12767,-1752
ISNE,"10/8/2017 11 p.m. EDT",13511,13450,11716,-1795
ISNE,"10/9/2017 12 a.m. EDT",12650,12270,10598,-2052
ISNE,"10/9/2017 1 a.m. EDT",11941,11740,9972,-1969
ISNE,"10/9/2017 2 a.m. EDT",11642,11340,9445,-2197
ISNE,"10/9/2017 3 a.m. EDT",11350,10940,9293,-2057
ISNE,"10/9/2017 4 a.m. EDT",11262,10750,9678,-1584
ISNE,"10/9/2017 5 a.m. EDT",11478,10980,10654,-824
ISNE,"10/9/2017 6 a.m. EDT",12206,11760,11531,-675
ISNE,"10/9/2017 7 a.m. EDT",12966,13130,12376,-590
ISNE,"10/9/2017 8 a.m. EDT",13955,14190,13070,-885
ISNE,"10/9/2017 9 a.m. EDT",14886,15170,13947,-939
ISNE,"10/9/2017 10 a.m. EDT",15678,15640,14880,-798
ISNE,"10/9/2017 11 a.m. EDT",16175,16100,15636,-539
ISNE,"10/9/2017 12 p.m. EDT",16435,16440,15743,-692
ISNE,"10/9/2017 1 p.m. EDT",16601,16350,15834,-767
ISNE,"10/9/2017 2 p.m. EDT",16696,16340,15944,-752
ISNE,"10/9/2017 3 p.m. EDT",16612,16360,15847,-765
ISNE,"10/9/2017 4 p.m. EDT",16561,16240,15761,-800
ISNE,"10/9/2017 5 p.m. EDT",16710,16460,15861,-849
ISNE,"10/9/2017 6 p.m. EDT",17040,17070,16223,-817
ISNE,"10/9/2017 7 p.m. EDT",17279,17880,16378,-901
ISNE,"10/9/2017 8 p.m. EDT",17031,17580,16228,-803
ISNE,"10/9/2017 9 p.m. EDT",16414,16700,15630,-784
ISNE,"10/9/2017 10 p.m. EDT",15444,15560,14869,-575
ISNE,"10/9/2017 11 p.m. EDT",14203,14260,13416,-787
ISNE,"10/10/2017 12 a.m. EDT",13360,13020,12618,-742
ISNE,"10/10/2017 1 a.m. EDT",12750,12420,11860,-890
ISNE,"10/10/2017 2 a.m. EDT",12186,11820,11483,-703
ISNE,"10/10/2017 3 a.m. EDT",11795,11490,11228,-567
ISNE,"10/10/2017 4 a.m. EDT",11555,11490,10885,-670
ISNE,"10/10/2017 5 a.m. EDT",11643,11120,10805,-838
ISNE,"10/10/2017 6 a.m. EDT",12439,12080,11469,-970
ISNE,"10/10/2017 7 a.m. EDT",13872,13730,12867,-1005
ISNE,"10/10/2017 8 a.m. EDT",15005,14530,14169,-836
ISNE,"10/10/2017 9 a.m. EDT",14827,14580,14154,-673
ISNE,"10/10/2017 10 a.m. EDT",14916,14630,14323,-593
ISNE,"10/10/2017 11 a.m. EDT",15109,14820,14590,-519
ISNE,"10/10/2017 12 p.m. EDT",15317,15040,14926,-391
ISNE,"10/10/2017 1 p.m. EDT",15514,15430,15187,-327
ISNE,"10/10/2017 2 p.m. EDT",15826,15900,15625,-201
ISNE,"10/10/2017 3 p.m. EDT",15949,16190,15768,-181
ISNE,"10/10/2017 4 p.m. EDT",15978,16610,15531,-447
ISNE,"10/10/2017 5 p.m. EDT",16238,17180,15841,-397
ISNE,"10/10/2017 6 p.m. EDT",16449,17310,15878,-571
ISNE,"10/10/2017 7 p.m. EDT",16648,17350,15843,-805
ISNE,"10/10/2017 8 p.m. EDT",16480,17030,15965,-515
ISNE,"10/10/2017 9 p.m. EDT",15580,16210,14779,-801
ISNE,"10/10/2017 10 p.m. EDT",14368,14900,13812,-556
ISNE,"10/10/2017 11 p.m. EDT",12904,13360,12287,-617
ISNE,"10/11/2017 12 a.m. EDT",11896,11960,11178,-718
ISNE,"10/11/2017 1 a.m. EDT",11012,10900,10045,-967
ISNE,"10/11/2017 2 a.m. EDT",10718,10380,9813,-905
ISNE,"10/11/2017 3 a.m. EDT",10477,10060,9488,-989
ISNE,"10/11/2017 4 a.m. EDT",10368,9900,9350,-1018
ISNE,"10/11/2017 5 a.m. EDT",10584,10090,9583,-1001
ISNE,"10/11/2017 6 a.m. EDT",11454,10990,10486,-968
ISNE,"10/11/2017 7 a.m. EDT",12628,12740,11676,-952
ISNE,"10/11/2017 8 a.m. EDT",13614,13540,12795,-819
ISNE,"10/11/2017 9 a.m. EDT",13933,13620,13132,-801
ISNE,"10/11/2017 10 a.m. EDT",14119,13550,13210,-909
ISNE,"10/11/2017 11 a.m. EDT",14089,13720,13210,-879
ISNE,"10/11/2017 12 p.m. EDT",13818,13730,12948,-870
ISNE,"10/11/2017 1 p.m. EDT",13953,13810,13057,-896
ISNE,"10/11/2017 2 p.m. EDT",14238,14030,13271,-967
ISNE,"10/11/2017 3 p.m. EDT",14313,14110,13426,-887
ISNE,"10/11/2017 4 p.m. EDT",14394,14210,13440,-954
ISNE,"10/11/2017 5 p.m. EDT",14577,14400,13598,-979
ISNE,"10/11/2017 6 p.m. EDT",14933,14790,13992,-941
ISNE,"10/11/2017 7 p.m. EDT",15495,15300,14647,-848
ISNE,"10/11/2017 8 p.m. EDT",15313,15290,14501,-812
ISNE,"10/11/2017 9 p.m. EDT",14586,14440,13733,-853
ISNE,"10/11/2017 10 p.m. EDT",13539,13240,12749,-790
ISNE,"10/11/2017 11 p.m. EDT",12212,11970,11417,-795
ISNE,"10/12/2017 12 a.m. EDT",11078,10830,10191,-887
ISNE,"10/12/2017 1 a.m. EDT",10442,10060,9390,-1052
ISNE,"10/12/2017 2 a.m. EDT",10330,9630,9217,-1113
ISNE,"10/12/2017 3 a.m. EDT",10072,9410,8924,-1148
ISNE,"10/12/2017 4 a.m. EDT",10028,9350,8798,-1230
ISNE,"10/12/2017 5 a.m. EDT",10233,9590,9031,-1202
ISNE,"10/12/2017 6 a.m. EDT",11106,10550,10215,-891
ISNE,"10/12/2017 7 a.m. EDT",12382,12330,11672,-710
ISNE,"10/12/2017 8 a.m. EDT",13238,13260,12533,-705
ISNE,"10/12/2017 9 a.m. EDT",13233,13270,12565,-668
ISNE,"10/12/2017 10 a.m. EDT",12976,13030,12340,-636
ISNE,"10/12/2017 11 a.m. EDT",12734,12910,12309,-425
ISNE,"10/12/2017 12 p.m. EDT",12606,12690,12576,-30
ISNE,"10/12/2017 1 p.m. EDT",12635,12650,12375,-260
ISNE,"10/12/2017 2 p.m. EDT",12849,12740,12524,-325
ISNE,"10/12/2017 3 p.m. EDT",12895,12800,12505,-390
ISNE,"10/12/2017 4 p.m. EDT",12910,13030,12482,-428
ISNE,"10/12/2017 5 p.m. EDT",13366,13380,12860,-506
ISNE,"10/12/2017 6 p.m. EDT",13939,13880,13183,-756
ISNE,"10/12/2017 7 p.m. EDT",14637,14500,13769,-868
ISNE,"10/12/2017 8 p.m. EDT",14694,14620,13900,-794
ISNE,"10/12/2017 9 p.m. EDT",14093,14000,13408,-685
ISNE,"10/12/2017 10 p.m. EDT",13133,13000,12311,-822
ISNE,"10/12/2017 11 p.m. EDT",11889,11790,11085,-804
ISNE,"10/13/2017 12 a.m. EDT",10782,10670,9873,-909
ISNE,"10/13/2017 1 a.m. EDT",10332,9960,9307,-1025
ISNE,"10/13/2017 2 a.m. EDT",10151,9540,9092,-1059
ISNE,"10/13/2017 3 a.m. EDT",9940,9340,8882,-1058
ISNE,"10/13/2017 4 a.m. EDT",9909,9310,8906,-1003
ISNE,"10/13/2017 5 a.m. EDT",10182,9580,9198,-984
ISNE,"10/13/2017 6 a.m. EDT",11117,10510,10166,-951
ISNE,"10/13/2017 7 a.m. EDT",12398,12200,11899,-499
ISNE,"10/13/2017 8 a.m. EDT",13318,13130,12550,-768
ISNE,"10/13/2017 9 a.m. EDT",13251,12960,12373,-878
ISNE,"10/13/2017 10 a.m. EDT",12928,12800,12153,-775
ISNE,"10/13/2017 11 a.m. EDT",12729,12690,11988,-741
ISNE,"10/13/2017 12 p.m. EDT",12589,12550,11984,-605
ISNE,"10/13/2017 1 p.m. EDT",12477,12490,12001,-476
ISNE,"10/13/2017 2 p.m. EDT",12556,12510,11998,-558
ISNE,"10/13/2017 3 p.m. EDT",12880,12600,12205,-675
ISNE,"10/13/2017 4 p.m. EDT",13054,12810,12219,-835
ISNE,"10/13/2017 5 p.m. EDT",13291,13240,12418,-873
ISNE,"10/13/2017 6 p.m. EDT",13760,13590,12708,-1052
ISNE,"10/13/2017 7 p.m. EDT",14342,14150,13307,-1035
ISNE,"10/13/2017 8 p.m. EDT",14233,14130,13161,-1072
ISNE,"10/13/2017 9 p.m. EDT",13684,13490,12559,-1125
ISNE,"10/13/2017 10 p.m. EDT",12902,12650,11812,-1090
ISNE,"10/13/2017 11 p.m. EDT",12080,11650,11002,-1078
ISNE,"10/14/2017 12 a.m. EDT",11322,10630,10156,-1166
ISNE,"10/14/2017 1 a.m. EDT",10651,10090,9389,-1262
ISNE,"10/14/2017 2 a.m. EDT",10165,9630,9101,-1064
ISNE,"10/14/2017 3 a.m. EDT",9885,9340,8841,-1044
ISNE,"10/14/2017 4 a.m. EDT",9776,9260,8810,-966
ISNE,"10/14/2017 5 a.m. EDT",9842,9360,8640,-1202
ISNE,"10/14/2017 6 a.m. EDT",10188,9730,8866,-1322
ISNE,"10/14/2017 7 a.m. EDT",10894,10350,9797,-1097
ISNE,"10/14/2017 8 a.m. EDT",11644,11050,10804,-840
ISNE,"10/14/2017 9 a.m. EDT",12345,11540,11371,-974
ISNE,"10/14/2017 10 a.m. EDT",12437,11850,11599,-838
ISNE,"10/14/2017 11 a.m. EDT",12636,11920,11574,-1062
ISNE,"10/14/2017 12 p.m. EDT",12569,11870,11476,-1093
ISNE,"10/14/2017 1 p.m. EDT",12431,11960,11421,-1010
ISNE,"10/14/2017 2 p.m. EDT",12328,12010,11331,-997
ISNE,"10/14/2017 3 p.m. EDT",12310,12230,11298,-1012
ISNE,"10/14/2017 4 p.m. EDT",12446,12530,11429,-1017
ISNE,"10/14/2017 5 p.m. EDT",12824,12870,11599,-1225
ISNE,"10/14/2017 6 p.m. EDT",13314,13320,11928,-1386
ISNE,"10/14/2017 7 p.m. EDT",13900,13950,12530,-1370
ISNE,"10/14/2017 8 p.m. EDT",13784,13910,12470,-1314
ISNE,"10/14/2017 9 p.m. EDT",13264,13440,11942,-1322
ISNE,"10/14/2017 10 p.m. EDT",12576,12670,11408,-1168
ISNE,"10/14/2017 11 p.m. EDT",11890,11830,10839,-1051
ISNE,"10/15/2017 12 a.m. EDT",11087,10940,9957,-1130
ISNE,"10/15/2017 1 a.m. EDT",10374,10090,9329,-1045
ISNE,"10/15/2017 2 a.m. EDT",10132,9620,8976,-1156
ISNE,"10/15/2017 3 a.m. EDT",9893,9360,8699,-1194
ISNE,"10/15/2017 4 a.m. EDT",9761,9220,8536,-1225
ISNE,"10/15/2017 5 a.m. EDT",9764,9240,8671,-1093
ISNE,"10/15/2017 6 a.m. EDT",9979,9520,9002,-977
ISNE,"10/15/2017 7 a.m. EDT",10371,9990,9265,-1106
ISNE,"10/15/2017 8 a.m. EDT",10688,10680,9529,-1159
ISNE,"10/15/2017 9 a.m. EDT",11393,11530,10449,-944
ISNE,"10/15/2017 10 a.m. EDT",12044,12170,11229,-815
ISNE,"10/15/2017 11 a.m. EDT",12423,12610,11584,-839
ISNE,"10/15/2017 12 p.m. EDT",12683,12890,12053,-630
ISNE,"10/15/2017 1 p.m. EDT",12774,13240,12238,-536
ISNE,"10/15/2017 2 p.m. EDT",12784,13470,12100,-684
ISNE,"10/15/2017 3 p.m. EDT",12803,13720,12071,-732
ISNE,"10/15/2017 4 p.m. EDT",12958,14030,12178,-780
ISNE,"10/15/2017 5 p.m. EDT",13398,14380,12537,-861
ISNE,"10/15/2017 6 p.m. EDT",14023,14890,13104,-919
ISNE,"10/15/2017 7 p.m. EDT",14771,15500,13799,-972
ISNE,"10/15/2017 8 p.m. EDT",14720,15650,13766,-954
ISNE,"10/15/2017 9 p.m. EDT",14111,15100,13262,-849
ISNE,"10/15/2017 10 p.m. EDT",13202,13960,12399,-803
ISNE,"10/15/2017 11 p.m. EDT",12351,12790,11467,-884
ISNE,"10/16/2017 12 a.m. EDT",11384,11680,10301,-1083
ISNE,"10/16/2017 1 a.m. EDT",10817,10450,9681,-1136
ISNE,"10/16/2017 2 a.m. EDT",10567,10040,9637,-930
ISNE,"10/16/2017 3 a.m. EDT",10350,9820,9478,-872
ISNE,"10/16/2017 4 a.m. EDT",10289,9700,9262,-1027
ISNE,"10/16/2017 5 a.m. EDT",10150,9790,9299,-851
ISNE,"10/16/2017 6 a.m. EDT",10816,10680,9873,-943
ISNE,"10/16/2017 7 a.m. EDT",12457,12310,11487,-970
ISNE,"10/16/2017 8 a.m. EDT",13414,13480,12455,-959
ISNE,"10/16/2017 9 a.m. EDT",13681,13570,12690,-991
ISNE,"10/16/2017 10 a.m. EDT",13823,13450,12621,-1202
ISNE,"10/16/2017 11 a.m. EDT",13821,13390,12576,-1245
ISNE,"10/16/2017 12 p.m. EDT",13695,13360,12431,-1264
ISNE,"10/16/2017 1 p.m. EDT",13572,13210,12314,-1258
ISNE,"10/16/2017 2 p.m. EDT",13602,13110,12436,-1166
ISNE,"10/16/2017 3 p.m. EDT",13559,12950,12333,-1226
ISNE,"10/16/2017 4 p.m. EDT",13505,12940,12295,-1210
ISNE,"10/16/2017 5 p.m. EDT",13669,13430,12547,-1122
ISNE,"10/16/2017 6 p.m. EDT",14249,14170,12960,-1289
ISNE,"10/16/2017 7 p.m. EDT",14915,15000,13579,-1336
ISNE,"10/16/2017 8 p.m. EDT",14769,14710,13467,-1302
ISNE,"10/16/2017 9 p.m. EDT",14091,13940,12808,-1283
ISNE,"10/16/2017 10 p.m. EDT",13054,12980,11883,-1171
ISNE,"10/16/2017 11 p.m. EDT",11799,11740,10544,-1255
ISNE,"10/17/2017 12 a.m. EDT",10694,10600,9525,-1169
ISNE,"10/17/2017 1 a.m. EDT",9975,10100,8778,-1197
ISNE,"10/17/2017 2 a.m. EDT",9588,9740,8521,-1067
ISNE,"10/17/2017 3 a.m. EDT",9423,9540,8530,-893
ISNE,"10/17/2017 4 a.m. EDT",9426,9560,8532,-894
ISNE,"10/17/2017 5 a.m. EDT",9748,9830,8903,-845
ISNE,"10/17/2017 6 a.m. EDT",10780,10900,9772,-1008
ISNE,"10/17/2017 7 a.m. EDT",12653,12790,11826,-827
ISNE,"10/17/2017 8 a.m. EDT",13663,13690,12554,-1109
ISNE,"10/17/2017 9 a.m. EDT",13501,13480,12407,-1094
ISNE,"10/17/2017 10 a.m. EDT",13041,13030,11900,-1141
ISNE,"10/17/2017 11 a.m. EDT",12702,12780,11526,-1176
ISNE,"10/17/2017 12 p.m. EDT",12472,12580,11497,-975
ISNE,"10/17/2017 1 p.m. EDT",12304,12300,11212,-1092
ISNE,"10/17/2017 2 p.m. EDT",12301,12240,11350,-951
ISNE,"10/17/2017 3 p.m. EDT",12350,12240,11319,-1031
ISNE,"10/17/2017 4 p.m. EDT",12627,12440,11555,-1072
ISNE,"10/17/2017 5 p.m. EDT",13229,12950,11991,-1238
ISNE,"10/17/2017 6 p.m. EDT",14040,13860,12792,-1248
ISNE,"10/17/2017 7 p.m. EDT",14916,14760,13664,-1252
ISNE,"10/17/2017 8 p.m. EDT",14887,14610,13749,-1138
ISNE,"10/17/2017 9 p.m. EDT",14250,13950,13000,-1250
ISNE,"10/17/2017 10 p.m. EDT",13249,13030,12032,-1217
ISNE,"10/17/2017 11 p.m. EDT",11944,11790,10609,-1335
ISNE,"10/18/2017 12 a.m. EDT",10822,10700,9633,-1189
ISNE,"10/18/2017 1 a.m. EDT",10325,10030,9187,-1138
ISNE,"10/18/2017 2 a.m. EDT",10193,9560,9033,-1160
ISNE,"10/18/2017 3 a.m. EDT",10031,9350,8837,-1194
ISNE,"10/18/2017 4 a.m. EDT",10021,9320,8854,-1167
ISNE,"10/18/2017 5 a.m. EDT",10321,9750,9231,-1090
ISNE,"10/18/2017 6 a.m. EDT",11209,10730,10127,-1082
ISNE,"10/18/2017 7 a.m. EDT",12669,12530,11552,-1117
ISNE,"10/18/2017 8 a.m. EDT",13596,13520,12414,-1182
ISNE,"10/18/2017 9 a.m. EDT",13450,13230,12316,-1134
ISNE,"10/18/2017 10 a.m. EDT",13068,12910,11961,-1107
ISNE,"10/18/2017 11 a.m. EDT",12851,12780,11862,-989
ISNE,"10/18/2017 12 p.m. EDT",12737,12690,11703,-1034
ISNE,"10/18/2017 1 p.m. EDT",12688,12630,11834,-854
ISNE,"10/18/2017 2 p.m. EDT",12810,12770,11982,-828
ISNE,"10/18/2017 3 p.m. EDT",12951,12890,12140,-811
ISNE,"10/18/2017 4 p.m. EDT",13229,13080,12261,-968
ISNE,"10/18/2017 5 p.m. EDT",13737,13580,12622,-1115
ISNE,"10/18/2017 6 p.m. EDT",14325,14170,13058,-1267
ISNE,"10/18/2017 7 p.m. EDT",14965,14950,13848,-1117
ISNE,"10/18/2017 8 p.m. EDT",14706,14660,13227,-1479
ISNE,"10/18/2017 9 p.m. EDT",14093,13990,12639,-1454
ISNE,"10/18/2017 10 p.m. EDT",13078,13050,11878,-1200
ISNE,"10/18/2017 11 p.m. EDT",11808,11730,10661,-1147
ISNE,"10/19/2017 12 a.m. EDT",10688,10590,9526,-1162
ISNE,"10/19/2017 1 a.m. EDT",10214,9900,9116,-1098
ISNE,"10/19/2017 2 a.m. EDT",9837,9470,8656,-1181
ISNE,"10/19/2017 3 a.m. EDT",9869,9260,8386,-1483
ISNE,"10/19/2017 4 a.m. EDT",9866,9350,7934,-1932
ISNE,"10/19/2017 5 a.m. EDT",10149,9680,7918,-2231
ISNE,"10/19/2017 6 a.m. EDT",10862,10630,8671,-2191
ISNE,"10/19/2017 7 a.m. EDT",12450,12430,10521,-1929
ISNE,"10/19/2017 8 a.m. EDT",13407,13360,11454,-1953
ISNE,"10/19/2017 9 a.m. EDT",13383,13260,11489,-1894
ISNE,"10/19/2017 10 a.m. EDT",13120,13040,11207,-1913
ISNE,"10/19/2017 11 a.m. EDT",12998,12940,11253,-1745
ISNE,"10/19/2017 12 p.m. EDT",12893,12860,11258,-1635
ISNE,"10/19/2017 1 p.m. EDT",12812,12770,11255,-1557
ISNE,"10/19/2017 2 p.m. EDT",12966,12910,11349,-1617
ISNE,"10/19/2017 3 p.m. EDT",13072,13030,11319,-1753
ISNE,"10/19/2017 4 p.m. EDT",13303,13260,11536,-1767
ISNE,"10/19/2017 5 p.m. EDT",13755,13680,11892,-1863
ISNE,"10/19/2017 6 p.m. EDT",14268,14280,12182,-2086
ISNE,"10/19/2017 7 p.m. EDT",14938,14800,12792,-2146
ISNE,"10/19/2017 8 p.m. EDT",14792,14570,12707,-2085
ISNE,"10/19/2017 9 p.m. EDT",14148,13960,12229,-1919
ISNE,"10/19/2017 10 p.m. EDT",13169,13040,11441,-1728
ISNE,"10/19/2017 11 p.m. EDT",11884,11770,9802,-2082
ISNE,"10/20/2017 12 a.m. EDT",11032,10640,8664,-2368
ISNE,"10/20/2017 1 a.m. EDT",10451,10000,8280,-2171
ISNE,"10/20/2017 2 a.m. EDT",10125,9530,8412,-1713
ISNE,"10/20/2017 3 a.m. EDT",9902,9280,7992,-1910
ISNE,"10/20/2017 4 a.m. EDT",9848,9230,7942,-1906
ISNE,"10/20/2017 5 a.m. EDT",10076,9570,8088,-1988
ISNE,"10/20/2017 6 a.m. EDT",10847,10480,8654,-2193
ISNE,"10/20/2017 7 a.m. EDT",12154,12190,10085,-2069
ISNE,"10/20/2017 8 a.m. EDT",13098,13100,10642,-2456
ISNE,"10/20/2017 9 a.m. EDT",13143,13060,10852,-2291
ISNE,"10/20/2017 10 a.m. EDT",12944,12820,11006,-1938
ISNE,"10/20/2017 11 a.m. EDT",12784,12650,10911,-1873
ISNE,"10/20/2017 12 p.m. EDT",12679,12530,11040,-1639
ISNE,"10/20/2017 1 p.m. EDT",12579,12420,10842,-1737
ISNE,"10/20/2017 2 p.m. EDT",12681,12470,11081,-1600
ISNE,"10/20/2017 3 p.m. EDT",12810,12560,11194,-1616
ISNE,"10/20/2017 4 p.m. EDT",13021,12610,11326,-1695
ISNE,"10/20/2017 5 p.m. EDT",13449,13110,11449,-2000
ISNE,"10/20/2017 6 p.m. EDT",13903,13650,11537,-2366
ISNE,"10/20/2017 7 p.m. EDT",14343,14050,11899,-2444
ISNE,"10/20/2017 8 p.m. EDT",14056,13750,11656,-2400
ISNE,"10/20/2017 9 p.m. EDT",13469,13190,11238,-2231
ISNE,"10/20/2017 10 p.m. EDT",12717,12490,10761,-1956
ISNE,"10/20/2017 11 p.m. EDT",11720,11460,9821,-1899
ISNE,"10/21/2017 12 a.m. EDT",10855,10440,8830,-2025
ISNE,"10/21/2017 1 a.m. EDT",10178,9900,7840,-2338
ISNE,"10/21/2017 2 a.m. EDT",9710,9420,7362,-2348
ISNE,"10/21/2017 3 a.m. EDT",9454,9140,7062,-2392
ISNE,"10/21/2017 4 a.m. EDT",9444,9100,6985,-2459
ISNE,"10/21/2017 5 a.m. EDT",9612,9160,7248,-2364
ISNE,"10/21/2017 6 a.m. EDT",9797,9520,7361,-2436
ISNE,"10/21/2017 7 a.m. EDT",10344,10200,7913,-2431
ISNE,"10/21/2017 8 a.m. EDT",10999,10980,8468,-2531
ISNE,"10/21/2017 9 a.m. EDT",11530,11460,8874,-2656
ISNE,"10/21/2017 10 a.m. EDT",11614,11360,9140,-2474
ISNE,"10/21/2017 11 a.m. EDT",11529,11330,9307,-2222
ISNE,"10/21/2017 12 p.m. EDT",11420,11070,9378,-2042
ISNE,"10/21/2017 1 p.m. EDT",11322,11020,9189,-2133
ISNE,"10/21/2017 2 p.m. EDT",11314,10910,9182,-2132
ISNE,"10/21/2017 3 p.m. EDT",11471,11040,9452,-2019
ISNE,"10/21/2017 4 p.m. EDT",11855,11280,10024,-1831
ISNE,"10/21/2017 5 p.m. EDT",12401,11900,10214,-2187
ISNE,"10/21/2017 6 p.m. EDT",12915,12660,10321,-2594
ISNE,"10/21/2017 7 p.m. EDT",13541,13360,11125,-2416
ISNE,"10/21/2017 8 p.m. EDT",13253,13120,10993,-2260
ISNE,"10/21/2017 9 p.m. EDT",12742,12580,10085,-2657
ISNE,"10/21/2017 10 p.m. EDT",12077,12020,9765,-2312
ISNE,"10/21/2017 11 p.m. EDT",11251,11150,9039,-2212
ISNE,"10/22/2017 12 a.m. EDT",10616,10240,8007,-2609
ISNE,"10/22/2017 1 a.m. EDT",10062,9630,7353,-2709
ISNE,"10/22/2017 2 a.m. EDT",9755,9170,7148,-2607
ISNE,"10/22/2017 3 a.m. EDT",9525,8930,7170,-2355
ISNE,"10/22/2017 4 a.m. EDT",9403,8820,6974,-2429
ISNE,"10/22/2017 5 a.m. EDT",9412,8830,6995,-2417
ISNE,"10/22/2017 6 a.m. EDT",9620,9060,6994,-2626
ISNE,"10/22/2017 7 a.m. EDT",9863,9600,7431,-2432
ISNE,"10/22/2017 8 a.m. EDT",10400,10190,8002,-2398
ISNE,"10/22/2017 9 a.m. EDT",10755,10790,8274,-2481
ISNE,"10/22/2017 10 a.m. EDT",11023,11010,8773,-2250
ISNE,"10/22/2017 11 a.m. EDT",11080,11180,8850,-2230
ISNE,"10/22/2017 12 p.m. EDT",11096,11130,8730,-2366
ISNE,"10/22/2017 1 p.m. EDT",11228,11170,8989,-2239
ISNE,"10/22/2017 2 p.m. EDT",11432,11250,9120,-2312
ISNE,"10/22/2017 3 p.m. EDT",11683,11410,9147,-2536
ISNE,"10/22/2017 4 p.m. EDT",12016,11690,9360,-2656
ISNE,"10/22/2017 5 p.m. EDT",12570,12300,9922,-2648
ISNE,"10/22/2017 6 p.m. EDT",13312,13110,10567,-2745
ISNE,"10/22/2017 7 p.m. EDT",14108,13890,11687,-2421
ISNE,"10/22/2017 8 p.m. EDT",13893,13770,11544,-2349
ISNE,"10/22/2017 9 p.m. EDT",13234,13140,10803,-2431
ISNE,"10/22/2017 10 p.m. EDT",12303,12270,9794,-2509
ISNE,"10/22/2017 11 p.m. EDT",11308,11210,8621,-2687
ISNE,"10/23/2017 12 a.m. EDT",10329,10260,7505,-2824
ISNE,"10/23/2017 1 a.m. EDT",9865,9500,7162,-2703
ISNE,"10/23/2017 2 a.m. EDT",9541,9120,6845,-2696
ISNE,"10/23/2017 3 a.m. EDT",9401,8940,6781,-2620
ISNE,"10/23/2017 4 a.m. EDT",9628,8970,7001,-2627
ISNE,"10/23/2017 5 a.m. EDT",9934,9310,7263,-2671
ISNE,"10/23/2017 6 a.m. EDT",10832,10500,8301,-2531
ISNE,"10/23/2017 7 a.m. EDT",12151,12420,9846,-2305
ISNE,"10/23/2017 8 a.m. EDT",13228,13490,10962,-2266
ISNE,"10/23/2017 9 a.m. EDT",13472,13600,11193,-2279
ISNE,"10/23/2017 10 a.m. EDT",13541,13590,11235,-2306
ISNE,"10/23/2017 11 a.m. EDT",13619,13540,11200,-2419
ISNE,"10/23/2017 12 p.m. EDT",13577,13480,11155,-2422
ISNE,"10/23/2017 1 p.m. EDT",13507,13460,10908,-2599
ISNE,"10/23/2017 2 p.m. EDT",13628,13690,10989,-2639
ISNE,"10/23/2017 3 p.m. EDT",13800,13780,11222,-2578
ISNE,"10/23/2017 4 p.m. EDT",13986,13930,11383,-2603
ISNE,"10/23/2017 5 p.m. EDT",14307,14200,11745,-2562
ISNE,"10/23/2017 6 p.m. EDT",14891,14820,12456,-2435
ISNE,"10/23/2017 7 p.m. EDT",15542,15530,13223,-2319
ISNE,"10/23/2017 8 p.m. EDT",15200,15180,12844,-2356
ISNE,"10/23/2017 9 p.m. EDT",14446,14510,11695,-2751
ISNE,"10/23/2017 10 p.m. EDT",13428,13390,10907,-2521
ISNE,"10/23/2017 11 p.m. EDT",12204,12080,9501,-2703
ISNE,"10/24/2017 12 a.m. EDT",11624,10990,8652,-2972
ISNE,"10/24/2017 1 a.m. EDT",10921,10350,8039,-2882
ISNE,"10/24/2017 2 a.m. EDT",10489,9920,7873,-2616
ISNE,"10/24/2017 3 a.m. EDT",10251,9670,7892,-2359
ISNE,"10/24/2017 4 a.m. EDT",10222,9660,7891,-2331
ISNE,"10/24/2017 5 a.m. EDT",10518,9950,8242,-2276
ISNE,"10/24/2017 6 a.m. EDT",11495,10970,8961,-2534
ISNE,"10/24/2017 7 a.m. EDT",13240,12830,10653,-2587
ISNE,"10/24/2017 8 a.m. EDT",14071,13960,11673,-2398
ISNE,"10/24/2017 9 a.m. EDT",14437,14260,12037,-2400
ISNE,"10/24/2017 10 a.m. EDT",14691,14480,12251,-2440
ISNE,"10/24/2017 11 a.m. EDT",14928,14580,12630,-2298
ISNE,"10/24/2017 12 p.m. EDT",15018,14750,12834,-2184
ISNE,"10/24/2017 1 p.m. EDT",15064,14700,12945,-2119
ISNE,"10/24/2017 2 p.m. EDT",15190,14730,12977,-2213
ISNE,"10/24/2017 3 p.m. EDT",15160,14680,12742,-2418
ISNE,"10/24/2017 4 p.m. EDT",15187,14770,12681,-2506
ISNE,"10/24/2017 5 p.m. EDT",15405,15040,12785,-2620
ISNE,"10/24/2017 6 p.m. EDT",15867,15520,13182,-2685
ISNE,"10/24/2017 7 p.m. EDT",16262,15960,14003,-2259
ISNE,"10/24/2017 8 p.m. EDT",15876,15720,13747,-2129
ISNE,"10/24/2017 9 p.m. EDT",15190,15040,12622,-2568
ISNE,"10/24/2017 10 p.m. EDT",14173,13970,11879,-2294
ISNE,"10/24/2017 11 p.m. EDT",12887,12670,10403,-2484
ISNE,"10/25/2017 12 a.m. EDT",12048,11530,9521,-2527
ISNE,"10/25/2017 1 a.m. EDT",11490,10940,8679,-2811
ISNE,"10/25/2017 2 a.m. EDT",11058,10520,8123,-2935
ISNE,"10/25/2017 3 a.m. EDT",10811,10280,7869,-2942
ISNE,"10/25/2017 4 a.m. EDT",10700,10140,7776,-2924
ISNE,"10/25/2017 5 a.m. EDT",10879,10320,7995,-2884
ISNE,"10/25/2017 6 a.m. EDT",11776,11280,9009,-2767
ISNE,"10/25/2017 7 a.m. EDT",13087,13160,10675,-2412
ISNE,"10/25/2017 8 a.m. EDT",14301,14310,11644,-2657
ISNE,"10/25/2017 9 a.m. EDT",14683,14630,11882,-2801
ISNE,"10/25/2017 10 a.m. EDT",14907,14920,12004,-2903
ISNE,"10/25/2017 11 a.m. EDT",15134,15050,12150,-2984
ISNE,"10/25/2017 12 p.m. EDT",15223,15060,12301,-2922
ISNE,"10/25/2017 1 p.m. EDT",15102,14980,12148,-2954
ISNE,"10/25/2017 2 p.m. EDT",14931,15040,11967,-2964
ISNE,"10/25/2017 3 p.m. EDT",14774,15020,11836,-2938
ISNE,"10/25/2017 4 p.m. EDT",14647,15050,11981,-2666
ISNE,"10/25/2017 5 p.m. EDT",14848,15240,12190,-2658
ISNE,"10/25/2017 6 p.m. EDT",15319,15600,12649,-2670
ISNE,"10/25/2017 7 p.m. EDT",15568,16000,12717,-2851
ISNE,"10/25/2017 8 p.m. EDT",15128,15710,12486,-2642
ISNE,"10/25/2017 9 p.m. EDT",14389,14710,11537,-2852
ISNE,"10/25/2017 10 p.m. EDT",13393,13570,10977,-2416
ISNE,"10/25/2017 11 p.m. EDT",12341,12310,9837,-2504
ISNE,"10/26/2017 12 a.m. EDT",11297,11120,8609,-2688
ISNE,"10/26/2017 1 a.m. EDT",10702,10230,7790,-2912
ISNE,"10/26/2017 2 a.m. EDT",10333,9760,7400,-2933
ISNE,"10/26/2017 3 a.m. EDT",10084,9550,7545,-2539
ISNE,"10/26/2017 4 a.m. EDT",10023,9430,7623,-2400
ISNE,"10/26/2017 5 a.m. EDT",10259,9650,7865,-2394
ISNE,"10/26/2017 6 a.m. EDT",11152,10620,8484,-2668
ISNE,"10/26/2017 7 a.m. EDT",12579,12460,10266,-2313
ISNE,"10/26/2017 8 a.m. EDT",13619,13610,11370,-2249
ISNE,"10/26/2017 9 a.m. EDT",13998,13860,11540,-2458
ISNE,"10/26/2017 10 a.m. EDT",14219,14200,11760,-2459
ISNE,"10/26/2017 11 a.m. EDT",14280,14290,11779,-2501
ISNE,"10/26/2017 12 p.m. EDT",14320,14300,11690,-2630
ISNE,"10/26/2017 1 p.m. EDT",14137,14260,11448,-2689
ISNE,"10/26/2017 2 p.m. EDT",14025,14280,11334,-2691
ISNE,"10/26/2017 3 p.m. EDT",13866,14230,11349,-2517
ISNE,"10/26/2017 4 p.m. EDT",13794,14250,11311,-2483
ISNE,"10/26/2017 5 p.m. EDT",13946,14500,11377,-2569
ISNE,"10/26/2017 6 p.m. EDT",14461,14920,11879,-2582
ISNE,"10/26/2017 7 p.m. EDT",14874,15500,12301,-2573
ISNE,"10/26/2017 8 p.m. EDT",14528,14950,11939,-2589
ISNE,"10/26/2017 9 p.m. EDT",13920,14200,11350,-2570
ISNE,"10/26/2017 10 p.m. EDT",12969,13180,10582,-2387
ISNE,"10/26/2017 11 p.m. EDT",12134,11960,9394,-2740
ISNE,"10/27/2017 12 a.m. EDT",11180,10850,8607,-2573
ISNE,"10/27/2017 1 a.m. EDT",10440,9900,7455,-2985
ISNE,"10/27/2017 2 a.m. EDT",10032,9490,7257,-2775
ISNE,"10/27/2017 3 a.m. EDT",9825,9300,7305,-2520
ISNE,"10/27/2017 4 a.m. EDT",9798,9270,7259,-2539
ISNE,"10/27/2017 5 a.m. EDT",10057,9510,7525,-2532
ISNE,"10/27/2017 6 a.m. EDT",10728,10490,8259,-2469
ISNE,"10/27/2017 7 a.m. EDT",12296,12290,10134,-2162
ISNE,"10/27/2017 8 a.m. EDT",13360,13280,10939,-2421
ISNE,"10/27/2017 9 a.m. EDT",13340,13260,11030,-2310
ISNE,"10/27/2017 10 a.m. EDT",12985,13020,10780,-2205
ISNE,"10/27/2017 11 a.m. EDT",12663,12770,10502,-2161
ISNE,"10/27/2017 12 p.m. EDT",12423,12570,10172,-2251
ISNE,"10/27/2017 1 p.m. EDT",12227,12350,9935,-2292
ISNE,"10/27/2017 2 p.m. EDT",12243,12360,9845,-2398
ISNE,"10/27/2017 3 p.m. EDT",12300,12350,9799,-2501
ISNE,"10/27/2017 4 p.m. EDT",12523,12470,10017,-2506
ISNE,"10/27/2017 5 p.m. EDT",13044,13000,10326,-2718
ISNE,"10/27/2017 6 p.m. EDT",13557,13680,10842,-2715
ISNE,"10/27/2017 7 p.m. EDT",14145,14400,11303,-2842
ISNE,"10/27/2017 8 p.m. EDT",13852,14040,10986,-2866
ISNE,"10/27/2017 9 p.m. EDT",13353,13360,10806,-2547
ISNE,"10/27/2017 10 p.m. EDT",12627,12610,9988,-2639
ISNE,"10/27/2017 11 p.m. EDT",11664,11640,8783,-2881
ISNE,"10/28/2017 12 a.m. EDT",10725,10640,8078,-2647
ISNE,"10/28/2017 1 a.m. EDT",10214,9900,7319,-2895
ISNE,"10/28/2017 2 a.m. EDT",9715,9450,6898,-2817
ISNE,"10/28/2017 3 a.m. EDT",9508,9230,6758,-2750
ISNE,"10/28/2017 4 a.m. EDT",9404,9130,6882,-2522
ISNE,"10/28/2017 5 a.m. EDT",9504,9230,6989,-2515
ISNE,"10/28/2017 6 a.m. EDT",9868,9570,7265,-2603
ISNE,"10/28/2017 7 a.m. EDT",10387,10310,7779,-2608
ISNE,"10/28/2017 8 a.m. EDT",11161,11020,8506,-2655
ISNE,"10/28/2017 9 a.m. EDT",11698,11590,9014,-2684
ISNE,"10/28/2017 10 a.m. EDT",11745,11680,9237,-2508
ISNE,"10/28/2017 11 a.m. EDT",11654,11660,9214,-2440
ISNE,"10/28/2017 12 p.m. EDT",11531,11540,9231,-2300
ISNE,"10/28/2017 1 p.m. EDT",11352,11390,9048,-2304
ISNE,"10/28/2017 2 p.m. EDT",11235,11280,9124,-2111
ISNE,"10/28/2017 3 p.m. EDT",11261,11310,9104,-2157
ISNE,"10/28/2017 4 p.m. EDT",11587,11530,9265,-2322
ISNE,"10/28/2017 5 p.m. EDT",12135,12040,9801,-2334
ISNE,"10/28/2017 6 p.m. EDT",12814,12830,10442,-2372
ISNE,"10/28/2017 7 p.m. EDT",13480,13500,10690,-2790
ISNE,"10/28/2017 8 p.m. EDT",13154,13240,10503,-2651
ISNE,"10/28/2017 9 p.m. EDT",12676,12650,10498,-2178
ISNE,"10/28/2017 10 p.m. EDT",12034,11960,9486,-2548
ISNE,"10/28/2017 11 p.m. EDT",11210,11140,8600,-2610
ISNE,"10/29/2017 12 a.m. EDT",10583,10300,7930,-2653
ISNE,"10/29/2017 1 a.m. EDT",9975,9760,7238,-2737
ISNE,"10/29/2017 2 a.m. EDT",9558,9320,6937,-2621
ISNE,"10/29/2017 3 a.m. EDT",9317,9040,6647,-2670
ISNE,"10/29/2017 4 a.m. EDT",9437,8870,6719,-2718
ISNE,"10/29/2017 5 a.m. EDT",9459,8880,6810,-2649
ISNE,"10/29/2017 6 a.m. EDT",9670,9160,6899,-2771
ISNE,"10/29/2017 7 a.m. EDT",9912,9740,7001,-2911
ISNE,"10/29/2017 8 a.m. EDT",10528,10350,7708,-2820
ISNE,"10/29/2017 9 a.m. EDT",11383,11150,8747,-2636
ISNE,"10/29/2017 10 a.m. EDT",11888,11720,9596,-2292
ISNE,"10/29/2017 11 a.m. EDT",12353,12040,10315,-2038
ISNE,"10/29/2017 12 p.m. EDT",12735,12230,10292,-2443
ISNE,"10/29/2017 1 p.m. EDT",12994,12310,10346,-2648
ISNE,"10/29/2017 2 p.m. EDT",13032,12320,10203,-2829
ISNE,"10/29/2017 3 p.m. EDT",13000,12380,10131,-2869
ISNE,"10/29/2017 4 p.m. EDT",13019,12600,10270,-2749
ISNE,"10/29/2017 5 p.m. EDT",13443,13140,10718,-2725
ISNE,"10/29/2017 6 p.m. EDT",14093,13940,11307,-2786
ISNE,"10/29/2017 7 p.m. EDT",14362,14500,11496,-2866
ISNE,"10/29/2017 8 p.m. EDT",13930,14170,11423,-2507
ISNE,"10/29/2017 9 p.m. EDT",13307,13310,10911,-2396
ISNE,"10/29/2017 10 p.m. EDT",12393,12290,10023,-2370
ISNE,"10/29/2017 11 p.m. EDT",11363,11310,8836,-2527
ISNE,"10/30/2017 12 a.m. EDT",10542,10390,7719,-2823
ISNE,"10/30/2017 1 a.m. EDT",9700,9410,6877,-2823
ISNE,"10/30/2017 2 a.m. EDT",9241,8810,6620,-2621
ISNE,"10/30/2017 3 a.m. EDT",9029,8480,6422,-2607
ISNE,"10/30/2017 4 a.m. EDT",9016,8840,6261,-2755
ISNE,"10/30/2017 5 a.m. EDT",9379,8590,6551,-2828
ISNE,"10/30/2017 6 a.m. EDT",9881,9480,7114,-2767
ISNE,"10/30/2017 7 a.m. EDT",10560,11300,8285,-2275
ISNE,"10/30/2017 8 a.m. EDT",11973,12330,9468,-2505
ISNE,"10/30/2017 9 a.m. EDT",11823,12650,9561,-2262
ISNE,"10/30/2017 10 a.m. EDT",11893,12820,9686,-2207
ISNE,"10/30/2017 11 a.m. EDT",12109,12940,9889,-2220
ISNE,"10/30/2017 12 p.m. EDT",12154,12940,9915,-2239
ISNE,"10/30/2017 1 p.m. EDT",11870,12930,9580,-2290
ISNE,"10/30/2017 2 p.m. EDT",11806,12740,9508,-2298
ISNE,"10/30/2017 3 p.m. EDT",11685,12740,9304,-2381
ISNE,"10/30/2017 4 p.m. EDT",11706,12850,9242,-2464
ISNE,"10/30/2017 5 p.m. EDT",12126,13270,9595,-2531
ISNE,"10/30/2017 6 p.m. EDT",12842,13990,10119,-2723
ISNE,"10/30/2017 7 p.m. EDT",13587,14580,10566,-3021
ISNE,"10/30/2017 8 p.m. EDT",13425,14320,10807,-2618
ISNE,"10/30/2017 9 p.m. EDT",12910,13700,10441,-2469
ISNE,"10/30/2017 10 p.m. EDT",12087,12750,9638,-2449
ISNE,"10/30/2017 11 p.m. EDT",11029,11540,8433,-2596
ISNE,"10/31/2017 12 a.m. EDT",10306,10410,7557,-2749
ISNE,"10/31/2017 1 a.m. EDT",9765,9240,7213,-2552
ISNE,"10/31/2017 2 a.m. EDT",9543,8980,7213,-2330
ISNE,"10/31/2017 3 a.m. EDT",9085,8910,6938,-2147
ISNE,"10/31/2017 4 a.m. EDT",9324,8980,6917,-2407
ISNE,"10/31/2017 5 a.m. EDT",9588,9270,7084,-2504
ISNE,"10/31/2017 6 a.m. EDT",9994,10400,7554,-2440
ISNE,"10/31/2017 7 a.m. EDT",11631,12280,9217,-2414
ISNE,"10/31/2017 8 a.m. EDT",12725,13300,10414,-2311
ISNE,"10/31/2017 9 a.m. EDT",12752,13220,10342,-2410
ISNE,"10/31/2017 10 a.m. EDT",12554,12930,10101,-2453
ISNE,"10/31/2017 11 a.m. EDT",12526,12680,10236,-2290
ISNE,"10/31/2017 12 p.m. EDT",12333,12490,10203,-2130
ISNE,"10/31/2017 1 p.m. EDT",12101,12390,9655,-2446
ISNE,"10/31/2017 2 p.m. EDT",12173,12420,9877,-2296
ISNE,"10/31/2017 3 p.m. EDT",12166,12510,9954,-2212
ISNE,"10/31/2017 4 p.m. EDT",12413,12810,10185,-2228
ISNE,"10/31/2017 5 p.m. EDT",12946,13440,10657,-2289
ISNE,"10/31/2017 6 p.m. EDT",13447,14190,11243,-2204
ISNE,"10/31/2017 7 p.m. EDT",13811,15030,11922,-1889
ISNE,"10/31/2017 8 p.m. EDT",13540,14880,11810,-1730
ISNE,"10/31/2017 9 p.m. EDT",13259,14240,11620,-1639
ISNE,"10/31/2017 10 p.m. EDT",12632,13230,10776,-1856
ISNE,"10/31/2017 11 p.m. EDT",11582,11960,9461,-2121
ISNE,"11/1/2017 12 a.m. EDT",10595,10870,8053,-2542
