"BA Code","Timestamp (Hour Ending)","Demand (MWh)","Demand Forecast (MWh)","Net Generation (MWh)","Total Interchange (MWh)"
ISNE,"8/1/2015 12 a.m. EDT",15149,15580,13131,-2018
ISNE,"8/1/2015 1 a.m. EDT",14020,14080,12537,-1483
ISNE,"8/1/2015 2 a.m. EDT",13160,13130,12095,-1065
ISNE,"8/1/2015 3 a.m. EDT",12546,12560,11779,-767
ISNE,"8/1/2015 4 a.m. EDT",12651,12220,11758,-893
ISNE,"8/1/2015 5 a.m. EDT",12682,11850,11746,-936
ISNE,"8/1/2015 6 a.m. EDT",12829,11940,11961,-868
ISNE,"8/1/2015 7 a.m. EDT",13520,12360,12141,-1379
ISNE,"8/1/2015 8 a.m. EDT",14035,13630,12886,-1149
ISNE,"8/1/2015 9 a.m. EDT",14937,15120,13706,-1231
ISNE,"8/1/2015 10 a.m. EDT",16201,16300,14784,-1417
ISNE,"8/1/2015 11 a.m. EDT",17091,17190,15502,-1589
ISNE,"8/1/2015 12 p.m. EDT",17755,17820,15648,-2107
ISNE,"8/1/2015 1 p.m. EDT",18301,18120,15933,-2368
ISNE,"8/1/2015 2 p.m. EDT",18580,18390,16322,-2258
ISNE,"8/1/2015 3 p.m. EDT",18713,18680,16378,-2335
ISNE,"8/1/2015 4 p.m. EDT",18739,18820,16527,-2212
ISNE,"8/1/2015 5 p.m. EDT",18658,18850,16860,-1798
ISNE,"8/1/2015 6 p.m. EDT",18662,18720,16791,-1871
ISNE,"8/1/2015 7 p.m. EDT",18484,18550,16470,-2014
ISNE,"8/1/2015 8 p.m. EDT",17971,17960,16103,-1868
ISNE,"8/1/2015 9 p.m. EDT",17742,17910,15968,-1774
ISNE,"8/1/2015 10 p.m. EDT",17151,17130,15363,-1788
ISNE,"8/1/2015 11 p.m. EDT",15868,15900,14420,-1448
ISNE,"8/2/2015 12 a.m. EDT",14440,14530,12986,-1454
ISNE,"8/2/2015 1 a.m. EDT",13318,13150,12192,-1126
ISNE,"8/2/2015 2 a.m. EDT",12790,12310,11853,-937
ISNE,"8/2/2015 3 a.m. EDT",12646,11740,11281,-1365
ISNE,"8/2/2015 4 a.m. EDT",12462,11410,11020,-1442
ISNE,"8/2/2015 5 a.m. EDT",12302,11260,10945,-1357
ISNE,"8/2/2015 6 a.m. EDT",12228,11230,11026,-1202
ISNE,"8/2/2015 7 a.m. EDT",12367,11440,11151,-1216
ISNE,"8/2/2015 8 a.m. EDT",12898,12320,11828,-1070
ISNE,"8/2/2015 9 a.m. EDT",13412,13520,12586,-826
ISNE,"8/2/2015 10 a.m. EDT",14412,14600,13156,-1256
ISNE,"8/2/2015 11 a.m. EDT",15298,15510,13622,-1676
ISNE,"8/2/2015 12 p.m. EDT",16054,16220,14292,-1762
ISNE,"8/2/2015 1 p.m. EDT",16661,16700,15008,-1653
ISNE,"8/2/2015 2 p.m. EDT",17131,17030,15505,-1626
ISNE,"8/2/2015 3 p.m. EDT",17506,17300,15458,-2048
ISNE,"8/2/2015 4 p.m. EDT",17947,17610,15824,-2123
ISNE,"8/2/2015 5 p.m. EDT",18469,17910,16385,-2084
ISNE,"8/2/2015 6 p.m. EDT",18881,18200,17079,-1802
ISNE,"8/2/2015 7 p.m. EDT",18851,18080,16905,-1946
ISNE,"8/2/2015 8 p.m. EDT",18387,17660,16594,-1793
ISNE,"8/2/2015 9 p.m. EDT",18292,17580,16513,-1779
ISNE,"8/2/2015 10 p.m. EDT",17637,16940,15552,-2085
ISNE,"8/2/2015 11 p.m. EDT",16173,15580,13963,-2210
ISNE,"8/3/2015 12 a.m. EDT",14944,14200,13111,-1833
ISNE,"8/3/2015 1 a.m. EDT",14348,13620,12679,-1669
ISNE,"8/3/2015 2 a.m. EDT",13980,12960,12379,-1601
ISNE,"8/3/2015 3 a.m. EDT",13871,12500,12388,-1483
ISNE,"8/3/2015 4 a.m. EDT",13495,12300,12071,-1424
ISNE,"8/3/2015 5 a.m. EDT",13616,12520,11972,-1644
ISNE,"8/3/2015 6 a.m. EDT",14143,13240,12728,-1415
ISNE,"8/3/2015 7 a.m. EDT",14814,14580,13109,-1705
ISNE,"8/3/2015 8 a.m. EDT",16303,16390,14611,-1692
ISNE,"8/3/2015 9 a.m. EDT",17647,17670,15918,-1729
ISNE,"8/3/2015 10 a.m. EDT",18723,18940,16683,-2040
ISNE,"8/3/2015 11 a.m. EDT",19726,19990,17461,-2265
ISNE,"8/3/2015 12 p.m. EDT",20530,20760,18377,-2153
ISNE,"8/3/2015 1 p.m. EDT",21155,21560,18765,-2390
ISNE,"8/3/2015 2 p.m. EDT",21813,22070,19348,-2465
ISNE,"8/3/2015 3 p.m. EDT",22243,22450,19750,-2493
ISNE,"8/3/2015 4 p.m. EDT",22567,22710,20323,-2244
ISNE,"8/3/2015 5 p.m. EDT",22788,22800,20891,-1897
ISNE,"8/3/2015 6 p.m. EDT",22673,22610,20538,-2135
ISNE,"8/3/2015 7 p.m. EDT",22003,22010,19325,-2678
ISNE,"8/3/2015 8 p.m. EDT",21228,21170,18479,-2749
ISNE,"8/3/2015 9 p.m. EDT",20960,20970,18330,-2630
ISNE,"8/3/2015 10 p.m. EDT",20056,19900,17926,-2130
ISNE,"8/3/2015 11 p.m. EDT",18273,18080,16501,-1772
ISNE,"8/4/2015 12 a.m. EDT",16528,16350,14609,-1919
ISNE,"8/4/2015 1 a.m. EDT",15517,14900,13347,-2170
ISNE,"8/4/2015 2 a.m. EDT",15241,14050,12643,-2598
ISNE,"8/4/2015 3 a.m. EDT",15206,13530,12509,-2697
ISNE,"8/4/2015 4 a.m. EDT",15101,13270,12260,-2841
ISNE,"8/4/2015 5 a.m. EDT",15227,13410,12328,-2899
ISNE,"8/4/2015 6 a.m. EDT",15491,14490,12961,-2530
ISNE,"8/4/2015 7 a.m. EDT",16010,15750,13569,-2441
ISNE,"8/4/2015 8 a.m. EDT",17028,17270,14901,-2127
ISNE,"8/4/2015 9 a.m. EDT",17539,18420,15626,-1913
ISNE,"8/4/2015 10 a.m. EDT",18333,19450,16466,-1867
ISNE,"8/4/2015 11 a.m. EDT",19318,19860,17326,-1992
ISNE,"8/4/2015 12 p.m. EDT",20239,20500,18091,-2148
ISNE,"8/4/2015 1 p.m. EDT",20912,20960,18553,-2359
ISNE,"8/4/2015 2 p.m. EDT",21570,21360,19055,-2515
ISNE,"8/4/2015 3 p.m. EDT",21778,21650,19337,-2441
ISNE,"8/4/2015 4 p.m. EDT",21454,21710,19165,-2289
ISNE,"8/4/2015 5 p.m. EDT",20972,21700,18465,-2507
ISNE,"8/4/2015 6 p.m. EDT",20841,21500,18210,-2631
ISNE,"8/4/2015 7 p.m. EDT",20380,20820,17824,-2556
ISNE,"8/4/2015 8 p.m. EDT",19782,20060,17520,-2262
ISNE,"8/4/2015 9 p.m. EDT",19539,19880,17273,-2266
ISNE,"8/4/2015 10 p.m. EDT",18550,18840,16406,-2144
ISNE,"8/4/2015 11 p.m. EDT",16845,17100,14977,-1868
ISNE,"8/5/2015 12 a.m. EDT",15121,15390,13203,-1918
ISNE,"8/5/2015 1 a.m. EDT",14032,14120,11859,-2173
ISNE,"8/5/2015 2 a.m. EDT",13711,13300,11482,-2229
ISNE,"8/5/2015 3 a.m. EDT",13573,12780,11347,-2226
ISNE,"8/5/2015 4 a.m. EDT",13466,12510,11218,-2248
ISNE,"8/5/2015 5 a.m. EDT",13499,12130,11109,-2390
ISNE,"8/5/2015 6 a.m. EDT",13773,12740,11621,-2152
ISNE,"8/5/2015 7 a.m. EDT",14274,14000,12167,-2107
ISNE,"8/5/2015 8 a.m. EDT",15280,15560,13362,-1918
ISNE,"8/5/2015 9 a.m. EDT",16332,16630,14420,-1912
ISNE,"8/5/2015 10 a.m. EDT",17165,17430,15420,-1745
ISNE,"8/5/2015 11 a.m. EDT",17854,18210,15748,-2106
ISNE,"8/5/2015 12 p.m. EDT",18434,18790,16146,-2288
ISNE,"8/5/2015 1 p.m. EDT",18980,19150,16637,-2343
ISNE,"8/5/2015 2 p.m. EDT",19515,19660,17106,-2409
ISNE,"8/5/2015 3 p.m. EDT",19844,19910,17220,-2624
ISNE,"8/5/2015 4 p.m. EDT",19933,19950,17211,-2722
ISNE,"8/5/2015 5 p.m. EDT",20051,19870,17451,-2600
ISNE,"8/5/2015 6 p.m. EDT",19900,19720,17158,-2742
ISNE,"8/5/2015 7 p.m. EDT",19340,19230,16564,-2776
ISNE,"8/5/2015 8 p.m. EDT",18631,18490,15734,-2897
ISNE,"8/5/2015 9 p.m. EDT",18413,18300,15714,-2699
ISNE,"8/5/2015 10 p.m. EDT",17519,17340,15237,-2282
ISNE,"8/5/2015 11 p.m. EDT",15863,15670,13822,-2041
ISNE,"8/6/2015 12 a.m. EDT",14423,14060,12497,-1926
ISNE,"8/6/2015 1 a.m. EDT",13362,12930,11714,-1648
ISNE,"8/6/2015 2 a.m. EDT",13039,12170,11716,-1323
ISNE,"8/6/2015 3 a.m. EDT",12711,11690,11831,-880
ISNE,"8/6/2015 4 a.m. EDT",12445,11430,11614,-831
ISNE,"8/6/2015 5 a.m. EDT",12602,11450,11650,-952
ISNE,"8/6/2015 6 a.m. EDT",13337,12060,12209,-1128
ISNE,"8/6/2015 7 a.m. EDT",13802,13290,12472,-1330
ISNE,"8/6/2015 8 a.m. EDT",14933,14800,13315,-1618
ISNE,"8/6/2015 9 a.m. EDT",15582,15750,14057,-1525
ISNE,"8/6/2015 10 a.m. EDT",16235,16430,14499,-1736
ISNE,"8/6/2015 11 a.m. EDT",16805,17070,14963,-1842
ISNE,"8/6/2015 12 p.m. EDT",17225,17510,15446,-1779
ISNE,"8/6/2015 1 p.m. EDT",17551,17780,15712,-1839
ISNE,"8/6/2015 2 p.m. EDT",17865,18240,15978,-1887
ISNE,"8/6/2015 3 p.m. EDT",18063,18500,16356,-1707
ISNE,"8/6/2015 4 p.m. EDT",18147,18580,16527,-1620
ISNE,"8/6/2015 5 p.m. EDT",18196,18700,16516,-1680
ISNE,"8/6/2015 6 p.m. EDT",18106,18590,16329,-1777
ISNE,"8/6/2015 7 p.m. EDT",17691,18130,15868,-1823
ISNE,"8/6/2015 8 p.m. EDT",17277,17590,15404,-1873
ISNE,"8/6/2015 9 p.m. EDT",17321,17480,15576,-1745
ISNE,"8/6/2015 10 p.m. EDT",16548,16690,14899,-1649
ISNE,"8/6/2015 11 p.m. EDT",15163,15130,13542,-1621
ISNE,"8/7/2015 12 a.m. EDT",13725,13640,12575,-1150
ISNE,"8/7/2015 1 a.m. EDT",12866,12450,11815,-1051
ISNE,"8/7/2015 2 a.m. EDT",12357,11820,11489,-868
ISNE,"8/7/2015 3 a.m. EDT",12191,11400,11272,-919
ISNE,"8/7/2015 4 a.m. EDT",11967,11180,11095,-872
ISNE,"8/7/2015 5 a.m. EDT",12059,11270,11162,-897
ISNE,"8/7/2015 6 a.m. EDT",12603,11850,11457,-1146
ISNE,"8/7/2015 7 a.m. EDT",13167,12970,12161,-1006
ISNE,"8/7/2015 8 a.m. EDT",14249,14400,12967,-1282
ISNE,"8/7/2015 9 a.m. EDT",15291,15390,14000,-1291
ISNE,"8/7/2015 10 a.m. EDT",16001,16120,14609,-1392
ISNE,"8/7/2015 11 a.m. EDT",16575,16700,14829,-1746
ISNE,"8/7/2015 12 p.m. EDT",17001,17110,15142,-1859
ISNE,"8/7/2015 1 p.m. EDT",17299,17380,15462,-1837
ISNE,"8/7/2015 2 p.m. EDT",17631,17720,15735,-1896
ISNE,"8/7/2015 3 p.m. EDT",17796,17910,16063,-1733
ISNE,"8/7/2015 4 p.m. EDT",17839,17970,16186,-1653
ISNE,"8/7/2015 5 p.m. EDT",17874,18000,16163,-1711
ISNE,"8/7/2015 6 p.m. EDT",17756,17830,16003,-1753
ISNE,"8/7/2015 7 p.m. EDT",17289,17320,15665,-1624
ISNE,"8/7/2015 8 p.m. EDT",16677,16770,15003,-1674
ISNE,"8/7/2015 9 p.m. EDT",16571,16730,14653,-1918
ISNE,"8/7/2015 10 p.m. EDT",15904,16090,14092,-1812
ISNE,"8/7/2015 11 p.m. EDT",14639,14870,13059,-1580
ISNE,"8/8/2015 12 a.m. EDT",13267,13520,12185,-1082
ISNE,"8/8/2015 1 a.m. EDT",12178,12430,10982,-1196
ISNE,"8/8/2015 2 a.m. EDT",11710,11710,10927,-783
ISNE,"8/8/2015 3 a.m. EDT",11888,11270,11074,-814
ISNE,"8/8/2015 4 a.m. EDT",11811,10960,11007,-804
ISNE,"8/8/2015 5 a.m. EDT",11736,10890,10735,-1001
ISNE,"8/8/2015 6 a.m. EDT",11852,10800,10855,-997
ISNE,"8/8/2015 7 a.m. EDT",12376,11090,11329,-1047
ISNE,"8/8/2015 8 a.m. EDT",13093,12100,12428,-665
ISNE,"8/8/2015 9 a.m. EDT",13430,13320,12734,-696
ISNE,"8/8/2015 10 a.m. EDT",13976,14220,12801,-1175
ISNE,"8/8/2015 11 a.m. EDT",14556,14810,12895,-1661
ISNE,"8/8/2015 12 p.m. EDT",14941,15160,13146,-1795
ISNE,"8/8/2015 1 p.m. EDT",15220,15380,13686,-1534
ISNE,"8/8/2015 2 p.m. EDT",15327,15530,13746,-1581
ISNE,"8/8/2015 3 p.m. EDT",15408,15700,13716,-1692
ISNE,"8/8/2015 4 p.m. EDT",15541,15820,13733,-1808
ISNE,"8/8/2015 5 p.m. EDT",15770,16020,14105,-1665
ISNE,"8/8/2015 6 p.m. EDT",15918,16100,14281,-1637
ISNE,"8/8/2015 7 p.m. EDT",15680,15900,13764,-1916
ISNE,"8/8/2015 8 p.m. EDT",15372,15570,13498,-1874
ISNE,"8/8/2015 9 p.m. EDT",15516,15560,13552,-1964
ISNE,"8/8/2015 10 p.m. EDT",15020,15070,13150,-1870
ISNE,"8/8/2015 11 p.m. EDT",13984,14010,12562,-1422
ISNE,"8/9/2015 12 a.m. EDT",12829,12830,11793,-1036
ISNE,"8/9/2015 1 a.m. EDT",12036,11950,11197,-839
ISNE,"8/9/2015 2 a.m. EDT",11820,11300,10950,-870
ISNE,"8/9/2015 3 a.m. EDT",11610,10880,10619,-991
ISNE,"8/9/2015 4 a.m. EDT",11355,10590,10231,-1124
ISNE,"8/9/2015 5 a.m. EDT",11260,10490,10280,-980
ISNE,"8/9/2015 6 a.m. EDT",11564,10470,10529,-1035
ISNE,"8/9/2015 7 a.m. EDT",11744,10650,10563,-1181
ISNE,"8/9/2015 8 a.m. EDT",12331,11360,11150,-1181
ISNE,"8/9/2015 9 a.m. EDT",12588,12350,11701,-887
ISNE,"8/9/2015 10 a.m. EDT",13239,13320,11975,-1264
ISNE,"8/9/2015 11 a.m. EDT",13823,13930,12312,-1511
ISNE,"8/9/2015 12 p.m. EDT",14200,14430,12347,-1853
ISNE,"8/9/2015 1 p.m. EDT",14482,14830,12744,-1738
ISNE,"8/9/2015 2 p.m. EDT",14591,15060,13057,-1534
ISNE,"8/9/2015 3 p.m. EDT",14659,15300,13125,-1534
ISNE,"8/9/2015 4 p.m. EDT",14804,15510,13491,-1313
ISNE,"8/9/2015 5 p.m. EDT",15145,15830,13786,-1359
ISNE,"8/9/2015 6 p.m. EDT",15516,16200,14050,-1466
ISNE,"8/9/2015 7 p.m. EDT",15576,16050,13903,-1673
ISNE,"8/9/2015 8 p.m. EDT",15356,15750,13823,-1533
ISNE,"8/9/2015 9 p.m. EDT",15513,15850,13859,-1654
ISNE,"8/9/2015 10 p.m. EDT",14919,15210,13214,-1705
ISNE,"8/9/2015 11 p.m. EDT",13714,13970,12113,-1601
ISNE,"8/10/2015 12 a.m. EDT",12565,12720,11418,-1147
ISNE,"8/10/2015 1 a.m. EDT",12112,11740,11117,-995
ISNE,"8/10/2015 2 a.m. EDT",11916,11210,10862,-1054
ISNE,"8/10/2015 3 a.m. EDT",11732,10880,10744,-988
ISNE,"8/10/2015 4 a.m. EDT",11618,10750,10655,-963
ISNE,"8/10/2015 5 a.m. EDT",11828,10990,10712,-1116
ISNE,"8/10/2015 6 a.m. EDT",12522,11620,11212,-1310
ISNE,"8/10/2015 7 a.m. EDT",13039,12850,11594,-1445
ISNE,"8/10/2015 8 a.m. EDT",14085,14320,12617,-1468
ISNE,"8/10/2015 9 a.m. EDT",15137,15310,13225,-1912
ISNE,"8/10/2015 10 a.m. EDT",15939,16120,13969,-1970
ISNE,"8/10/2015 11 a.m. EDT",16635,16820,14488,-2147
ISNE,"8/10/2015 12 p.m. EDT",17225,17320,15193,-2032
ISNE,"8/10/2015 1 p.m. EDT",17669,17750,15740,-1929
ISNE,"8/10/2015 2 p.m. EDT",18178,18140,16061,-2117
ISNE,"8/10/2015 3 p.m. EDT",18528,18500,16398,-2130
ISNE,"8/10/2015 4 p.m. EDT",18735,18680,16884,-1851
ISNE,"8/10/2015 5 p.m. EDT",18848,18800,17031,-1817
ISNE,"8/10/2015 6 p.m. EDT",18819,18710,16822,-1997
ISNE,"8/10/2015 7 p.m. EDT",18419,18270,16207,-2212
ISNE,"8/10/2015 8 p.m. EDT",17861,17830,15683,-2178
ISNE,"8/10/2015 9 p.m. EDT",17834,17750,15672,-2162
ISNE,"8/10/2015 10 p.m. EDT",16900,16830,14863,-2037
ISNE,"8/10/2015 11 p.m. EDT",15378,15230,13810,-1568
ISNE,"8/11/2015 12 a.m. EDT",14172,13700,12434,-1738
ISNE,"8/11/2015 1 a.m. EDT",13124,12580,11891,-1233
ISNE,"8/11/2015 2 a.m. EDT",12956,11990,11857,-1099
ISNE,"8/11/2015 3 a.m. EDT",12954,11610,11908,-1046
ISNE,"8/11/2015 4 a.m. EDT",12826,11480,11745,-1081
ISNE,"8/11/2015 5 a.m. EDT",13020,11620,11984,-1036
ISNE,"8/11/2015 6 a.m. EDT",13663,12640,12250,-1413
ISNE,"8/11/2015 7 a.m. EDT",14336,13950,12519,-1817
ISNE,"8/11/2015 8 a.m. EDT",15434,15300,13608,-1826
ISNE,"8/11/2015 9 a.m. EDT",16299,16180,14487,-1812
ISNE,"8/11/2015 10 a.m. EDT",16893,16810,14990,-1903
ISNE,"8/11/2015 11 a.m. EDT",17357,17330,15374,-1983
ISNE,"8/11/2015 12 p.m. EDT",17581,17610,15484,-2097
ISNE,"8/11/2015 1 p.m. EDT",17579,17770,15519,-2060
ISNE,"8/11/2015 2 p.m. EDT",17643,17960,15911,-1732
ISNE,"8/11/2015 3 p.m. EDT",17545,17990,15608,-1937
ISNE,"8/11/2015 4 p.m. EDT",17486,17960,15436,-2050
ISNE,"8/11/2015 5 p.m. EDT",17570,17940,15441,-2129
ISNE,"8/11/2015 6 p.m. EDT",17710,18350,15638,-2072
ISNE,"8/11/2015 7 p.m. EDT",17600,17930,15442,-2158
ISNE,"8/11/2015 8 p.m. EDT",17488,17710,15384,-2104
ISNE,"8/11/2015 9 p.m. EDT",17459,17990,15523,-1936
ISNE,"8/11/2015 10 p.m. EDT",16595,17030,14616,-1979
ISNE,"8/11/2015 11 p.m. EDT",15264,15600,13091,-2173
ISNE,"8/12/2015 12 a.m. EDT",14228,14190,12588,-1640
ISNE,"8/12/2015 1 a.m. EDT",13461,13330,12070,-1391
ISNE,"8/12/2015 2 a.m. EDT",13072,12650,11542,-1530
ISNE,"8/12/2015 3 a.m. EDT",13081,12190,11558,-1523
ISNE,"8/12/2015 4 a.m. EDT",13074,11970,11541,-1533
ISNE,"8/12/2015 5 a.m. EDT",13213,12060,11395,-1818
ISNE,"8/12/2015 6 a.m. EDT",13663,12640,11821,-1842
ISNE,"8/12/2015 7 a.m. EDT",14094,13870,12292,-1802
ISNE,"8/12/2015 8 a.m. EDT",15154,15330,13312,-1842
ISNE,"8/12/2015 9 a.m. EDT",16237,16310,14208,-2029
ISNE,"8/12/2015 10 a.m. EDT",16999,17160,14929,-2070
ISNE,"8/12/2015 11 a.m. EDT",17727,17840,15641,-2086
ISNE,"8/12/2015 12 p.m. EDT",18328,18400,16281,-2047
ISNE,"8/12/2015 1 p.m. EDT",18687,18770,16493,-2194
ISNE,"8/12/2015 2 p.m. EDT",19109,19160,16641,-2468
ISNE,"8/12/2015 3 p.m. EDT",19343,19430,16818,-2525
ISNE,"8/12/2015 4 p.m. EDT",19532,19530,17122,-2410
ISNE,"8/12/2015 5 p.m. EDT",19733,19650,17575,-2158
ISNE,"8/12/2015 6 p.m. EDT",19754,19440,17567,-2187
ISNE,"8/12/2015 7 p.m. EDT",19319,18930,17049,-2270
ISNE,"8/12/2015 8 p.m. EDT",18664,18360,16535,-2129
ISNE,"8/12/2015 9 p.m. EDT",18508,18260,16165,-2343
ISNE,"8/12/2015 10 p.m. EDT",17522,17350,15521,-2001
ISNE,"8/12/2015 11 p.m. EDT",15959,15710,14323,-1636
ISNE,"8/13/2015 12 a.m. EDT",14548,14100,12805,-1743
ISNE,"8/13/2015 1 a.m. EDT",13740,12930,12047,-1693
ISNE,"8/13/2015 2 a.m. EDT",13319,12250,11548,-1771
ISNE,"8/13/2015 3 a.m. EDT",13221,11790,11365,-1856
ISNE,"8/13/2015 4 a.m. EDT",13173,11520,11030,-2143
ISNE,"8/13/2015 5 a.m. EDT",13243,11640,11147,-2096
ISNE,"8/13/2015 6 a.m. EDT",13860,12270,11835,-2025
ISNE,"8/13/2015 7 a.m. EDT",14122,13350,12363,-1759
ISNE,"8/13/2015 8 a.m. EDT",14762,14720,13286,-1476
ISNE,"8/13/2015 9 a.m. EDT",15777,15680,14164,-1613
ISNE,"8/13/2015 10 a.m. EDT",16500,16400,14729,-1771
ISNE,"8/13/2015 11 a.m. EDT",17148,17000,15457,-1691
ISNE,"8/13/2015 12 p.m. EDT",17674,17480,15937,-1737
ISNE,"8/13/2015 1 p.m. EDT",18021,17830,16081,-1940
ISNE,"8/13/2015 2 p.m. EDT",18466,18220,16553,-1913
ISNE,"8/13/2015 3 p.m. EDT",18705,18450,16962,-1743
ISNE,"8/13/2015 4 p.m. EDT",18883,18550,17119,-1764
ISNE,"8/13/2015 5 p.m. EDT",19082,18670,17325,-1757
ISNE,"8/13/2015 6 p.m. EDT",19073,18570,17287,-1786
ISNE,"8/13/2015 7 p.m. EDT",18661,18140,16540,-2121
ISNE,"8/13/2015 8 p.m. EDT",18043,17590,15962,-2081
ISNE,"8/13/2015 9 p.m. EDT",17930,17480,15752,-2178
ISNE,"8/13/2015 10 p.m. EDT",17014,16600,15290,-1724
ISNE,"8/13/2015 11 p.m. EDT",15584,15120,14155,-1429
ISNE,"8/14/2015 12 a.m. EDT",14390,13640,12708,-1682
ISNE,"8/14/2015 1 a.m. EDT",13574,12690,11465,-2109
ISNE,"8/14/2015 2 a.m. EDT",13016,11970,10903,-2113
ISNE,"8/14/2015 3 a.m. EDT",12780,11530,10690,-2090
ISNE,"8/14/2015 4 a.m. EDT",12510,11310,10560,-1950
ISNE,"8/14/2015 5 a.m. EDT",12559,11440,10642,-1917
ISNE,"8/14/2015 6 a.m. EDT",12918,11890,11242,-1676
ISNE,"8/14/2015 7 a.m. EDT",13723,13060,11748,-1975
ISNE,"8/14/2015 8 a.m. EDT",14850,14570,13256,-1594
ISNE,"8/14/2015 9 a.m. EDT",15469,15670,13847,-1622
ISNE,"8/14/2015 10 a.m. EDT",16351,16530,14976,-1375
ISNE,"8/14/2015 11 a.m. EDT",17120,17270,15812,-1308
ISNE,"8/14/2015 12 p.m. EDT",17704,17880,16434,-1270
ISNE,"8/14/2015 1 p.m. EDT",18132,18280,16577,-1555
ISNE,"8/14/2015 2 p.m. EDT",18699,18830,16946,-1753
ISNE,"8/14/2015 3 p.m. EDT",19205,19120,17729,-1476
ISNE,"8/14/2015 4 p.m. EDT",19579,19290,18231,-1348
ISNE,"8/14/2015 5 p.m. EDT",19903,19400,18295,-1608
ISNE,"8/14/2015 6 p.m. EDT",19921,19250,17815,-2106
ISNE,"8/14/2015 7 p.m. EDT",19415,18760,17184,-2231
ISNE,"8/14/2015 8 p.m. EDT",18685,17810,16662,-2023
ISNE,"8/14/2015 9 p.m. EDT",18487,17800,16294,-2193
ISNE,"8/14/2015 10 p.m. EDT",17566,17000,15504,-2062
ISNE,"8/14/2015 11 p.m. EDT",16146,15660,14444,-1702
ISNE,"8/15/2015 12 a.m. EDT",14649,14230,13141,-1508
ISNE,"8/15/2015 1 a.m. EDT",13643,13270,11851,-1792
ISNE,"8/15/2015 2 a.m. EDT",13324,12460,11425,-1899
ISNE,"8/15/2015 3 a.m. EDT",13253,11960,11198,-2055
ISNE,"8/15/2015 4 a.m. EDT",12819,11700,11115,-1704
ISNE,"8/15/2015 5 a.m. EDT",12716,11650,10904,-1812
ISNE,"8/15/2015 6 a.m. EDT",12895,11820,11502,-1393
ISNE,"8/15/2015 7 a.m. EDT",13077,12240,11226,-1851
ISNE,"8/15/2015 8 a.m. EDT",14108,13340,11979,-2129
ISNE,"8/15/2015 9 a.m. EDT",14739,14770,12912,-1827
ISNE,"8/15/2015 10 a.m. EDT",15772,16000,14256,-1516
ISNE,"8/15/2015 11 a.m. EDT",16886,16930,15022,-1864
ISNE,"8/15/2015 12 p.m. EDT",17885,17610,15735,-2150
ISNE,"8/15/2015 1 p.m. EDT",18670,18110,16330,-2340
ISNE,"8/15/2015 2 p.m. EDT",19255,18470,16554,-2701
ISNE,"8/15/2015 3 p.m. EDT",19632,18760,16989,-2643
ISNE,"8/15/2015 4 p.m. EDT",19956,18910,17330,-2626
ISNE,"8/15/2015 5 p.m. EDT",20094,18990,17437,-2657
ISNE,"8/15/2015 6 p.m. EDT",20002,19100,17047,-2955
ISNE,"8/15/2015 7 p.m. EDT",19563,18820,16316,-3247
ISNE,"8/15/2015 8 p.m. EDT",18983,18300,16074,-2909
ISNE,"8/15/2015 9 p.m. EDT",18808,18200,16215,-2593
ISNE,"8/15/2015 10 p.m. EDT",17907,17490,15541,-2366
ISNE,"8/15/2015 11 p.m. EDT",16526,16230,14492,-2034
ISNE,"8/16/2015 12 a.m. EDT",15105,14900,12944,-2161
ISNE,"8/16/2015 1 a.m. EDT",14002,14090,11884,-2118
ISNE,"8/16/2015 2 a.m. EDT",13763,13270,11653,-2110
ISNE,"8/16/2015 3 a.m. EDT",13895,12680,11618,-2277
ISNE,"8/16/2015 4 a.m. EDT",13650,12390,11346,-2304
ISNE,"8/16/2015 5 a.m. EDT",13351,12140,11378,-1973
ISNE,"8/16/2015 6 a.m. EDT",13458,12170,11692,-1766
ISNE,"8/16/2015 7 a.m. EDT",13674,12370,11825,-1849
ISNE,"8/16/2015 8 a.m. EDT",14027,13250,12007,-2020
ISNE,"8/16/2015 9 a.m. EDT",14409,14530,12332,-2077
ISNE,"8/16/2015 10 a.m. EDT",15645,15800,13542,-2103
ISNE,"8/16/2015 11 a.m. EDT",16833,17120,15012,-1821
ISNE,"8/16/2015 12 p.m. EDT",17859,18280,15891,-1968
ISNE,"8/16/2015 1 p.m. EDT",18677,19180,16455,-2222
ISNE,"8/16/2015 2 p.m. EDT",19286,19840,17130,-2156
ISNE,"8/16/2015 3 p.m. EDT",19754,20350,17562,-2192
ISNE,"8/16/2015 4 p.m. EDT",20168,20910,17995,-2173
ISNE,"8/16/2015 5 p.m. EDT",20559,21250,18351,-2208
ISNE,"8/16/2015 6 p.m. EDT",20843,21170,18599,-2244
ISNE,"8/16/2015 7 p.m. EDT",20694,20820,18760,-1934
ISNE,"8/16/2015 8 p.m. EDT",20237,19960,18369,-1868
ISNE,"8/16/2015 9 p.m. EDT",20198,20040,18117,-2081
ISNE,"8/16/2015 10 p.m. EDT",19183,18990,16947,-2236
ISNE,"8/16/2015 11 p.m. EDT",17541,17330,15370,-2171
ISNE,"8/17/2015 12 a.m. EDT",16096,15720,14168,-1928
ISNE,"8/17/2015 1 a.m. EDT",15449,14830,13078,-2371
ISNE,"8/17/2015 2 a.m. EDT",15450,14110,12643,-2807
ISNE,"8/17/2015 3 a.m. EDT",15003,13550,12227,-2776
ISNE,"8/17/2015 4 a.m. EDT",14736,13370,12152,-2584
ISNE,"8/17/2015 5 a.m. EDT",14823,13330,12451,-2372
ISNE,"8/17/2015 6 a.m. EDT",15293,14130,12818,-2475
ISNE,"8/17/2015 7 a.m. EDT",15728,15570,13314,-2414
ISNE,"8/17/2015 8 a.m. EDT",16739,17400,14265,-2474
ISNE,"8/17/2015 9 a.m. EDT",18201,18930,15955,-2246
ISNE,"8/17/2015 10 a.m. EDT",19527,20160,17130,-2397
ISNE,"8/17/2015 11 a.m. EDT",20817,21350,18286,-2531
ISNE,"8/17/2015 12 p.m. EDT",21849,22390,19343,-2506
ISNE,"8/17/2015 1 p.m. EDT",22618,23130,20157,-2461
ISNE,"8/17/2015 2 p.m. EDT",23301,23870,20866,-2435
ISNE,"8/17/2015 3 p.m. EDT",23630,24290,21329,-2301
ISNE,"8/17/2015 4 p.m. EDT",23818,24640,21742,-2076
ISNE,"8/17/2015 5 p.m. EDT",23968,25000,21730,-2238
ISNE,"8/17/2015 6 p.m. EDT",23971,24720,21524,-2447
ISNE,"8/17/2015 7 p.m. EDT",23534,23940,20722,-2812
ISNE,"8/17/2015 8 p.m. EDT",22908,23190,20209,-2699
ISNE,"8/17/2015 9 p.m. EDT",22617,22910,19876,-2741
ISNE,"8/17/2015 10 p.m. EDT",21241,21480,18630,-2611
ISNE,"8/17/2015 11 p.m. EDT",19267,19370,16828,-2439
ISNE,"8/18/2015 12 a.m. EDT",17588,17380,14894,-2694
ISNE,"8/18/2015 1 a.m. EDT",16703,15980,14133,-2570
ISNE,"8/18/2015 2 a.m. EDT",16366,14940,13768,-2598
ISNE,"8/18/2015 3 a.m. EDT",15940,14260,13391,-2549
ISNE,"8/18/2015 4 a.m. EDT",15556,13840,12910,-2646
ISNE,"8/18/2015 5 a.m. EDT",15589,13960,12947,-2642
ISNE,"8/18/2015 6 a.m. EDT",16124,14640,13516,-2608
ISNE,"8/18/2015 7 a.m. EDT",16246,15890,14097,-2149
ISNE,"8/18/2015 8 a.m. EDT",17422,17560,15024,-2398
ISNE,"8/18/2015 9 a.m. EDT",18759,18890,16155,-2604
ISNE,"8/18/2015 10 a.m. EDT",20009,20090,17330,-2679
ISNE,"8/18/2015 11 a.m. EDT",21296,21300,18568,-2728
ISNE,"8/18/2015 12 p.m. EDT",22380,22320,19380,-3000
ISNE,"8/18/2015 1 p.m. EDT",23248,23120,20364,-2884
ISNE,"8/18/2015 2 p.m. EDT",23920,23830,21048,-2872
ISNE,"8/18/2015 3 p.m. EDT",24049,24230,21404,-2645
ISNE,"8/18/2015 4 p.m. EDT",23811,24400,21109,-2702
ISNE,"8/18/2015 5 p.m. EDT",23625,24500,20930,-2695
ISNE,"8/18/2015 6 p.m. EDT",23290,24280,20370,-2920
ISNE,"8/18/2015 7 p.m. EDT",22585,23580,19597,-2988
ISNE,"8/18/2015 8 p.m. EDT",22037,22810,19022,-3015
ISNE,"8/18/2015 9 p.m. EDT",21777,22420,18767,-3010
ISNE,"8/18/2015 10 p.m. EDT",20505,21090,17397,-3108
ISNE,"8/18/2015 11 p.m. EDT",18636,19010,15416,-3220
ISNE,"8/19/2015 12 a.m. EDT",17085,17040,14035,-3050
ISNE,"8/19/2015 1 a.m. EDT",16172,15630,13492,-2680
ISNE,"8/19/2015 2 a.m. EDT",15656,14770,13140,-2516
ISNE,"8/19/2015 3 a.m. EDT",15554,14150,12878,-2676
ISNE,"8/19/2015 4 a.m. EDT",15564,13850,12772,-2792
ISNE,"8/19/2015 5 a.m. EDT",15665,13940,13014,-2651
ISNE,"8/19/2015 6 a.m. EDT",16049,14600,13525,-2524
ISNE,"8/19/2015 7 a.m. EDT",16533,15910,13852,-2681
ISNE,"8/19/2015 8 a.m. EDT",17545,17360,15043,-2502
ISNE,"8/19/2015 9 a.m. EDT",18800,18600,16384,-2416
ISNE,"8/19/2015 10 a.m. EDT",19823,19550,17371,-2452
ISNE,"8/19/2015 11 a.m. EDT",20807,20510,18160,-2647
ISNE,"8/19/2015 12 p.m. EDT",21648,21300,18668,-2980
ISNE,"8/19/2015 1 p.m. EDT",22281,22000,19286,-2995
ISNE,"8/19/2015 2 p.m. EDT",22865,22590,20045,-2820
ISNE,"8/19/2015 3 p.m. EDT",23247,22880,20619,-2628
ISNE,"8/19/2015 4 p.m. EDT",23433,22900,21212,-2221
ISNE,"8/19/2015 5 p.m. EDT",23530,23000,21100,-2430
ISNE,"8/19/2015 6 p.m. EDT",23388,22790,20687,-2701
ISNE,"8/19/2015 7 p.m. EDT",22733,22140,19805,-2928
ISNE,"8/19/2015 8 p.m. EDT",21983,21400,18982,-3001
ISNE,"8/19/2015 9 p.m. EDT",21719,21080,18823,-2896
ISNE,"8/19/2015 10 p.m. EDT",20473,19820,17679,-2794
ISNE,"8/19/2015 11 p.m. EDT",18597,17870,15757,-2840
ISNE,"8/20/2015 12 a.m. EDT",16796,16090,14089,-2707
ISNE,"8/20/2015 1 a.m. EDT",16068,15550,13519,-2549
ISNE,"8/20/2015 2 a.m. EDT",15719,14790,12930,-2789
ISNE,"8/20/2015 3 a.m. EDT",15393,14240,12509,-2884
ISNE,"8/20/2015 4 a.m. EDT",15562,13970,12752,-2810
ISNE,"8/20/2015 5 a.m. EDT",15683,13940,12718,-2965
ISNE,"8/20/2015 6 a.m. EDT",15994,14690,13300,-2694
ISNE,"8/20/2015 7 a.m. EDT",16820,15940,14470,-2350
ISNE,"8/20/2015 8 a.m. EDT",17616,17310,15551,-2065
ISNE,"8/20/2015 9 a.m. EDT",18711,18510,16709,-2002
ISNE,"8/20/2015 10 a.m. EDT",19608,19320,17152,-2456
ISNE,"8/20/2015 11 a.m. EDT",20450,20110,17971,-2479
ISNE,"8/20/2015 12 p.m. EDT",21123,20860,18773,-2350
ISNE,"8/20/2015 1 p.m. EDT",21579,21390,19353,-2226
ISNE,"8/20/2015 2 p.m. EDT",22092,21960,19830,-2262
ISNE,"8/20/2015 3 p.m. EDT",22310,22100,20037,-2273
ISNE,"8/20/2015 4 p.m. EDT",22396,22160,20071,-2325
ISNE,"8/20/2015 5 p.m. EDT",22386,22300,20106,-2280
ISNE,"8/20/2015 6 p.m. EDT",22160,21950,19838,-2322
ISNE,"8/20/2015 7 p.m. EDT",21500,21220,18921,-2579
ISNE,"8/20/2015 8 p.m. EDT",20890,20530,18060,-2830
ISNE,"8/20/2015 9 p.m. EDT",20744,20320,18149,-2595
ISNE,"8/20/2015 10 p.m. EDT",19645,19170,17209,-2436
ISNE,"8/20/2015 11 p.m. EDT",18034,17480,15407,-2627
ISNE,"8/21/2015 12 a.m. EDT",16738,15790,14423,-2315
ISNE,"8/21/2015 1 a.m. EDT",15760,14690,13442,-2318
ISNE,"8/21/2015 2 a.m. EDT",15416,14010,13114,-2302
ISNE,"8/21/2015 3 a.m. EDT",15199,13580,12697,-2502
ISNE,"8/21/2015 4 a.m. EDT",15017,13400,12747,-2270
ISNE,"8/21/2015 5 a.m. EDT",15034,13570,12812,-2222
ISNE,"8/21/2015 6 a.m. EDT",15367,14420,13318,-2049
ISNE,"8/21/2015 7 a.m. EDT",16350,15740,14490,-1860
ISNE,"8/21/2015 8 a.m. EDT",17409,17020,15478,-1931
ISNE,"8/21/2015 9 a.m. EDT",18402,18100,16510,-1892
ISNE,"8/21/2015 10 a.m. EDT",19022,18990,17107,-1915
ISNE,"8/21/2015 11 a.m. EDT",19453,19660,17113,-2340
ISNE,"8/21/2015 12 p.m. EDT",19740,20160,16846,-2894
ISNE,"8/21/2015 1 p.m. EDT",20068,20320,16799,-3269
ISNE,"8/21/2015 2 p.m. EDT",20541,20370,17327,-3214
ISNE,"8/21/2015 3 p.m. EDT",20838,20150,17676,-3162
ISNE,"8/21/2015 4 p.m. EDT",20982,19790,17846,-3136
ISNE,"8/21/2015 5 p.m. EDT",21107,19680,18182,-2925
ISNE,"8/21/2015 6 p.m. EDT",20932,19390,17906,-3026
ISNE,"8/21/2015 7 p.m. EDT",20321,19040,17134,-3187
ISNE,"8/21/2015 8 p.m. EDT",19783,18790,16631,-3152
ISNE,"8/21/2015 9 p.m. EDT",19566,18670,16493,-3073
ISNE,"8/21/2015 10 p.m. EDT",18531,17970,15692,-2839
ISNE,"8/21/2015 11 p.m. EDT",17084,16710,14338,-2746
ISNE,"8/22/2015 12 a.m. EDT",15578,15300,12810,-2768
ISNE,"8/22/2015 1 a.m. EDT",14789,14110,11883,-2906
ISNE,"8/22/2015 2 a.m. EDT",14479,13280,11602,-2877
ISNE,"8/22/2015 3 a.m. EDT",14529,12780,11339,-3190
ISNE,"8/22/2015 4 a.m. EDT",14229,12470,11287,-2942
ISNE,"8/22/2015 5 a.m. EDT",14007,12330,11097,-2910
ISNE,"8/22/2015 6 a.m. EDT",13915,12630,11191,-2724
ISNE,"8/22/2015 7 a.m. EDT",13910,12940,11044,-2866
ISNE,"8/22/2015 8 a.m. EDT",14230,13810,11700,-2530
ISNE,"8/22/2015 9 a.m. EDT",14893,14910,12394,-2499
ISNE,"8/22/2015 10 a.m. EDT",15601,15920,13232,-2369
ISNE,"8/22/2015 11 a.m. EDT",16312,16580,14035,-2277
ISNE,"8/22/2015 12 p.m. EDT",16777,17100,14559,-2218
ISNE,"8/22/2015 1 p.m. EDT",17033,17510,14829,-2204
ISNE,"8/22/2015 2 p.m. EDT",17163,17800,14748,-2415
ISNE,"8/22/2015 3 p.m. EDT",17265,17990,14741,-2524
ISNE,"8/22/2015 4 p.m. EDT",17412,18030,15086,-2326
ISNE,"8/22/2015 5 p.m. EDT",17598,18160,15340,-2258
ISNE,"8/22/2015 6 p.m. EDT",17657,18130,15597,-2060
ISNE,"8/22/2015 7 p.m. EDT",17437,18150,15330,-2107
ISNE,"8/22/2015 8 p.m. EDT",17115,17800,14707,-2408
ISNE,"8/22/2015 9 p.m. EDT",17137,17720,14619,-2518
ISNE,"8/22/2015 10 p.m. EDT",16403,16960,13939,-2464
ISNE,"8/22/2015 11 p.m. EDT",15271,15790,12581,-2690
ISNE,"8/23/2015 12 a.m. EDT",14197,14500,11752,-2445
ISNE,"8/23/2015 1 a.m. EDT",13324,13440,10523,-2801
ISNE,"8/23/2015 2 a.m. EDT",12956,12760,10343,-2613
ISNE,"8/23/2015 3 a.m. EDT",12995,12250,10453,-2542
ISNE,"8/23/2015 4 a.m. EDT",12752,11970,10218,-2534
ISNE,"8/23/2015 5 a.m. EDT",12650,11870,10208,-2442
ISNE,"8/23/2015 6 a.m. EDT",12745,11750,10272,-2473
ISNE,"8/23/2015 7 a.m. EDT",12946,11910,10846,-2100
ISNE,"8/23/2015 8 a.m. EDT",13816,12640,11544,-2272
ISNE,"8/23/2015 9 a.m. EDT",13911,13670,11797,-2114
ISNE,"8/23/2015 10 a.m. EDT",14700,14660,12104,-2596
ISNE,"8/23/2015 11 a.m. EDT",15184,15530,12682,-2502
ISNE,"8/23/2015 12 p.m. EDT",15738,16210,13045,-2693
ISNE,"8/23/2015 1 p.m. EDT",16170,16770,13472,-2698
ISNE,"8/23/2015 2 p.m. EDT",16415,17130,13575,-2840
ISNE,"8/23/2015 3 p.m. EDT",16590,17310,13641,-2949
ISNE,"8/23/2015 4 p.m. EDT",16725,17540,14077,-2648
ISNE,"8/23/2015 5 p.m. EDT",16999,17830,14485,-2514
ISNE,"8/23/2015 6 p.m. EDT",17322,18060,14827,-2495
ISNE,"8/23/2015 7 p.m. EDT",17403,17820,14921,-2482
ISNE,"8/23/2015 8 p.m. EDT",17377,17700,14778,-2599
ISNE,"8/23/2015 9 p.m. EDT",17511,17670,14977,-2534
ISNE,"8/23/2015 10 p.m. EDT",16700,16850,14542,-2158
ISNE,"8/23/2015 11 p.m. EDT",15459,15460,13175,-2284
ISNE,"8/24/2015 12 a.m. EDT",14306,14150,11679,-2627
ISNE,"8/24/2015 1 a.m. EDT",13784,12970,10993,-2791
ISNE,"8/24/2015 2 a.m. EDT",13308,12400,10610,-2698
ISNE,"8/24/2015 3 a.m. EDT",13467,12040,10708,-2759
ISNE,"8/24/2015 4 a.m. EDT",13601,11920,10901,-2700
ISNE,"8/24/2015 5 a.m. EDT",13706,12160,10905,-2801
ISNE,"8/24/2015 6 a.m. EDT",13974,13460,11350,-2624
ISNE,"8/24/2015 7 a.m. EDT",14860,14740,12243,-2617
ISNE,"8/24/2015 8 a.m. EDT",16169,16060,13954,-2215
ISNE,"8/24/2015 9 a.m. EDT",17180,16970,15239,-1941
ISNE,"8/24/2015 10 a.m. EDT",17933,17840,15609,-2324
ISNE,"8/24/2015 11 a.m. EDT",18690,18630,16353,-2337
ISNE,"8/24/2015 12 p.m. EDT",19279,19260,16802,-2477
ISNE,"8/24/2015 1 p.m. EDT",19744,19760,16951,-2793
ISNE,"8/24/2015 2 p.m. EDT",20292,20250,17666,-2626
ISNE,"8/24/2015 3 p.m. EDT",20582,20500,18198,-2384
ISNE,"8/24/2015 4 p.m. EDT",20753,20600,18440,-2313
ISNE,"8/24/2015 5 p.m. EDT",20814,20750,18242,-2572
ISNE,"8/24/2015 6 p.m. EDT",20847,20650,18153,-2694
ISNE,"8/24/2015 7 p.m. EDT",20442,20270,17464,-2978
ISNE,"8/24/2015 8 p.m. EDT",20009,19860,17214,-2795
ISNE,"8/24/2015 9 p.m. EDT",19867,19690,17043,-2824
ISNE,"8/24/2015 10 p.m. EDT",18648,18540,15748,-2900
ISNE,"8/24/2015 11 p.m. EDT",16987,16830,14375,-2612
ISNE,"8/25/2015 12 a.m. EDT",15398,15190,13055,-2343
ISNE,"8/25/2015 1 a.m. EDT",14700,14030,12457,-2243
ISNE,"8/25/2015 2 a.m. EDT",14618,13330,12340,-2278
ISNE,"8/25/2015 3 a.m. EDT",14292,12900,11440,-2852
ISNE,"8/25/2015 4 a.m. EDT",14084,12690,11322,-2762
ISNE,"8/25/2015 5 a.m. EDT",14547,12890,11907,-2640
ISNE,"8/25/2015 6 a.m. EDT",15096,13650,12735,-2361
ISNE,"8/25/2015 7 a.m. EDT",15721,15030,13668,-2053
ISNE,"8/25/2015 8 a.m. EDT",16587,16400,14193,-2394
ISNE,"8/25/2015 9 a.m. EDT",17523,17400,15239,-2284
ISNE,"8/25/2015 10 a.m. EDT",18331,18290,16202,-2129
ISNE,"8/25/2015 11 a.m. EDT",19170,19200,17077,-2093
ISNE,"8/25/2015 12 p.m. EDT",19831,19860,17423,-2408
ISNE,"8/25/2015 1 p.m. EDT",20345,20430,17885,-2460
ISNE,"8/25/2015 2 p.m. EDT",20874,20920,18396,-2478
ISNE,"8/25/2015 3 p.m. EDT",21281,21200,19043,-2238
ISNE,"8/25/2015 4 p.m. EDT",21538,21340,19478,-2060
ISNE,"8/25/2015 5 p.m. EDT",21667,21500,19561,-2106
ISNE,"8/25/2015 6 p.m. EDT",21551,21320,19411,-2140
ISNE,"8/25/2015 7 p.m. EDT",21051,20710,18838,-2213
ISNE,"8/25/2015 8 p.m. EDT",20662,20200,18417,-2245
ISNE,"8/25/2015 9 p.m. EDT",20368,19990,17777,-2591
ISNE,"8/25/2015 10 p.m. EDT",19058,18820,16134,-2924
ISNE,"8/25/2015 11 p.m. EDT",17301,17060,14716,-2585
ISNE,"8/26/2015 12 a.m. EDT",15658,15360,13320,-2338
ISNE,"8/26/2015 1 a.m. EDT",14955,14010,12463,-2492
ISNE,"8/26/2015 2 a.m. EDT",14851,13240,12374,-2477
ISNE,"8/26/2015 3 a.m. EDT",14604,12730,11786,-2818
ISNE,"8/26/2015 4 a.m. EDT",14334,12500,11236,-3098
ISNE,"8/26/2015 5 a.m. EDT",14392,12790,11511,-2881
ISNE,"8/26/2015 6 a.m. EDT",15066,13520,12306,-2760
ISNE,"8/26/2015 7 a.m. EDT",15949,14770,13374,-2575
ISNE,"8/26/2015 8 a.m. EDT",16298,16110,13571,-2727
ISNE,"8/26/2015 9 a.m. EDT",16966,17020,14455,-2511
ISNE,"8/26/2015 10 a.m. EDT",17691,17740,15271,-2420
ISNE,"8/26/2015 11 a.m. EDT",18390,18440,15810,-2580
ISNE,"8/26/2015 12 p.m. EDT",18971,18990,16346,-2625
ISNE,"8/26/2015 1 p.m. EDT",19374,19400,16850,-2524
ISNE,"8/26/2015 2 p.m. EDT",19808,19810,17183,-2625
ISNE,"8/26/2015 3 p.m. EDT",20049,20160,17473,-2576
ISNE,"8/26/2015 4 p.m. EDT",20160,20290,17853,-2307
ISNE,"8/26/2015 5 p.m. EDT",20168,20320,17711,-2457
ISNE,"8/26/2015 6 p.m. EDT",19978,20080,17537,-2441
ISNE,"8/26/2015 7 p.m. EDT",19350,19540,16501,-2849
ISNE,"8/26/2015 8 p.m. EDT",18817,19050,15931,-2886
ISNE,"8/26/2015 9 p.m. EDT",18564,18820,15986,-2578
ISNE,"8/26/2015 10 p.m. EDT",17298,17580,14955,-2343
ISNE,"8/26/2015 11 p.m. EDT",15611,15900,13377,-2234
ISNE,"8/27/2015 12 a.m. EDT",13974,14320,11927,-2047
ISNE,"8/27/2015 1 a.m. EDT",13094,13190,10807,-2287
ISNE,"8/27/2015 2 a.m. EDT",12837,12440,10691,-2146
ISNE,"8/27/2015 3 a.m. EDT",12601,11980,10764,-1837
ISNE,"8/27/2015 4 a.m. EDT",12491,11730,10619,-1872
ISNE,"8/27/2015 5 a.m. EDT",12582,11620,10619,-1963
ISNE,"8/27/2015 6 a.m. EDT",12839,12350,10711,-2128
ISNE,"8/27/2015 7 a.m. EDT",13815,13670,11569,-2246
ISNE,"8/27/2015 8 a.m. EDT",14897,15030,12767,-2130
ISNE,"8/27/2015 9 a.m. EDT",15535,15880,13415,-2120
ISNE,"8/27/2015 10 a.m. EDT",16175,16630,13958,-2217
ISNE,"8/27/2015 11 a.m. EDT",16749,16860,14680,-2069
ISNE,"8/27/2015 12 p.m. EDT",17189,17340,15106,-2083
ISNE,"8/27/2015 1 p.m. EDT",17503,17630,15072,-2431
ISNE,"8/27/2015 2 p.m. EDT",17881,18080,15579,-2302
ISNE,"8/27/2015 3 p.m. EDT",18056,18370,15767,-2289
ISNE,"8/27/2015 4 p.m. EDT",18100,18480,15929,-2171
ISNE,"8/27/2015 5 p.m. EDT",18136,18600,16008,-2128
ISNE,"8/27/2015 6 p.m. EDT",18121,18510,15959,-2162
ISNE,"8/27/2015 7 p.m. EDT",17722,17990,15422,-2300
ISNE,"8/27/2015 8 p.m. EDT",17398,17560,15083,-2315
ISNE,"8/27/2015 9 p.m. EDT",17333,17520,15036,-2297
ISNE,"8/27/2015 10 p.m. EDT",16247,16540,14064,-2183
ISNE,"8/27/2015 11 p.m. EDT",14765,15010,12654,-2111
ISNE,"8/28/2015 12 a.m. EDT",13516,13530,11453,-2063
ISNE,"8/28/2015 1 a.m. EDT",12596,12410,10834,-1762
ISNE,"8/28/2015 2 a.m. EDT",12414,11760,10676,-1738
ISNE,"8/28/2015 3 a.m. EDT",12334,11360,10462,-1872
ISNE,"8/28/2015 4 a.m. EDT",12244,11120,10273,-1971
ISNE,"8/28/2015 5 a.m. EDT",12206,11080,10354,-1852
ISNE,"8/28/2015 6 a.m. EDT",12430,11800,10582,-1848
ISNE,"8/28/2015 7 a.m. EDT",13125,13030,11224,-1901
ISNE,"8/28/2015 8 a.m. EDT",14116,14360,12428,-1688
ISNE,"8/28/2015 9 a.m. EDT",15003,15240,12885,-2118
ISNE,"8/28/2015 10 a.m. EDT",15639,15960,13565,-2074
ISNE,"8/28/2015 11 a.m. EDT",16180,16520,14201,-1979
ISNE,"8/28/2015 12 p.m. EDT",16603,16940,14566,-2037
ISNE,"8/28/2015 1 p.m. EDT",16893,17160,14794,-2099
ISNE,"8/28/2015 2 p.m. EDT",17226,17540,15214,-2012
ISNE,"8/28/2015 3 p.m. EDT",17363,17720,15485,-1878
ISNE,"8/28/2015 4 p.m. EDT",17421,17830,15437,-1984
ISNE,"8/28/2015 5 p.m. EDT",17522,17950,15454,-2068
ISNE,"8/28/2015 6 p.m. EDT",17495,17670,15414,-2081
ISNE,"8/28/2015 7 p.m. EDT",17063,17180,15105,-1958
ISNE,"8/28/2015 8 p.m. EDT",16771,16730,14902,-1869
ISNE,"8/28/2015 9 p.m. EDT",16609,16690,14730,-1879
ISNE,"8/28/2015 10 p.m. EDT",15668,15870,13905,-1763
ISNE,"8/28/2015 11 p.m. EDT",14356,14600,12494,-1862
ISNE,"8/29/2015 12 a.m. EDT",13028,13320,11193,-1835
ISNE,"8/29/2015 1 a.m. EDT",11974,12090,10379,-1595
ISNE,"8/29/2015 2 a.m. EDT",11567,11500,10021,-1546
ISNE,"8/29/2015 3 a.m. EDT",11380,11070,9921,-1459
ISNE,"8/29/2015 4 a.m. EDT",11127,10820,9861,-1266
ISNE,"8/29/2015 5 a.m. EDT",11344,10590,9912,-1432
ISNE,"8/29/2015 6 a.m. EDT",11291,10780,10189,-1102
ISNE,"8/29/2015 7 a.m. EDT",11631,11190,10703,-928
ISNE,"8/29/2015 8 a.m. EDT",12422,12150,11761,-661
ISNE,"8/29/2015 9 a.m. EDT",13081,13220,12149,-932
ISNE,"8/29/2015 10 a.m. EDT",13917,14140,12596,-1321
ISNE,"8/29/2015 11 a.m. EDT",14526,14750,12913,-1613
ISNE,"8/29/2015 12 p.m. EDT",14942,15220,13300,-1642
ISNE,"8/29/2015 1 p.m. EDT",15233,15470,13568,-1665
ISNE,"8/29/2015 2 p.m. EDT",15463,15650,13791,-1672
ISNE,"8/29/2015 3 p.m. EDT",15672,15830,13986,-1686
ISNE,"8/29/2015 4 p.m. EDT",15944,15990,14212,-1732
ISNE,"8/29/2015 5 p.m. EDT",16271,16220,14682,-1589
ISNE,"8/29/2015 6 p.m. EDT",16466,16400,15006,-1460
ISNE,"8/29/2015 7 p.m. EDT",16271,16170,14831,-1440
ISNE,"8/29/2015 8 p.m. EDT",16150,15920,14672,-1478
ISNE,"8/29/2015 9 p.m. EDT",16120,15960,14755,-1365
ISNE,"8/29/2015 10 p.m. EDT",15346,15350,13932,-1414
ISNE,"8/29/2015 11 p.m. EDT",14310,14280,12761,-1549
ISNE,"8/30/2015 12 a.m. EDT",13162,13110,11578,-1584
ISNE,"8/30/2015 1 a.m. EDT",12271,12080,10574,-1697
ISNE,"8/30/2015 2 a.m. EDT",11645,11450,10457,-1188
ISNE,"8/30/2015 3 a.m. EDT",11490,11040,10365,-1125
ISNE,"8/30/2015 4 a.m. EDT",11480,10840,10419,-1061
ISNE,"8/30/2015 5 a.m. EDT",11473,10760,10404,-1069
ISNE,"8/30/2015 6 a.m. EDT",11569,10870,10324,-1245
ISNE,"8/30/2015 7 a.m. EDT",11864,11080,10594,-1270
ISNE,"8/30/2015 8 a.m. EDT",12659,11890,11414,-1245
ISNE,"8/30/2015 9 a.m. EDT",13128,12990,12036,-1092
ISNE,"8/30/2015 10 a.m. EDT",14146,14020,12579,-1567
ISNE,"8/30/2015 11 a.m. EDT",15167,14870,13625,-1542
ISNE,"8/30/2015 12 p.m. EDT",16129,15660,14380,-1749
ISNE,"8/30/2015 1 p.m. EDT",16848,16240,15072,-1776
ISNE,"8/30/2015 2 p.m. EDT",17317,16690,15415,-1902
ISNE,"8/30/2015 3 p.m. EDT",17649,16970,15677,-1972
ISNE,"8/30/2015 4 p.m. EDT",18007,17270,16053,-1954
ISNE,"8/30/2015 5 p.m. EDT",18430,17600,16523,-1907
ISNE,"8/30/2015 6 p.m. EDT",18734,18000,16952,-1782
ISNE,"8/30/2015 7 p.m. EDT",18637,17810,16618,-2019
ISNE,"8/30/2015 8 p.m. EDT",18758,17730,16847,-1911
ISNE,"8/30/2015 9 p.m. EDT",18747,17720,16955,-1792
ISNE,"8/30/2015 10 p.m. EDT",17694,16920,15696,-1998
ISNE,"8/30/2015 11 p.m. EDT",16209,15550,14334,-1875
ISNE,"8/31/2015 12 a.m. EDT",15026,14150,13368,-1658
ISNE,"8/31/2015 1 a.m. EDT",14488,13290,12324,-2164
ISNE,"8/31/2015 2 a.m. EDT",13849,12650,11880,-1969
ISNE,"8/31/2015 3 a.m. EDT",13642,12260,11635,-2007
ISNE,"8/31/2015 4 a.m. EDT",13460,12100,11543,-1917
ISNE,"8/31/2015 5 a.m. EDT",13634,12290,11729,-1905
ISNE,"8/31/2015 6 a.m. EDT",14538,13420,12159,-2379
ISNE,"8/31/2015 7 a.m. EDT",15620,14770,12989,-2631
ISNE,"8/31/2015 8 a.m. EDT",16454,16240,13603,-2851
ISNE,"8/31/2015 9 a.m. EDT",17437,17420,14412,-3025
ISNE,"8/31/2015 10 a.m. EDT",18446,18450,15379,-3067
ISNE,"8/31/2015 11 a.m. EDT",19472,19490,16267,-3205
ISNE,"8/31/2015 12 p.m. EDT",20383,20400,17190,-3193
ISNE,"8/31/2015 1 p.m. EDT",21073,21120,18122,-2951
ISNE,"8/31/2015 2 p.m. EDT",21672,21800,18300,-3372
ISNE,"8/31/2015 3 p.m. EDT",22022,22280,18696,-3326
ISNE,"8/31/2015 4 p.m. EDT",22256,22600,18921,-3335
ISNE,"8/31/2015 5 p.m. EDT",22450,22750,18921,-3529
ISNE,"8/31/2015 6 p.m. EDT",22430,22680,19218,-3212
ISNE,"8/31/2015 7 p.m. EDT",21923,22070,18489,-3434
ISNE,"8/31/2015 8 p.m. EDT",21666,21720,18069,-3597
ISNE,"8/31/2015 9 p.m. EDT",21278,21380,17630,-3648
ISNE,"8/31/2015 10 p.m. EDT",19732,19960,16403,-3329
ISNE,"8/31/2015 11 p.m. EDT",17755,18050,14533,-3222
ISNE,"9/1/2015 12 a.m. EDT",16378,16270,13583,-2795
