"BA Code","Timestamp (Hour Ending)","Demand (MWh)","Demand Forecast (MWh)","Net Generation (MWh)","Total Interchange (MWh)"
ISNE,"10/1/2020 12 a.m. EDT",10946,10650,8596,-2350
ISNE,"10/1/2020 1 a.m. EDT",10394,10000,8213,-2181
ISNE,"10/1/2020 2 a.m. EDT",10135,9590,8192,-1943
ISNE,"10/1/2020 3 a.m. EDT",9872,9350,7871,-2001
ISNE,"10/1/2020 4 a.m. EDT",9810,9300,7837,-1973
ISNE,"10/1/2020 5 a.m. EDT",10009,9440,8047,-1962
ISNE,"10/1/2020 6 a.m. EDT",10697,10270,8714,-1983
ISNE,"10/1/2020 7 a.m. EDT",11657,11660,9276,-2381
ISNE,"10/1/2020 8 a.m. EDT",12480,12470,9593,-2887
ISNE,"10/1/2020 9 a.m. EDT",12593,12390,9650,-2943
ISNE,"10/1/2020 10 a.m. EDT",12337,12140,9631,-2706
ISNE,"10/1/2020 11 a.m. EDT",12026,11990,9274,-2752
ISNE,"10/1/2020 12 p.m. EDT",12230,12000,9465,-2765
ISNE,"10/1/2020 1 p.m. EDT",12566,12160,10095,-2471
ISNE,"10/1/2020 2 p.m. EDT",12690,12370,10180,-2510
ISNE,"10/1/2020 3 p.m. EDT",12770,12690,9798,-2972
ISNE,"10/1/2020 4 p.m. EDT",13068,13080,10111,-2957
ISNE,"10/1/2020 5 p.m. EDT",13363,13680,10320,-3043
ISNE,"10/1/2020 6 p.m. EDT",13987,14260,10925,-3062
ISNE,"10/1/2020 7 p.m. EDT",14500,14620,11309,-3191
ISNE,"10/1/2020 8 p.m. EDT",14446,14550,11524,-2922
ISNE,"10/1/2020 9 p.m. EDT",13773,14000,10573,-3200
ISNE,"10/1/2020 10 p.m. EDT",12884,13010,9715,-3169
ISNE,"10/1/2020 11 p.m. EDT",11852,11870,8820,-3032
ISNE,"10/2/2020 12 a.m. EDT",10855,10820,8332,-2523
ISNE,"10/2/2020 1 a.m. EDT",10369,9910,7979,-2390
ISNE,"10/2/2020 2 a.m. EDT",10245,9420,7928,-2317
ISNE,"10/2/2020 3 a.m. EDT",10021,9270,7754,-2267
ISNE,"10/2/2020 4 a.m. EDT",10050,9170,7773,-2277
ISNE,"10/2/2020 5 a.m. EDT",10250,9400,7982,-2268
ISNE,"10/2/2020 6 a.m. EDT",10729,10240,8036,-2693
ISNE,"10/2/2020 7 a.m. EDT",11428,11650,8804,-2624
ISNE,"10/2/2020 8 a.m. EDT",12413,12570,9535,-2878
ISNE,"10/2/2020 9 a.m. EDT",12998,12930,9873,-3125
ISNE,"10/2/2020 10 a.m. EDT",13172,13100,10150,-3022
ISNE,"10/2/2020 11 a.m. EDT",13346,13160,10202,-3144
ISNE,"10/2/2020 12 p.m. EDT",13634,13090,10484,-3150
ISNE,"10/2/2020 1 p.m. EDT",13650,13630,10574,-3076
ISNE,"10/2/2020 2 p.m. EDT",13355,13420,10217,-3138
ISNE,"10/2/2020 3 p.m. EDT",12919,13330,9754,-3165
ISNE,"10/2/2020 4 p.m. EDT",12623,13240,9361,-3262
ISNE,"10/2/2020 5 p.m. EDT",12581,13240,9249,-3332
ISNE,"10/2/2020 6 p.m. EDT",13115,13400,9874,-3241
ISNE,"10/2/2020 7 p.m. EDT",13537,13900,10348,-3189
ISNE,"10/2/2020 8 p.m. EDT",13498,13600,10089,-3409
ISNE,"10/2/2020 9 p.m. EDT",13011,12970,9620,-3391
ISNE,"10/2/2020 10 p.m. EDT",12367,12290,9408,-2959
ISNE,"10/2/2020 11 p.m. EDT",11472,11390,8369,-3103
ISNE,"10/3/2020 12 a.m. EDT",10816,10460,7723,-3093
ISNE,"10/3/2020 1 a.m. EDT",10067,9670,6934,-3133
ISNE,"10/3/2020 2 a.m. EDT",9553,9250,6757,-2796
ISNE,"10/3/2020 3 a.m. EDT",9534,9030,7077,-2457
ISNE,"10/3/2020 4 a.m. EDT",9452,8930,6896,-2556
ISNE,"10/3/2020 5 a.m. EDT",9526,9010,6841,-2685
ISNE,"10/3/2020 6 a.m. EDT",9834,9300,6764,-3070
ISNE,"10/3/2020 7 a.m. EDT",10158,9870,6890,-3268
ISNE,"10/3/2020 8 a.m. EDT",10408,10400,7202,-3206
ISNE,"10/3/2020 9 a.m. EDT",10627,10760,7280,-3347
ISNE,"10/3/2020 10 a.m. EDT",10458,10520,7195,-3263
ISNE,"10/3/2020 11 a.m. EDT",10166,10290,7099,-3067
ISNE,"10/3/2020 12 p.m. EDT",9978,10090,7322,-2656
ISNE,"10/3/2020 1 p.m. EDT",10067,10030,7529,-2538
ISNE,"10/3/2020 2 p.m. EDT",10200,9960,7489,-2711
ISNE,"10/3/2020 3 p.m. EDT",10222,10100,7473,-2749
ISNE,"10/3/2020 4 p.m. EDT",10545,10470,7549,-2996
ISNE,"10/3/2020 5 p.m. EDT",11164,11110,8079,-3085
ISNE,"10/3/2020 6 p.m. EDT",12042,11930,9008,-3034
ISNE,"10/3/2020 7 p.m. EDT",12651,12570,9648,-3003
ISNE,"10/3/2020 8 p.m. EDT",12711,12550,9369,-3342
ISNE,"10/3/2020 9 p.m. EDT",12183,12090,8973,-3210
ISNE,"10/3/2020 10 p.m. EDT",11549,11490,8574,-2975
ISNE,"10/3/2020 11 p.m. EDT",10792,10780,7741,-3051
ISNE,"10/4/2020 12 a.m. EDT",10031,10020,6685,-3346
ISNE,"10/4/2020 1 a.m. EDT",9447,9390,6407,-3040
ISNE,"10/4/2020 2 a.m. EDT",9397,8980,6226,-3171
ISNE,"10/4/2020 3 a.m. EDT",9819,8800,6328,-3491
ISNE,"10/4/2020 4 a.m. EDT",9838,8770,6413,-3425
ISNE,"10/4/2020 5 a.m. EDT",9901,8730,6395,-3506
ISNE,"10/4/2020 6 a.m. EDT",10110,8910,6634,-3476
ISNE,"10/4/2020 7 a.m. EDT",10283,9300,6876,-3407
ISNE,"10/4/2020 8 a.m. EDT",10575,9600,7258,-3317
ISNE,"10/4/2020 9 a.m. EDT",10880,9870,7609,-3271
ISNE,"10/4/2020 10 a.m. EDT",10761,10080,7608,-3153
ISNE,"10/4/2020 11 a.m. EDT",10682,9900,7770,-2912
ISNE,"10/4/2020 12 p.m. EDT",10555,9810,7774,-2781
ISNE,"10/4/2020 1 p.m. EDT",10186,9810,7727,-2459
ISNE,"10/4/2020 2 p.m. EDT",9833,9890,7455,-2378
ISNE,"10/4/2020 3 p.m. EDT",10102,10060,7782,-2320
ISNE,"10/4/2020 4 p.m. EDT",10701,10440,8216,-2485
ISNE,"10/4/2020 5 p.m. EDT",11531,11240,8506,-3025
ISNE,"10/4/2020 6 p.m. EDT",12462,12180,9181,-3281
ISNE,"10/4/2020 7 p.m. EDT",13107,12880,9859,-3248
ISNE,"10/4/2020 8 p.m. EDT",13140,12870,9799,-3341
ISNE,"10/4/2020 9 p.m. EDT",12504,12300,9111,-3393
ISNE,"10/4/2020 10 p.m. EDT",11676,11480,8227,-3449
ISNE,"10/4/2020 11 p.m. EDT",10905,10590,7435,-3470
ISNE,"10/5/2020 12 a.m. EDT",10059,9790,6581,-3478
ISNE,"10/5/2020 1 a.m. EDT",9630,9370,6236,-3394
ISNE,"10/5/2020 2 a.m. EDT",9533,9050,6150,-3383
ISNE,"10/5/2020 3 a.m. EDT",9708,8930,6187,-3521
ISNE,"10/5/2020 4 a.m. EDT",9734,8950,6425,-3309
ISNE,"10/5/2020 5 a.m. EDT",10005,9230,6725,-3280
ISNE,"10/5/2020 6 a.m. EDT",10205,10010,7064,-3141
ISNE,"10/5/2020 7 a.m. EDT",11350,11390,8345,-3005
ISNE,"10/5/2020 8 a.m. EDT",12450,12470,9417,-3033
ISNE,"10/5/2020 9 a.m. EDT",12919,12910,9676,-3243
ISNE,"10/5/2020 10 a.m. EDT",12857,12860,9645,-3212
ISNE,"10/5/2020 11 a.m. EDT",12677,12570,9598,-3079
ISNE,"10/5/2020 12 p.m. EDT",12524,12300,9329,-3195
ISNE,"10/5/2020 1 p.m. EDT",12346,12210,9199,-3147
ISNE,"10/5/2020 2 p.m. EDT",12171,12170,9055,-3116
ISNE,"10/5/2020 3 p.m. EDT",12027,12210,8896,-3131
ISNE,"10/5/2020 4 p.m. EDT",12295,12400,9169,-3126
ISNE,"10/5/2020 5 p.m. EDT",12936,12940,9817,-3119
ISNE,"10/5/2020 6 p.m. EDT",13729,13640,10643,-3086
ISNE,"10/5/2020 7 p.m. EDT",14255,14200,11121,-3134
ISNE,"10/5/2020 8 p.m. EDT",14100,14190,10919,-3181
ISNE,"10/5/2020 9 p.m. EDT",13326,13450,10061,-3265
ISNE,"10/5/2020 10 p.m. EDT",12378,12510,9096,-3282
ISNE,"10/5/2020 11 p.m. EDT",11503,11350,8195,-3308
ISNE,"10/6/2020 12 a.m. EDT",10914,10360,7784,-3130
ISNE,"10/6/2020 1 a.m. EDT",10284,9720,7236,-3048
ISNE,"10/6/2020 2 a.m. EDT",9878,9330,7048,-2830
ISNE,"10/6/2020 3 a.m. EDT",9900,9130,6606,-3294
ISNE,"10/6/2020 4 a.m. EDT",9917,9120,6691,-3226
ISNE,"10/6/2020 5 a.m. EDT",10163,9380,6957,-3206
ISNE,"10/6/2020 6 a.m. EDT",10728,10150,7383,-3345
ISNE,"10/6/2020 7 a.m. EDT",11693,11490,8554,-3139
ISNE,"10/6/2020 8 a.m. EDT",12407,12410,9501,-2906
ISNE,"10/6/2020 9 a.m. EDT",12570,12560,9749,-2821
ISNE,"10/6/2020 10 a.m. EDT",12379,12350,9544,-2835
ISNE,"10/6/2020 11 a.m. EDT",12349,12160,9218,-3131
ISNE,"10/6/2020 12 p.m. EDT",12292,12130,9244,-3048
ISNE,"10/6/2020 1 p.m. EDT",12042,12150,9122,-2920
ISNE,"10/6/2020 2 p.m. EDT",12139,12200,9094,-3045
ISNE,"10/6/2020 3 p.m. EDT",12143,12350,9124,-3019
ISNE,"10/6/2020 4 p.m. EDT",12376,12710,9291,-3085
ISNE,"10/6/2020 5 p.m. EDT",12975,13150,9975,-3000
ISNE,"10/6/2020 6 p.m. EDT",13704,13760,10589,-3115
ISNE,"10/6/2020 7 p.m. EDT",14236,14180,11186,-3050
ISNE,"10/6/2020 8 p.m. EDT",14103,14140,10949,-3154
ISNE,"10/6/2020 9 p.m. EDT",13366,13460,10178,-3188
ISNE,"10/6/2020 10 p.m. EDT",12425,12530,9133,-3292
ISNE,"10/6/2020 11 p.m. EDT",11424,11400,8086,-3338
ISNE,"10/7/2020 12 a.m. EDT",10739,10410,7701,-3038
ISNE,"10/7/2020 1 a.m. EDT",10458,9800,7245,-3213
ISNE,"10/7/2020 2 a.m. EDT",10244,9410,7025,-3219
ISNE,"10/7/2020 3 a.m. EDT",10315,9240,7031,-3284
ISNE,"10/7/2020 4 a.m. EDT",10275,9210,7038,-3237
ISNE,"10/7/2020 5 a.m. EDT",10268,9470,7107,-3161
ISNE,"10/7/2020 6 a.m. EDT",10600,10210,7499,-3101
ISNE,"10/7/2020 7 a.m. EDT",11509,11470,8441,-3068
ISNE,"10/7/2020 8 a.m. EDT",12384,12410,9396,-2988
ISNE,"10/7/2020 9 a.m. EDT",12571,12560,9609,-2962
ISNE,"10/7/2020 10 a.m. EDT",12229,12210,9386,-2843
ISNE,"10/7/2020 11 a.m. EDT",12072,12060,9235,-2837
ISNE,"10/7/2020 12 p.m. EDT",12041,12040,9286,-2755
ISNE,"10/7/2020 1 p.m. EDT",12529,12550,9760,-2769
ISNE,"10/7/2020 2 p.m. EDT",13277,13290,10506,-2771
ISNE,"10/7/2020 3 p.m. EDT",13542,13540,10861,-2681
ISNE,"10/7/2020 4 p.m. EDT",13470,13460,10681,-2789
ISNE,"10/7/2020 5 p.m. EDT",13610,13590,10817,-2793
ISNE,"10/7/2020 6 p.m. EDT",13916,13920,11528,-2388
ISNE,"10/7/2020 7 p.m. EDT",13840,13840,11586,-2254
ISNE,"10/7/2020 8 p.m. EDT",13391,13390,11270,-2121
ISNE,"10/7/2020 9 p.m. EDT",12731,12720,10574,-2157
ISNE,"10/7/2020 10 p.m. EDT",11877,12010,9691,-2186
ISNE,"10/7/2020 11 p.m. EDT",11007,11080,8821,-2186
ISNE,"10/8/2020 12 a.m. EDT",10415,10260,8129,-2286
ISNE,"10/8/2020 1 a.m. EDT",10223,9560,8054,-2169
ISNE,"10/8/2020 2 a.m. EDT",10235,9180,8170,-2065
ISNE,"10/8/2020 3 a.m. EDT",10053,8990,7888,-2165
ISNE,"10/8/2020 4 a.m. EDT",10022,8960,7731,-2291
ISNE,"10/8/2020 5 a.m. EDT",10263,9220,7847,-2416
ISNE,"10/8/2020 6 a.m. EDT",10813,9960,8500,-2313
ISNE,"10/8/2020 7 a.m. EDT",11317,11250,9030,-2287
ISNE,"10/8/2020 8 a.m. EDT",12086,12050,9525,-2561
ISNE,"10/8/2020 9 a.m. EDT",12109,12090,9508,-2601
ISNE,"10/8/2020 10 a.m. EDT",11596,11580,9161,-2435
ISNE,"10/8/2020 11 a.m. EDT",11224,11220,8823,-2401
ISNE,"10/8/2020 12 p.m. EDT",11009,10970,8711,-2298
ISNE,"10/8/2020 1 p.m. EDT",10996,10870,8544,-2452
ISNE,"10/8/2020 2 p.m. EDT",11161,10880,8670,-2491
ISNE,"10/8/2020 3 p.m. EDT",11280,10880,8951,-2329
ISNE,"10/8/2020 4 p.m. EDT",11409,11370,9062,-2347
ISNE,"10/8/2020 5 p.m. EDT",12174,12100,9596,-2578
ISNE,"10/8/2020 6 p.m. EDT",13176,13080,10536,-2640
ISNE,"10/8/2020 7 p.m. EDT",13854,13860,11217,-2637
ISNE,"10/8/2020 8 p.m. EDT",13817,13840,11260,-2557
ISNE,"10/8/2020 9 p.m. EDT",13130,13320,10534,-2596
ISNE,"10/8/2020 10 p.m. EDT",12268,12500,9473,-2795
ISNE,"10/8/2020 11 p.m. EDT",11497,11410,8497,-3000
ISNE,"10/9/2020 12 a.m. EDT",10845,10460,7982,-2863
ISNE,"10/9/2020 1 a.m. EDT",10485,9690,7833,-2652
ISNE,"10/9/2020 2 a.m. EDT",10420,9360,7799,-2621
ISNE,"10/9/2020 3 a.m. EDT",10287,9220,7685,-2602
ISNE,"10/9/2020 4 a.m. EDT",10275,9220,7815,-2460
ISNE,"10/9/2020 5 a.m. EDT",10550,9510,7885,-2665
ISNE,"10/9/2020 6 a.m. EDT",11039,10280,8076,-2963
ISNE,"10/9/2020 7 a.m. EDT",11836,11600,8911,-2925
ISNE,"10/9/2020 8 a.m. EDT",12500,12480,9243,-3257
ISNE,"10/9/2020 9 a.m. EDT",12412,12370,9309,-3103
ISNE,"10/9/2020 10 a.m. EDT",11787,11730,8915,-2872
ISNE,"10/9/2020 11 a.m. EDT",11465,11390,8949,-2516
ISNE,"10/9/2020 12 p.m. EDT",11243,10900,8900,-2343
ISNE,"10/9/2020 1 p.m. EDT",11080,10650,8916,-2164
ISNE,"10/9/2020 2 p.m. EDT",11034,10710,8865,-2169
ISNE,"10/9/2020 3 p.m. EDT",11087,10780,8865,-2222
ISNE,"10/9/2020 4 p.m. EDT",11428,11140,9075,-2353
ISNE,"10/9/2020 5 p.m. EDT",11996,11750,9401,-2595
ISNE,"10/9/2020 6 p.m. EDT",12932,12600,10002,-2930
ISNE,"10/9/2020 7 p.m. EDT",13538,13250,10448,-3090
ISNE,"10/9/2020 8 p.m. EDT",13436,13190,10095,-3341
ISNE,"10/9/2020 9 p.m. EDT",12857,12600,9732,-3125
ISNE,"10/9/2020 10 p.m. EDT",12122,11870,9173,-2949
ISNE,"10/9/2020 11 p.m. EDT",11212,11100,8271,-2941
ISNE,"10/10/2020 12 a.m. EDT",10340,10260,7443,-2897
ISNE,"10/10/2020 1 a.m. EDT",9720,9690,6784,-2936
ISNE,"10/10/2020 2 a.m. EDT",9325,9290,6560,-2765
ISNE,"10/10/2020 3 a.m. EDT",9363,9040,6576,-2787
ISNE,"10/10/2020 4 a.m. EDT",9243,8940,6732,-2511
ISNE,"10/10/2020 5 a.m. EDT",9316,9010,6823,-2493
ISNE,"10/10/2020 6 a.m. EDT",9589,9310,7067,-2522
ISNE,"10/10/2020 7 a.m. EDT",10418,9840,7581,-2837
ISNE,"10/10/2020 8 a.m. EDT",10715,10450,7703,-3012
ISNE,"10/10/2020 9 a.m. EDT",10863,10820,7962,-2901
ISNE,"10/10/2020 10 a.m. EDT",10879,10630,7694,-3185
ISNE,"10/10/2020 11 a.m. EDT",10543,10480,7437,-3106
ISNE,"10/10/2020 12 p.m. EDT",10491,10440,7511,-2980
ISNE,"10/10/2020 1 p.m. EDT",10545,10390,7929,-2616
ISNE,"10/10/2020 2 p.m. EDT",10610,10380,8069,-2541
ISNE,"10/10/2020 3 p.m. EDT",10871,10540,8119,-2752
ISNE,"10/10/2020 4 p.m. EDT",10933,11130,8007,-2926
ISNE,"10/10/2020 5 p.m. EDT",11759,11850,8548,-3211
ISNE,"10/10/2020 6 p.m. EDT",12605,12700,9243,-3362
ISNE,"10/10/2020 7 p.m. EDT",13215,13130,9960,-3255
ISNE,"10/10/2020 8 p.m. EDT",13068,13080,9910,-3158
ISNE,"10/10/2020 9 p.m. EDT",12496,12620,9328,-3168
ISNE,"10/10/2020 10 p.m. EDT",11855,11960,8754,-3101
ISNE,"10/10/2020 11 p.m. EDT",11116,11270,7997,-3119
ISNE,"10/11/2020 12 a.m. EDT",10382,10540,7436,-2946
ISNE,"10/11/2020 1 a.m. EDT",10072,9800,6945,-3127
ISNE,"10/11/2020 2 a.m. EDT",9931,9370,7102,-2829
ISNE,"10/11/2020 3 a.m. EDT",9680,9140,6825,-2855
ISNE,"10/11/2020 4 a.m. EDT",9529,8980,6792,-2737
ISNE,"10/11/2020 5 a.m. EDT",9469,8930,6756,-2713
ISNE,"10/11/2020 6 a.m. EDT",9575,9040,6618,-2957
ISNE,"10/11/2020 7 a.m. EDT",9908,9390,6727,-3181
ISNE,"10/11/2020 8 a.m. EDT",10255,9810,7116,-3139
ISNE,"10/11/2020 9 a.m. EDT",10179,9850,7139,-3040
ISNE,"10/11/2020 10 a.m. EDT",9999,9750,7035,-2964
ISNE,"10/11/2020 11 a.m. EDT",9763,9450,7109,-2654
ISNE,"10/11/2020 12 p.m. EDT",9661,9380,7218,-2443
ISNE,"10/11/2020 1 p.m. EDT",9519,9420,7300,-2219
ISNE,"10/11/2020 2 p.m. EDT",9594,9620,7417,-2177
ISNE,"10/11/2020 3 p.m. EDT",9702,9870,7406,-2296
ISNE,"10/11/2020 4 p.m. EDT",10307,10440,7819,-2488
ISNE,"10/11/2020 5 p.m. EDT",11226,11370,8525,-2701
ISNE,"10/11/2020 6 p.m. EDT",12173,12350,9221,-2952
ISNE,"10/11/2020 7 p.m. EDT",12912,13230,9955,-2957
ISNE,"10/11/2020 8 p.m. EDT",12744,13030,9605,-3139
ISNE,"10/11/2020 9 p.m. EDT",12173,12430,9062,-3111
ISNE,"10/11/2020 10 p.m. EDT",11443,11680,8380,-3063
ISNE,"10/11/2020 11 p.m. EDT",10618,10690,7572,-3046
ISNE,"10/12/2020 12 a.m. EDT",9860,9840,6907,-2953
ISNE,"10/12/2020 1 a.m. EDT",9626,9300,6769,-2857
ISNE,"10/12/2020 2 a.m. EDT",9749,8980,6771,-2978
ISNE,"10/12/2020 3 a.m. EDT",9615,8830,6740,-2875
ISNE,"10/12/2020 4 a.m. EDT",9594,8810,6772,-2822
ISNE,"10/12/2020 5 a.m. EDT",9796,9050,6738,-3058
ISNE,"10/12/2020 6 a.m. EDT",9817,9670,6788,-3029
ISNE,"10/12/2020 7 a.m. EDT",10649,10680,7670,-2979
ISNE,"10/12/2020 8 a.m. EDT",11577,11610,8678,-2899
ISNE,"10/12/2020 9 a.m. EDT",12298,12300,9478,-2820
ISNE,"10/12/2020 10 a.m. EDT",12671,12670,9885,-2786
ISNE,"10/12/2020 11 a.m. EDT",12861,12860,10145,-2716
ISNE,"10/12/2020 12 p.m. EDT",12854,12840,10261,-2593
ISNE,"10/12/2020 1 p.m. EDT",12652,12640,10113,-2539
ISNE,"10/12/2020 2 p.m. EDT",12442,12430,9878,-2564
ISNE,"10/12/2020 3 p.m. EDT",12391,12390,9828,-2563
ISNE,"10/12/2020 4 p.m. EDT",12555,12570,9988,-2567
ISNE,"10/12/2020 5 p.m. EDT",13082,13100,10478,-2604
ISNE,"10/12/2020 6 p.m. EDT",13825,13870,11132,-2693
ISNE,"10/12/2020 7 p.m. EDT",14206,14480,11660,-2546
ISNE,"10/12/2020 8 p.m. EDT",13841,14120,11260,-2581
ISNE,"10/12/2020 9 p.m. EDT",13179,13280,10489,-2690
ISNE,"10/12/2020 10 p.m. EDT",12246,12350,9494,-2752
ISNE,"10/12/2020 11 p.m. EDT",11237,11230,8489,-2748
ISNE,"10/13/2020 12 a.m. EDT",10817,10300,8072,-2745
ISNE,"10/13/2020 1 a.m. EDT",10379,9670,7624,-2755
ISNE,"10/13/2020 2 a.m. EDT",10401,9320,7541,-2860
ISNE,"10/13/2020 3 a.m. EDT",10232,9150,7407,-2825
ISNE,"10/13/2020 4 a.m. EDT",10217,9150,7359,-2858
ISNE,"10/13/2020 5 a.m. EDT",10475,9420,7747,-2728
ISNE,"10/13/2020 6 a.m. EDT",11164,10190,8595,-2569
ISNE,"10/13/2020 7 a.m. EDT",12066,11530,9558,-2508
ISNE,"10/13/2020 8 a.m. EDT",12677,12690,10067,-2610
ISNE,"10/13/2020 9 a.m. EDT",13339,13360,10717,-2622
ISNE,"10/13/2020 10 a.m. EDT",13613,13650,10966,-2647
ISNE,"10/13/2020 11 a.m. EDT",13739,13740,11084,-2655
ISNE,"10/13/2020 12 p.m. EDT",13979,13800,11202,-2777
ISNE,"10/13/2020 1 p.m. EDT",14030,13780,11121,-2909
ISNE,"10/13/2020 2 p.m. EDT",13991,13690,11053,-2938
ISNE,"10/13/2020 3 p.m. EDT",13864,13530,10927,-2937
ISNE,"10/13/2020 4 p.m. EDT",13772,13600,10820,-2952
ISNE,"10/13/2020 5 p.m. EDT",13943,13860,10979,-2964
ISNE,"10/13/2020 6 p.m. EDT",14427,14280,11504,-2923
ISNE,"10/13/2020 7 p.m. EDT",14557,14600,11704,-2853
ISNE,"10/13/2020 8 p.m. EDT",14065,14340,11187,-2878
ISNE,"10/13/2020 9 p.m. EDT",13349,13540,10581,-2768
ISNE,"10/13/2020 10 p.m. EDT",12387,12540,9811,-2576
ISNE,"10/13/2020 11 p.m. EDT",11568,11370,8464,-3104
ISNE,"10/14/2020 12 a.m. EDT",11204,10400,7777,-3427
ISNE,"10/14/2020 1 a.m. EDT",10872,9770,7747,-3125
ISNE,"10/14/2020 2 a.m. EDT",10497,9420,7454,-3043
ISNE,"10/14/2020 3 a.m. EDT",10300,9230,7130,-3170
ISNE,"10/14/2020 4 a.m. EDT",10256,9190,7131,-3125
ISNE,"10/14/2020 5 a.m. EDT",10488,9440,7303,-3185
ISNE,"10/14/2020 6 a.m. EDT",11007,10220,8072,-2935
ISNE,"10/14/2020 7 a.m. EDT",11696,11540,8934,-2762
ISNE,"10/14/2020 8 a.m. EDT",12451,12460,9682,-2769
ISNE,"10/14/2020 9 a.m. EDT",12396,12370,9544,-2852
ISNE,"10/14/2020 10 a.m. EDT",11808,11800,9178,-2630
ISNE,"10/14/2020 11 a.m. EDT",11336,11510,8711,-2625
ISNE,"10/14/2020 12 p.m. EDT",11252,11270,8740,-2512
ISNE,"10/14/2020 1 p.m. EDT",11497,11230,8816,-2681
ISNE,"10/14/2020 2 p.m. EDT",11640,11410,8973,-2667
ISNE,"10/14/2020 3 p.m. EDT",11848,11580,9096,-2752
ISNE,"10/14/2020 4 p.m. EDT",12023,12030,9309,-2714
ISNE,"10/14/2020 5 p.m. EDT",12498,12790,9644,-2854
ISNE,"10/14/2020 6 p.m. EDT",13418,13530,10166,-3252
ISNE,"10/14/2020 7 p.m. EDT",14088,14090,11175,-2913
ISNE,"10/14/2020 8 p.m. EDT",13860,14030,10740,-3120
ISNE,"10/14/2020 9 p.m. EDT",13130,13360,9953,-3177
ISNE,"10/14/2020 10 p.m. EDT",12206,12440,8923,-3283
ISNE,"10/14/2020 11 p.m. EDT",11454,11320,8276,-3178
ISNE,"10/15/2020 12 a.m. EDT",10762,10330,7882,-2880
ISNE,"10/15/2020 1 a.m. EDT",10006,9630,7365,-2641
ISNE,"10/15/2020 2 a.m. EDT",9828,9310,7179,-2649
ISNE,"10/15/2020 3 a.m. EDT",9674,9130,7046,-2628
ISNE,"10/15/2020 4 a.m. EDT",9876,9130,7041,-2835
ISNE,"10/15/2020 5 a.m. EDT",10068,9390,6946,-3122
ISNE,"10/15/2020 6 a.m. EDT",10226,10130,7146,-3080
ISNE,"10/15/2020 7 a.m. EDT",11497,11540,8540,-2957
ISNE,"10/15/2020 8 a.m. EDT",12505,12510,9437,-3068
ISNE,"10/15/2020 9 a.m. EDT",12538,12520,9585,-2953
ISNE,"10/15/2020 10 a.m. EDT",12013,11980,8969,-3044
ISNE,"10/15/2020 11 a.m. EDT",11621,11700,8623,-2998
ISNE,"10/15/2020 12 p.m. EDT",11493,11490,8771,-2722
ISNE,"10/15/2020 1 p.m. EDT",11339,11530,8889,-2450
ISNE,"10/15/2020 2 p.m. EDT",11404,11700,9019,-2385
ISNE,"10/15/2020 3 p.m. EDT",11501,11840,9075,-2426
ISNE,"10/15/2020 4 p.m. EDT",12189,12230,9501,-2688
ISNE,"10/15/2020 5 p.m. EDT",12804,12820,9868,-2936
ISNE,"10/15/2020 6 p.m. EDT",13582,13570,10453,-3129
ISNE,"10/15/2020 7 p.m. EDT",14203,14150,11274,-2929
ISNE,"10/15/2020 8 p.m. EDT",14013,13970,10983,-3030
ISNE,"10/15/2020 9 p.m. EDT",13375,13370,10341,-3034
ISNE,"10/15/2020 10 p.m. EDT",12442,12460,9507,-2935
ISNE,"10/15/2020 11 p.m. EDT",11602,11370,8650,-2952
ISNE,"10/16/2020 12 a.m. EDT",10780,10430,8361,-2419
ISNE,"10/16/2020 1 a.m. EDT",10068,9880,7878,-2190
ISNE,"10/16/2020 2 a.m. EDT",9628,9540,7424,-2204
ISNE,"10/16/2020 3 a.m. EDT",9608,9350,7207,-2401
ISNE,"10/16/2020 4 a.m. EDT",9515,9250,6801,-2714
ISNE,"10/16/2020 5 a.m. EDT",9737,9500,7198,-2539
ISNE,"10/16/2020 6 a.m. EDT",10398,10180,7683,-2715
ISNE,"10/16/2020 7 a.m. EDT",11536,11530,8717,-2819
ISNE,"10/16/2020 8 a.m. EDT",12650,12670,9439,-3211
ISNE,"10/16/2020 9 a.m. EDT",13279,13260,10267,-3012
ISNE,"10/16/2020 10 a.m. EDT",13566,13560,10792,-2774
ISNE,"10/16/2020 11 a.m. EDT",13768,13750,10776,-2992
ISNE,"10/16/2020 12 p.m. EDT",13982,13890,11019,-2963
ISNE,"10/16/2020 1 p.m. EDT",14049,13950,10832,-3217
ISNE,"10/16/2020 2 p.m. EDT",13899,13970,10623,-3276
ISNE,"10/16/2020 3 p.m. EDT",13668,13860,10440,-3228
ISNE,"10/16/2020 4 p.m. EDT",13555,13880,10379,-3176
ISNE,"10/16/2020 5 p.m. EDT",13638,13970,10361,-3277
ISNE,"10/16/2020 6 p.m. EDT",13951,14300,10646,-3305
ISNE,"10/16/2020 7 p.m. EDT",13997,14400,10914,-3083
ISNE,"10/16/2020 8 p.m. EDT",13480,13860,10264,-3216
ISNE,"10/16/2020 9 p.m. EDT",12813,13180,10021,-2792
ISNE,"10/16/2020 10 p.m. EDT",12063,12330,9097,-2966
ISNE,"10/16/2020 11 p.m. EDT",11183,11440,7990,-3193
ISNE,"10/17/2020 12 a.m. EDT",10358,10520,7337,-3021
ISNE,"10/17/2020 1 a.m. EDT",9708,9700,7020,-2688
ISNE,"10/17/2020 2 a.m. EDT",9525,9350,7200,-2325
ISNE,"10/17/2020 3 a.m. EDT",9391,9130,6997,-2394
ISNE,"10/17/2020 4 a.m. EDT",9353,9020,6920,-2433
ISNE,"10/17/2020 5 a.m. EDT",9624,9080,7098,-2526
ISNE,"10/17/2020 6 a.m. EDT",9682,9390,7087,-2595
ISNE,"10/17/2020 7 a.m. EDT",10262,10000,7613,-2649
ISNE,"10/17/2020 8 a.m. EDT",10941,10720,8060,-2881
ISNE,"10/17/2020 9 a.m. EDT",11312,11270,8760,-2552
ISNE,"10/17/2020 10 a.m. EDT",11343,11350,8777,-2566
ISNE,"10/17/2020 11 a.m. EDT",10769,10760,8219,-2550
ISNE,"10/17/2020 12 p.m. EDT",10521,10360,7642,-2879
ISNE,"10/17/2020 1 p.m. EDT",10220,9950,7433,-2787
ISNE,"10/17/2020 2 p.m. EDT",10011,9670,7475,-2536
ISNE,"10/17/2020 3 p.m. EDT",10188,9750,7744,-2444
ISNE,"10/17/2020 4 p.m. EDT",10687,10260,8055,-2632
ISNE,"10/17/2020 5 p.m. EDT",11197,11060,8480,-2717
ISNE,"10/17/2020 6 p.m. EDT",12299,12150,9063,-3236
ISNE,"10/17/2020 7 p.m. EDT",13048,13000,10030,-3018
ISNE,"10/17/2020 8 p.m. EDT",12925,12720,9995,-2930
ISNE,"10/17/2020 9 p.m. EDT",12445,12270,9481,-2964
ISNE,"10/17/2020 10 p.m. EDT",11863,11760,8893,-2970
ISNE,"10/17/2020 11 p.m. EDT",11396,11050,8359,-3037
ISNE,"10/18/2020 12 a.m. EDT",10503,10310,7657,-2846
ISNE,"10/18/2020 1 a.m. EDT",9806,9780,7183,-2623
ISNE,"10/18/2020 2 a.m. EDT",9929,9450,7377,-2552
ISNE,"10/18/2020 3 a.m. EDT",9822,9260,7199,-2623
ISNE,"10/18/2020 4 a.m. EDT",9702,9160,6965,-2737
ISNE,"10/18/2020 5 a.m. EDT",9749,9210,7045,-2704
ISNE,"10/18/2020 6 a.m. EDT",9820,9460,7191,-2629
ISNE,"10/18/2020 7 a.m. EDT",9965,9980,7398,-2567
ISNE,"10/18/2020 8 a.m. EDT",10518,10530,7757,-2761
ISNE,"10/18/2020 9 a.m. EDT",10819,10820,8255,-2564
ISNE,"10/18/2020 10 a.m. EDT",10583,10570,8066,-2517
ISNE,"10/18/2020 11 a.m. EDT",10256,10250,7954,-2302
ISNE,"10/18/2020 12 p.m. EDT",10042,10040,7695,-2347
ISNE,"10/18/2020 1 p.m. EDT",9997,9840,7558,-2439
ISNE,"10/18/2020 2 p.m. EDT",9990,9730,7593,-2397
ISNE,"10/18/2020 3 p.m. EDT",10259,9990,7777,-2482
ISNE,"10/18/2020 4 p.m. EDT",10834,10530,8331,-2503
ISNE,"10/18/2020 5 p.m. EDT",11486,11390,8844,-2642
ISNE,"10/18/2020 6 p.m. EDT",12580,12460,10032,-2548
ISNE,"10/18/2020 7 p.m. EDT",13451,13200,10763,-2688
ISNE,"10/18/2020 8 p.m. EDT",13196,13040,10354,-2842
ISNE,"10/18/2020 9 p.m. EDT",12572,12510,9865,-2707
ISNE,"10/18/2020 10 p.m. EDT",11779,11700,9304,-2475
ISNE,"10/18/2020 11 p.m. EDT",10873,10760,8214,-2659
ISNE,"10/19/2020 12 a.m. EDT",10304,9940,7558,-2746
ISNE,"10/19/2020 1 a.m. EDT",9783,9480,7020,-2763
ISNE,"10/19/2020 2 a.m. EDT",9508,9180,6643,-2865
ISNE,"10/19/2020 3 a.m. EDT",9603,9060,6709,-2894
ISNE,"10/19/2020 4 a.m. EDT",9671,9100,6899,-2772
ISNE,"10/19/2020 5 a.m. EDT",10182,9350,7309,-2873
ISNE,"10/19/2020 6 a.m. EDT",10554,10330,8002,-2552
ISNE,"10/19/2020 7 a.m. EDT",11681,11900,9780,-1901
ISNE,"10/19/2020 8 a.m. EDT",12818,12860,11287,-1531
ISNE,"10/19/2020 9 a.m. EDT",12934,12900,11478,-1456
ISNE,"10/19/2020 10 a.m. EDT",12513,12500,10984,-1529
ISNE,"10/19/2020 11 a.m. EDT",12175,12330,10559,-1616
ISNE,"10/19/2020 12 p.m. EDT",12112,12200,10264,-1848
ISNE,"10/19/2020 1 p.m. EDT",12081,12180,10085,-1996
ISNE,"10/19/2020 2 p.m. EDT",12169,12190,10432,-1737
ISNE,"10/19/2020 3 p.m. EDT",12145,12320,10168,-1977
ISNE,"10/19/2020 4 p.m. EDT",12410,12500,10377,-2033
ISNE,"10/19/2020 5 p.m. EDT",12943,13060,10778,-2165
ISNE,"10/19/2020 6 p.m. EDT",13816,13820,11760,-2056
ISNE,"10/19/2020 7 p.m. EDT",14397,14400,12536,-1861
ISNE,"10/19/2020 8 p.m. EDT",13954,14070,12160,-1794
ISNE,"10/19/2020 9 p.m. EDT",13213,13350,10994,-2219
ISNE,"10/19/2020 10 p.m. EDT",12253,12380,9797,-2456
ISNE,"10/19/2020 11 p.m. EDT",11201,11260,8771,-2430
ISNE,"10/20/2020 12 a.m. EDT",10359,10290,8036,-2323
ISNE,"10/20/2020 1 a.m. EDT",9905,9610,7631,-2274
ISNE,"10/20/2020 2 a.m. EDT",9782,9270,7752,-2030
ISNE,"10/20/2020 3 a.m. EDT",9623,9100,7666,-1957
ISNE,"10/20/2020 4 a.m. EDT",9605,9090,7598,-2007
ISNE,"10/20/2020 5 a.m. EDT",9845,9360,7973,-1872
ISNE,"10/20/2020 6 a.m. EDT",10358,10130,8704,-1654
ISNE,"10/20/2020 7 a.m. EDT",11487,11530,10049,-1438
ISNE,"10/20/2020 8 a.m. EDT",12618,12620,10932,-1686
ISNE,"10/20/2020 9 a.m. EDT",13118,13130,11305,-1813
ISNE,"10/20/2020 10 a.m. EDT",13255,13250,11407,-1848
ISNE,"10/20/2020 11 a.m. EDT",13250,13220,11257,-1993
ISNE,"10/20/2020 12 p.m. EDT",13108,13190,10934,-2174
ISNE,"10/20/2020 1 p.m. EDT",13229,13210,10740,-2489
ISNE,"10/20/2020 2 p.m. EDT",13179,13200,10863,-2316
ISNE,"10/20/2020 3 p.m. EDT",13123,13250,11079,-2044
ISNE,"10/20/2020 4 p.m. EDT",13187,13330,10844,-2343
ISNE,"10/20/2020 5 p.m. EDT",13505,13540,11025,-2480
ISNE,"10/20/2020 6 p.m. EDT",14145,14050,11802,-2343
ISNE,"10/20/2020 7 p.m. EDT",14528,14600,12365,-2163
ISNE,"10/20/2020 8 p.m. EDT",14112,14260,12071,-2041
ISNE,"10/20/2020 9 p.m. EDT",13386,13510,10956,-2430
ISNE,"10/20/2020 10 p.m. EDT",12429,12560,10001,-2428
ISNE,"10/20/2020 11 p.m. EDT",11389,11440,8973,-2416
ISNE,"10/21/2020 12 a.m. EDT",10543,10460,8098,-2445
ISNE,"10/21/2020 1 a.m. EDT",10382,9880,7878,-2504
ISNE,"10/21/2020 2 a.m. EDT",10298,9520,7849,-2449
ISNE,"10/21/2020 3 a.m. EDT",10138,9340,7715,-2423
ISNE,"10/21/2020 4 a.m. EDT",10019,9240,7856,-2163
ISNE,"10/21/2020 5 a.m. EDT",10192,9430,8238,-1954
ISNE,"10/21/2020 6 a.m. EDT",10415,10150,8672,-1743
ISNE,"10/21/2020 7 a.m. EDT",11387,11430,9718,-1669
ISNE,"10/21/2020 8 a.m. EDT",12557,12570,11004,-1553
ISNE,"10/21/2020 9 a.m. EDT",13093,13100,11489,-1604
ISNE,"10/21/2020 10 a.m. EDT",13196,13160,11618,-1578
ISNE,"10/21/2020 11 a.m. EDT",13207,13140,11533,-1674
ISNE,"10/21/2020 12 p.m. EDT",13263,13130,11492,-1771
ISNE,"10/21/2020 1 p.m. EDT",13125,13110,12040,-1085
ISNE,"10/21/2020 2 p.m. EDT",12895,13150,11132,-1763
ISNE,"10/21/2020 3 p.m. EDT",12753,13170,10976,-1777
ISNE,"10/21/2020 4 p.m. EDT",13024,13260,10895,-2129
ISNE,"10/21/2020 5 p.m. EDT",13564,13680,10991,-2573
ISNE,"10/21/2020 6 p.m. EDT",14237,14270,11580,-2657
ISNE,"10/21/2020 7 p.m. EDT",14631,14750,11954,-2677
ISNE,"10/21/2020 8 p.m. EDT",14281,14410,11578,-2703
ISNE,"10/21/2020 9 p.m. EDT",13646,13760,11005,-2641
ISNE,"10/21/2020 10 p.m. EDT",12768,12870,10133,-2635
ISNE,"10/21/2020 11 p.m. EDT",11785,11760,9067,-2718
ISNE,"10/22/2020 12 a.m. EDT",10905,10770,8187,-2718
ISNE,"10/22/2020 1 a.m. EDT",10368,10180,7660,-2708
ISNE,"10/22/2020 2 a.m. EDT",10138,9750,7500,-2638
ISNE,"10/22/2020 3 a.m. EDT",10247,9520,7392,-2855
ISNE,"10/22/2020 4 a.m. EDT",10190,9440,7334,-2856
ISNE,"10/22/2020 5 a.m. EDT",10374,9640,7522,-2852
ISNE,"10/22/2020 6 a.m. EDT",10683,10490,7962,-2721
ISNE,"10/22/2020 7 a.m. EDT",11556,11940,8874,-2682
ISNE,"10/22/2020 8 a.m. EDT",12610,12860,9865,-2745
ISNE,"10/22/2020 9 a.m. EDT",12821,12790,10252,-2569
ISNE,"10/22/2020 10 a.m. EDT",12514,12510,10083,-2431
ISNE,"10/22/2020 11 a.m. EDT",12233,12220,10176,-2057
ISNE,"10/22/2020 12 p.m. EDT",12122,12150,10046,-2076
ISNE,"10/22/2020 1 p.m. EDT",12138,12230,9932,-2206
ISNE,"10/22/2020 2 p.m. EDT",12347,12410,10248,-2099
ISNE,"10/22/2020 3 p.m. EDT",12673,12690,10292,-2381
ISNE,"10/22/2020 4 p.m. EDT",13029,13070,10567,-2462
ISNE,"10/22/2020 5 p.m. EDT",13554,13590,10982,-2572
ISNE,"10/22/2020 6 p.m. EDT",14174,14150,11473,-2701
ISNE,"10/22/2020 7 p.m. EDT",14585,14750,11866,-2719
ISNE,"10/22/2020 8 p.m. EDT",14230,14310,11583,-2647
ISNE,"10/22/2020 9 p.m. EDT",13601,13650,10813,-2788
ISNE,"10/22/2020 10 p.m. EDT",12621,12680,9908,-2713
ISNE,"10/22/2020 11 p.m. EDT",11638,11550,8922,-2716
ISNE,"10/23/2020 12 a.m. EDT",10819,10540,8153,-2666
ISNE,"10/23/2020 1 a.m. EDT",10302,10040,7567,-2735
ISNE,"10/23/2020 2 a.m. EDT",10286,9560,7608,-2678
ISNE,"10/23/2020 3 a.m. EDT",10151,9360,7333,-2818
ISNE,"10/23/2020 4 a.m. EDT",10040,9320,7331,-2709
ISNE,"10/23/2020 5 a.m. EDT",10235,9510,7533,-2702
ISNE,"10/23/2020 6 a.m. EDT",10417,10320,7906,-2511
ISNE,"10/23/2020 7 a.m. EDT",11356,11660,9128,-2228
ISNE,"10/23/2020 8 a.m. EDT",12482,12810,9928,-2554
ISNE,"10/23/2020 9 a.m. EDT",12994,13080,10588,-2406
ISNE,"10/23/2020 10 a.m. EDT",13079,13100,10654,-2425
ISNE,"10/23/2020 11 a.m. EDT",12938,13060,10431,-2507
ISNE,"10/23/2020 12 p.m. EDT",12723,12890,10245,-2478
ISNE,"10/23/2020 1 p.m. EDT",12530,12730,9966,-2564
ISNE,"10/23/2020 2 p.m. EDT",12476,12730,9859,-2617
ISNE,"10/23/2020 3 p.m. EDT",12489,12710,9892,-2597
ISNE,"10/23/2020 4 p.m. EDT",12632,12850,9964,-2668
ISNE,"10/23/2020 5 p.m. EDT",13042,13200,10586,-2456
ISNE,"10/23/2020 6 p.m. EDT",13646,13720,10844,-2802
ISNE,"10/23/2020 7 p.m. EDT",14013,14050,11193,-2820
ISNE,"10/23/2020 8 p.m. EDT",13566,13680,10990,-2576
ISNE,"10/23/2020 9 p.m. EDT",12909,12980,10112,-2797
ISNE,"10/23/2020 10 p.m. EDT",12145,12270,9387,-2758
ISNE,"10/23/2020 11 p.m. EDT",11274,11340,8595,-2679
ISNE,"10/24/2020 12 a.m. EDT",10522,10480,7900,-2622
ISNE,"10/24/2020 1 a.m. EDT",10108,9940,7562,-2546
ISNE,"10/24/2020 2 a.m. EDT",10105,9400,7510,-2595
ISNE,"10/24/2020 3 a.m. EDT",9876,9200,7318,-2558
ISNE,"10/24/2020 4 a.m. EDT",9744,9040,7343,-2401
ISNE,"10/24/2020 5 a.m. EDT",9771,9100,7163,-2608
ISNE,"10/24/2020 6 a.m. EDT",10059,9320,7388,-2671
ISNE,"10/24/2020 7 a.m. EDT",10518,9860,7722,-2796
ISNE,"10/24/2020 8 a.m. EDT",10825,10710,8055,-2770
ISNE,"10/24/2020 9 a.m. EDT",11210,11220,8413,-2797
ISNE,"10/24/2020 10 a.m. EDT",11388,11660,8658,-2730
ISNE,"10/24/2020 11 a.m. EDT",11614,11760,8924,-2690
ISNE,"10/24/2020 12 p.m. EDT",11911,11840,9236,-2675
ISNE,"10/24/2020 1 p.m. EDT",11947,11780,9222,-2725
ISNE,"10/24/2020 2 p.m. EDT",11973,11940,9200,-2773
ISNE,"10/24/2020 3 p.m. EDT",11884,12030,9160,-2724
ISNE,"10/24/2020 4 p.m. EDT",11760,12110,9082,-2678
ISNE,"10/24/2020 5 p.m. EDT",12093,12190,9352,-2741
ISNE,"10/24/2020 6 p.m. EDT",12731,12550,9927,-2804
ISNE,"10/24/2020 7 p.m. EDT",13138,12990,10392,-2746
ISNE,"10/24/2020 8 p.m. EDT",12715,12650,9959,-2756
ISNE,"10/24/2020 9 p.m. EDT",12122,12050,9390,-2732
ISNE,"10/24/2020 10 p.m. EDT",11462,11420,8838,-2624
ISNE,"10/24/2020 11 p.m. EDT",10725,10710,8027,-2698
ISNE,"10/25/2020 12 a.m. EDT",9967,9980,7408,-2559
ISNE,"10/25/2020 1 a.m. EDT",9539,9530,6938,-2601
ISNE,"10/25/2020 2 a.m. EDT",9705,9130,7012,-2693
ISNE,"10/25/2020 3 a.m. EDT",9599,8950,6853,-2746
ISNE,"10/25/2020 4 a.m. EDT",9515,8870,6800,-2715
ISNE,"10/25/2020 5 a.m. EDT",9573,8970,6796,-2777
ISNE,"10/25/2020 6 a.m. EDT",9832,9270,6963,-2869
ISNE,"10/25/2020 7 a.m. EDT",10062,9780,7221,-2841
ISNE,"10/25/2020 8 a.m. EDT",10613,10410,7777,-2836
ISNE,"10/25/2020 9 a.m. EDT",10869,10810,8199,-2670
ISNE,"10/25/2020 10 a.m. EDT",11043,10900,8516,-2527
ISNE,"10/25/2020 11 a.m. EDT",10866,10720,8343,-2523
ISNE,"10/25/2020 12 p.m. EDT",11012,10570,8382,-2630
ISNE,"10/25/2020 1 p.m. EDT",10915,10530,8249,-2666
ISNE,"10/25/2020 2 p.m. EDT",10942,10520,8240,-2702
ISNE,"10/25/2020 3 p.m. EDT",10961,10600,8211,-2750
ISNE,"10/25/2020 4 p.m. EDT",11373,10950,8711,-2662
ISNE,"10/25/2020 5 p.m. EDT",11911,11790,9464,-2447
ISNE,"10/25/2020 6 p.m. EDT",12995,12840,10468,-2527
ISNE,"10/25/2020 7 p.m. EDT",13701,13640,11185,-2516
ISNE,"10/25/2020 8 p.m. EDT",13355,13490,10638,-2717
ISNE,"10/25/2020 9 p.m. EDT",12718,12930,9996,-2722
ISNE,"10/25/2020 10 p.m. EDT",11924,12090,9237,-2687
ISNE,"10/25/2020 11 p.m. EDT",10994,11130,8304,-2690
ISNE,"10/26/2020 12 a.m. EDT",10137,10290,7490,-2647
ISNE,"10/26/2020 1 a.m. EDT",9700,9560,7196,-2504
ISNE,"10/26/2020 2 a.m. EDT",9552,9230,7090,-2462
ISNE,"10/26/2020 3 a.m. EDT",9696,9100,7134,-2562
ISNE,"10/26/2020 4 a.m. EDT",9871,9120,7472,-2399
ISNE,"10/26/2020 5 a.m. EDT",10019,9450,7648,-2371
ISNE,"10/26/2020 6 a.m. EDT",10513,10430,8136,-2377
ISNE,"10/26/2020 7 a.m. EDT",11833,12090,9480,-2353
ISNE,"10/26/2020 8 a.m. EDT",12872,13200,10467,-2405
ISNE,"10/26/2020 9 a.m. EDT",13545,13490,11069,-2476
ISNE,"10/26/2020 10 a.m. EDT",13865,13790,11470,-2395
ISNE,"10/26/2020 11 a.m. EDT",14049,13910,11643,-2406
ISNE,"10/26/2020 12 p.m. EDT",14119,14010,11682,-2437
ISNE,"10/26/2020 1 p.m. EDT",14057,13990,11592,-2465
ISNE,"10/26/2020 2 p.m. EDT",14005,13960,11734,-2271
ISNE,"10/26/2020 3 p.m. EDT",13809,13870,11466,-2343
ISNE,"10/26/2020 4 p.m. EDT",13789,13870,11511,-2278
ISNE,"10/26/2020 5 p.m. EDT",14039,14040,11773,-2266
ISNE,"10/26/2020 6 p.m. EDT",14635,14450,12502,-2133
ISNE,"10/26/2020 7 p.m. EDT",14742,14950,12907,-1835
ISNE,"10/26/2020 8 p.m. EDT",14211,14420,11964,-2247
ISNE,"10/26/2020 9 p.m. EDT",13457,13620,10960,-2497
ISNE,"10/26/2020 10 p.m. EDT",12511,12600,10015,-2496
ISNE,"10/26/2020 11 p.m. EDT",11457,11460,8979,-2478
ISNE,"10/27/2020 12 a.m. EDT",10687,10480,8387,-2300
ISNE,"10/27/2020 1 a.m. EDT",10355,9690,8172,-2183
ISNE,"10/27/2020 2 a.m. EDT",10130,9360,7991,-2139
ISNE,"10/27/2020 3 a.m. EDT",10054,9190,7547,-2507
ISNE,"10/27/2020 4 a.m. EDT",10006,9140,7487,-2519
ISNE,"10/27/2020 5 a.m. EDT",10245,9430,7735,-2510
ISNE,"10/27/2020 6 a.m. EDT",10483,10350,8433,-2050
ISNE,"10/27/2020 7 a.m. EDT",11580,12010,9679,-1901
ISNE,"10/27/2020 8 a.m. EDT",12742,13010,10341,-2401
ISNE,"10/27/2020 9 a.m. EDT",13289,13100,10766,-2523
ISNE,"10/27/2020 10 a.m. EDT",13346,13270,10977,-2369
ISNE,"10/27/2020 11 a.m. EDT",13172,13200,10766,-2406
ISNE,"10/27/2020 12 p.m. EDT",12781,13100,10194,-2587
ISNE,"10/27/2020 1 p.m. EDT",12429,13040,9768,-2661
ISNE,"10/27/2020 2 p.m. EDT",11969,12010,9731,-2238
ISNE,"10/27/2020 3 p.m. EDT",11961,12080,9584,-2377
ISNE,"10/27/2020 4 p.m. EDT",12539,12380,10234,-2305
ISNE,"10/27/2020 5 p.m. EDT",13162,13080,10803,-2359
ISNE,"10/27/2020 6 p.m. EDT",14107,13960,11603,-2504
ISNE,"10/27/2020 7 p.m. EDT",14545,14610,12310,-2235
ISNE,"10/27/2020 8 p.m. EDT",14066,14270,11669,-2397
ISNE,"10/27/2020 9 p.m. EDT",13358,13580,11016,-2342
ISNE,"10/27/2020 10 p.m. EDT",12518,12660,10058,-2460
ISNE,"10/27/2020 11 p.m. EDT",11697,11530,9432,-2265
ISNE,"10/28/2020 12 a.m. EDT",10803,10580,8330,-2473
ISNE,"10/28/2020 1 a.m. EDT",10190,9920,7954,-2236
ISNE,"10/28/2020 2 a.m. EDT",10058,9550,7937,-2121
ISNE,"10/28/2020 3 a.m. EDT",10123,9350,8097,-2026
ISNE,"10/28/2020 4 a.m. EDT",10116,9340,8036,-2080
ISNE,"10/28/2020 5 a.m. EDT",10136,9570,8193,-1943
ISNE,"10/28/2020 6 a.m. EDT",10811,10530,8807,-2004
ISNE,"10/28/2020 7 a.m. EDT",11822,12150,9878,-1944
ISNE,"10/28/2020 8 a.m. EDT",13015,13230,11115,-1900
ISNE,"10/28/2020 9 a.m. EDT",13685,13480,11620,-2065
ISNE,"10/28/2020 10 a.m. EDT",13961,13990,12158,-1803
ISNE,"10/28/2020 11 a.m. EDT",14154,14000,12180,-1974
ISNE,"10/28/2020 12 p.m. EDT",14217,13960,12203,-2014
ISNE,"10/28/2020 1 p.m. EDT",14224,13900,12192,-2032
ISNE,"10/28/2020 2 p.m. EDT",14042,13890,11982,-2060
ISNE,"10/28/2020 3 p.m. EDT",13807,13830,11549,-2258
ISNE,"10/28/2020 4 p.m. EDT",13765,13840,11495,-2270
ISNE,"10/28/2020 5 p.m. EDT",14007,13930,11783,-2224
ISNE,"10/28/2020 6 p.m. EDT",14606,14240,12319,-2287
ISNE,"10/28/2020 7 p.m. EDT",14834,14700,12544,-2290
ISNE,"10/28/2020 8 p.m. EDT",14296,14420,12005,-2291
ISNE,"10/28/2020 9 p.m. EDT",13551,13690,11280,-2271
ISNE,"10/28/2020 10 p.m. EDT",12668,12780,10410,-2258
ISNE,"10/28/2020 11 p.m. EDT",11883,11670,9656,-2227
ISNE,"10/29/2020 12 a.m. EDT",11239,10700,9012,-2227
ISNE,"10/29/2020 1 a.m. EDT",10817,10030,8596,-2221
ISNE,"10/29/2020 2 a.m. EDT",10425,9650,8327,-2098
ISNE,"10/29/2020 3 a.m. EDT",10224,9450,8018,-2206
ISNE,"10/29/2020 4 a.m. EDT",10206,9450,7952,-2254
ISNE,"10/29/2020 5 a.m. EDT",10473,9720,8136,-2337
ISNE,"10/29/2020 6 a.m. EDT",11270,10540,8869,-2401
ISNE,"10/29/2020 7 a.m. EDT",12626,11930,10289,-2337
ISNE,"10/29/2020 8 a.m. EDT",13310,13090,10911,-2399
ISNE,"10/29/2020 9 a.m. EDT",13627,13630,11213,-2414
ISNE,"10/29/2020 10 a.m. EDT",13889,13900,11518,-2371
ISNE,"10/29/2020 11 a.m. EDT",14094,14090,11874,-2220
ISNE,"10/29/2020 12 p.m. EDT",14223,14220,11939,-2284
ISNE,"10/29/2020 1 p.m. EDT",14286,14280,11988,-2298
ISNE,"10/29/2020 2 p.m. EDT",14249,14240,11904,-2345
ISNE,"10/29/2020 3 p.m. EDT",14165,14150,11853,-2312
ISNE,"10/29/2020 4 p.m. EDT",14180,14160,11900,-2280
ISNE,"10/29/2020 5 p.m. EDT",14441,14240,12090,-2351
ISNE,"10/29/2020 6 p.m. EDT",14975,14630,12673,-2302
ISNE,"10/29/2020 7 p.m. EDT",15024,15000,12716,-2308
ISNE,"10/29/2020 8 p.m. EDT",14620,14620,12266,-2354
ISNE,"10/29/2020 9 p.m. EDT",13900,13930,10919,-2981
ISNE,"10/29/2020 10 p.m. EDT",13072,13040,10039,-3033
ISNE,"10/29/2020 11 p.m. EDT",12195,11960,9151,-3044
ISNE,"10/30/2020 12 a.m. EDT",11263,11020,8216,-3047
ISNE,"10/30/2020 1 a.m. EDT",11059,10370,8040,-3019
ISNE,"10/30/2020 2 a.m. EDT",10774,10010,8042,-2732
ISNE,"10/30/2020 3 a.m. EDT",10596,9830,8050,-2546
ISNE,"10/30/2020 4 a.m. EDT",10606,9870,8005,-2601
ISNE,"10/30/2020 5 a.m. EDT",10883,10140,8280,-2603
ISNE,"10/30/2020 6 a.m. EDT",11594,10970,8887,-2707
ISNE,"10/30/2020 7 a.m. EDT",12412,12350,9700,-2712
ISNE,"10/30/2020 8 a.m. EDT",13880,13690,10799,-3081
ISNE,"10/30/2020 9 a.m. EDT",14558,14550,11523,-3035
ISNE,"10/30/2020 10 a.m. EDT",15024,15000,12012,-3012
ISNE,"10/30/2020 11 a.m. EDT",15306,15080,12227,-3079
ISNE,"10/30/2020 12 p.m. EDT",15434,15000,12227,-3207
ISNE,"10/30/2020 1 p.m. EDT",15344,14920,12118,-3226
ISNE,"10/30/2020 2 p.m. EDT",15202,14880,11880,-3322
ISNE,"10/30/2020 3 p.m. EDT",14930,14880,11558,-3372
ISNE,"10/30/2020 4 p.m. EDT",14681,14920,11363,-3318
ISNE,"10/30/2020 5 p.m. EDT",14740,15100,11530,-3210
ISNE,"10/30/2020 6 p.m. EDT",15142,15530,11984,-3158
ISNE,"10/30/2020 7 p.m. EDT",15501,16000,12409,-3092
ISNE,"10/30/2020 8 p.m. EDT",15100,15560,11981,-3119
ISNE,"10/30/2020 9 p.m. EDT",14541,14520,11433,-3108
ISNE,"10/30/2020 10 p.m. EDT",13785,13810,10760,-3025
ISNE,"10/30/2020 11 p.m. EDT",13023,12860,9853,-3170
ISNE,"10/31/2020 12 a.m. EDT",12248,12010,9174,-3074
ISNE,"10/31/2020 1 a.m. EDT",11391,11370,8395,-2996
ISNE,"10/31/2020 2 a.m. EDT",11296,11000,8584,-2712
ISNE,"10/31/2020 3 a.m. EDT",11331,10780,8689,-2642
ISNE,"10/31/2020 4 a.m. EDT",11287,10750,8870,-2417
ISNE,"10/31/2020 5 a.m. EDT",11405,10870,8850,-2555
ISNE,"10/31/2020 6 a.m. EDT",11652,11280,9035,-2617
ISNE,"10/31/2020 7 a.m. EDT",11926,11940,9340,-2586
ISNE,"10/31/2020 8 a.m. EDT",12678,12700,10352,-2326
ISNE,"10/31/2020 9 a.m. EDT",13305,13310,10964,-2341
ISNE,"10/31/2020 10 a.m. EDT",13395,13450,10937,-2458
ISNE,"10/31/2020 11 a.m. EDT",13157,13440,10608,-2549
ISNE,"10/31/2020 12 p.m. EDT",12674,13130,10082,-2592
ISNE,"10/31/2020 1 p.m. EDT",12097,12760,9347,-2750
ISNE,"10/31/2020 2 p.m. EDT",11604,12550,8814,-2790
ISNE,"10/31/2020 3 p.m. EDT",11373,12510,8689,-2684
ISNE,"10/31/2020 4 p.m. EDT",11660,12520,8964,-2696
ISNE,"10/31/2020 5 p.m. EDT",12522,12660,9955,-2567
ISNE,"10/31/2020 6 p.m. EDT",13510,13510,10960,-2550
ISNE,"10/31/2020 7 p.m. EDT",14074,14500,11583,-2491
ISNE,"10/31/2020 8 p.m. EDT",13828,14170,11353,-2475
ISNE,"10/31/2020 9 p.m. EDT",13448,13760,11141,-2307
ISNE,"10/31/2020 10 p.m. EDT",12916,13220,10603,-2313
ISNE,"10/31/2020 11 p.m. EDT",12201,12530,9918,-2283
ISNE,"11/1/2020 12 a.m. EDT",11479,11810,9149,-2330
