"BA Code","Timestamp (Hour Ending)","Demand (MWh)","Demand Forecast (MWh)","Net Generation (MWh)","Total Interchange (MWh)"
ISNE,"11/1/2019 12 a.m. EDT",11128,11040,8075,-3053
ISNE,"11/1/2019 1 a.m. EDT",10227,10200,7488,-2739
ISNE,"11/1/2019 2 a.m. EDT",10059,9800,7426,-2633
ISNE,"11/1/2019 3 a.m. EDT",10159,9490,7311,-2848
ISNE,"11/1/2019 4 a.m. EDT",10383,9320,7320,-3063
ISNE,"11/1/2019 5 a.m. EDT",10296,9400,7248,-3048
ISNE,"11/1/2019 6 a.m. EDT",10648,9910,7600,-3048
ISNE,"11/1/2019 7 a.m. EDT",11288,11270,8624,-2664
ISNE,"11/1/2019 8 a.m. EDT",12212,12230,9448,-2764
ISNE,"11/1/2019 9 a.m. EDT",12244,12220,9606,-2638
ISNE,"11/1/2019 10 a.m. EDT",11799,11940,9023,-2776
ISNE,"11/1/2019 11 a.m. EDT",11425,11560,8893,-2532
ISNE,"11/1/2019 12 p.m. EDT",11114,11290,8848,-2266
ISNE,"11/1/2019 1 p.m. EDT",10946,11090,8867,-2079
ISNE,"11/1/2019 2 p.m. EDT",10969,11160,8811,-2158
ISNE,"11/1/2019 3 p.m. EDT",11293,11320,8929,-2364
ISNE,"11/1/2019 4 p.m. EDT",11486,11670,8989,-2497
ISNE,"11/1/2019 5 p.m. EDT",12238,12490,9509,-2729
ISNE,"11/1/2019 6 p.m. EDT",13104,13300,10472,-2632
ISNE,"11/1/2019 7 p.m. EDT",13693,13750,10948,-2745
ISNE,"11/1/2019 8 p.m. EDT",13423,13530,10495,-2928
ISNE,"11/1/2019 9 p.m. EDT",12953,13040,10040,-2913
ISNE,"11/1/2019 10 p.m. EDT",12316,12380,9589,-2727
ISNE,"11/1/2019 11 p.m. EDT",11480,11530,8709,-2771
ISNE,"11/2/2019 12 a.m. EDT",10777,10620,8048,-2729
ISNE,"11/2/2019 1 a.m. EDT",10270,9930,7453,-2817
ISNE,"11/2/2019 2 a.m. EDT",10329,9580,7450,-2879
ISNE,"11/2/2019 3 a.m. EDT",10197,9380,7351,-2846
ISNE,"11/2/2019 4 a.m. EDT",10124,9310,7200,-2924
ISNE,"11/2/2019 5 a.m. EDT",10252,9460,7214,-3038
ISNE,"11/2/2019 6 a.m. EDT",10528,9890,7541,-2987
ISNE,"11/2/2019 7 a.m. EDT",11040,10680,8211,-2829
ISNE,"11/2/2019 8 a.m. EDT",11472,11490,8943,-2529
ISNE,"11/2/2019 9 a.m. EDT",11869,11860,8911,-2958
ISNE,"11/2/2019 10 a.m. EDT",11516,11530,8492,-3024
ISNE,"11/2/2019 11 a.m. EDT",10991,11030,8206,-2785
ISNE,"11/2/2019 12 p.m. EDT",10549,10460,7910,-2639
ISNE,"11/2/2019 1 p.m. EDT",10227,10170,7522,-2705
ISNE,"11/2/2019 2 p.m. EDT",10299,10020,7439,-2860
ISNE,"11/2/2019 3 p.m. EDT",10719,10190,7683,-3036
ISNE,"11/2/2019 4 p.m. EDT",10949,10990,7957,-2992
ISNE,"11/2/2019 5 p.m. EDT",11664,11820,8784,-2880
ISNE,"11/2/2019 6 p.m. EDT",12689,12680,9730,-2959
ISNE,"11/2/2019 7 p.m. EDT",13331,13320,10595,-2736
ISNE,"11/2/2019 8 p.m. EDT",13077,13140,10299,-2778
ISNE,"11/2/2019 9 p.m. EDT",12676,12750,9841,-2835
ISNE,"11/2/2019 10 p.m. EDT",12117,12110,9438,-2679
ISNE,"11/2/2019 11 p.m. EDT",11368,11510,8628,-2740
ISNE,"11/3/2019 12 a.m. EDT",10828,10750,8200,-2628
ISNE,"11/3/2019 1 a.m. EDT",10140,9990,7525,-2615
ISNE,"11/3/2019 1 a.m. EST",9786,9610,7101,-2685
ISNE,"11/3/2019 2 a.m. EST",9756,9610,7151,-2605
ISNE,"11/3/2019 3 a.m. EST",10193,9370,7453,-2740
ISNE,"11/3/2019 4 a.m. EST",10197,9380,7099,-3098
ISNE,"11/3/2019 5 a.m. EST",10222,9560,7342,-2880
ISNE,"11/3/2019 6 a.m. EST",10533,9990,7505,-3028
ISNE,"11/3/2019 7 a.m. EST",10906,10620,7970,-2936
ISNE,"11/3/2019 8 a.m. EST",11077,11070,8421,-2656
ISNE,"11/3/2019 9 a.m. EST",11163,11000,8535,-2628
ISNE,"11/3/2019 10 a.m. EST",11135,10710,8534,-2601
ISNE,"11/3/2019 11 a.m. EST",10977,10340,8197,-2780
ISNE,"11/3/2019 12 p.m. EST",10906,10080,8382,-2524
ISNE,"11/3/2019 1 p.m. EST",11079,10120,8484,-2595
ISNE,"11/3/2019 2 p.m. EST",11407,10260,8626,-2781
ISNE,"11/3/2019 3 p.m. EST",11707,10470,8923,-2784
ISNE,"11/3/2019 4 p.m. EST",12134,11280,9335,-2799
ISNE,"11/3/2019 5 p.m. EST",13227,12720,10378,-2849
ISNE,"11/3/2019 6 p.m. EST",14253,13940,11704,-2549
ISNE,"11/3/2019 7 p.m. EST",14087,13860,11352,-2735
ISNE,"11/3/2019 8 p.m. EST",13651,13440,10746,-2905
ISNE,"11/3/2019 9 p.m. EST",13032,13040,10128,-2904
ISNE,"11/3/2019 10 p.m. EST",12124,12190,9272,-2852
ISNE,"11/3/2019 11 p.m. EST",11240,11330,8443,-2797
ISNE,"11/4/2019 12 a.m. EST",10437,10520,8214,-2223
ISNE,"11/4/2019 1 a.m. EST",10163,9880,8024,-2139
ISNE,"11/4/2019 2 a.m. EST",10432,9640,8159,-2273
ISNE,"11/4/2019 3 a.m. EST",10354,9560,8348,-2006
ISNE,"11/4/2019 4 a.m. EST",10496,9710,8461,-2035
ISNE,"11/4/2019 5 a.m. EST",10962,10180,8398,-2564
ISNE,"11/4/2019 6 a.m. EST",11899,11330,9262,-2637
ISNE,"11/4/2019 7 a.m. EST",13190,13040,10853,-2337
ISNE,"11/4/2019 8 a.m. EST",13508,13480,11193,-2315
ISNE,"11/4/2019 9 a.m. EST",12872,12830,10045,-2827
ISNE,"11/4/2019 10 a.m. EST",12350,12210,9529,-2821
ISNE,"11/4/2019 11 a.m. EST",12145,11980,9451,-2694
ISNE,"11/4/2019 12 p.m. EST",11991,11880,9232,-2759
ISNE,"11/4/2019 1 p.m. EST",12015,11950,9438,-2577
ISNE,"11/4/2019 2 p.m. EST",12050,12200,9477,-2573
ISNE,"11/4/2019 3 p.m. EST",12596,12560,9931,-2665
ISNE,"11/4/2019 4 p.m. EST",13208,13280,10555,-2653
ISNE,"11/4/2019 5 p.m. EST",14161,14310,11799,-2362
ISNE,"11/4/2019 6 p.m. EST",15161,15270,12395,-2766
ISNE,"11/4/2019 7 p.m. EST",15017,15250,12036,-2981
ISNE,"11/4/2019 8 p.m. EST",14520,14700,11562,-2958
ISNE,"11/4/2019 9 p.m. EST",13800,13940,10680,-3120
ISNE,"11/4/2019 10 p.m. EST",12768,12910,9651,-3117
ISNE,"11/4/2019 11 p.m. EST",11593,11720,8616,-2977
ISNE,"11/5/2019 12 a.m. EST",11025,10750,8236,-2789
ISNE,"11/5/2019 1 a.m. EST",10741,10040,7803,-2938
ISNE,"11/5/2019 2 a.m. EST",10519,9740,7533,-2986
ISNE,"11/5/2019 3 a.m. EST",10355,9570,7921,-2434
ISNE,"11/5/2019 4 a.m. EST",10371,9600,8042,-2329
ISNE,"11/5/2019 5 a.m. EST",10591,9990,7615,-2976
ISNE,"11/5/2019 6 a.m. EST",10995,11010,7979,-3016
ISNE,"11/5/2019 7 a.m. EST",12548,12570,9239,-3309
ISNE,"11/5/2019 8 a.m. EST",13278,13270,10017,-3261
ISNE,"11/5/2019 9 a.m. EST",13473,13480,10314,-3159
ISNE,"11/5/2019 10 a.m. EST",13605,13600,10637,-2968
ISNE,"11/5/2019 11 a.m. EST",13633,13510,10695,-2938
ISNE,"11/5/2019 12 p.m. EST",13779,13560,10609,-3170
ISNE,"11/5/2019 1 p.m. EST",13907,13520,10425,-3482
ISNE,"11/5/2019 2 p.m. EST",14298,13570,10795,-3503
ISNE,"11/5/2019 3 p.m. EST",14314,13670,10775,-3539
ISNE,"11/5/2019 4 p.m. EST",14331,13880,11001,-3330
ISNE,"11/5/2019 5 p.m. EST",14689,14400,11449,-3240
ISNE,"11/5/2019 6 p.m. EST",15190,15250,11788,-3402
ISNE,"11/5/2019 7 p.m. EST",14977,14900,11548,-3429
ISNE,"11/5/2019 8 p.m. EST",14450,14420,10897,-3553
ISNE,"11/5/2019 9 p.m. EST",13705,13700,10266,-3439
ISNE,"11/5/2019 10 p.m. EST",12732,12740,9342,-3390
ISNE,"11/5/2019 11 p.m. EST",11719,11590,8256,-3463
ISNE,"11/6/2019 12 a.m. EST",11061,10640,7344,-3717
ISNE,"11/6/2019 1 a.m. EST",11027,10010,7334,-3693
ISNE,"11/6/2019 2 a.m. EST",10734,9680,7352,-3382
ISNE,"11/6/2019 3 a.m. EST",10620,9570,6961,-3659
ISNE,"11/6/2019 4 a.m. EST",10687,9650,7046,-3641
ISNE,"11/6/2019 5 a.m. EST",10882,10050,7226,-3656
ISNE,"11/6/2019 6 a.m. EST",11398,11140,8048,-3350
ISNE,"11/6/2019 7 a.m. EST",12822,12830,9428,-3394
ISNE,"11/6/2019 8 a.m. EST",13341,13320,9725,-3616
ISNE,"11/6/2019 9 a.m. EST",12757,12730,9460,-3297
ISNE,"11/6/2019 10 a.m. EST",12189,12170,9145,-3044
ISNE,"11/6/2019 11 a.m. EST",11823,11800,9338,-2485
ISNE,"11/6/2019 12 p.m. EST",11629,11560,9087,-2542
ISNE,"11/6/2019 1 p.m. EST",11556,11540,9134,-2422
ISNE,"11/6/2019 2 p.m. EST",11967,11750,9329,-2638
ISNE,"11/6/2019 3 p.m. EST",12468,12120,10087,-2381
ISNE,"11/6/2019 4 p.m. EST",13011,12870,10420,-2591
ISNE,"11/6/2019 5 p.m. EST",14034,14010,11367,-2667
ISNE,"11/6/2019 6 p.m. EST",15093,15000,12453,-2640
ISNE,"11/6/2019 7 p.m. EST",15038,14810,12024,-3014
ISNE,"11/6/2019 8 p.m. EST",14688,14430,11627,-3061
ISNE,"11/6/2019 9 p.m. EST",14128,13910,11352,-2776
ISNE,"11/6/2019 10 p.m. EST",13196,13070,10357,-2839
ISNE,"11/6/2019 11 p.m. EST",12085,11980,9068,-3017
ISNE,"11/7/2019 12 a.m. EST",11159,11030,7936,-3223
ISNE,"11/7/2019 1 a.m. EST",10870,10520,7907,-2963
ISNE,"11/7/2019 2 a.m. EST",10731,10200,7733,-2998
ISNE,"11/7/2019 3 a.m. EST",10752,10030,7771,-2981
ISNE,"11/7/2019 4 a.m. EST",10821,10050,7821,-3000
ISNE,"11/7/2019 5 a.m. EST",10851,10370,7871,-2980
ISNE,"11/7/2019 6 a.m. EST",11382,11410,8151,-3231
ISNE,"11/7/2019 7 a.m. EST",13002,13040,9731,-3271
ISNE,"11/7/2019 8 a.m. EST",13734,13720,10413,-3321
ISNE,"11/7/2019 9 a.m. EST",13704,13690,10447,-3257
ISNE,"11/7/2019 10 a.m. EST",13852,13900,10609,-3243
ISNE,"11/7/2019 11 a.m. EST",13922,13880,10636,-3286
ISNE,"11/7/2019 12 p.m. EST",13945,13750,10638,-3307
ISNE,"11/7/2019 1 p.m. EST",13779,13730,10492,-3287
ISNE,"11/7/2019 2 p.m. EST",13839,13840,10479,-3360
ISNE,"11/7/2019 3 p.m. EST",13901,13940,10639,-3262
ISNE,"11/7/2019 4 p.m. EST",14095,14020,10838,-3257
ISNE,"11/7/2019 5 p.m. EST",14725,14780,11595,-3130
ISNE,"11/7/2019 6 p.m. EST",15257,15500,12140,-3117
ISNE,"11/7/2019 7 p.m. EST",15096,15340,12015,-3081
ISNE,"11/7/2019 8 p.m. EST",14699,14710,11536,-3163
ISNE,"11/7/2019 9 p.m. EST",14077,13960,10890,-3187
ISNE,"11/7/2019 10 p.m. EST",13173,13080,9777,-3396
ISNE,"11/7/2019 11 p.m. EST",12092,12010,8697,-3395
ISNE,"11/8/2019 12 a.m. EST",11583,11080,8124,-3459
ISNE,"11/8/2019 1 a.m. EST",11706,10710,8113,-3593
ISNE,"11/8/2019 2 a.m. EST",11567,10420,7942,-3625
ISNE,"11/8/2019 3 a.m. EST",11435,10240,7918,-3517
ISNE,"11/8/2019 4 a.m. EST",11506,10370,8004,-3502
ISNE,"11/8/2019 5 a.m. EST",11917,10810,8402,-3515
ISNE,"11/8/2019 6 a.m. EST",12569,11890,8926,-3643
ISNE,"11/8/2019 7 a.m. EST",13413,13520,9800,-3613
ISNE,"11/8/2019 8 a.m. EST",14002,14110,10308,-3694
ISNE,"11/8/2019 9 a.m. EST",13759,13800,10153,-3606
ISNE,"11/8/2019 10 a.m. EST",13595,13360,10366,-3229
ISNE,"11/8/2019 11 a.m. EST",13267,12920,9967,-3300
ISNE,"11/8/2019 12 p.m. EST",13270,13290,10022,-3248
ISNE,"11/8/2019 1 p.m. EST",13287,13290,10018,-3269
ISNE,"11/8/2019 2 p.m. EST",13480,13470,9863,-3617
ISNE,"11/8/2019 3 p.m. EST",13793,13820,10093,-3700
ISNE,"11/8/2019 4 p.m. EST",14401,14320,10550,-3851
ISNE,"11/8/2019 5 p.m. EST",15355,15180,11555,-3800
ISNE,"11/8/2019 6 p.m. EST",16181,15800,12438,-3743
ISNE,"11/8/2019 7 p.m. EST",15942,15740,12118,-3824
ISNE,"11/8/2019 8 p.m. EST",15474,15200,11622,-3852
ISNE,"11/8/2019 9 p.m. EST",14948,14590,11038,-3910
ISNE,"11/8/2019 10 p.m. EST",14221,13890,10307,-3914
ISNE,"11/8/2019 11 p.m. EST",13282,13000,9720,-3562
ISNE,"11/9/2019 12 a.m. EST",12591,12150,9385,-3206
ISNE,"11/9/2019 1 a.m. EST",11814,11530,8529,-3285
ISNE,"11/9/2019 2 a.m. EST",11381,11190,8173,-3208
ISNE,"11/9/2019 3 a.m. EST",11463,11030,8477,-2986
ISNE,"11/9/2019 4 a.m. EST",11438,11020,8294,-3144
ISNE,"11/9/2019 5 a.m. EST",11430,11310,8126,-3304
ISNE,"11/9/2019 6 a.m. EST",11789,11810,8391,-3398
ISNE,"11/9/2019 7 a.m. EST",12501,12420,9398,-3103
ISNE,"11/9/2019 8 a.m. EST",12965,12810,9875,-3090
ISNE,"11/9/2019 9 a.m. EST",12882,12900,9980,-2902
ISNE,"11/9/2019 10 a.m. EST",12542,12580,9753,-2789
ISNE,"11/9/2019 11 a.m. EST",12122,12150,9237,-2885
ISNE,"11/9/2019 12 p.m. EST",12042,11790,8962,-3080
ISNE,"11/9/2019 1 p.m. EST",11848,11690,8988,-2860
ISNE,"11/9/2019 2 p.m. EST",11906,11720,8914,-2992
ISNE,"11/9/2019 3 p.m. EST",12346,12100,9133,-3213
ISNE,"11/9/2019 4 p.m. EST",13107,12920,10011,-3096
ISNE,"11/9/2019 5 p.m. EST",14081,14050,10981,-3100
ISNE,"11/9/2019 6 p.m. EST",14967,14850,11803,-3164
ISNE,"11/9/2019 7 p.m. EST",14807,14780,11850,-2957
ISNE,"11/9/2019 8 p.m. EST",14402,14300,11205,-3197
ISNE,"11/9/2019 9 p.m. EST",13960,13730,11150,-2810
ISNE,"11/9/2019 10 p.m. EST",13341,13140,10793,-2548
ISNE,"11/9/2019 11 p.m. EST",12546,12440,10052,-2494
ISNE,"11/10/2019 12 a.m. EST",11807,11700,9060,-2747
ISNE,"11/10/2019 1 a.m. EST",11254,11110,8795,-2459
ISNE,"11/10/2019 2 a.m. EST",10881,10730,8527,-2354
ISNE,"11/10/2019 3 a.m. EST",10917,10510,8403,-2514
ISNE,"11/10/2019 4 a.m. EST",10877,10460,8341,-2536
ISNE,"11/10/2019 5 a.m. EST",10933,10490,8316,-2617
ISNE,"11/10/2019 6 a.m. EST",11224,10810,8485,-2739
ISNE,"11/10/2019 7 a.m. EST",11490,11280,8583,-2907
ISNE,"11/10/2019 8 a.m. EST",11833,11650,9096,-2737
ISNE,"11/10/2019 9 a.m. EST",12261,11910,9593,-2668
ISNE,"11/10/2019 10 a.m. EST",12287,11990,9696,-2591
ISNE,"11/10/2019 11 a.m. EST",12004,11810,8953,-3051
ISNE,"11/10/2019 12 p.m. EST",11638,11570,8490,-3148
ISNE,"11/10/2019 1 p.m. EST",11610,11430,8657,-2953
ISNE,"11/10/2019 2 p.m. EST",11981,11540,9343,-2638
ISNE,"11/10/2019 3 p.m. EST",12411,11880,9576,-2835
ISNE,"11/10/2019 4 p.m. EST",12807,12820,9843,-2964
ISNE,"11/10/2019 5 p.m. EST",13780,14070,10784,-2996
ISNE,"11/10/2019 6 p.m. EST",14593,14990,11689,-2904
ISNE,"11/10/2019 7 p.m. EST",14366,14800,11417,-2949
ISNE,"11/10/2019 8 p.m. EST",13885,14270,11044,-2841
ISNE,"11/10/2019 9 p.m. EST",13350,13680,10680,-2670
ISNE,"11/10/2019 10 p.m. EST",12577,12760,9802,-2775
ISNE,"11/10/2019 11 p.m. EST",11719,11790,8749,-2970
ISNE,"11/11/2019 12 a.m. EST",11379,10970,8323,-3056
ISNE,"11/11/2019 1 a.m. EST",10851,10260,8225,-2626
ISNE,"11/11/2019 2 a.m. EST",10786,9950,8156,-2630
ISNE,"11/11/2019 3 a.m. EST",10895,9800,8141,-2754
ISNE,"11/11/2019 4 a.m. EST",10917,9860,8232,-2685
ISNE,"11/11/2019 5 a.m. EST",11237,10160,8442,-2795
ISNE,"11/11/2019 6 a.m. EST",11761,11080,9145,-2616
ISNE,"11/11/2019 7 a.m. EST",12771,12400,9864,-2907
ISNE,"11/11/2019 8 a.m. EST",13407,13150,10768,-2639
ISNE,"11/11/2019 9 a.m. EST",13610,13350,10970,-2640
ISNE,"11/11/2019 10 a.m. EST",13538,13350,10947,-2591
ISNE,"11/11/2019 11 a.m. EST",13451,13370,10841,-2610
ISNE,"11/11/2019 12 p.m. EST",13271,13300,10597,-2674
ISNE,"11/11/2019 1 p.m. EST",13398,13320,10517,-2881
ISNE,"11/11/2019 2 p.m. EST",13595,13480,10558,-3037
ISNE,"11/11/2019 3 p.m. EST",13754,13670,10581,-3173
ISNE,"11/11/2019 4 p.m. EST",14038,14120,10763,-3275
ISNE,"11/11/2019 5 p.m. EST",14856,15110,11862,-2994
ISNE,"11/11/2019 6 p.m. EST",15517,15850,12825,-2692
ISNE,"11/11/2019 7 p.m. EST",15231,15530,12378,-2853
ISNE,"11/11/2019 8 p.m. EST",14700,14960,11674,-3026
ISNE,"11/11/2019 9 p.m. EST",14003,14230,10845,-3158
ISNE,"11/11/2019 10 p.m. EST",13032,13210,9680,-3352
ISNE,"11/11/2019 11 p.m. EST",11921,12040,8734,-3187
ISNE,"11/12/2019 12 a.m. EST",10976,11100,7662,-3314
ISNE,"11/12/2019 1 a.m. EST",10830,10370,7721,-3109
ISNE,"11/12/2019 2 a.m. EST",10796,10020,7742,-3054
ISNE,"11/12/2019 3 a.m. EST",10862,9820,7663,-3199
ISNE,"11/12/2019 4 a.m. EST",10639,9860,7358,-3281
ISNE,"11/12/2019 5 a.m. EST",11010,10200,7550,-3460
ISNE,"11/12/2019 6 a.m. EST",11507,11200,8098,-3409
ISNE,"11/12/2019 7 a.m. EST",12833,12760,9531,-3302
ISNE,"11/12/2019 8 a.m. EST",13775,13620,10757,-3018
ISNE,"11/12/2019 9 a.m. EST",14141,13840,11123,-3018
ISNE,"11/12/2019 10 a.m. EST",14364,14370,11595,-2769
ISNE,"11/12/2019 11 a.m. EST",14625,14510,11616,-3009
ISNE,"11/12/2019 12 p.m. EST",14767,14640,11659,-3108
ISNE,"11/12/2019 1 p.m. EST",14828,14670,11591,-3237
ISNE,"11/12/2019 2 p.m. EST",14992,14790,11701,-3291
ISNE,"11/12/2019 3 p.m. EST",15087,14820,11947,-3140
ISNE,"11/12/2019 4 p.m. EST",15360,15030,12133,-3227
ISNE,"11/12/2019 5 p.m. EST",16103,15920,12749,-3354
ISNE,"11/12/2019 6 p.m. EST",16758,16750,13342,-3416
ISNE,"11/12/2019 7 p.m. EST",16652,16670,13251,-3401
ISNE,"11/12/2019 8 p.m. EST",16308,16230,12772,-3536
ISNE,"11/12/2019 9 p.m. EST",15712,15580,12287,-3425
ISNE,"11/12/2019 10 p.m. EST",14833,14650,11445,-3388
ISNE,"11/12/2019 11 p.m. EST",13735,13560,10471,-3264
ISNE,"11/13/2019 12 a.m. EST",12979,12670,9557,-3422
ISNE,"11/13/2019 1 a.m. EST",12414,12310,9642,-2772
ISNE,"11/13/2019 2 a.m. EST",12502,11970,9488,-3014
ISNE,"11/13/2019 3 a.m. EST",12682,11860,9622,-3060
ISNE,"11/13/2019 4 a.m. EST",12841,12020,9513,-3328
ISNE,"11/13/2019 5 a.m. EST",13035,12400,9741,-3294
ISNE,"11/13/2019 6 a.m. EST",13584,13570,10706,-2878
ISNE,"11/13/2019 7 a.m. EST",15287,15370,12438,-2849
ISNE,"11/13/2019 8 a.m. EST",15920,15850,12622,-3298
ISNE,"11/13/2019 9 a.m. EST",15381,15200,12052,-3329
ISNE,"11/13/2019 10 a.m. EST",14715,14500,11709,-3006
ISNE,"11/13/2019 11 a.m. EST",14306,13900,11566,-2740
ISNE,"11/13/2019 12 p.m. EST",14036,13630,11185,-2851
ISNE,"11/13/2019 1 p.m. EST",13860,13580,11036,-2824
ISNE,"11/13/2019 2 p.m. EST",14051,13900,11069,-2982
ISNE,"11/13/2019 3 p.m. EST",14535,14360,11445,-3090
ISNE,"11/13/2019 4 p.m. EST",15369,15320,12293,-3076
ISNE,"11/13/2019 5 p.m. EST",16515,16550,13856,-2659
ISNE,"11/13/2019 6 p.m. EST",17409,17350,14377,-3032
ISNE,"11/13/2019 7 p.m. EST",17323,17240,14143,-3180
ISNE,"11/13/2019 8 p.m. EST",17015,16840,13715,-3300
ISNE,"11/13/2019 9 p.m. EST",16428,16190,13283,-3145
ISNE,"11/13/2019 10 p.m. EST",15489,15220,12081,-3408
ISNE,"11/13/2019 11 p.m. EST",14370,14020,11017,-3353
ISNE,"11/14/2019 12 a.m. EST",13570,12990,10296,-3274
ISNE,"11/14/2019 1 a.m. EST",12683,12660,9213,-3470
ISNE,"11/14/2019 2 a.m. EST",12565,12350,8999,-3566
ISNE,"11/14/2019 3 a.m. EST",12545,12240,8981,-3564
ISNE,"11/14/2019 4 a.m. EST",12551,12300,9022,-3529
ISNE,"11/14/2019 5 a.m. EST",12697,12710,9331,-3366
ISNE,"11/14/2019 6 a.m. EST",13757,13770,10635,-3122
ISNE,"11/14/2019 7 a.m. EST",15379,15420,12372,-3007
ISNE,"11/14/2019 8 a.m. EST",15990,15980,13006,-2984
ISNE,"11/14/2019 9 a.m. EST",15780,15760,12698,-3082
ISNE,"11/14/2019 10 a.m. EST",15541,15500,12370,-3171
ISNE,"11/14/2019 11 a.m. EST",15346,15130,12128,-3218
ISNE,"11/14/2019 12 p.m. EST",15218,14760,11900,-3318
ISNE,"11/14/2019 1 p.m. EST",15151,14540,11616,-3535
ISNE,"11/14/2019 2 p.m. EST",15262,14610,11632,-3630
ISNE,"11/14/2019 3 p.m. EST",15539,14860,11887,-3652
ISNE,"11/14/2019 4 p.m. EST",15686,15420,12133,-3553
ISNE,"11/14/2019 5 p.m. EST",16200,16300,12729,-3471
ISNE,"11/14/2019 6 p.m. EST",16719,16730,13159,-3560
ISNE,"11/14/2019 7 p.m. EST",16543,16510,12804,-3739
ISNE,"11/14/2019 8 p.m. EST",16091,16190,12301,-3790
ISNE,"11/14/2019 9 p.m. EST",15498,15550,11758,-3740
ISNE,"11/14/2019 10 p.m. EST",14562,14490,10810,-3752
ISNE,"11/14/2019 11 p.m. EST",13391,13230,9730,-3661
ISNE,"11/15/2019 12 a.m. EST",12690,12140,9151,-3539
ISNE,"11/15/2019 1 a.m. EST",12504,11690,9135,-3369
ISNE,"11/15/2019 2 a.m. EST",12396,11350,9120,-3276
ISNE,"11/15/2019 3 a.m. EST",12301,11210,8907,-3394
ISNE,"11/15/2019 4 a.m. EST",12320,11260,8894,-3426
ISNE,"11/15/2019 5 a.m. EST",12349,11630,9099,-3250
ISNE,"11/15/2019 6 a.m. EST",13204,12680,9906,-3298
ISNE,"11/15/2019 7 a.m. EST",14359,14300,11126,-3233
ISNE,"11/15/2019 8 a.m. EST",14888,14870,11491,-3397
ISNE,"11/15/2019 9 a.m. EST",14328,14300,11100,-3228
ISNE,"11/15/2019 10 a.m. EST",13780,13520,10558,-3222
ISNE,"11/15/2019 11 a.m. EST",13270,13120,10384,-2886
ISNE,"11/15/2019 12 p.m. EST",12915,12890,10401,-2514
ISNE,"11/15/2019 1 p.m. EST",12715,12510,10022,-2693
ISNE,"11/15/2019 2 p.m. EST",12937,12590,10183,-2754
ISNE,"11/15/2019 3 p.m. EST",13551,12860,10457,-3094
ISNE,"11/15/2019 4 p.m. EST",14024,13580,10980,-3044
ISNE,"11/15/2019 5 p.m. EST",14979,14700,11509,-3470
ISNE,"11/15/2019 6 p.m. EST",15682,15500,12029,-3653
ISNE,"11/15/2019 7 p.m. EST",15462,15410,12207,-3255
ISNE,"11/15/2019 8 p.m. EST",15042,14910,11689,-3353
ISNE,"11/15/2019 9 p.m. EST",14551,14320,11121,-3430
ISNE,"11/15/2019 10 p.m. EST",13864,13600,10473,-3391
ISNE,"11/15/2019 11 p.m. EST",12982,12760,10039,-2943
ISNE,"11/16/2019 12 a.m. EST",12379,11950,9232,-3147
ISNE,"11/16/2019 1 a.m. EST",11843,11300,8804,-3039
ISNE,"11/16/2019 2 a.m. EST",11505,10950,8667,-2838
ISNE,"11/16/2019 3 a.m. EST",11406,10860,8644,-2762
ISNE,"11/16/2019 4 a.m. EST",11353,10910,8623,-2730
ISNE,"11/16/2019 5 a.m. EST",11458,11170,8405,-3053
ISNE,"11/16/2019 6 a.m. EST",11742,11710,8627,-3115
ISNE,"11/16/2019 7 a.m. EST",12520,12520,9161,-3359
ISNE,"11/16/2019 8 a.m. EST",13102,13090,9775,-3327
ISNE,"11/16/2019 9 a.m. EST",13124,13100,9849,-3275
ISNE,"11/16/2019 10 a.m. EST",12787,12760,9736,-3051
ISNE,"11/16/2019 11 a.m. EST",12455,12380,9542,-2913
ISNE,"11/16/2019 12 p.m. EST",12208,11990,9483,-2725
ISNE,"11/16/2019 1 p.m. EST",12075,11890,9515,-2560
ISNE,"11/16/2019 2 p.m. EST",12167,11890,9382,-2785
ISNE,"11/16/2019 3 p.m. EST",12725,12290,9695,-3030
ISNE,"11/16/2019 4 p.m. EST",13680,13300,10498,-3182
ISNE,"11/16/2019 5 p.m. EST",14877,14590,11357,-3520
ISNE,"11/16/2019 6 p.m. EST",15651,15500,12070,-3581
ISNE,"11/16/2019 7 p.m. EST",15483,15360,11916,-3567
ISNE,"11/16/2019 8 p.m. EST",15129,14990,11477,-3652
ISNE,"11/16/2019 9 p.m. EST",14730,14550,11102,-3628
ISNE,"11/16/2019 10 p.m. EST",14183,14000,10675,-3508
ISNE,"11/16/2019 11 p.m. EST",13411,13250,9882,-3529
ISNE,"11/17/2019 12 a.m. EST",12674,12490,9046,-3628
ISNE,"11/17/2019 1 a.m. EST",12122,12080,8567,-3555
ISNE,"11/17/2019 2 a.m. EST",11778,11760,8256,-3522
ISNE,"11/17/2019 3 a.m. EST",11828,11610,8335,-3493
ISNE,"11/17/2019 4 a.m. EST",11821,11550,8378,-3443
ISNE,"11/17/2019 5 a.m. EST",11905,11640,8424,-3481
ISNE,"11/17/2019 6 a.m. EST",11954,11940,8474,-3480
ISNE,"11/17/2019 7 a.m. EST",12493,12480,9099,-3394
ISNE,"11/17/2019 8 a.m. EST",13041,13050,9787,-3254
ISNE,"11/17/2019 9 a.m. EST",13470,13460,10300,-3170
ISNE,"11/17/2019 10 a.m. EST",13772,13770,10454,-3318
ISNE,"11/17/2019 11 a.m. EST",13867,13910,10617,-3250
ISNE,"11/17/2019 12 p.m. EST",13934,13880,10924,-3010
ISNE,"11/17/2019 1 p.m. EST",13995,13890,10982,-3013
ISNE,"11/17/2019 2 p.m. EST",14042,13910,10959,-3083
ISNE,"11/17/2019 3 p.m. EST",14160,14030,10978,-3182
ISNE,"11/17/2019 4 p.m. EST",14555,14290,11520,-3035
ISNE,"11/17/2019 5 p.m. EST",15469,15460,12421,-3048
ISNE,"11/17/2019 6 p.m. EST",16047,15850,13046,-3001
ISNE,"11/17/2019 7 p.m. EST",15838,15610,12806,-3032
ISNE,"11/17/2019 8 p.m. EST",15248,15030,12485,-2763
ISNE,"11/17/2019 9 p.m. EST",14746,14450,11915,-2831
ISNE,"11/17/2019 10 p.m. EST",13761,13570,10747,-3014
ISNE,"11/17/2019 11 p.m. EST",12669,12600,9455,-3214
ISNE,"11/18/2019 12 a.m. EST",11740,11690,8434,-3306
ISNE,"11/18/2019 1 a.m. EST",11645,11050,8296,-3349
ISNE,"11/18/2019 2 a.m. EST",11661,10700,8364,-3297
ISNE,"11/18/2019 3 a.m. EST",11791,10580,8583,-3208
ISNE,"11/18/2019 4 a.m. EST",11821,10610,8677,-3144
ISNE,"11/18/2019 5 a.m. EST",11782,11040,8787,-2995
ISNE,"11/18/2019 6 a.m. EST",12231,12070,9618,-2613
ISNE,"11/18/2019 7 a.m. EST",13864,13730,11976,-1888
ISNE,"11/18/2019 8 a.m. EST",14798,14830,12967,-1831
ISNE,"11/18/2019 9 a.m. EST",15026,15080,13087,-1939
ISNE,"11/18/2019 10 a.m. EST",15125,15160,13132,-1993
ISNE,"11/18/2019 11 a.m. EST",15197,15280,13237,-1960
ISNE,"11/18/2019 12 p.m. EST",15219,15270,13146,-2073
ISNE,"11/18/2019 1 p.m. EST",15109,15320,13038,-2071
ISNE,"11/18/2019 2 p.m. EST",15034,15340,13078,-1956
ISNE,"11/18/2019 3 p.m. EST",15013,15330,12998,-2015
ISNE,"11/18/2019 4 p.m. EST",15202,15530,13196,-2006
ISNE,"11/18/2019 5 p.m. EST",15970,16140,13996,-1974
ISNE,"11/18/2019 6 p.m. EST",16525,16750,14569,-1956
ISNE,"11/18/2019 7 p.m. EST",16238,16520,14154,-2084
ISNE,"11/18/2019 8 p.m. EST",15692,15990,13480,-2212
ISNE,"11/18/2019 9 p.m. EST",14975,15150,12672,-2303
ISNE,"11/18/2019 10 p.m. EST",13929,14080,11580,-2349
ISNE,"11/18/2019 11 p.m. EST",12724,12850,10260,-2464
ISNE,"11/19/2019 12 a.m. EST",11793,11800,9325,-2468
ISNE,"11/19/2019 1 a.m. EST",11301,11010,8817,-2484
ISNE,"11/19/2019 2 a.m. EST",11162,10650,8675,-2487
ISNE,"11/19/2019 3 a.m. EST",11241,10500,8720,-2521
ISNE,"11/19/2019 4 a.m. EST",11297,10520,8684,-2613
ISNE,"11/19/2019 5 a.m. EST",11404,10850,8742,-2662
ISNE,"11/19/2019 6 a.m. EST",11954,11920,9353,-2601
ISNE,"11/19/2019 7 a.m. EST",13484,13630,11043,-2441
ISNE,"11/19/2019 8 a.m. EST",14372,14520,12049,-2323
ISNE,"11/19/2019 9 a.m. EST",14506,14620,12249,-2257
ISNE,"11/19/2019 10 a.m. EST",14494,14440,12082,-2412
ISNE,"11/19/2019 11 a.m. EST",14532,14250,12152,-2380
ISNE,"11/19/2019 12 p.m. EST",14506,14080,12109,-2397
ISNE,"11/19/2019 1 p.m. EST",14380,13820,11958,-2422
ISNE,"11/19/2019 2 p.m. EST",14343,13920,12182,-2161
ISNE,"11/19/2019 3 p.m. EST",14383,14100,12217,-2166
ISNE,"11/19/2019 4 p.m. EST",14642,14510,12444,-2198
ISNE,"11/19/2019 5 p.m. EST",15443,15550,13303,-2140
ISNE,"11/19/2019 6 p.m. EST",16042,16260,14037,-2005
ISNE,"11/19/2019 7 p.m. EST",15855,16100,13634,-2221
ISNE,"11/19/2019 8 p.m. EST",15372,15640,13051,-2321
ISNE,"11/19/2019 9 p.m. EST",14721,14960,12344,-2377
ISNE,"11/19/2019 10 p.m. EST",13749,13980,11402,-2347
ISNE,"11/19/2019 11 p.m. EST",12576,12750,10259,-2317
ISNE,"11/20/2019 12 a.m. EST",11564,11710,9190,-2374
ISNE,"11/20/2019 1 a.m. EST",11251,10900,8965,-2286
ISNE,"11/20/2019 2 a.m. EST",11359,10530,9059,-2300
ISNE,"11/20/2019 3 a.m. EST",11470,10370,9166,-2304
ISNE,"11/20/2019 4 a.m. EST",11470,10380,8977,-2493
ISNE,"11/20/2019 5 a.m. EST",11601,10720,9149,-2452
ISNE,"11/20/2019 6 a.m. EST",12073,11760,9762,-2311
ISNE,"11/20/2019 7 a.m. EST",13475,13420,11127,-2348
ISNE,"11/20/2019 8 a.m. EST",14404,14340,11937,-2467
ISNE,"11/20/2019 9 a.m. EST",14647,14570,12153,-2494
ISNE,"11/20/2019 10 a.m. EST",14751,14570,12239,-2512
ISNE,"11/20/2019 11 a.m. EST",14808,14550,12247,-2561
ISNE,"11/20/2019 12 p.m. EST",14801,14530,12174,-2627
ISNE,"11/20/2019 1 p.m. EST",14717,14440,11962,-2755
ISNE,"11/20/2019 2 p.m. EST",14761,14530,12013,-2748
ISNE,"11/20/2019 3 p.m. EST",14755,14580,12060,-2695
ISNE,"11/20/2019 4 p.m. EST",14941,14860,12344,-2597
ISNE,"11/20/2019 5 p.m. EST",15770,15830,13258,-2512
ISNE,"11/20/2019 6 p.m. EST",16363,16410,13875,-2488
ISNE,"11/20/2019 7 p.m. EST",16159,16220,13589,-2570
ISNE,"11/20/2019 8 p.m. EST",15716,15760,13080,-2636
ISNE,"11/20/2019 9 p.m. EST",15085,15060,12475,-2610
ISNE,"11/20/2019 10 p.m. EST",14133,14060,11500,-2633
ISNE,"11/20/2019 11 p.m. EST",12914,12860,10408,-2506
ISNE,"11/21/2019 12 a.m. EST",11921,11830,9290,-2631
ISNE,"11/21/2019 1 a.m. EST",11760,11240,9293,-2467
ISNE,"11/21/2019 2 a.m. EST",11734,10920,9139,-2595
ISNE,"11/21/2019 3 a.m. EST",11852,10780,9187,-2665
ISNE,"11/21/2019 4 a.m. EST",11172,10800,8506,-2666
ISNE,"11/21/2019 5 a.m. EST",11755,11230,9258,-2497
ISNE,"11/21/2019 6 a.m. EST",12274,12220,9944,-2330
ISNE,"11/21/2019 7 a.m. EST",13943,13910,11627,-2316
ISNE,"11/21/2019 8 a.m. EST",14659,14460,12281,-2378
ISNE,"11/21/2019 9 a.m. EST",14117,13870,11633,-2484
ISNE,"11/21/2019 10 a.m. EST",13550,13180,11182,-2368
ISNE,"11/21/2019 11 a.m. EST",13058,12760,10632,-2426
ISNE,"11/21/2019 12 p.m. EST",12742,12520,10332,-2410
ISNE,"11/21/2019 1 p.m. EST",12412,12420,10400,-2012
ISNE,"11/21/2019 2 p.m. EST",12616,12570,10442,-2174
ISNE,"11/21/2019 3 p.m. EST",13090,12940,10987,-2103
ISNE,"11/21/2019 4 p.m. EST",13825,13680,11567,-2258
ISNE,"11/21/2019 5 p.m. EST",14959,14810,12593,-2366
ISNE,"11/21/2019 6 p.m. EST",15738,15630,13414,-2324
ISNE,"11/21/2019 7 p.m. EST",15660,15520,13272,-2388
ISNE,"11/21/2019 8 p.m. EST",15307,15170,12953,-2354
ISNE,"11/21/2019 9 p.m. EST",14748,14600,12315,-2433
ISNE,"11/21/2019 10 p.m. EST",13850,13720,11337,-2513
ISNE,"11/21/2019 11 p.m. EST",12662,12610,10236,-2426
ISNE,"11/22/2019 12 a.m. EST",11666,11590,9174,-2492
ISNE,"11/22/2019 1 a.m. EST",11476,10910,9150,-2326
ISNE,"11/22/2019 2 a.m. EST",11323,10500,9043,-2280
ISNE,"11/22/2019 3 a.m. EST",11374,10310,8956,-2418
ISNE,"11/22/2019 4 a.m. EST",11344,10280,8881,-2463
ISNE,"11/22/2019 5 a.m. EST",11402,10500,9035,-2367
ISNE,"11/22/2019 6 a.m. EST",11625,11430,9566,-2059
ISNE,"11/22/2019 7 a.m. EST",13058,12970,11244,-1814
ISNE,"11/22/2019 8 a.m. EST",13951,13750,11992,-1959
ISNE,"11/22/2019 9 a.m. EST",14184,13810,12061,-2123
ISNE,"11/22/2019 10 a.m. EST",14167,14150,12124,-2043
ISNE,"11/22/2019 11 a.m. EST",14222,14080,12109,-2113
ISNE,"11/22/2019 12 p.m. EST",14190,14020,11866,-2324
ISNE,"11/22/2019 1 p.m. EST",14270,13890,11907,-2363
ISNE,"11/22/2019 2 p.m. EST",14425,13950,12007,-2418
ISNE,"11/22/2019 3 p.m. EST",14431,14050,11979,-2452
ISNE,"11/22/2019 4 p.m. EST",14566,14260,12010,-2556
ISNE,"11/22/2019 5 p.m. EST",15131,14910,12566,-2565
ISNE,"11/22/2019 6 p.m. EST",15542,15600,13000,-2542
ISNE,"11/22/2019 7 p.m. EST",15288,15260,12797,-2491
ISNE,"11/22/2019 8 p.m. EST",14840,14720,12409,-2431
ISNE,"11/22/2019 9 p.m. EST",14354,14240,12003,-2351
ISNE,"11/22/2019 10 p.m. EST",13701,13580,11169,-2532
ISNE,"11/22/2019 11 p.m. EST",13064,12720,10604,-2460
ISNE,"11/23/2019 12 a.m. EST",12469,11850,9960,-2509
ISNE,"11/23/2019 1 a.m. EST",12128,11280,9909,-2219
ISNE,"11/23/2019 2 a.m. EST",11778,10860,9363,-2415
ISNE,"11/23/2019 3 a.m. EST",11610,10670,9190,-2420
ISNE,"11/23/2019 4 a.m. EST",11553,10640,8969,-2584
ISNE,"11/23/2019 5 a.m. EST",11467,10810,9045,-2422
ISNE,"11/23/2019 6 a.m. EST",11684,11280,9273,-2411
ISNE,"11/23/2019 7 a.m. EST",12167,11940,9639,-2528
ISNE,"11/23/2019 8 a.m. EST",12785,12420,10280,-2505
ISNE,"11/23/2019 9 a.m. EST",12820,12540,10298,-2522
ISNE,"11/23/2019 10 a.m. EST",12388,12400,10035,-2353
ISNE,"11/23/2019 11 a.m. EST",11967,11860,9566,-2401
ISNE,"11/23/2019 12 p.m. EST",11849,11600,9351,-2498
ISNE,"11/23/2019 1 p.m. EST",12057,11460,9520,-2537
ISNE,"11/23/2019 2 p.m. EST",12319,11520,9745,-2574
ISNE,"11/23/2019 3 p.m. EST",12996,11800,10496,-2500
ISNE,"11/23/2019 4 p.m. EST",13230,12690,10874,-2356
ISNE,"11/23/2019 5 p.m. EST",14205,13950,11915,-2290
ISNE,"11/23/2019 6 p.m. EST",14861,14750,12521,-2340
ISNE,"11/23/2019 7 p.m. EST",14640,14500,12228,-2412
ISNE,"11/23/2019 8 p.m. EST",14225,14120,11698,-2527
ISNE,"11/23/2019 9 p.m. EST",13769,13720,11260,-2509
ISNE,"11/23/2019 10 p.m. EST",13178,13100,10620,-2558
ISNE,"11/23/2019 11 p.m. EST",12371,12340,9808,-2563
ISNE,"11/24/2019 12 a.m. EST",11623,11510,9029,-2594
ISNE,"11/24/2019 1 a.m. EST",11470,10850,8779,-2691
ISNE,"11/24/2019 2 a.m. EST",11312,10410,8588,-2724
ISNE,"11/24/2019 3 a.m. EST",11276,10170,8628,-2648
ISNE,"11/24/2019 4 a.m. EST",11279,10090,8669,-2610
ISNE,"11/24/2019 5 a.m. EST",11347,10160,8842,-2505
ISNE,"11/24/2019 6 a.m. EST",11613,10420,9157,-2456
ISNE,"11/24/2019 7 a.m. EST",11894,10870,9483,-2411
ISNE,"11/24/2019 8 a.m. EST",12056,11430,9795,-2261
ISNE,"11/24/2019 9 a.m. EST",13041,12300,10800,-2241
ISNE,"11/24/2019 10 a.m. EST",13780,13440,11549,-2231
ISNE,"11/24/2019 11 a.m. EST",13930,13710,11796,-2134
ISNE,"11/24/2019 12 p.m. EST",14231,14330,12179,-2052
ISNE,"11/24/2019 1 p.m. EST",14414,14390,12403,-2011
ISNE,"11/24/2019 2 p.m. EST",14458,14350,12384,-2074
ISNE,"11/24/2019 3 p.m. EST",14471,14360,12437,-2034
ISNE,"11/24/2019 4 p.m. EST",14674,14480,12716,-1958
ISNE,"11/24/2019 5 p.m. EST",15334,14840,13348,-1986
ISNE,"11/24/2019 6 p.m. EST",15609,15440,13548,-2061
ISNE,"11/24/2019 7 p.m. EST",15302,15190,13143,-2159
ISNE,"11/24/2019 8 p.m. EST",14766,14660,12489,-2277
ISNE,"11/24/2019 9 p.m. EST",14243,14060,12019,-2224
ISNE,"11/24/2019 10 p.m. EST",13313,13170,10779,-2534
ISNE,"11/24/2019 11 p.m. EST",12431,12190,9705,-2726
ISNE,"11/25/2019 12 a.m. EST",11879,11320,9184,-2695
ISNE,"11/25/2019 1 a.m. EST",11577,10790,9041,-2536
ISNE,"11/25/2019 2 a.m. EST",11269,10470,8725,-2544
ISNE,"11/25/2019 3 a.m. EST",11137,10340,8772,-2365
ISNE,"11/25/2019 4 a.m. EST",11179,10420,8703,-2476
ISNE,"11/25/2019 5 a.m. EST",11327,10810,9008,-2319
ISNE,"11/25/2019 6 a.m. EST",12069,11850,9663,-2406
ISNE,"11/25/2019 7 a.m. EST",13495,13520,11243,-2252
ISNE,"11/25/2019 8 a.m. EST",14290,14280,12082,-2208
ISNE,"11/25/2019 9 a.m. EST",14174,14150,11926,-2248
ISNE,"11/25/2019 10 a.m. EST",13705,13620,11394,-2311
ISNE,"11/25/2019 11 a.m. EST",12918,13130,10610,-2308
ISNE,"11/25/2019 12 p.m. EST",12609,12810,10288,-2321
ISNE,"11/25/2019 1 p.m. EST",12539,12710,10416,-2123
ISNE,"11/25/2019 2 p.m. EST",12692,12840,10561,-2131
ISNE,"11/25/2019 3 p.m. EST",13181,13100,10975,-2206
ISNE,"11/25/2019 4 p.m. EST",13872,13800,11616,-2256
ISNE,"11/25/2019 5 p.m. EST",14883,14910,12697,-2186
ISNE,"11/25/2019 6 p.m. EST",15672,15810,13457,-2215
ISNE,"11/25/2019 7 p.m. EST",15552,15720,13139,-2413
ISNE,"11/25/2019 8 p.m. EST",15150,15300,12748,-2402
ISNE,"11/25/2019 9 p.m. EST",14550,14590,12223,-2327
ISNE,"11/25/2019 10 p.m. EST",13632,13570,11262,-2370
ISNE,"11/25/2019 11 p.m. EST",12450,12400,10009,-2441
ISNE,"11/26/2019 12 a.m. EST",11435,11400,8829,-2606
ISNE,"11/26/2019 1 a.m. EST",11018,10740,8572,-2446
ISNE,"11/26/2019 2 a.m. EST",10687,10380,8277,-2410
ISNE,"11/26/2019 3 a.m. EST",10546,10260,7996,-2550
ISNE,"11/26/2019 4 a.m. EST",10602,10320,8025,-2577
ISNE,"11/26/2019 5 a.m. EST",11009,10740,8412,-2597
ISNE,"11/26/2019 6 a.m. EST",11796,11820,9157,-2639
ISNE,"11/26/2019 7 a.m. EST",13511,13540,10901,-2610
ISNE,"11/26/2019 8 a.m. EST",14226,14210,11505,-2721
ISNE,"11/26/2019 9 a.m. EST",13949,13920,11806,-2143
ISNE,"11/26/2019 10 a.m. EST",13102,13020,11381,-1721
ISNE,"11/26/2019 11 a.m. EST",12523,12520,10848,-1675
ISNE,"11/26/2019 12 p.m. EST",12264,12280,10859,-1405
ISNE,"11/26/2019 1 p.m. EST",12215,12280,11198,-1017
ISNE,"11/26/2019 2 p.m. EST",12508,12490,11529,-979
ISNE,"11/26/2019 3 p.m. EST",12908,12710,11827,-1081
ISNE,"11/26/2019 4 p.m. EST",13537,13400,12105,-1432
ISNE,"11/26/2019 5 p.m. EST",14464,14600,12595,-1869
ISNE,"11/26/2019 6 p.m. EST",15213,15440,12936,-2277
ISNE,"11/26/2019 7 p.m. EST",15100,15280,12627,-2473
ISNE,"11/26/2019 8 p.m. EST",14727,14850,12405,-2322
ISNE,"11/26/2019 9 p.m. EST",14174,14200,11831,-2343
ISNE,"11/26/2019 10 p.m. EST",13359,13200,10905,-2454
ISNE,"11/26/2019 11 p.m. EST",12271,12070,9814,-2457
ISNE,"11/27/2019 12 a.m. EST",11261,11050,8949,-2312
ISNE,"11/27/2019 1 a.m. EST",11297,10600,8746,-2551
ISNE,"11/27/2019 2 a.m. EST",11069,10250,8376,-2693
ISNE,"11/27/2019 3 a.m. EST",10927,10120,8117,-2810
ISNE,"11/27/2019 4 a.m. EST",10982,10170,8180,-2802
ISNE,"11/27/2019 5 a.m. EST",11316,10560,8519,-2797
ISNE,"11/27/2019 6 a.m. EST",11686,11530,8957,-2729
ISNE,"11/27/2019 7 a.m. EST",12971,13030,10492,-2479
ISNE,"11/27/2019 8 a.m. EST",13899,13920,11289,-2610
ISNE,"11/27/2019 9 a.m. EST",14166,14140,11673,-2493
ISNE,"11/27/2019 10 a.m. EST",14148,14170,11664,-2484
ISNE,"11/27/2019 11 a.m. EST",14284,14040,11879,-2405
ISNE,"11/27/2019 12 p.m. EST",14340,13890,11955,-2385
ISNE,"11/27/2019 1 p.m. EST",14240,13900,11834,-2406
ISNE,"11/27/2019 2 p.m. EST",14163,14030,11823,-2340
ISNE,"11/27/2019 3 p.m. EST",14185,14110,11942,-2243
ISNE,"11/27/2019 4 p.m. EST",14390,14400,12246,-2144
ISNE,"11/27/2019 5 p.m. EST",15056,15150,12887,-2169
ISNE,"11/27/2019 6 p.m. EST",15363,15810,13189,-2174
ISNE,"11/27/2019 7 p.m. EST",15011,15480,12822,-2189
ISNE,"11/27/2019 8 p.m. EST",14473,14910,11818,-2655
ISNE,"11/27/2019 9 p.m. EST",13853,14230,11055,-2798
ISNE,"11/27/2019 10 p.m. EST",13056,13160,10264,-2792
ISNE,"11/27/2019 11 p.m. EST",11996,11940,9199,-2797
ISNE,"11/28/2019 12 a.m. EST",11188,10870,8411,-2777
ISNE,"11/28/2019 1 a.m. EST",10479,10150,8481,-1998
ISNE,"11/28/2019 2 a.m. EST",10657,9580,8275,-2382
ISNE,"11/28/2019 3 a.m. EST",10576,9450,8215,-2361
ISNE,"11/28/2019 4 a.m. EST",10502,9320,7995,-2507
ISNE,"11/28/2019 5 a.m. EST",10650,9540,8195,-2455
ISNE,"11/28/2019 6 a.m. EST",11070,10130,8537,-2533
ISNE,"11/28/2019 7 a.m. EST",11472,10660,8893,-2579
ISNE,"11/28/2019 8 a.m. EST",12021,11410,9530,-2491
ISNE,"11/28/2019 9 a.m. EST",12639,12320,10062,-2577
ISNE,"11/28/2019 10 a.m. EST",13321,12740,10571,-2750
ISNE,"11/28/2019 11 a.m. EST",13972,13040,10806,-3166
ISNE,"11/28/2019 12 p.m. EST",14200,13330,10822,-3378
ISNE,"11/28/2019 1 p.m. EST",13910,12960,10491,-3419
ISNE,"11/28/2019 2 p.m. EST",13327,12320,10016,-3311
ISNE,"11/28/2019 3 p.m. EST",12717,11930,9844,-2873
ISNE,"11/28/2019 4 p.m. EST",12493,11940,9704,-2789
ISNE,"11/28/2019 5 p.m. EST",12879,12710,10152,-2727
ISNE,"11/28/2019 6 p.m. EST",13067,13150,10236,-2831
ISNE,"11/28/2019 7 p.m. EST",12965,12940,10367,-2598
ISNE,"11/28/2019 8 p.m. EST",12895,12510,10284,-2611
ISNE,"11/28/2019 9 p.m. EST",12800,12190,10058,-2742
ISNE,"11/28/2019 10 p.m. EST",12481,11960,9902,-2579
ISNE,"11/28/2019 11 p.m. EST",11945,11440,9364,-2581
ISNE,"11/29/2019 12 a.m. EST",11442,10840,9025,-2417
ISNE,"11/29/2019 1 a.m. EST",11159,10660,8865,-2294
ISNE,"11/29/2019 2 a.m. EST",11186,10370,8808,-2378
ISNE,"11/29/2019 3 a.m. EST",11270,10290,8766,-2504
ISNE,"11/29/2019 4 a.m. EST",11531,10510,8871,-2660
ISNE,"11/29/2019 5 a.m. EST",11660,10780,8990,-2670
ISNE,"11/29/2019 6 a.m. EST",11688,11350,9217,-2471
ISNE,"11/29/2019 7 a.m. EST",12167,11990,9598,-2569
ISNE,"11/29/2019 8 a.m. EST",12697,12410,10017,-2680
ISNE,"11/29/2019 9 a.m. EST",12780,12530,9917,-2863
ISNE,"11/29/2019 10 a.m. EST",12534,12260,9687,-2847
ISNE,"11/29/2019 11 a.m. EST",12321,12060,9688,-2633
ISNE,"11/29/2019 12 p.m. EST",12144,11940,9428,-2716
ISNE,"11/29/2019 1 p.m. EST",12190,12000,9554,-2636
ISNE,"11/29/2019 2 p.m. EST",12519,12140,9943,-2576
ISNE,"11/29/2019 3 p.m. EST",12925,12570,10373,-2552
ISNE,"11/29/2019 4 p.m. EST",13628,13350,10884,-2744
ISNE,"11/29/2019 5 p.m. EST",14768,14410,11761,-3007
ISNE,"11/29/2019 6 p.m. EST",15462,15040,12475,-2987
ISNE,"11/29/2019 7 p.m. EST",15289,14930,12003,-3286
ISNE,"11/29/2019 8 p.m. EST",14940,14690,11612,-3328
ISNE,"11/29/2019 9 p.m. EST",14520,14340,11080,-3440
ISNE,"11/29/2019 10 p.m. EST",13948,13760,10501,-3447
ISNE,"11/29/2019 11 p.m. EST",13137,12960,10097,-3040
ISNE,"11/30/2019 12 a.m. EST",12305,12180,9486,-2819
ISNE,"11/30/2019 1 a.m. EST",11758,11670,9344,-2414
ISNE,"11/30/2019 2 a.m. EST",11804,11290,9040,-2764
ISNE,"11/30/2019 3 a.m. EST",11646,11100,9070,-2576
ISNE,"11/30/2019 4 a.m. EST",11618,11070,8952,-2666
ISNE,"11/30/2019 5 a.m. EST",11795,11240,8825,-2970
ISNE,"11/30/2019 6 a.m. EST",12077,11530,9509,-2568
ISNE,"11/30/2019 7 a.m. EST",12353,12190,10049,-2304
ISNE,"11/30/2019 8 a.m. EST",12998,13120,10556,-2442
ISNE,"11/30/2019 9 a.m. EST",13209,13020,10447,-2762
ISNE,"11/30/2019 10 a.m. EST",12913,12650,10078,-2835
ISNE,"11/30/2019 11 a.m. EST",12516,12370,9922,-2594
ISNE,"11/30/2019 12 p.m. EST",12229,12170,9650,-2579
ISNE,"11/30/2019 1 p.m. EST",12393,12090,9868,-2525
ISNE,"11/30/2019 2 p.m. EST",12578,12110,9935,-2643
ISNE,"11/30/2019 3 p.m. EST",12915,12590,10204,-2711
ISNE,"11/30/2019 4 p.m. EST",13816,13680,10949,-2867
ISNE,"11/30/2019 5 p.m. EST",15034,14820,12320,-2714
ISNE,"11/30/2019 6 p.m. EST",15733,15620,12931,-2802
ISNE,"11/30/2019 7 p.m. EST",15635,15420,12636,-2999
ISNE,"11/30/2019 8 p.m. EST",15354,15050,12392,-2962
ISNE,"11/30/2019 9 p.m. EST",14981,14630,11935,-3046
ISNE,"11/30/2019 10 p.m. EST",14420,14080,11281,-3139
ISNE,"11/30/2019 11 p.m. EST",13637,13270,10745,-2892
ISNE,"12/1/2019 12 a.m. EST",13030,12540,10284,-2746
