"BA Code","Timestamp (Hour Ending)","Demand (MWh)","Demand Forecast (MWh)","Net Generation (MWh)","Total Interchange (MWh)"
ISNE,"2/1/2019 12 a.m. EST",15562,15440,13185,-2377
ISNE,"2/1/2019 1 a.m. EST",14931,14570,12659,-2272
ISNE,"2/1/2019 2 a.m. EST",14617,14270,12241,-2376
ISNE,"2/1/2019 3 a.m. EST",14740,14120,12351,-2389
ISNE,"2/1/2019 4 a.m. EST",14777,14200,12567,-2210
ISNE,"2/1/2019 5 a.m. EST",14987,14530,12750,-2237
ISNE,"2/1/2019 6 a.m. EST",15808,15550,13449,-2359
ISNE,"2/1/2019 7 a.m. EST",17451,17250,15500,-1951
ISNE,"2/1/2019 8 a.m. EST",18338,18160,16358,-1980
ISNE,"2/1/2019 9 a.m. EST",18129,17940,16063,-2066
ISNE,"2/1/2019 10 a.m. EST",17650,17650,15702,-1948
ISNE,"2/1/2019 11 a.m. EST",17312,17270,15079,-2233
ISNE,"2/1/2019 12 p.m. EST",16954,16870,14612,-2342
ISNE,"2/1/2019 1 p.m. EST",16626,16580,14392,-2234
ISNE,"2/1/2019 2 p.m. EST",16684,16490,14179,-2505
ISNE,"2/1/2019 3 p.m. EST",16693,16310,14169,-2524
ISNE,"2/1/2019 4 p.m. EST",16987,16510,14280,-2707
ISNE,"2/1/2019 5 p.m. EST",17416,17170,15067,-2349
ISNE,"2/1/2019 6 p.m. EST",18394,18310,16029,-2365
ISNE,"2/1/2019 7 p.m. EST",18497,18420,16077,-2420
ISNE,"2/1/2019 8 p.m. EST",18222,18040,15830,-2392
ISNE,"2/1/2019 9 p.m. EST",17754,17470,15522,-2232
ISNE,"2/1/2019 10 p.m. EST",17080,16650,14156,-2924
ISNE,"2/1/2019 11 p.m. EST",16168,15750,13276,-2892
ISNE,"2/2/2019 12 a.m. EST",15232,14830,12678,-2554
ISNE,"2/2/2019 1 a.m. EST",14578,14360,11788,-2790
ISNE,"2/2/2019 2 a.m. EST",14198,14020,11440,-2758
ISNE,"2/2/2019 3 a.m. EST",14029,13850,11552,-2477
ISNE,"2/2/2019 4 a.m. EST",13994,13810,11560,-2434
ISNE,"2/2/2019 5 a.m. EST",14115,13970,11724,-2391
ISNE,"2/2/2019 6 a.m. EST",14532,14380,11960,-2572
ISNE,"2/2/2019 7 a.m. EST",15276,15090,12894,-2382
ISNE,"2/2/2019 8 a.m. EST",15976,15700,13072,-2904
ISNE,"2/2/2019 9 a.m. EST",16374,16240,13147,-3227
ISNE,"2/2/2019 10 a.m. EST",16247,16250,13038,-3209
ISNE,"2/2/2019 11 a.m. EST",15854,15990,12323,-3531
ISNE,"2/2/2019 12 p.m. EST",16023,15670,12489,-3534
ISNE,"2/2/2019 1 p.m. EST",15903,15360,12492,-3411
ISNE,"2/2/2019 2 p.m. EST",15675,15240,12209,-3466
ISNE,"2/2/2019 3 p.m. EST",15671,15290,12137,-3534
ISNE,"2/2/2019 4 p.m. EST",15754,15530,12129,-3625
ISNE,"2/2/2019 5 p.m. EST",16299,16170,12603,-3696
ISNE,"2/2/2019 6 p.m. EST",17054,16830,13419,-3635
ISNE,"2/2/2019 7 p.m. EST",16997,16930,13471,-3526
ISNE,"2/2/2019 8 p.m. EST",16502,16520,13039,-3463
ISNE,"2/2/2019 9 p.m. EST",15909,15990,12505,-3404
ISNE,"2/2/2019 10 p.m. EST",15122,15290,11827,-3295
ISNE,"2/2/2019 11 p.m. EST",14222,14400,11206,-3016
ISNE,"2/3/2019 12 a.m. EST",13338,13500,10417,-2921
ISNE,"2/3/2019 1 a.m. EST",12992,12680,9680,-3312
ISNE,"2/3/2019 2 a.m. EST",12692,12240,9407,-3285
ISNE,"2/3/2019 3 a.m. EST",12718,12000,9512,-3206
ISNE,"2/3/2019 4 a.m. EST",12658,11910,9236,-3422
ISNE,"2/3/2019 5 a.m. EST",12879,11930,9277,-3602
ISNE,"2/3/2019 6 a.m. EST",12957,12160,9376,-3581
ISNE,"2/3/2019 7 a.m. EST",13048,12620,9672,-3376
ISNE,"2/3/2019 8 a.m. EST",13663,13160,10134,-3529
ISNE,"2/3/2019 9 a.m. EST",14416,13800,10798,-3618
ISNE,"2/3/2019 10 a.m. EST",14719,14420,10970,-3749
ISNE,"2/3/2019 11 a.m. EST",14930,14480,11118,-3812
ISNE,"2/3/2019 12 p.m. EST",15029,14730,11120,-3909
ISNE,"2/3/2019 1 p.m. EST",14965,15010,11015,-3950
ISNE,"2/3/2019 2 p.m. EST",14976,14840,11033,-3943
ISNE,"2/3/2019 3 p.m. EST",14608,14820,10713,-3895
ISNE,"2/3/2019 4 p.m. EST",14809,15080,10816,-3993
ISNE,"2/3/2019 5 p.m. EST",15610,15590,11691,-3919
ISNE,"2/3/2019 6 p.m. EST",16476,16280,12757,-3719
ISNE,"2/3/2019 7 p.m. EST",16011,15930,12390,-3621
ISNE,"2/3/2019 8 p.m. EST",15257,15110,11685,-3572
ISNE,"2/3/2019 9 p.m. EST",14889,14620,11313,-3576
ISNE,"2/3/2019 10 p.m. EST",14179,13900,10566,-3613
ISNE,"2/3/2019 11 p.m. EST",13520,13050,9907,-3613
ISNE,"2/4/2019 12 a.m. EST",12879,12340,9615,-3264
ISNE,"2/4/2019 1 a.m. EST",12197,11490,8858,-3339
ISNE,"2/4/2019 2 a.m. EST",12131,11060,8864,-3267
ISNE,"2/4/2019 3 a.m. EST",11830,10940,8847,-2983
ISNE,"2/4/2019 4 a.m. EST",11754,11000,8837,-2917
ISNE,"2/4/2019 5 a.m. EST",12120,11370,9005,-3115
ISNE,"2/4/2019 6 a.m. EST",12841,12390,9580,-3261
ISNE,"2/4/2019 7 a.m. EST",14229,14100,11256,-2973
ISNE,"2/4/2019 8 a.m. EST",15020,14950,11963,-3057
ISNE,"2/4/2019 9 a.m. EST",14759,14700,11585,-3174
ISNE,"2/4/2019 10 a.m. EST",14112,14160,10813,-3299
ISNE,"2/4/2019 11 a.m. EST",13590,13700,10181,-3409
ISNE,"2/4/2019 12 p.m. EST",13427,13320,10050,-3377
ISNE,"2/4/2019 1 p.m. EST",13162,13130,9855,-3307
ISNE,"2/4/2019 2 p.m. EST",13432,13000,10032,-3400
ISNE,"2/4/2019 3 p.m. EST",13355,13030,9967,-3388
ISNE,"2/4/2019 4 p.m. EST",13690,13430,10434,-3256
ISNE,"2/4/2019 5 p.m. EST",14420,14220,10941,-3479
ISNE,"2/4/2019 6 p.m. EST",15567,15600,12029,-3538
ISNE,"2/4/2019 7 p.m. EST",15876,15870,12302,-3574
ISNE,"2/4/2019 8 p.m. EST",15490,15450,11992,-3498
ISNE,"2/4/2019 9 p.m. EST",14827,14850,11427,-3400
ISNE,"2/4/2019 10 p.m. EST",13883,13850,10353,-3530
ISNE,"2/4/2019 11 p.m. EST",12865,12700,9356,-3509
ISNE,"2/5/2019 12 a.m. EST",12014,11700,8895,-3119
ISNE,"2/5/2019 1 a.m. EST",11673,11070,8580,-3093
ISNE,"2/5/2019 2 a.m. EST",11793,10680,8917,-2876
ISNE,"2/5/2019 3 a.m. EST",11772,10530,8878,-2894
ISNE,"2/5/2019 4 a.m. EST",11779,10540,8947,-2832
ISNE,"2/5/2019 5 a.m. EST",11882,10880,9086,-2796
ISNE,"2/5/2019 6 a.m. EST",12844,11860,9707,-3137
ISNE,"2/5/2019 7 a.m. EST",13782,13550,10770,-3012
ISNE,"2/5/2019 8 a.m. EST",14625,14390,11615,-3010
ISNE,"2/5/2019 9 a.m. EST",14519,14180,11399,-3120
ISNE,"2/5/2019 10 a.m. EST",14225,14200,11045,-3180
ISNE,"2/5/2019 11 a.m. EST",13669,13690,10625,-3044
ISNE,"2/5/2019 12 p.m. EST",13038,13280,10205,-2833
ISNE,"2/5/2019 1 p.m. EST",12758,13070,10223,-2535
ISNE,"2/5/2019 2 p.m. EST",12469,12940,9870,-2599
ISNE,"2/5/2019 3 p.m. EST",12638,12980,10049,-2589
ISNE,"2/5/2019 4 p.m. EST",13411,13400,10496,-2915
ISNE,"2/5/2019 5 p.m. EST",14032,14070,10880,-3152
ISNE,"2/5/2019 6 p.m. EST",15168,15280,12234,-2934
ISNE,"2/5/2019 7 p.m. EST",15466,15600,12621,-2845
ISNE,"2/5/2019 8 p.m. EST",15135,15180,12081,-3054
ISNE,"2/5/2019 9 p.m. EST",14633,14770,11754,-2879
ISNE,"2/5/2019 10 p.m. EST",13652,13880,11371,-2281
ISNE,"2/5/2019 11 p.m. EST",12815,12750,10306,-2509
ISNE,"2/6/2019 12 a.m. EST",11873,11790,9371,-2502
ISNE,"2/6/2019 1 a.m. EST",11276,11310,8943,-2333
ISNE,"2/6/2019 2 a.m. EST",10983,10980,8689,-2294
ISNE,"2/6/2019 3 a.m. EST",10866,10860,8505,-2361
ISNE,"2/6/2019 4 a.m. EST",10967,10670,8468,-2499
ISNE,"2/6/2019 5 a.m. EST",11166,11080,8773,-2393
ISNE,"2/6/2019 6 a.m. EST",12269,12140,9645,-2624
ISNE,"2/6/2019 7 a.m. EST",14048,13920,10864,-3184
ISNE,"2/6/2019 8 a.m. EST",14952,14760,11932,-3020
ISNE,"2/6/2019 9 a.m. EST",14422,14610,11488,-2934
ISNE,"2/6/2019 10 a.m. EST",13696,13700,10694,-3002
ISNE,"2/6/2019 11 a.m. EST",13206,13640,10265,-2941
ISNE,"2/6/2019 12 p.m. EST",12925,12950,10036,-2889
ISNE,"2/6/2019 1 p.m. EST",12844,13020,10048,-2796
ISNE,"2/6/2019 2 p.m. EST",13237,13240,10186,-3051
ISNE,"2/6/2019 3 p.m. EST",13728,13620,10967,-2761
ISNE,"2/6/2019 4 p.m. EST",14302,14270,11755,-2547
ISNE,"2/6/2019 5 p.m. EST",15177,15060,12440,-2737
ISNE,"2/6/2019 6 p.m. EST",16352,16200,13726,-2626
ISNE,"2/6/2019 7 p.m. EST",16487,16420,13857,-2630
ISNE,"2/6/2019 8 p.m. EST",16074,15910,13282,-2792
ISNE,"2/6/2019 9 p.m. EST",15480,15300,12603,-2877
ISNE,"2/6/2019 10 p.m. EST",14523,14340,11182,-3341
ISNE,"2/6/2019 11 p.m. EST",13305,13140,9894,-3411
ISNE,"2/7/2019 12 a.m. EST",12273,12110,9084,-3189
ISNE,"2/7/2019 1 a.m. EST",11693,11500,8594,-3099
ISNE,"2/7/2019 2 a.m. EST",11572,11130,8385,-3187
ISNE,"2/7/2019 3 a.m. EST",11572,10980,8674,-2898
ISNE,"2/7/2019 4 a.m. EST",11330,10990,8554,-2776
ISNE,"2/7/2019 5 a.m. EST",11386,11360,8627,-2759
ISNE,"2/7/2019 6 a.m. EST",12364,12420,9346,-3018
ISNE,"2/7/2019 7 a.m. EST",14078,14040,10847,-3231
ISNE,"2/7/2019 8 a.m. EST",15057,14990,12061,-2996
ISNE,"2/7/2019 9 a.m. EST",15199,15150,12639,-2560
ISNE,"2/7/2019 10 a.m. EST",15226,15250,12396,-2830
ISNE,"2/7/2019 11 a.m. EST",15256,15410,12002,-3254
ISNE,"2/7/2019 12 p.m. EST",15228,15450,12110,-3118
ISNE,"2/7/2019 1 p.m. EST",15032,15250,11941,-3091
ISNE,"2/7/2019 2 p.m. EST",14916,15250,11879,-3037
ISNE,"2/7/2019 3 p.m. EST",15138,15140,11955,-3183
ISNE,"2/7/2019 4 p.m. EST",15362,15240,12131,-3231
ISNE,"2/7/2019 5 p.m. EST",15624,15550,12407,-3217
ISNE,"2/7/2019 6 p.m. EST",16381,16570,13177,-3204
ISNE,"2/7/2019 7 p.m. EST",16366,16490,13078,-3288
ISNE,"2/7/2019 8 p.m. EST",15937,16020,12831,-3106
ISNE,"2/7/2019 9 p.m. EST",15312,15340,12100,-3212
ISNE,"2/7/2019 10 p.m. EST",14379,14330,11034,-3345
ISNE,"2/7/2019 11 p.m. EST",13159,13210,9960,-3199
ISNE,"2/8/2019 12 a.m. EST",12129,12090,9206,-2923
ISNE,"2/8/2019 1 a.m. EST",11743,11400,8815,-2928
ISNE,"2/8/2019 2 a.m. EST",11840,11020,8766,-3074
ISNE,"2/8/2019 3 a.m. EST",11887,10850,8765,-3122
ISNE,"2/8/2019 4 a.m. EST",11902,10840,8814,-3088
ISNE,"2/8/2019 5 a.m. EST",12139,11170,8970,-3169
ISNE,"2/8/2019 6 a.m. EST",12413,12140,9211,-3202
ISNE,"2/8/2019 7 a.m. EST",13809,13800,10869,-2940
ISNE,"2/8/2019 8 a.m. EST",14780,14780,11730,-3050
ISNE,"2/8/2019 9 a.m. EST",15084,15090,12194,-2890
ISNE,"2/8/2019 10 a.m. EST",15256,15240,12233,-3023
ISNE,"2/8/2019 11 a.m. EST",15236,15200,12057,-3179
ISNE,"2/8/2019 12 p.m. EST",14978,14930,11788,-3190
ISNE,"2/8/2019 1 p.m. EST",14105,14070,10792,-3313
ISNE,"2/8/2019 2 p.m. EST",13879,13460,10616,-3263
ISNE,"2/8/2019 3 p.m. EST",13841,13290,10577,-3264
ISNE,"2/8/2019 4 p.m. EST",14009,13480,10868,-3141
ISNE,"2/8/2019 5 p.m. EST",14604,14030,11742,-2862
ISNE,"2/8/2019 6 p.m. EST",15367,15280,12643,-2724
ISNE,"2/8/2019 7 p.m. EST",15669,15450,13016,-2653
ISNE,"2/8/2019 8 p.m. EST",15385,15250,12699,-2686
ISNE,"2/8/2019 9 p.m. EST",15010,14910,12471,-2539
ISNE,"2/8/2019 10 p.m. EST",14431,14300,11649,-2782
ISNE,"2/8/2019 11 p.m. EST",13603,13490,10856,-2747
ISNE,"2/9/2019 12 a.m. EST",13000,12700,10604,-2396
ISNE,"2/9/2019 1 a.m. EST",12618,12200,9752,-2866
ISNE,"2/9/2019 2 a.m. EST",12655,11880,9716,-2939
ISNE,"2/9/2019 3 a.m. EST",12808,11780,9683,-3125
ISNE,"2/9/2019 4 a.m. EST",12841,11800,9758,-3083
ISNE,"2/9/2019 5 a.m. EST",12951,12020,9887,-3064
ISNE,"2/9/2019 6 a.m. EST",13295,12520,10133,-3162
ISNE,"2/9/2019 7 a.m. EST",13897,13310,10778,-3119
ISNE,"2/9/2019 8 a.m. EST",14000,13950,10974,-3026
ISNE,"2/9/2019 9 a.m. EST",14118,14100,11063,-3055
ISNE,"2/9/2019 10 a.m. EST",13827,13840,11085,-2742
ISNE,"2/9/2019 11 a.m. EST",13481,13460,10534,-2947
ISNE,"2/9/2019 12 p.m. EST",13205,13120,10355,-2850
ISNE,"2/9/2019 1 p.m. EST",13177,12960,10253,-2924
ISNE,"2/9/2019 2 p.m. EST",13011,12830,9925,-3086
ISNE,"2/9/2019 3 p.m. EST",13193,12970,10315,-2878
ISNE,"2/9/2019 4 p.m. EST",13784,13750,10811,-2973
ISNE,"2/9/2019 5 p.m. EST",14748,14560,11644,-3104
ISNE,"2/9/2019 6 p.m. EST",15985,15750,12695,-3290
ISNE,"2/9/2019 7 p.m. EST",16292,16250,13142,-3150
ISNE,"2/9/2019 8 p.m. EST",15928,15570,12548,-3380
ISNE,"2/9/2019 9 p.m. EST",15446,15190,12120,-3326
ISNE,"2/9/2019 10 p.m. EST",14854,14610,11371,-3483
ISNE,"2/9/2019 11 p.m. EST",14055,13850,10692,-3363
ISNE,"2/10/2019 12 a.m. EST",13278,13090,10300,-2978
ISNE,"2/10/2019 1 a.m. EST",12690,12660,9662,-3028
ISNE,"2/10/2019 2 a.m. EST",12575,12330,9382,-3193
ISNE,"2/10/2019 3 a.m. EST",12661,12160,9529,-3132
ISNE,"2/10/2019 4 a.m. EST",12634,12110,9546,-3088
ISNE,"2/10/2019 5 a.m. EST",12516,12210,9357,-3159
ISNE,"2/10/2019 6 a.m. EST",12800,12520,9808,-2992
ISNE,"2/10/2019 7 a.m. EST",13119,13050,10188,-2931
ISNE,"2/10/2019 8 a.m. EST",13468,13460,10602,-2866
ISNE,"2/10/2019 9 a.m. EST",13512,13500,10547,-2965
ISNE,"2/10/2019 10 a.m. EST",13327,13220,10514,-2813
ISNE,"2/10/2019 11 a.m. EST",13340,13040,10357,-2983
ISNE,"2/10/2019 12 p.m. EST",13315,12860,10387,-2928
ISNE,"2/10/2019 1 p.m. EST",13226,12860,10297,-2929
ISNE,"2/10/2019 2 p.m. EST",13436,12920,10806,-2630
ISNE,"2/10/2019 3 p.m. EST",13777,13310,10860,-2917
ISNE,"2/10/2019 4 p.m. EST",13936,13750,10817,-3119
ISNE,"2/10/2019 5 p.m. EST",14896,14580,11384,-3512
ISNE,"2/10/2019 6 p.m. EST",16292,15770,12940,-3352
ISNE,"2/10/2019 7 p.m. EST",16641,16200,13172,-3469
ISNE,"2/10/2019 8 p.m. EST",16237,15640,12663,-3574
ISNE,"2/10/2019 9 p.m. EST",15577,15070,12066,-3511
ISNE,"2/10/2019 10 p.m. EST",14633,14380,10977,-3656
ISNE,"2/10/2019 11 p.m. EST",13517,13370,9843,-3674
ISNE,"2/11/2019 12 a.m. EST",12606,12600,9061,-3545
ISNE,"2/11/2019 1 a.m. EST",12374,11900,9047,-3327
ISNE,"2/11/2019 2 a.m. EST",12652,11580,9063,-3589
ISNE,"2/11/2019 3 a.m. EST",12639,11480,9115,-3524
ISNE,"2/11/2019 4 a.m. EST",12702,11530,9243,-3459
ISNE,"2/11/2019 5 a.m. EST",12948,11870,9565,-3383
ISNE,"2/11/2019 6 a.m. EST",13502,12920,10182,-3320
ISNE,"2/11/2019 7 a.m. EST",14927,14600,11696,-3231
ISNE,"2/11/2019 8 a.m. EST",15889,15530,12559,-3330
ISNE,"2/11/2019 9 a.m. EST",15907,15550,12574,-3333
ISNE,"2/11/2019 10 a.m. EST",15511,15280,12257,-3254
ISNE,"2/11/2019 11 a.m. EST",14955,15120,11759,-3196
ISNE,"2/11/2019 12 p.m. EST",14396,14750,11378,-3018
ISNE,"2/11/2019 1 p.m. EST",14243,14180,11410,-2833
ISNE,"2/11/2019 2 p.m. EST",14196,14060,11282,-2914
ISNE,"2/11/2019 3 p.m. EST",14254,14260,11074,-3180
ISNE,"2/11/2019 4 p.m. EST",14845,14690,11542,-3303
ISNE,"2/11/2019 5 p.m. EST",15697,15470,12376,-3321
ISNE,"2/11/2019 6 p.m. EST",16827,16900,13436,-3391
ISNE,"2/11/2019 7 p.m. EST",17232,17400,13747,-3485
ISNE,"2/11/2019 8 p.m. EST",16879,16910,13267,-3612
ISNE,"2/11/2019 9 p.m. EST",16299,16250,12687,-3612
ISNE,"2/11/2019 10 p.m. EST",15370,15350,11668,-3702
ISNE,"2/11/2019 11 p.m. EST",14192,14180,10976,-3216
ISNE,"2/12/2019 12 a.m. EST",13372,13290,10209,-3163
ISNE,"2/12/2019 1 a.m. EST",12878,12600,9584,-3294
ISNE,"2/12/2019 2 a.m. EST",12608,12320,9319,-3289
ISNE,"2/12/2019 3 a.m. EST",12764,12250,9450,-3314
ISNE,"2/12/2019 4 a.m. EST",12699,12350,9408,-3291
ISNE,"2/12/2019 5 a.m. EST",13051,12760,9858,-3193
ISNE,"2/12/2019 6 a.m. EST",13883,13960,10905,-2978
ISNE,"2/12/2019 7 a.m. EST",15536,15930,12496,-3040
ISNE,"2/12/2019 8 a.m. EST",16380,16810,13402,-2978
ISNE,"2/12/2019 9 a.m. EST",16621,16630,13739,-2882
ISNE,"2/12/2019 10 a.m. EST",16662,16620,13306,-3356
ISNE,"2/12/2019 11 a.m. EST",16819,16470,13821,-2998
ISNE,"2/12/2019 12 p.m. EST",16980,17000,13900,-3080
ISNE,"2/12/2019 1 p.m. EST",17109,16930,14317,-2792
ISNE,"2/12/2019 2 p.m. EST",17244,17050,14316,-2928
ISNE,"2/12/2019 3 p.m. EST",17165,17010,14212,-2953
ISNE,"2/12/2019 4 p.m. EST",17094,17160,14126,-2968
ISNE,"2/12/2019 5 p.m. EST",17439,17260,14576,-2863
ISNE,"2/12/2019 6 p.m. EST",18279,18110,15533,-2746
ISNE,"2/12/2019 7 p.m. EST",18217,18030,15386,-2831
ISNE,"2/12/2019 8 p.m. EST",17550,17460,14534,-3016
ISNE,"2/12/2019 9 p.m. EST",16650,16730,13513,-3137
ISNE,"2/12/2019 10 p.m. EST",15502,15600,12304,-3198
ISNE,"2/12/2019 11 p.m. EST",14307,14360,11050,-3257
ISNE,"2/13/2019 12 a.m. EST",13480,13190,10152,-3328
ISNE,"2/13/2019 1 a.m. EST",12598,12440,9324,-3274
ISNE,"2/13/2019 2 a.m. EST",12350,12010,9059,-3291
ISNE,"2/13/2019 3 a.m. EST",12439,11780,9101,-3338
ISNE,"2/13/2019 4 a.m. EST",12649,11770,9240,-3409
ISNE,"2/13/2019 5 a.m. EST",12779,12060,9533,-3246
ISNE,"2/13/2019 6 a.m. EST",13039,13030,9700,-3339
ISNE,"2/13/2019 7 a.m. EST",14410,14700,11230,-3180
ISNE,"2/13/2019 8 a.m. EST",15351,15580,12085,-3266
ISNE,"2/13/2019 9 a.m. EST",15786,15630,12434,-3352
ISNE,"2/13/2019 10 a.m. EST",15773,15700,12508,-3265
ISNE,"2/13/2019 11 a.m. EST",15616,15520,12346,-3270
ISNE,"2/13/2019 12 p.m. EST",15065,15280,11704,-3361
ISNE,"2/13/2019 1 p.m. EST",14701,15170,11227,-3474
ISNE,"2/13/2019 2 p.m. EST",14901,15150,11414,-3487
ISNE,"2/13/2019 3 p.m. EST",15024,15070,11570,-3454
ISNE,"2/13/2019 4 p.m. EST",15200,15160,11849,-3351
ISNE,"2/13/2019 5 p.m. EST",15661,15730,12266,-3395
ISNE,"2/13/2019 6 p.m. EST",16611,16710,13176,-3435
ISNE,"2/13/2019 7 p.m. EST",16858,17050,13503,-3355
ISNE,"2/13/2019 8 p.m. EST",16457,16580,13067,-3390
ISNE,"2/13/2019 9 p.m. EST",15861,16000,12474,-3387
ISNE,"2/13/2019 10 p.m. EST",14974,15050,11686,-3288
ISNE,"2/13/2019 11 p.m. EST",13850,13890,10456,-3394
ISNE,"2/14/2019 12 a.m. EST",13091,12910,9556,-3535
ISNE,"2/14/2019 1 a.m. EST",12555,12160,9312,-3243
ISNE,"2/14/2019 2 a.m. EST",12421,11820,9281,-3140
ISNE,"2/14/2019 3 a.m. EST",12466,11680,9239,-3227
ISNE,"2/14/2019 4 a.m. EST",12786,11760,9443,-3343
ISNE,"2/14/2019 5 a.m. EST",12936,12160,9803,-3133
ISNE,"2/14/2019 6 a.m. EST",13485,13140,10555,-2930
ISNE,"2/14/2019 7 a.m. EST",14902,14900,12023,-2879
ISNE,"2/14/2019 8 a.m. EST",15613,15560,12652,-2961
ISNE,"2/14/2019 9 a.m. EST",15257,15200,12282,-2975
ISNE,"2/14/2019 10 a.m. EST",14832,14710,11885,-2947
ISNE,"2/14/2019 11 a.m. EST",14907,14240,11821,-3086
ISNE,"2/14/2019 12 p.m. EST",14877,13920,11884,-2993
ISNE,"2/14/2019 1 p.m. EST",14507,13670,11492,-3015
ISNE,"2/14/2019 2 p.m. EST",14258,13620,11389,-2869
ISNE,"2/14/2019 3 p.m. EST",13917,13680,11012,-2905
ISNE,"2/14/2019 4 p.m. EST",14383,14060,11544,-2839
ISNE,"2/14/2019 5 p.m. EST",14856,14900,11809,-3047
ISNE,"2/14/2019 6 p.m. EST",16044,16280,12517,-3527
ISNE,"2/14/2019 7 p.m. EST",16499,16760,13162,-3337
ISNE,"2/14/2019 8 p.m. EST",16194,16340,12985,-3209
ISNE,"2/14/2019 9 p.m. EST",15669,15780,12555,-3114
ISNE,"2/14/2019 10 p.m. EST",14825,14930,11502,-3323
ISNE,"2/14/2019 11 p.m. EST",13705,13780,10466,-3239
ISNE,"2/15/2019 12 a.m. EST",12916,12750,9964,-2952
ISNE,"2/15/2019 1 a.m. EST",12488,12020,9835,-2653
ISNE,"2/15/2019 2 a.m. EST",12406,11640,9814,-2592
ISNE,"2/15/2019 3 a.m. EST",12275,11470,9798,-2477
ISNE,"2/15/2019 4 a.m. EST",12274,11480,9706,-2568
ISNE,"2/15/2019 5 a.m. EST",12350,11800,9856,-2494
ISNE,"2/15/2019 6 a.m. EST",13014,12770,10648,-2366
ISNE,"2/15/2019 7 a.m. EST",14337,14300,11779,-2558
ISNE,"2/15/2019 8 a.m. EST",15152,14940,12249,-2903
ISNE,"2/15/2019 9 a.m. EST",15226,14970,12391,-2835
ISNE,"2/15/2019 10 a.m. EST",15116,15100,12407,-2709
ISNE,"2/15/2019 11 a.m. EST",15265,14950,12504,-2761
ISNE,"2/15/2019 12 p.m. EST",15191,15200,12234,-2957
ISNE,"2/15/2019 1 p.m. EST",15122,14950,11946,-3176
ISNE,"2/15/2019 2 p.m. EST",14932,14840,11696,-3236
ISNE,"2/15/2019 3 p.m. EST",14653,14810,11363,-3290
ISNE,"2/15/2019 4 p.m. EST",14578,14870,11224,-3354
ISNE,"2/15/2019 5 p.m. EST",14904,15310,11600,-3304
ISNE,"2/15/2019 6 p.m. EST",15576,15700,12250,-3326
ISNE,"2/15/2019 7 p.m. EST",15613,15590,12154,-3459
ISNE,"2/15/2019 8 p.m. EST",15101,15020,11504,-3597
ISNE,"2/15/2019 9 p.m. EST",14496,14430,10976,-3520
ISNE,"2/15/2019 10 p.m. EST",13960,13700,10431,-3529
ISNE,"2/15/2019 11 p.m. EST",13039,12790,9687,-3352
ISNE,"2/16/2019 12 a.m. EST",12366,11910,9241,-3125
ISNE,"2/16/2019 1 a.m. EST",12014,11120,8692,-3322
ISNE,"2/16/2019 2 a.m. EST",11900,10820,8548,-3352
ISNE,"2/16/2019 3 a.m. EST",11742,10660,8357,-3385
ISNE,"2/16/2019 4 a.m. EST",11703,10650,8331,-3372
ISNE,"2/16/2019 5 a.m. EST",11874,10940,8503,-3371
ISNE,"2/16/2019 6 a.m. EST",11952,11410,8655,-3297
ISNE,"2/16/2019 7 a.m. EST",12291,12050,9122,-3169
ISNE,"2/16/2019 8 a.m. EST",12913,12570,9622,-3291
ISNE,"2/16/2019 9 a.m. EST",13157,12890,10085,-3072
ISNE,"2/16/2019 10 a.m. EST",12798,12500,10094,-2704
ISNE,"2/16/2019 11 a.m. EST",12528,12160,9756,-2772
ISNE,"2/16/2019 12 p.m. EST",12288,11840,9654,-2634
ISNE,"2/16/2019 1 p.m. EST",12056,11710,9412,-2644
ISNE,"2/16/2019 2 p.m. EST",11853,11520,9261,-2592
ISNE,"2/16/2019 3 p.m. EST",11950,11730,9420,-2530
ISNE,"2/16/2019 4 p.m. EST",12479,12260,9826,-2653
ISNE,"2/16/2019 5 p.m. EST",13289,13070,10672,-2617
ISNE,"2/16/2019 6 p.m. EST",14551,14310,11570,-2981
ISNE,"2/16/2019 7 p.m. EST",15056,15000,12043,-3013
ISNE,"2/16/2019 8 p.m. EST",14780,14560,11484,-3296
ISNE,"2/16/2019 9 p.m. EST",14388,14210,11163,-3225
ISNE,"2/16/2019 10 p.m. EST",13833,13670,10872,-2961
ISNE,"2/16/2019 11 p.m. EST",13114,13000,10375,-2739
ISNE,"2/17/2019 12 a.m. EST",12490,12270,9858,-2632
ISNE,"2/17/2019 1 a.m. EST",12155,11800,9358,-2797
ISNE,"2/17/2019 2 a.m. EST",11860,11500,9015,-2845
ISNE,"2/17/2019 3 a.m. EST",11721,11320,8885,-2836
ISNE,"2/17/2019 4 a.m. EST",11700,11300,8945,-2755
ISNE,"2/17/2019 5 a.m. EST",11840,11480,8872,-2968
ISNE,"2/17/2019 6 a.m. EST",12201,11730,9172,-3029
ISNE,"2/17/2019 7 a.m. EST",12595,12010,9519,-3076
ISNE,"2/17/2019 8 a.m. EST",12859,12290,9850,-3009
ISNE,"2/17/2019 9 a.m. EST",12733,12530,9869,-2864
ISNE,"2/17/2019 10 a.m. EST",12435,12430,9667,-2768
ISNE,"2/17/2019 11 a.m. EST",12152,12420,9098,-3054
ISNE,"2/17/2019 12 p.m. EST",12159,11850,9105,-3054
ISNE,"2/17/2019 1 p.m. EST",11748,11880,8683,-3065
ISNE,"2/17/2019 2 p.m. EST",11802,12170,8882,-2920
ISNE,"2/17/2019 3 p.m. EST",12099,12580,9302,-2797
ISNE,"2/17/2019 4 p.m. EST",12685,13320,9993,-2692
ISNE,"2/17/2019 5 p.m. EST",13762,14170,10616,-3146
ISNE,"2/17/2019 6 p.m. EST",15117,15390,12103,-3014
ISNE,"2/17/2019 7 p.m. EST",15596,15650,11939,-3657
ISNE,"2/17/2019 8 p.m. EST",15233,15190,11330,-3903
ISNE,"2/17/2019 9 p.m. EST",14711,14740,11021,-3690
ISNE,"2/17/2019 10 p.m. EST",13947,13890,10191,-3756
ISNE,"2/17/2019 11 p.m. EST",13049,12940,9714,-3335
ISNE,"2/18/2019 12 a.m. EST",12267,12100,9286,-2981
ISNE,"2/18/2019 1 a.m. EST",12078,11700,9120,-2958
ISNE,"2/18/2019 2 a.m. EST",12206,11450,9296,-2910
ISNE,"2/18/2019 3 a.m. EST",12284,11330,9303,-2981
ISNE,"2/18/2019 4 a.m. EST",12468,11410,9377,-3091
ISNE,"2/18/2019 5 a.m. EST",12424,11700,9557,-2867
ISNE,"2/18/2019 6 a.m. EST",12835,12420,10025,-2810
ISNE,"2/18/2019 7 a.m. EST",13495,13500,10759,-2736
ISNE,"2/18/2019 8 a.m. EST",14375,14370,11386,-2989
ISNE,"2/18/2019 9 a.m. EST",15120,15100,12788,-2332
ISNE,"2/18/2019 10 a.m. EST",15712,15700,13002,-2710
ISNE,"2/18/2019 11 a.m. EST",16083,15820,12744,-3339
ISNE,"2/18/2019 12 p.m. EST",16212,15840,12904,-3308
ISNE,"2/18/2019 1 p.m. EST",16158,15660,12884,-3274
ISNE,"2/18/2019 2 p.m. EST",16008,15510,12744,-3264
ISNE,"2/18/2019 3 p.m. EST",15809,15410,12502,-3307
ISNE,"2/18/2019 4 p.m. EST",15789,15430,12492,-3297
ISNE,"2/18/2019 5 p.m. EST",16088,15840,12889,-3199
ISNE,"2/18/2019 6 p.m. EST",16892,16860,13616,-3276
ISNE,"2/18/2019 7 p.m. EST",17167,17150,13950,-3217
ISNE,"2/18/2019 8 p.m. EST",16686,16790,13606,-3080
ISNE,"2/18/2019 9 p.m. EST",16067,16120,13028,-3039
ISNE,"2/18/2019 10 p.m. EST",15200,15230,12441,-2759
ISNE,"2/18/2019 11 p.m. EST",14177,14100,11566,-2611
ISNE,"2/19/2019 12 a.m. EST",13339,13040,10671,-2668
ISNE,"2/19/2019 1 a.m. EST",13041,12780,10380,-2661
ISNE,"2/19/2019 2 a.m. EST",13042,12500,10147,-2895
ISNE,"2/19/2019 3 a.m. EST",13241,12430,10199,-3042
ISNE,"2/19/2019 4 a.m. EST",13339,12540,10369,-2970
ISNE,"2/19/2019 5 a.m. EST",13599,12970,10861,-2738
ISNE,"2/19/2019 6 a.m. EST",14158,13980,11456,-2702
ISNE,"2/19/2019 7 a.m. EST",15466,15470,12865,-2601
ISNE,"2/19/2019 8 a.m. EST",16355,16340,13421,-2934
ISNE,"2/19/2019 9 a.m. EST",16450,16430,13472,-2978
ISNE,"2/19/2019 10 a.m. EST",16219,16200,13445,-2774
ISNE,"2/19/2019 11 a.m. EST",15935,15770,13159,-2776
ISNE,"2/19/2019 12 p.m. EST",15600,15400,12610,-2990
ISNE,"2/19/2019 1 p.m. EST",15807,14870,12692,-3115
ISNE,"2/19/2019 2 p.m. EST",15750,14870,12655,-3095
ISNE,"2/19/2019 3 p.m. EST",15596,14820,12424,-3172
ISNE,"2/19/2019 4 p.m. EST",15744,15010,12575,-3169
ISNE,"2/19/2019 5 p.m. EST",15916,15820,12864,-3052
ISNE,"2/19/2019 6 p.m. EST",16987,16960,13779,-3208
ISNE,"2/19/2019 7 p.m. EST",17509,17590,14469,-3040
ISNE,"2/19/2019 8 p.m. EST",17195,17340,14432,-2763
ISNE,"2/19/2019 9 p.m. EST",16629,16810,13807,-2822
ISNE,"2/19/2019 10 p.m. EST",15760,15820,12811,-2949
ISNE,"2/19/2019 11 p.m. EST",14834,14700,11815,-3019
ISNE,"2/20/2019 12 a.m. EST",13951,13810,10941,-3010
ISNE,"2/20/2019 1 a.m. EST",13354,13070,10751,-2603
ISNE,"2/20/2019 2 a.m. EST",13050,12760,10398,-2652
ISNE,"2/20/2019 3 a.m. EST",13166,12680,10507,-2659
ISNE,"2/20/2019 4 a.m. EST",13292,12740,10736,-2556
ISNE,"2/20/2019 5 a.m. EST",13539,13150,10885,-2654
ISNE,"2/20/2019 6 a.m. EST",14146,14150,11722,-2424
ISNE,"2/20/2019 7 a.m. EST",15665,15660,13167,-2498
ISNE,"2/20/2019 8 a.m. EST",16496,16470,13739,-2757
ISNE,"2/20/2019 9 a.m. EST",16615,16580,13862,-2753
ISNE,"2/20/2019 10 a.m. EST",16520,16380,13646,-2874
ISNE,"2/20/2019 11 a.m. EST",16384,16360,13402,-2982
ISNE,"2/20/2019 12 p.m. EST",16354,16300,13493,-2861
ISNE,"2/20/2019 1 p.m. EST",16261,16210,13494,-2767
ISNE,"2/20/2019 2 p.m. EST",16271,16140,13479,-2792
ISNE,"2/20/2019 3 p.m. EST",16149,16120,13778,-2371
ISNE,"2/20/2019 4 p.m. EST",16194,16170,13905,-2289
ISNE,"2/20/2019 5 p.m. EST",16584,16380,14130,-2454
ISNE,"2/20/2019 6 p.m. EST",17467,17270,14416,-3051
ISNE,"2/20/2019 7 p.m. EST",17728,17770,14616,-3112
ISNE,"2/20/2019 8 p.m. EST",17272,17400,14122,-3150
ISNE,"2/20/2019 9 p.m. EST",16575,16750,13416,-3159
ISNE,"2/20/2019 10 p.m. EST",15649,15670,12606,-3043
ISNE,"2/20/2019 11 p.m. EST",14700,14350,11635,-3065
ISNE,"2/21/2019 12 a.m. EST",13672,13210,10529,-3143
ISNE,"2/21/2019 1 a.m. EST",12988,12620,10032,-2956
ISNE,"2/21/2019 2 a.m. EST",12613,12200,9757,-2856
ISNE,"2/21/2019 3 a.m. EST",12676,12040,9819,-2857
ISNE,"2/21/2019 4 a.m. EST",12409,12000,9629,-2780
ISNE,"2/21/2019 5 a.m. EST",12644,12350,9761,-2883
ISNE,"2/21/2019 6 a.m. EST",13221,13250,10650,-2571
ISNE,"2/21/2019 7 a.m. EST",14521,14820,11827,-2694
ISNE,"2/21/2019 8 a.m. EST",15444,15610,12653,-2791
ISNE,"2/21/2019 9 a.m. EST",15902,16000,13214,-2688
ISNE,"2/21/2019 10 a.m. EST",15902,15860,13086,-2816
ISNE,"2/21/2019 11 a.m. EST",15515,15360,12655,-2860
ISNE,"2/21/2019 12 p.m. EST",14918,14840,12132,-2786
ISNE,"2/21/2019 1 p.m. EST",14302,14400,11858,-2444
ISNE,"2/21/2019 2 p.m. EST",14282,14240,11995,-2287
ISNE,"2/21/2019 3 p.m. EST",14112,14070,11931,-2181
ISNE,"2/21/2019 4 p.m. EST",14270,14200,12156,-2114
ISNE,"2/21/2019 5 p.m. EST",14706,14770,12309,-2397
ISNE,"2/21/2019 6 p.m. EST",15693,15760,13184,-2509
ISNE,"2/21/2019 7 p.m. EST",16200,16170,13748,-2452
ISNE,"2/21/2019 8 p.m. EST",15835,15950,13158,-2677
ISNE,"2/21/2019 9 p.m. EST",15255,15410,12588,-2667
ISNE,"2/21/2019 10 p.m. EST",14630,14470,11627,-3003
ISNE,"2/21/2019 11 p.m. EST",13830,13360,11229,-2601
ISNE,"2/22/2019 12 a.m. EST",13125,12410,10344,-2781
ISNE,"2/22/2019 1 a.m. EST",12786,11610,10114,-2672
ISNE,"2/22/2019 2 a.m. EST",12932,11210,10195,-2737
ISNE,"2/22/2019 3 a.m. EST",12756,11060,10087,-2669
ISNE,"2/22/2019 4 a.m. EST",12702,11100,9997,-2705
ISNE,"2/22/2019 5 a.m. EST",12796,11530,10088,-2708
ISNE,"2/22/2019 6 a.m. EST",13063,12490,10471,-2592
ISNE,"2/22/2019 7 a.m. EST",13856,14010,11129,-2727
ISNE,"2/22/2019 8 a.m. EST",14695,14660,11782,-2913
ISNE,"2/22/2019 9 a.m. EST",14779,14580,11816,-2963
ISNE,"2/22/2019 10 a.m. EST",14449,14120,11412,-3037
ISNE,"2/22/2019 11 a.m. EST",13940,13680,11055,-2885
ISNE,"2/22/2019 12 p.m. EST",13425,13470,10688,-2737
ISNE,"2/22/2019 1 p.m. EST",13046,13230,10725,-2321
ISNE,"2/22/2019 2 p.m. EST",13028,13120,10750,-2278
ISNE,"2/22/2019 3 p.m. EST",13143,13170,10752,-2391
ISNE,"2/22/2019 4 p.m. EST",13652,13550,10966,-2686
ISNE,"2/22/2019 5 p.m. EST",14213,14130,11394,-2819
ISNE,"2/22/2019 6 p.m. EST",15250,15200,12052,-3198
ISNE,"2/22/2019 7 p.m. EST",15682,15680,12430,-3252
ISNE,"2/22/2019 8 p.m. EST",15307,15230,11955,-3352
ISNE,"2/22/2019 9 p.m. EST",14841,14690,11644,-3197
ISNE,"2/22/2019 10 p.m. EST",14168,14020,11200,-2968
ISNE,"2/22/2019 11 p.m. EST",13580,13160,10965,-2615
ISNE,"2/23/2019 12 a.m. EST",12981,12320,10461,-2520
ISNE,"2/23/2019 1 a.m. EST",12613,11710,10111,-2502
ISNE,"2/23/2019 2 a.m. EST",12270,11380,9644,-2626
ISNE,"2/23/2019 3 a.m. EST",12113,11180,9370,-2743
ISNE,"2/23/2019 4 a.m. EST",12088,11170,9316,-2772
ISNE,"2/23/2019 5 a.m. EST",12265,11380,9398,-2867
ISNE,"2/23/2019 6 a.m. EST",12627,11790,9732,-2895
ISNE,"2/23/2019 7 a.m. EST",12725,12370,9989,-2736
ISNE,"2/23/2019 8 a.m. EST",13208,12890,10369,-2839
ISNE,"2/23/2019 9 a.m. EST",13587,13410,10599,-2988
ISNE,"2/23/2019 10 a.m. EST",13212,13120,10473,-2739
ISNE,"2/23/2019 11 a.m. EST",12842,12930,9904,-2938
ISNE,"2/23/2019 12 p.m. EST",12709,12890,9948,-2761
ISNE,"2/23/2019 1 p.m. EST",12592,12790,10056,-2536
ISNE,"2/23/2019 2 p.m. EST",12536,12370,9993,-2543
ISNE,"2/23/2019 3 p.m. EST",12670,12380,10040,-2630
ISNE,"2/23/2019 4 p.m. EST",13040,12800,10152,-2888
ISNE,"2/23/2019 5 p.m. EST",13729,13530,10480,-3249
ISNE,"2/23/2019 6 p.m. EST",14730,14490,11480,-3250
ISNE,"2/23/2019 7 p.m. EST",15156,14870,11933,-3223
ISNE,"2/23/2019 8 p.m. EST",14807,14450,11539,-3268
ISNE,"2/23/2019 9 p.m. EST",14332,14010,11092,-3240
ISNE,"2/23/2019 10 p.m. EST",13693,13460,10452,-3241
ISNE,"2/23/2019 11 p.m. EST",12871,12750,9960,-2911
ISNE,"2/24/2019 12 a.m. EST",12333,11950,9415,-2918
ISNE,"2/24/2019 1 a.m. EST",11579,11450,9077,-2502
ISNE,"2/24/2019 2 a.m. EST",11113,11050,8818,-2295
ISNE,"2/24/2019 3 a.m. EST",11385,10840,8986,-2399
ISNE,"2/24/2019 4 a.m. EST",11315,10760,8834,-2481
ISNE,"2/24/2019 5 a.m. EST",11369,10840,8869,-2500
ISNE,"2/24/2019 6 a.m. EST",11638,11100,9224,-2414
ISNE,"2/24/2019 7 a.m. EST",11889,11520,9718,-2171
ISNE,"2/24/2019 8 a.m. EST",12775,12060,10351,-2424
ISNE,"2/24/2019 9 a.m. EST",13389,12740,11120,-2269
ISNE,"2/24/2019 10 a.m. EST",13838,13900,11583,-2255
ISNE,"2/24/2019 11 a.m. EST",14266,14000,11459,-2807
ISNE,"2/24/2019 12 p.m. EST",14462,14220,11453,-3009
ISNE,"2/24/2019 1 p.m. EST",14400,14310,11373,-3027
ISNE,"2/24/2019 2 p.m. EST",14248,14160,11225,-3023
ISNE,"2/24/2019 3 p.m. EST",14177,13970,11365,-2812
ISNE,"2/24/2019 4 p.m. EST",14231,13920,11472,-2759
ISNE,"2/24/2019 5 p.m. EST",14595,14250,11381,-3214
ISNE,"2/24/2019 6 p.m. EST",15279,14940,12100,-3179
ISNE,"2/24/2019 7 p.m. EST",15510,15130,12371,-3139
ISNE,"2/24/2019 8 p.m. EST",15019,14860,11758,-3261
ISNE,"2/24/2019 9 p.m. EST",14300,14220,10957,-3343
ISNE,"2/24/2019 10 p.m. EST",13668,13310,10215,-3453
ISNE,"2/24/2019 11 p.m. EST",12693,12370,9629,-3064
ISNE,"2/25/2019 12 a.m. EST",12042,11500,9077,-2965
ISNE,"2/25/2019 1 a.m. EST",11962,10900,9065,-2897
ISNE,"2/25/2019 2 a.m. EST",11903,10600,8965,-2938
ISNE,"2/25/2019 3 a.m. EST",11998,10540,8896,-3102
ISNE,"2/25/2019 4 a.m. EST",12164,10670,8954,-3210
ISNE,"2/25/2019 5 a.m. EST",12181,11040,9103,-3078
ISNE,"2/25/2019 6 a.m. EST",12946,12080,9815,-3131
ISNE,"2/25/2019 7 a.m. EST",14257,13740,11097,-3160
ISNE,"2/25/2019 8 a.m. EST",14823,14570,11493,-3330
ISNE,"2/25/2019 9 a.m. EST",14742,14710,11351,-3391
ISNE,"2/25/2019 10 a.m. EST",14617,14610,11371,-3246
ISNE,"2/25/2019 11 a.m. EST",14478,14430,11210,-3268
ISNE,"2/25/2019 12 p.m. EST",14341,14270,11105,-3236
ISNE,"2/25/2019 1 p.m. EST",14267,14180,11091,-3176
ISNE,"2/25/2019 2 p.m. EST",14477,14210,11064,-3413
ISNE,"2/25/2019 3 p.m. EST",14512,14180,10944,-3568
ISNE,"2/25/2019 4 p.m. EST",14683,14600,11177,-3506
ISNE,"2/25/2019 5 p.m. EST",15505,15390,11961,-3544
ISNE,"2/25/2019 6 p.m. EST",16681,16580,12940,-3741
ISNE,"2/25/2019 7 p.m. EST",17304,17220,13721,-3583
ISNE,"2/25/2019 8 p.m. EST",16942,16840,13438,-3504
ISNE,"2/25/2019 9 p.m. EST",16326,16180,12825,-3501
ISNE,"2/25/2019 10 p.m. EST",15410,15230,11845,-3565
ISNE,"2/25/2019 11 p.m. EST",14264,14060,10649,-3615
ISNE,"2/26/2019 12 a.m. EST",13513,13130,9751,-3762
ISNE,"2/26/2019 1 a.m. EST",13233,12380,9502,-3731
ISNE,"2/26/2019 2 a.m. EST",13227,12040,9437,-3790
ISNE,"2/26/2019 3 a.m. EST",13106,12000,9375,-3731
ISNE,"2/26/2019 4 a.m. EST",12897,12080,9286,-3611
ISNE,"2/26/2019 5 a.m. EST",13299,12320,9661,-3638
ISNE,"2/26/2019 6 a.m. EST",14163,13430,10605,-3558
ISNE,"2/26/2019 7 a.m. EST",15442,15080,12156,-3286
ISNE,"2/26/2019 8 a.m. EST",15948,15570,12536,-3412
ISNE,"2/26/2019 9 a.m. EST",15321,15460,11824,-3497
ISNE,"2/26/2019 10 a.m. EST",14765,14620,11235,-3530
ISNE,"2/26/2019 11 a.m. EST",14769,14220,11386,-3383
ISNE,"2/26/2019 12 p.m. EST",14527,13830,11425,-3102
ISNE,"2/26/2019 1 p.m. EST",14344,13750,11278,-3066
ISNE,"2/26/2019 2 p.m. EST",14605,13720,11506,-3099
ISNE,"2/26/2019 3 p.m. EST",14694,13910,11624,-3070
ISNE,"2/26/2019 4 p.m. EST",14924,14430,11734,-3190
ISNE,"2/26/2019 5 p.m. EST",15659,15480,12384,-3275
ISNE,"2/26/2019 6 p.m. EST",17071,16820,13718,-3353
ISNE,"2/26/2019 7 p.m. EST",17854,17640,14658,-3196
ISNE,"2/26/2019 8 p.m. EST",17617,17430,14239,-3378
ISNE,"2/26/2019 9 p.m. EST",17092,16820,13661,-3431
ISNE,"2/26/2019 10 p.m. EST",16204,15950,12840,-3364
ISNE,"2/26/2019 11 p.m. EST",15028,14790,11798,-3230
ISNE,"2/27/2019 12 a.m. EST",14052,13800,10727,-3325
ISNE,"2/27/2019 1 a.m. EST",13721,13340,10367,-3354
ISNE,"2/27/2019 2 a.m. EST",13414,13040,9986,-3428
ISNE,"2/27/2019 3 a.m. EST",13539,12900,9968,-3571
ISNE,"2/27/2019 4 a.m. EST",13633,12940,10137,-3496
ISNE,"2/27/2019 5 a.m. EST",13947,13310,10500,-3447
ISNE,"2/27/2019 6 a.m. EST",14619,14350,11198,-3421
ISNE,"2/27/2019 7 a.m. EST",16238,15950,13116,-3122
ISNE,"2/27/2019 8 a.m. EST",16794,16680,13693,-3101
ISNE,"2/27/2019 9 a.m. EST",16470,16450,13559,-2911
ISNE,"2/27/2019 10 a.m. EST",16227,16220,13862,-2365
ISNE,"2/27/2019 11 a.m. EST",15886,16070,13382,-2504
ISNE,"2/27/2019 12 p.m. EST",15556,16060,12379,-3177
ISNE,"2/27/2019 1 p.m. EST",15435,16050,12500,-2935
ISNE,"2/27/2019 2 p.m. EST",15784,16110,12764,-3020
ISNE,"2/27/2019 3 p.m. EST",15790,16190,12381,-3409
ISNE,"2/27/2019 4 p.m. EST",16240,16360,12884,-3356
ISNE,"2/27/2019 5 p.m. EST",16895,16730,13473,-3422
ISNE,"2/27/2019 6 p.m. EST",17729,17640,14631,-3098
ISNE,"2/27/2019 7 p.m. EST",18081,17860,15261,-2820
ISNE,"2/27/2019 8 p.m. EST",17691,17470,14542,-3149
ISNE,"2/27/2019 9 p.m. EST",17034,16720,13759,-3275
ISNE,"2/27/2019 10 p.m. EST",16045,15730,12584,-3461
ISNE,"2/27/2019 11 p.m. EST",14852,14530,11490,-3362
ISNE,"2/28/2019 12 a.m. EST",13826,13490,10132,-3694
ISNE,"2/28/2019 1 a.m. EST",13448,13200,9860,-3588
ISNE,"2/28/2019 2 a.m. EST",13191,12900,9705,-3486
ISNE,"2/28/2019 3 a.m. EST",13040,12750,9602,-3438
ISNE,"2/28/2019 4 a.m. EST",13071,12790,9712,-3359
ISNE,"2/28/2019 5 a.m. EST",13394,13120,10200,-3194
ISNE,"2/28/2019 6 a.m. EST",14112,14080,10964,-3148
ISNE,"2/28/2019 7 a.m. EST",15521,15550,12406,-3115
ISNE,"2/28/2019 8 a.m. EST",16453,16450,13705,-2748
ISNE,"2/28/2019 9 a.m. EST",16758,16740,13866,-2892
ISNE,"2/28/2019 10 a.m. EST",16498,16500,13306,-3192
ISNE,"2/28/2019 11 a.m. EST",16133,16290,12748,-3385
ISNE,"2/28/2019 12 p.m. EST",15818,15980,12398,-3420
ISNE,"2/28/2019 1 p.m. EST",15674,15690,12612,-3062
ISNE,"2/28/2019 2 p.m. EST",15344,15470,12186,-3158
ISNE,"2/28/2019 3 p.m. EST",15167,15290,11827,-3340
ISNE,"2/28/2019 4 p.m. EST",15404,15740,12275,-3129
ISNE,"2/28/2019 5 p.m. EST",15928,16150,12888,-3040
ISNE,"2/28/2019 6 p.m. EST",16607,16870,13624,-2983
ISNE,"2/28/2019 7 p.m. EST",17333,17410,14616,-2717
ISNE,"2/28/2019 8 p.m. EST",17110,17090,14019,-3091
ISNE,"2/28/2019 9 p.m. EST",16598,16580,13692,-2906
ISNE,"2/28/2019 10 p.m. EST",15759,15790,12537,-3222
ISNE,"2/28/2019 11 p.m. EST",14633,14620,11321,-3312
ISNE,"3/1/2019 12 a.m. EST",13829,13570,10652,-3177
