"BA Code","Timestamp (Hour Ending)","Demand (MWh)","Demand Forecast (MWh)","Net Generation (MWh)","Total Interchange (MWh)"
ISNE,"4/1/2016 12 a.m. EDT",11461,11050,9699,-1762
ISNE,"4/1/2016 1 a.m. EDT",10988,10260,9229,-1759
ISNE,"4/1/2016 2 a.m. EDT",10777,9810,9196,-1581
ISNE,"4/1/2016 3 a.m. EDT",10552,9600,9015,-1537
ISNE,"4/1/2016 4 a.m. EDT",10461,9530,8791,-1670
ISNE,"4/1/2016 5 a.m. EDT",10700,9830,8993,-1707
ISNE,"4/1/2016 6 a.m. EDT",11416,10570,9810,-1606
ISNE,"4/1/2016 7 a.m. EDT",12349,12190,11148,-1201
ISNE,"4/1/2016 8 a.m. EDT",13407,13450,12199,-1208
ISNE,"4/1/2016 9 a.m. EDT",13847,13980,12655,-1192
ISNE,"4/1/2016 10 a.m. EDT",14150,14160,13143,-1007
ISNE,"4/1/2016 11 a.m. EDT",14366,14320,13360,-1006
ISNE,"4/1/2016 12 p.m. EDT",14403,14370,13351,-1052
ISNE,"4/1/2016 1 p.m. EDT",14354,14180,13296,-1058
ISNE,"4/1/2016 2 p.m. EDT",14240,14080,13153,-1087
ISNE,"4/1/2016 3 p.m. EDT",13920,13930,13021,-899
ISNE,"4/1/2016 4 p.m. EDT",13611,13780,12834,-777
ISNE,"4/1/2016 5 p.m. EDT",13646,13750,13018,-628
ISNE,"4/1/2016 6 p.m. EDT",13804,13910,13107,-697
ISNE,"4/1/2016 7 p.m. EDT",13835,13930,13025,-810
ISNE,"4/1/2016 8 p.m. EDT",14172,14160,13277,-895
ISNE,"4/1/2016 9 p.m. EDT",13966,13840,13237,-729
ISNE,"4/1/2016 10 p.m. EDT",13137,13090,12605,-532
ISNE,"4/1/2016 11 p.m. EDT",12110,12060,11691,-419
ISNE,"4/2/2016 12 a.m. EDT",11429,11020,10641,-788
ISNE,"4/2/2016 1 a.m. EDT",10515,10200,9781,-734
ISNE,"4/2/2016 2 a.m. EDT",10159,9690,9196,-963
ISNE,"4/2/2016 3 a.m. EDT",10052,9450,8928,-1124
ISNE,"4/2/2016 4 a.m. EDT",9988,9310,8967,-1021
ISNE,"4/2/2016 5 a.m. EDT",10051,9320,9144,-907
ISNE,"4/2/2016 6 a.m. EDT",10138,9720,9170,-968
ISNE,"4/2/2016 7 a.m. EDT",10523,10440,9549,-974
ISNE,"4/2/2016 8 a.m. EDT",11326,11290,10283,-1043
ISNE,"4/2/2016 9 a.m. EDT",12068,12140,11224,-844
ISNE,"4/2/2016 10 a.m. EDT",12892,12680,11785,-1107
ISNE,"4/2/2016 11 a.m. EDT",13338,12810,12130,-1208
ISNE,"4/2/2016 12 p.m. EDT",13534,12810,12548,-986
ISNE,"4/2/2016 1 p.m. EDT",13377,12680,12509,-868
ISNE,"4/2/2016 2 p.m. EDT",13097,12460,12350,-747
ISNE,"4/2/2016 3 p.m. EDT",12832,12290,11892,-940
ISNE,"4/2/2016 4 p.m. EDT",12664,12170,11561,-1103
ISNE,"4/2/2016 5 p.m. EDT",12739,12270,11813,-926
ISNE,"4/2/2016 6 p.m. EDT",12813,12700,11726,-1087
ISNE,"4/2/2016 7 p.m. EDT",13079,13050,11997,-1082
ISNE,"4/2/2016 8 p.m. EDT",13508,13460,12259,-1249
ISNE,"4/2/2016 9 p.m. EDT",13412,13290,12379,-1033
ISNE,"4/2/2016 10 p.m. EDT",12804,12720,11892,-912
ISNE,"4/2/2016 11 p.m. EDT",12006,11930,11006,-1000
ISNE,"4/3/2016 12 a.m. EDT",11225,11020,10330,-895
ISNE,"4/3/2016 1 a.m. EDT",11069,10310,9779,-1290
ISNE,"4/3/2016 2 a.m. EDT",10978,9910,9530,-1448
ISNE,"4/3/2016 3 a.m. EDT",10952,9680,9428,-1524
ISNE,"4/3/2016 4 a.m. EDT",10990,9600,9486,-1504
ISNE,"4/3/2016 5 a.m. EDT",11076,9770,9462,-1614
ISNE,"4/3/2016 6 a.m. EDT",11326,10060,9770,-1556
ISNE,"4/3/2016 7 a.m. EDT",11692,10650,10323,-1369
ISNE,"4/3/2016 8 a.m. EDT",12357,11380,10885,-1472
ISNE,"4/3/2016 9 a.m. EDT",12382,12270,10730,-1652
ISNE,"4/3/2016 10 a.m. EDT",13065,12990,11345,-1720
ISNE,"4/3/2016 11 a.m. EDT",13408,13280,11873,-1535
ISNE,"4/3/2016 12 p.m. EDT",13465,13400,11940,-1525
ISNE,"4/3/2016 1 p.m. EDT",13326,13320,11821,-1505
ISNE,"4/3/2016 2 p.m. EDT",13178,13220,11691,-1487
ISNE,"4/3/2016 3 p.m. EDT",13064,13040,11381,-1683
ISNE,"4/3/2016 4 p.m. EDT",13240,13070,11453,-1787
ISNE,"4/3/2016 5 p.m. EDT",13479,13600,11738,-1741
ISNE,"4/3/2016 6 p.m. EDT",13714,14230,12062,-1652
ISNE,"4/3/2016 7 p.m. EDT",14250,14740,12447,-1803
ISNE,"4/3/2016 8 p.m. EDT",15048,15550,13112,-1936
ISNE,"4/3/2016 9 p.m. EDT",15153,14940,13368,-1785
ISNE,"4/3/2016 10 p.m. EDT",14301,14210,12554,-1747
ISNE,"4/3/2016 11 p.m. EDT",13247,13140,11526,-1721
ISNE,"4/4/2016 12 a.m. EDT",12684,12100,11206,-1478
ISNE,"4/4/2016 1 a.m. EDT",12339,11460,10711,-1628
ISNE,"4/4/2016 2 a.m. EDT",12136,11130,10282,-1854
ISNE,"4/4/2016 3 a.m. EDT",11983,11000,10131,-1852
ISNE,"4/4/2016 4 a.m. EDT",11587,11070,9874,-1713
ISNE,"4/4/2016 5 a.m. EDT",11764,11410,10242,-1522
ISNE,"4/4/2016 6 a.m. EDT",12416,12520,10880,-1536
ISNE,"4/4/2016 7 a.m. EDT",14232,14430,12435,-1797
ISNE,"4/4/2016 8 a.m. EDT",15463,15580,13637,-1826
ISNE,"4/4/2016 9 a.m. EDT",15978,15800,14062,-1916
ISNE,"4/4/2016 10 a.m. EDT",16284,15910,14329,-1955
ISNE,"4/4/2016 11 a.m. EDT",16526,15990,14564,-1962
ISNE,"4/4/2016 12 p.m. EDT",16621,15920,14592,-2029
ISNE,"4/4/2016 1 p.m. EDT",16600,15770,14630,-1970
ISNE,"4/4/2016 2 p.m. EDT",16528,15630,14623,-1905
ISNE,"4/4/2016 3 p.m. EDT",16270,15410,14411,-1859
ISNE,"4/4/2016 4 p.m. EDT",16157,15310,14310,-1847
ISNE,"4/4/2016 5 p.m. EDT",16266,15330,14420,-1846
ISNE,"4/4/2016 6 p.m. EDT",16525,15800,14699,-1826
ISNE,"4/4/2016 7 p.m. EDT",16682,16190,14757,-1925
ISNE,"4/4/2016 8 p.m. EDT",16956,16800,15033,-1923
ISNE,"4/4/2016 9 p.m. EDT",16638,16410,14762,-1876
ISNE,"4/4/2016 10 p.m. EDT",15573,15400,13706,-1867
ISNE,"4/4/2016 11 p.m. EDT",14396,14040,12459,-1937
ISNE,"4/5/2016 12 a.m. EDT",13587,12800,11663,-1924
ISNE,"4/5/2016 1 a.m. EDT",12908,12070,10953,-1955
ISNE,"4/5/2016 2 a.m. EDT",12364,11710,10413,-1951
ISNE,"4/5/2016 3 a.m. EDT",12466,11600,10495,-1971
ISNE,"4/5/2016 4 a.m. EDT",12504,11670,10536,-1968
ISNE,"4/5/2016 5 a.m. EDT",12892,12060,10615,-2277
ISNE,"4/5/2016 6 a.m. EDT",13410,13290,11211,-2199
ISNE,"4/5/2016 7 a.m. EDT",14906,15140,13026,-1880
ISNE,"4/5/2016 8 a.m. EDT",15912,16140,13890,-2022
ISNE,"4/5/2016 9 a.m. EDT",16045,16200,13957,-2088
ISNE,"4/5/2016 10 a.m. EDT",15921,15980,13817,-2104
ISNE,"4/5/2016 11 a.m. EDT",15769,15650,13546,-2223
ISNE,"4/5/2016 12 p.m. EDT",15539,15310,13315,-2224
ISNE,"4/5/2016 1 p.m. EDT",15210,15060,13001,-2209
ISNE,"4/5/2016 2 p.m. EDT",15012,14860,12842,-2170
ISNE,"4/5/2016 3 p.m. EDT",14838,14590,12630,-2208
ISNE,"4/5/2016 4 p.m. EDT",14592,14460,12365,-2227
ISNE,"4/5/2016 5 p.m. EDT",14674,14690,12398,-2276
ISNE,"4/5/2016 6 p.m. EDT",15078,15230,12791,-2287
ISNE,"4/5/2016 7 p.m. EDT",15261,15790,12968,-2293
ISNE,"4/5/2016 8 p.m. EDT",15952,16480,13594,-2358
ISNE,"4/5/2016 9 p.m. EDT",16089,16370,13868,-2221
ISNE,"4/5/2016 10 p.m. EDT",15217,15390,13035,-2182
ISNE,"4/5/2016 11 p.m. EDT",13941,14060,11649,-2292
ISNE,"4/6/2016 12 a.m. EDT",12818,12930,10611,-2207
ISNE,"4/6/2016 1 a.m. EDT",12792,12200,10429,-2363
ISNE,"4/6/2016 2 a.m. EDT",12697,11930,10363,-2334
ISNE,"4/6/2016 3 a.m. EDT",12627,11830,10237,-2390
ISNE,"4/6/2016 4 a.m. EDT",12458,11910,10174,-2284
ISNE,"4/6/2016 5 a.m. EDT",12693,12310,10418,-2275
ISNE,"4/6/2016 6 a.m. EDT",13217,13110,11042,-2175
ISNE,"4/6/2016 7 a.m. EDT",14825,14930,12753,-2072
ISNE,"4/6/2016 8 a.m. EDT",15726,15850,13691,-2035
ISNE,"4/6/2016 9 a.m. EDT",15520,15760,13339,-2181
ISNE,"4/6/2016 10 a.m. EDT",15156,15510,12985,-2171
ISNE,"4/6/2016 11 a.m. EDT",14937,15370,12612,-2325
ISNE,"4/6/2016 12 p.m. EDT",14692,15280,12406,-2286
ISNE,"4/6/2016 1 p.m. EDT",14305,15150,12205,-2100
ISNE,"4/6/2016 2 p.m. EDT",14116,15060,11947,-2169
ISNE,"4/6/2016 3 p.m. EDT",13986,14920,12148,-1838
ISNE,"4/6/2016 4 p.m. EDT",14170,14850,12286,-1884
ISNE,"4/6/2016 5 p.m. EDT",14636,15010,12677,-1959
ISNE,"4/6/2016 6 p.m. EDT",15181,15340,13196,-1985
ISNE,"4/6/2016 7 p.m. EDT",15493,15710,13153,-2340
ISNE,"4/6/2016 8 p.m. EDT",15930,16300,13710,-2220
ISNE,"4/6/2016 9 p.m. EDT",15703,15880,13508,-2195
ISNE,"4/6/2016 10 p.m. EDT",14700,14850,12526,-2174
ISNE,"4/6/2016 11 p.m. EDT",13312,13510,10970,-2342
ISNE,"4/7/2016 12 a.m. EDT",12204,12310,10232,-1972
ISNE,"4/7/2016 1 a.m. EDT",11549,11560,9360,-2189
ISNE,"4/7/2016 2 a.m. EDT",11340,11000,9168,-2172
ISNE,"4/7/2016 3 a.m. EDT",11136,10760,9083,-2053
ISNE,"4/7/2016 4 a.m. EDT",11343,10680,9242,-2101
ISNE,"4/7/2016 5 a.m. EDT",11427,10800,9384,-2043
ISNE,"4/7/2016 6 a.m. EDT",11782,11780,9935,-1847
ISNE,"4/7/2016 7 a.m. EDT",13474,13540,11351,-2123
ISNE,"4/7/2016 8 a.m. EDT",14407,14580,12349,-2058
ISNE,"4/7/2016 9 a.m. EDT",14577,14770,12490,-2087
ISNE,"4/7/2016 10 a.m. EDT",14718,14820,12749,-1969
ISNE,"4/7/2016 11 a.m. EDT",14782,14930,12883,-1899
ISNE,"4/7/2016 12 p.m. EDT",14833,14840,12819,-2014
ISNE,"4/7/2016 1 p.m. EDT",14795,14860,12955,-1840
ISNE,"4/7/2016 2 p.m. EDT",14811,14830,13023,-1788
ISNE,"4/7/2016 3 p.m. EDT",14769,14860,12924,-1845
ISNE,"4/7/2016 4 p.m. EDT",14821,14620,12744,-2077
ISNE,"4/7/2016 5 p.m. EDT",14984,14600,12912,-2072
ISNE,"4/7/2016 6 p.m. EDT",15089,14810,12962,-2127
ISNE,"4/7/2016 7 p.m. EDT",15080,14850,13003,-2077
ISNE,"4/7/2016 8 p.m. EDT",15187,15010,13062,-2125
ISNE,"4/7/2016 9 p.m. EDT",14861,14830,12885,-1976
ISNE,"4/7/2016 10 p.m. EDT",13879,13940,12008,-1871
ISNE,"4/7/2016 11 p.m. EDT",12672,12620,10977,-1695
ISNE,"4/8/2016 12 a.m. EDT",12057,11460,10347,-1710
ISNE,"4/8/2016 1 a.m. EDT",11779,10560,10016,-1763
ISNE,"4/8/2016 2 a.m. EDT",11568,10150,10096,-1472
ISNE,"4/8/2016 3 a.m. EDT",11350,9940,9893,-1457
ISNE,"4/8/2016 4 a.m. EDT",11316,9910,9981,-1335
ISNE,"4/8/2016 5 a.m. EDT",11597,10240,10208,-1389
ISNE,"4/8/2016 6 a.m. EDT",12407,11220,10683,-1724
ISNE,"4/8/2016 7 a.m. EDT",13362,12940,11596,-1766
ISNE,"4/8/2016 8 a.m. EDT",13944,13960,12201,-1743
ISNE,"4/8/2016 9 a.m. EDT",14010,14250,12552,-1458
ISNE,"4/8/2016 10 a.m. EDT",13984,14310,12412,-1572
ISNE,"4/8/2016 11 a.m. EDT",14029,14280,12326,-1703
ISNE,"4/8/2016 12 p.m. EDT",13997,14200,12243,-1754
ISNE,"4/8/2016 1 p.m. EDT",13777,14010,11996,-1781
ISNE,"4/8/2016 2 p.m. EDT",13658,13900,12083,-1575
ISNE,"4/8/2016 3 p.m. EDT",13554,13690,11957,-1597
ISNE,"4/8/2016 4 p.m. EDT",13470,13560,11798,-1672
ISNE,"4/8/2016 5 p.m. EDT",13669,13720,12138,-1531
ISNE,"4/8/2016 6 p.m. EDT",13958,13980,12341,-1617
ISNE,"4/8/2016 7 p.m. EDT",14164,14150,12386,-1778
ISNE,"4/8/2016 8 p.m. EDT",14538,14530,12817,-1721
ISNE,"4/8/2016 9 p.m. EDT",14513,14410,12895,-1618
ISNE,"4/8/2016 10 p.m. EDT",13827,13710,12150,-1677
ISNE,"4/8/2016 11 p.m. EDT",12858,12770,11251,-1607
ISNE,"4/9/2016 12 a.m. EDT",12076,11770,10502,-1574
ISNE,"4/9/2016 1 a.m. EDT",11656,10940,9823,-1833
ISNE,"4/9/2016 2 a.m. EDT",11641,10600,9734,-1907
ISNE,"4/9/2016 3 a.m. EDT",11621,10360,9709,-1912
ISNE,"4/9/2016 4 a.m. EDT",11573,10310,9584,-1989
ISNE,"4/9/2016 5 a.m. EDT",11523,10450,9586,-1937
ISNE,"4/9/2016 6 a.m. EDT",11814,11050,9710,-2104
ISNE,"4/9/2016 7 a.m. EDT",12192,11770,10009,-2183
ISNE,"4/9/2016 8 a.m. EDT",12449,12540,10367,-2082
ISNE,"4/9/2016 9 a.m. EDT",12832,13180,10892,-1940
ISNE,"4/9/2016 10 a.m. EDT",12883,13500,11061,-1822
ISNE,"4/9/2016 11 a.m. EDT",12783,13520,11126,-1657
ISNE,"4/9/2016 12 p.m. EDT",12576,13350,10930,-1646
ISNE,"4/9/2016 1 p.m. EDT",12436,13050,10715,-1721
ISNE,"4/9/2016 2 p.m. EDT",12331,12740,10680,-1651
ISNE,"4/9/2016 3 p.m. EDT",12356,12540,10834,-1522
ISNE,"4/9/2016 4 p.m. EDT",12472,12450,10854,-1618
ISNE,"4/9/2016 5 p.m. EDT",12725,12680,10697,-2028
ISNE,"4/9/2016 6 p.m. EDT",13125,13140,10904,-2221
ISNE,"4/9/2016 7 p.m. EDT",13398,13520,11119,-2279
ISNE,"4/9/2016 8 p.m. EDT",13831,13940,11560,-2271
ISNE,"4/9/2016 9 p.m. EDT",13850,13920,11616,-2234
ISNE,"4/9/2016 10 p.m. EDT",13276,13400,11074,-2202
ISNE,"4/9/2016 11 p.m. EDT",12480,12600,10349,-2131
ISNE,"4/10/2016 12 a.m. EDT",11855,11730,9837,-2018
ISNE,"4/10/2016 1 a.m. EDT",11219,11120,9206,-2013
ISNE,"4/10/2016 2 a.m. EDT",11079,10760,9003,-2076
ISNE,"4/10/2016 3 a.m. EDT",11241,10590,9155,-2086
ISNE,"4/10/2016 4 a.m. EDT",11078,10560,8874,-2204
ISNE,"4/10/2016 5 a.m. EDT",11037,10680,8827,-2210
ISNE,"4/10/2016 6 a.m. EDT",11566,10900,9409,-2157
ISNE,"4/10/2016 7 a.m. EDT",11665,11350,9610,-2055
ISNE,"4/10/2016 8 a.m. EDT",11755,11770,9914,-1841
ISNE,"4/10/2016 9 a.m. EDT",12176,12210,10536,-1640
ISNE,"4/10/2016 10 a.m. EDT",12378,12530,10884,-1494
ISNE,"4/10/2016 11 a.m. EDT",12357,12540,10645,-1712
ISNE,"4/10/2016 12 p.m. EDT",12269,12460,10613,-1656
ISNE,"4/10/2016 1 p.m. EDT",12091,12260,10438,-1653
ISNE,"4/10/2016 2 p.m. EDT",11822,12000,10152,-1670
ISNE,"4/10/2016 3 p.m. EDT",11635,11790,9997,-1638
ISNE,"4/10/2016 4 p.m. EDT",11650,11820,9967,-1683
ISNE,"4/10/2016 5 p.m. EDT",11993,12230,10129,-1864
ISNE,"4/10/2016 6 p.m. EDT",12609,12860,10569,-2040
ISNE,"4/10/2016 7 p.m. EDT",13160,13500,10989,-2171
ISNE,"4/10/2016 8 p.m. EDT",13912,14360,11765,-2147
ISNE,"4/10/2016 9 p.m. EDT",14191,14330,12003,-2188
ISNE,"4/10/2016 10 p.m. EDT",13399,13490,11235,-2164
ISNE,"4/10/2016 11 p.m. EDT",12246,12400,10293,-1953
ISNE,"4/11/2016 12 a.m. EDT",11234,11440,9249,-1985
ISNE,"4/11/2016 1 a.m. EDT",10854,10730,8809,-2045
ISNE,"4/11/2016 2 a.m. EDT",10897,10400,8800,-2097
ISNE,"4/11/2016 3 a.m. EDT",10795,10260,8964,-1831
ISNE,"4/11/2016 4 a.m. EDT",10813,10310,9075,-1738
ISNE,"4/11/2016 5 a.m. EDT",11117,10750,9380,-1737
ISNE,"4/11/2016 6 a.m. EDT",11698,11450,10105,-1593
ISNE,"4/11/2016 7 a.m. EDT",13249,13320,11604,-1645
ISNE,"4/11/2016 8 a.m. EDT",14459,14490,12747,-1712
ISNE,"4/11/2016 9 a.m. EDT",14813,14650,12921,-1892
ISNE,"4/11/2016 10 a.m. EDT",14867,14640,12765,-2102
ISNE,"4/11/2016 11 a.m. EDT",14752,14670,12739,-2013
ISNE,"4/11/2016 12 p.m. EDT",14643,14580,12610,-2033
ISNE,"4/11/2016 1 p.m. EDT",14499,14390,12557,-1942
ISNE,"4/11/2016 2 p.m. EDT",14257,14340,12440,-1817
ISNE,"4/11/2016 3 p.m. EDT",14057,14200,12233,-1824
ISNE,"4/11/2016 4 p.m. EDT",13806,14110,12012,-1794
ISNE,"4/11/2016 5 p.m. EDT",13898,14170,12102,-1796
ISNE,"4/11/2016 6 p.m. EDT",14263,14600,12625,-1638
ISNE,"4/11/2016 7 p.m. EDT",14568,14640,12749,-1819
ISNE,"4/11/2016 8 p.m. EDT",14946,15130,12997,-1949
ISNE,"4/11/2016 9 p.m. EDT",14731,14900,12852,-1879
ISNE,"4/11/2016 10 p.m. EDT",13704,13830,11922,-1782
ISNE,"4/11/2016 11 p.m. EDT",12353,12510,10618,-1735
ISNE,"4/12/2016 12 a.m. EDT",11437,11320,9887,-1550
ISNE,"4/12/2016 1 a.m. EDT",11022,10420,9436,-1586
ISNE,"4/12/2016 2 a.m. EDT",11020,9980,9471,-1549
ISNE,"4/12/2016 3 a.m. EDT",10865,9780,9402,-1463
ISNE,"4/12/2016 4 a.m. EDT",11045,9730,9497,-1548
ISNE,"4/12/2016 5 a.m. EDT",11025,10000,9625,-1400
ISNE,"4/12/2016 6 a.m. EDT",11599,11000,10263,-1336
ISNE,"4/12/2016 7 a.m. EDT",12722,12790,11444,-1278
ISNE,"4/12/2016 8 a.m. EDT",13842,13880,12510,-1332
ISNE,"4/12/2016 9 a.m. EDT",14259,14140,12842,-1417
ISNE,"4/12/2016 10 a.m. EDT",14452,14200,13025,-1427
ISNE,"4/12/2016 11 a.m. EDT",14656,14350,13584,-1072
ISNE,"4/12/2016 12 p.m. EDT",14696,14340,13568,-1128
ISNE,"4/12/2016 1 p.m. EDT",14602,14280,13227,-1375
ISNE,"4/12/2016 2 p.m. EDT",14501,14270,13158,-1343
ISNE,"4/12/2016 3 p.m. EDT",14189,14120,12651,-1538
ISNE,"4/12/2016 4 p.m. EDT",14038,14060,12682,-1356
ISNE,"4/12/2016 5 p.m. EDT",14226,14230,12846,-1380
ISNE,"4/12/2016 6 p.m. EDT",14170,14470,12741,-1429
ISNE,"4/12/2016 7 p.m. EDT",14166,14520,12710,-1456
ISNE,"4/12/2016 8 p.m. EDT",14562,14960,13076,-1486
ISNE,"4/12/2016 9 p.m. EDT",14771,14770,13426,-1345
ISNE,"4/12/2016 10 p.m. EDT",13896,13790,12430,-1466
ISNE,"4/12/2016 11 p.m. EDT",12651,12490,11314,-1337
ISNE,"4/13/2016 12 a.m. EDT",11607,11300,10549,-1058
ISNE,"4/13/2016 1 a.m. EDT",11592,10560,10089,-1503
ISNE,"4/13/2016 2 a.m. EDT",11508,10160,10024,-1484
ISNE,"4/13/2016 3 a.m. EDT",11366,10010,9987,-1379
ISNE,"4/13/2016 4 a.m. EDT",11359,10020,9999,-1360
ISNE,"4/13/2016 5 a.m. EDT",11398,10380,10374,-1024
ISNE,"4/13/2016 6 a.m. EDT",12194,11670,11215,-979
ISNE,"4/13/2016 7 a.m. EDT",13420,13410,12362,-1058
ISNE,"4/13/2016 8 a.m. EDT",14237,13950,12795,-1442
ISNE,"4/13/2016 9 a.m. EDT",14062,13720,12592,-1470
ISNE,"4/13/2016 10 a.m. EDT",13734,13410,12596,-1138
ISNE,"4/13/2016 11 a.m. EDT",13498,13140,12290,-1208
ISNE,"4/13/2016 12 p.m. EDT",13278,12960,11781,-1497
ISNE,"4/13/2016 1 p.m. EDT",13054,12760,11455,-1599
ISNE,"4/13/2016 2 p.m. EDT",12941,12640,11425,-1516
ISNE,"4/13/2016 3 p.m. EDT",12742,12540,11218,-1524
ISNE,"4/13/2016 4 p.m. EDT",12683,12520,11054,-1629
ISNE,"4/13/2016 5 p.m. EDT",12894,12890,11118,-1776
ISNE,"4/13/2016 6 p.m. EDT",13292,13450,11412,-1880
ISNE,"4/13/2016 7 p.m. EDT",13677,13980,11679,-1998
ISNE,"4/13/2016 8 p.m. EDT",14307,14590,12364,-1943
ISNE,"4/13/2016 9 p.m. EDT",14587,14660,12858,-1729
ISNE,"4/13/2016 10 p.m. EDT",13753,13620,12021,-1732
ISNE,"4/13/2016 11 p.m. EDT",12525,12320,10925,-1600
ISNE,"4/14/2016 12 a.m. EDT",11488,11170,9997,-1491
ISNE,"4/14/2016 1 a.m. EDT",11361,10690,9625,-1736
ISNE,"4/14/2016 2 a.m. EDT",11310,10270,9464,-1846
ISNE,"4/14/2016 3 a.m. EDT",11186,10120,9198,-1988
ISNE,"4/14/2016 4 a.m. EDT",11207,10130,9253,-1954
ISNE,"4/14/2016 5 a.m. EDT",11536,10540,9462,-2074
ISNE,"4/14/2016 6 a.m. EDT",11940,11590,10159,-1781
ISNE,"4/14/2016 7 a.m. EDT",13163,13320,11380,-1783
ISNE,"4/14/2016 8 a.m. EDT",14031,14220,12214,-1817
ISNE,"4/14/2016 9 a.m. EDT",13870,14060,11755,-2115
ISNE,"4/14/2016 10 a.m. EDT",13583,13810,11461,-2122
ISNE,"4/14/2016 11 a.m. EDT",13371,13460,11378,-1993
ISNE,"4/14/2016 12 p.m. EDT",13152,13270,11327,-1825
ISNE,"4/14/2016 1 p.m. EDT",12952,13030,11026,-1926
ISNE,"4/14/2016 2 p.m. EDT",12850,12900,11061,-1789
ISNE,"4/14/2016 3 p.m. EDT",12657,12700,10848,-1809
ISNE,"4/14/2016 4 p.m. EDT",12607,12600,10826,-1781
ISNE,"4/14/2016 5 p.m. EDT",12800,12790,11061,-1739
ISNE,"4/14/2016 6 p.m. EDT",13182,13240,11306,-1876
ISNE,"4/14/2016 7 p.m. EDT",13541,13550,11654,-1887
ISNE,"4/14/2016 8 p.m. EDT",14102,14280,12018,-2084
ISNE,"4/14/2016 9 p.m. EDT",14465,14500,12276,-2189
ISNE,"4/14/2016 10 p.m. EDT",13659,13630,11636,-2023
ISNE,"4/14/2016 11 p.m. EDT",12444,12410,10752,-1692
ISNE,"4/15/2016 12 a.m. EDT",11579,11250,9913,-1666
ISNE,"4/15/2016 1 a.m. EDT",10864,10590,9338,-1526
ISNE,"4/15/2016 2 a.m. EDT",10497,10290,9417,-1080
ISNE,"4/15/2016 3 a.m. EDT",10353,10130,9211,-1142
ISNE,"4/15/2016 4 a.m. EDT",10373,10140,9131,-1242
ISNE,"4/15/2016 5 a.m. EDT",10693,10490,9023,-1670
ISNE,"4/15/2016 6 a.m. EDT",11470,11480,9733,-1737
ISNE,"4/15/2016 7 a.m. EDT",13037,12970,11302,-1735
ISNE,"4/15/2016 8 a.m. EDT",13894,14000,11948,-1946
ISNE,"4/15/2016 9 a.m. EDT",13794,13720,11823,-1971
ISNE,"4/15/2016 10 a.m. EDT",13524,13460,11776,-1748
ISNE,"4/15/2016 11 a.m. EDT",13309,13230,11805,-1504
ISNE,"4/15/2016 12 p.m. EDT",13104,13010,11772,-1332
ISNE,"4/15/2016 1 p.m. EDT",12860,12770,11613,-1247
ISNE,"4/15/2016 2 p.m. EDT",12729,12600,11508,-1221
ISNE,"4/15/2016 3 p.m. EDT",12534,12410,11449,-1085
ISNE,"4/15/2016 4 p.m. EDT",12414,12290,11311,-1103
ISNE,"4/15/2016 5 p.m. EDT",12561,12420,11154,-1407
ISNE,"4/15/2016 6 p.m. EDT",12824,12670,11302,-1522
ISNE,"4/15/2016 7 p.m. EDT",13040,12900,11342,-1698
ISNE,"4/15/2016 8 p.m. EDT",13441,13460,11654,-1787
ISNE,"4/15/2016 9 p.m. EDT",13741,13770,11993,-1748
ISNE,"4/15/2016 10 p.m. EDT",13106,13090,11279,-1827
ISNE,"4/15/2016 11 p.m. EDT",12120,12130,10373,-1747
ISNE,"4/16/2016 12 a.m. EDT",11094,11140,9680,-1414
ISNE,"4/16/2016 1 a.m. EDT",10360,10470,9364,-996
ISNE,"4/16/2016 2 a.m. EDT",10188,10080,9129,-1059
ISNE,"4/16/2016 3 a.m. EDT",10128,9850,8993,-1135
ISNE,"4/16/2016 4 a.m. EDT",10224,9810,9134,-1090
ISNE,"4/16/2016 5 a.m. EDT",10358,9960,9439,-919
ISNE,"4/16/2016 6 a.m. EDT",10558,10240,9574,-984
ISNE,"4/16/2016 7 a.m. EDT",10840,10760,9826,-1014
ISNE,"4/16/2016 8 a.m. EDT",11443,11490,10364,-1079
ISNE,"4/16/2016 9 a.m. EDT",11891,12020,11104,-787
ISNE,"4/16/2016 10 a.m. EDT",12046,12230,11270,-776
ISNE,"4/16/2016 11 a.m. EDT",11972,12120,11101,-871
ISNE,"4/16/2016 12 p.m. EDT",11775,11900,10905,-870
ISNE,"4/16/2016 1 p.m. EDT",11534,11640,10330,-1204
ISNE,"4/16/2016 2 p.m. EDT",11230,11360,10343,-887
ISNE,"4/16/2016 3 p.m. EDT",11176,11210,10179,-997
ISNE,"4/16/2016 4 p.m. EDT",11288,11190,10279,-1009
ISNE,"4/16/2016 5 p.m. EDT",11535,11400,10586,-949
ISNE,"4/16/2016 6 p.m. EDT",11699,11710,10589,-1110
ISNE,"4/16/2016 7 p.m. EDT",12106,12220,10848,-1258
ISNE,"4/16/2016 8 p.m. EDT",12573,12690,11161,-1412
ISNE,"4/16/2016 9 p.m. EDT",12929,13050,11711,-1218
ISNE,"4/16/2016 10 p.m. EDT",12412,12510,11042,-1370
ISNE,"4/16/2016 11 p.m. EDT",11596,11730,10515,-1081
ISNE,"4/17/2016 12 a.m. EDT",10729,10820,9594,-1135
ISNE,"4/17/2016 1 a.m. EDT",10368,10150,9030,-1338
ISNE,"4/17/2016 2 a.m. EDT",10205,9710,8980,-1225
ISNE,"4/17/2016 3 a.m. EDT",10263,9520,8940,-1323
ISNE,"4/17/2016 4 a.m. EDT",10411,9450,9083,-1328
ISNE,"4/17/2016 5 a.m. EDT",10618,9550,9099,-1519
ISNE,"4/17/2016 6 a.m. EDT",10903,9810,9259,-1644
ISNE,"4/17/2016 7 a.m. EDT",11002,10060,9383,-1619
ISNE,"4/17/2016 8 a.m. EDT",10936,10510,9420,-1516
ISNE,"4/17/2016 9 a.m. EDT",11029,10950,9723,-1306
ISNE,"4/17/2016 10 a.m. EDT",11211,11180,10047,-1164
ISNE,"4/17/2016 11 a.m. EDT",11189,11160,10176,-1013
ISNE,"4/17/2016 12 p.m. EDT",11086,11080,10133,-953
ISNE,"4/17/2016 1 p.m. EDT",10953,10960,10005,-948
ISNE,"4/17/2016 2 p.m. EDT",10780,10830,9852,-928
ISNE,"4/17/2016 3 p.m. EDT",10676,10730,9805,-871
ISNE,"4/17/2016 4 p.m. EDT",10759,10790,9796,-963
ISNE,"4/17/2016 5 p.m. EDT",11149,11240,9963,-1186
ISNE,"4/17/2016 6 p.m. EDT",11748,11900,10594,-1154
ISNE,"4/17/2016 7 p.m. EDT",12171,12360,11053,-1118
ISNE,"4/17/2016 8 p.m. EDT",12639,12960,11465,-1174
ISNE,"4/17/2016 9 p.m. EDT",12999,13200,11722,-1277
ISNE,"4/17/2016 10 p.m. EDT",12273,12360,11232,-1041
ISNE,"4/17/2016 11 p.m. EDT",11255,11260,10075,-1180
ISNE,"4/18/2016 12 a.m. EDT",10761,10320,9517,-1244
ISNE,"4/18/2016 1 a.m. EDT",10608,9680,9159,-1449
ISNE,"4/18/2016 2 a.m. EDT",10616,9260,9280,-1336
ISNE,"4/18/2016 3 a.m. EDT",10472,9140,9255,-1217
ISNE,"4/18/2016 4 a.m. EDT",10471,9180,9067,-1404
ISNE,"4/18/2016 5 a.m. EDT",10778,9470,9573,-1205
ISNE,"4/18/2016 6 a.m. EDT",11300,10230,10240,-1060
ISNE,"4/18/2016 7 a.m. EDT",11653,11480,10990,-663
ISNE,"4/18/2016 8 a.m. EDT",12570,12440,12118,-452
ISNE,"4/18/2016 9 a.m. EDT",12906,12770,12764,-142
ISNE,"4/18/2016 10 a.m. EDT",12995,12890,12660,-335
ISNE,"4/18/2016 11 a.m. EDT",13057,13000,12714,-343
ISNE,"4/18/2016 12 p.m. EDT",12985,13020,12671,-314
ISNE,"4/18/2016 1 p.m. EDT",12854,12930,12815,-39
ISNE,"4/18/2016 2 p.m. EDT",12839,12960,12668,-171
ISNE,"4/18/2016 3 p.m. EDT",12762,12890,12659,-103
ISNE,"4/18/2016 4 p.m. EDT",12743,12930,12683,-60
ISNE,"4/18/2016 5 p.m. EDT",12971,13130,12817,-154
ISNE,"4/18/2016 6 p.m. EDT",13320,13500,13056,-264
ISNE,"4/18/2016 7 p.m. EDT",13497,13700,13329,-168
ISNE,"4/18/2016 8 p.m. EDT",13803,14040,13371,-432
ISNE,"4/18/2016 9 p.m. EDT",13884,14100,13491,-393
ISNE,"4/18/2016 10 p.m. EDT",12961,13110,12200,-761
ISNE,"4/18/2016 11 p.m. EDT",11804,11820,11034,-770
ISNE,"4/19/2016 12 a.m. EDT",11142,10690,9982,-1160
ISNE,"4/19/2016 1 a.m. EDT",10711,9930,9338,-1373
ISNE,"4/19/2016 2 a.m. EDT",10792,9570,9127,-1665
ISNE,"4/19/2016 3 a.m. EDT",10614,9380,9014,-1600
ISNE,"4/19/2016 4 a.m. EDT",10591,9390,8978,-1613
ISNE,"4/19/2016 5 a.m. EDT",10690,9710,9188,-1502
ISNE,"4/19/2016 6 a.m. EDT",11273,10670,9870,-1403
ISNE,"4/19/2016 7 a.m. EDT",12031,12150,11112,-919
ISNE,"4/19/2016 8 a.m. EDT",13005,13170,12296,-709
ISNE,"4/19/2016 9 a.m. EDT",13382,13400,12751,-631
ISNE,"4/19/2016 10 a.m. EDT",13446,13370,12999,-447
ISNE,"4/19/2016 11 a.m. EDT",13544,13310,13192,-352
ISNE,"4/19/2016 12 p.m. EDT",13483,13410,13104,-379
ISNE,"4/19/2016 1 p.m. EDT",13332,13310,13026,-306
ISNE,"4/19/2016 2 p.m. EDT",13188,13210,12895,-293
ISNE,"4/19/2016 3 p.m. EDT",12947,13090,12714,-233
ISNE,"4/19/2016 4 p.m. EDT",12877,12980,12695,-182
ISNE,"4/19/2016 5 p.m. EDT",13033,13200,12631,-402
ISNE,"4/19/2016 6 p.m. EDT",13322,13520,12746,-576
ISNE,"4/19/2016 7 p.m. EDT",13541,13740,12869,-672
ISNE,"4/19/2016 8 p.m. EDT",13864,14100,13119,-745
ISNE,"4/19/2016 9 p.m. EDT",14133,14250,13456,-677
ISNE,"4/19/2016 10 p.m. EDT",13249,13310,12490,-759
ISNE,"4/19/2016 11 p.m. EDT",12009,12040,11049,-960
ISNE,"4/20/2016 12 a.m. EDT",11355,10890,10409,-946
ISNE,"4/20/2016 1 a.m. EDT",11059,10170,9614,-1445
ISNE,"4/20/2016 2 a.m. EDT",10933,9760,9326,-1607
ISNE,"4/20/2016 3 a.m. EDT",10846,9590,9232,-1614
ISNE,"4/20/2016 4 a.m. EDT",10832,9600,9202,-1630
ISNE,"4/20/2016 5 a.m. EDT",11077,9940,9440,-1637
ISNE,"4/20/2016 6 a.m. EDT",11402,10910,10224,-1178
ISNE,"4/20/2016 7 a.m. EDT",12077,12400,11429,-648
ISNE,"4/20/2016 8 a.m. EDT",12965,13390,12114,-851
ISNE,"4/20/2016 9 a.m. EDT",13116,13440,12451,-665
ISNE,"4/20/2016 10 a.m. EDT",13013,13270,12306,-707
ISNE,"4/20/2016 11 a.m. EDT",12937,13100,12379,-558
ISNE,"4/20/2016 12 p.m. EDT",12833,12990,12243,-590
ISNE,"4/20/2016 1 p.m. EDT",12677,12820,12166,-511
ISNE,"4/20/2016 2 p.m. EDT",12653,12730,12376,-277
ISNE,"4/20/2016 3 p.m. EDT",12545,12640,12228,-317
ISNE,"4/20/2016 4 p.m. EDT",12509,12630,12001,-508
ISNE,"4/20/2016 5 p.m. EDT",12699,12860,12075,-624
ISNE,"4/20/2016 6 p.m. EDT",13044,13250,12236,-808
ISNE,"4/20/2016 7 p.m. EDT",13303,13380,12415,-888
ISNE,"4/20/2016 8 p.m. EDT",13652,13920,12551,-1101
ISNE,"4/20/2016 9 p.m. EDT",14017,14250,13038,-979
ISNE,"4/20/2016 10 p.m. EDT",13212,13280,12353,-859
ISNE,"4/20/2016 11 p.m. EDT",11976,12010,10945,-1031
ISNE,"4/21/2016 12 a.m. EDT",10851,10880,9744,-1107
ISNE,"4/21/2016 1 a.m. EDT",10419,10170,9382,-1037
ISNE,"4/21/2016 2 a.m. EDT",10287,9740,9026,-1261
ISNE,"4/21/2016 3 a.m. EDT",10379,9540,9315,-1064
ISNE,"4/21/2016 4 a.m. EDT",10389,9570,8996,-1393
ISNE,"4/21/2016 5 a.m. EDT",10708,9900,9188,-1520
ISNE,"4/21/2016 6 a.m. EDT",11295,10820,10123,-1172
ISNE,"4/21/2016 7 a.m. EDT",12140,12170,11232,-908
ISNE,"4/21/2016 8 a.m. EDT",13047,12990,12177,-870
ISNE,"4/21/2016 9 a.m. EDT",13130,12980,12341,-789
ISNE,"4/21/2016 10 a.m. EDT",13083,12840,12269,-814
ISNE,"4/21/2016 11 a.m. EDT",13070,12790,12444,-626
ISNE,"4/21/2016 12 p.m. EDT",13004,12700,12326,-678
ISNE,"4/21/2016 1 p.m. EDT",12916,12580,12229,-687
ISNE,"4/21/2016 2 p.m. EDT",12937,12600,12329,-608
ISNE,"4/21/2016 3 p.m. EDT",12911,12480,12198,-713
ISNE,"4/21/2016 4 p.m. EDT",12914,12550,12196,-718
ISNE,"4/21/2016 5 p.m. EDT",13080,12780,12346,-734
ISNE,"4/21/2016 6 p.m. EDT",13294,13140,12322,-972
ISNE,"4/21/2016 7 p.m. EDT",13403,13390,12378,-1025
ISNE,"4/21/2016 8 p.m. EDT",13677,13670,12578,-1099
ISNE,"4/21/2016 9 p.m. EDT",13940,13800,13096,-844
ISNE,"4/21/2016 10 p.m. EDT",13118,13120,12315,-803
ISNE,"4/21/2016 11 p.m. EDT",11871,11880,11170,-701
ISNE,"4/22/2016 12 a.m. EDT",10761,10760,9977,-784
ISNE,"4/22/2016 1 a.m. EDT",10313,10020,9484,-829
ISNE,"4/22/2016 2 a.m. EDT",10038,9560,9144,-894
ISNE,"4/22/2016 3 a.m. EDT",10073,9370,9012,-1061
ISNE,"4/22/2016 4 a.m. EDT",10158,9320,9007,-1151
ISNE,"4/22/2016 5 a.m. EDT",10494,9600,9300,-1194
ISNE,"4/22/2016 6 a.m. EDT",10974,10510,10000,-974
ISNE,"4/22/2016 7 a.m. EDT",11532,11940,11047,-485
ISNE,"4/22/2016 8 a.m. EDT",12666,13040,12122,-544
ISNE,"4/22/2016 9 a.m. EDT",13293,13360,12748,-545
ISNE,"4/22/2016 10 a.m. EDT",13526,13480,12944,-582
ISNE,"4/22/2016 11 a.m. EDT",13697,13600,13169,-528
ISNE,"4/22/2016 12 p.m. EDT",13701,13620,13214,-487
ISNE,"4/22/2016 1 p.m. EDT",13634,13540,13086,-548
ISNE,"4/22/2016 2 p.m. EDT",13751,13600,13258,-493
ISNE,"4/22/2016 3 p.m. EDT",13738,13490,13048,-690
ISNE,"4/22/2016 4 p.m. EDT",13769,13430,13034,-735
ISNE,"4/22/2016 5 p.m. EDT",13809,13500,12840,-969
ISNE,"4/22/2016 6 p.m. EDT",13847,13660,12769,-1078
ISNE,"4/22/2016 7 p.m. EDT",13729,13610,12555,-1174
ISNE,"4/22/2016 8 p.m. EDT",13818,13660,12524,-1294
ISNE,"4/22/2016 9 p.m. EDT",13819,13850,12629,-1190
ISNE,"4/22/2016 10 p.m. EDT",13076,13040,12005,-1071
ISNE,"4/22/2016 11 p.m. EDT",12028,11970,10958,-1070
ISNE,"4/23/2016 12 a.m. EDT",10965,10940,10115,-850
ISNE,"4/23/2016 1 a.m. EDT",10423,9970,9819,-604
ISNE,"4/23/2016 2 a.m. EDT",10191,9640,9789,-402
ISNE,"4/23/2016 3 a.m. EDT",10351,9310,9924,-427
ISNE,"4/23/2016 4 a.m. EDT",10273,9190,9794,-479
ISNE,"4/23/2016 5 a.m. EDT",10289,9220,9769,-520
ISNE,"4/23/2016 6 a.m. EDT",10180,9470,9910,-270
ISNE,"4/23/2016 7 a.m. EDT",10304,9830,10147,-157
ISNE,"4/23/2016 8 a.m. EDT",10824,10710,10643,-181
ISNE,"4/23/2016 9 a.m. EDT",11743,11540,11650,-93
ISNE,"4/23/2016 10 a.m. EDT",12333,11990,12319,-14
ISNE,"4/23/2016 11 a.m. EDT",12551,12020,12659,108
ISNE,"4/23/2016 12 p.m. EDT",12457,11970,12691,234
ISNE,"4/23/2016 1 p.m. EDT",12155,11800,12255,100
ISNE,"4/23/2016 2 p.m. EDT",11776,11630,11774,-2
ISNE,"4/23/2016 3 p.m. EDT",11479,11180,11402,-77
ISNE,"4/23/2016 4 p.m. EDT",11420,11040,11225,-195
ISNE,"4/23/2016 5 p.m. EDT",11567,11390,11198,-369
ISNE,"4/23/2016 6 p.m. EDT",11889,11790,11250,-639
ISNE,"4/23/2016 7 p.m. EDT",12124,12000,11722,-402
ISNE,"4/23/2016 8 p.m. EDT",12345,12380,11753,-592
ISNE,"4/23/2016 9 p.m. EDT",12691,12700,12314,-377
ISNE,"4/23/2016 10 p.m. EDT",12145,12150,11910,-235
ISNE,"4/23/2016 11 p.m. EDT",11290,11300,11252,-38
ISNE,"4/24/2016 12 a.m. EDT",10367,10370,10489,122
ISNE,"4/24/2016 1 a.m. EDT",10134,9840,9927,-207
ISNE,"4/24/2016 2 a.m. EDT",10334,9440,10102,-232
ISNE,"4/24/2016 3 a.m. EDT",10340,9210,10040,-300
ISNE,"4/24/2016 4 a.m. EDT",10248,9180,9644,-604
ISNE,"4/24/2016 5 a.m. EDT",10309,9260,9872,-437
ISNE,"4/24/2016 6 a.m. EDT",10528,9180,10182,-346
ISNE,"4/24/2016 7 a.m. EDT",10618,9440,10356,-262
ISNE,"4/24/2016 8 a.m. EDT",11059,10070,10722,-337
ISNE,"4/24/2016 9 a.m. EDT",10858,10770,10940,82
ISNE,"4/24/2016 10 a.m. EDT",11011,11160,10854,-157
ISNE,"4/24/2016 11 a.m. EDT",10955,11150,10915,-40
ISNE,"4/24/2016 12 p.m. EDT",10957,11050,11070,113
ISNE,"4/24/2016 1 p.m. EDT",10902,11000,10779,-123
ISNE,"4/24/2016 2 p.m. EDT",10764,10890,10426,-338
ISNE,"4/24/2016 3 p.m. EDT",10659,10770,10329,-330
ISNE,"4/24/2016 4 p.m. EDT",10771,10860,10343,-428
ISNE,"4/24/2016 5 p.m. EDT",11168,11300,10939,-229
ISNE,"4/24/2016 6 p.m. EDT",11841,11990,11557,-284
ISNE,"4/24/2016 7 p.m. EDT",12309,12470,11878,-431
ISNE,"4/24/2016 8 p.m. EDT",12796,12930,12291,-505
ISNE,"4/24/2016 9 p.m. EDT",13195,13180,12613,-582
ISNE,"4/24/2016 10 p.m. EDT",12407,12370,11887,-520
ISNE,"4/24/2016 11 p.m. EDT",11326,11290,10679,-647
ISNE,"4/25/2016 12 a.m. EDT",10296,10320,9964,-332
ISNE,"4/25/2016 1 a.m. EDT",9993,9720,9153,-840
ISNE,"4/25/2016 2 a.m. EDT",10153,9400,8919,-1234
ISNE,"4/25/2016 3 a.m. EDT",10324,9230,8938,-1386
ISNE,"4/25/2016 4 a.m. EDT",10458,9290,9017,-1441
ISNE,"4/25/2016 5 a.m. EDT",10801,9660,9491,-1310
ISNE,"4/25/2016 6 a.m. EDT",11313,10530,10442,-871
ISNE,"4/25/2016 7 a.m. EDT",12150,12200,11685,-465
ISNE,"4/25/2016 8 a.m. EDT",13279,13210,12950,-329
ISNE,"4/25/2016 9 a.m. EDT",13619,13350,13175,-444
ISNE,"4/25/2016 10 a.m. EDT",13673,13330,12964,-709
ISNE,"4/25/2016 11 a.m. EDT",13612,13350,12689,-923
ISNE,"4/25/2016 12 p.m. EDT",13460,13270,12565,-895
ISNE,"4/25/2016 1 p.m. EDT",13225,13180,12363,-862
ISNE,"4/25/2016 2 p.m. EDT",13206,13100,12299,-907
ISNE,"4/25/2016 3 p.m. EDT",13157,12960,12262,-895
ISNE,"4/25/2016 4 p.m. EDT",13153,12940,12168,-985
ISNE,"4/25/2016 5 p.m. EDT",13278,13180,12355,-923
ISNE,"4/25/2016 6 p.m. EDT",13553,13610,12566,-987
ISNE,"4/25/2016 7 p.m. EDT",13754,13780,12727,-1027
ISNE,"4/25/2016 8 p.m. EDT",14062,13990,13011,-1051
ISNE,"4/25/2016 9 p.m. EDT",14208,14080,13149,-1059
ISNE,"4/25/2016 10 p.m. EDT",13258,13110,12126,-1132
ISNE,"4/25/2016 11 p.m. EDT",11914,11780,10900,-1014
ISNE,"4/26/2016 12 a.m. EDT",10994,10640,10033,-961
ISNE,"4/26/2016 1 a.m. EDT",10679,9830,9501,-1178
ISNE,"4/26/2016 2 a.m. EDT",10687,9470,9465,-1222
ISNE,"4/26/2016 3 a.m. EDT",10675,9290,9540,-1135
ISNE,"4/26/2016 4 a.m. EDT",10655,9300,9462,-1193
ISNE,"4/26/2016 5 a.m. EDT",10692,9670,9743,-949
ISNE,"4/26/2016 6 a.m. EDT",11274,10640,10635,-639
ISNE,"4/26/2016 7 a.m. EDT",12236,12290,11855,-381
ISNE,"4/26/2016 8 a.m. EDT",13495,13480,12600,-895
ISNE,"4/26/2016 9 a.m. EDT",14013,13860,13033,-980
ISNE,"4/26/2016 10 a.m. EDT",14322,14000,13438,-884
ISNE,"4/26/2016 11 a.m. EDT",14606,14120,13558,-1048
ISNE,"4/26/2016 12 p.m. EDT",14763,14150,13728,-1035
ISNE,"4/26/2016 1 p.m. EDT",14747,14120,13646,-1101
ISNE,"4/26/2016 2 p.m. EDT",14690,14120,13755,-935
ISNE,"4/26/2016 3 p.m. EDT",14479,13980,13608,-871
ISNE,"4/26/2016 4 p.m. EDT",14384,13950,13390,-994
ISNE,"4/26/2016 5 p.m. EDT",14506,14220,13552,-954
ISNE,"4/26/2016 6 p.m. EDT",14815,14600,13802,-1013
ISNE,"4/26/2016 7 p.m. EDT",14930,14780,13785,-1145
ISNE,"4/26/2016 8 p.m. EDT",15030,14960,13827,-1203
ISNE,"4/26/2016 9 p.m. EDT",14969,15050,13750,-1219
ISNE,"4/26/2016 10 p.m. EDT",14019,14080,12698,-1321
ISNE,"4/26/2016 11 p.m. EDT",12661,12720,11479,-1182
ISNE,"4/27/2016 12 a.m. EDT",11877,11530,10808,-1069
ISNE,"4/27/2016 1 a.m. EDT",11726,10710,10518,-1208
ISNE,"4/27/2016 2 a.m. EDT",11395,10150,10230,-1165
ISNE,"4/27/2016 3 a.m. EDT",11378,10060,10086,-1292
ISNE,"4/27/2016 4 a.m. EDT",11463,10010,10093,-1370
ISNE,"4/27/2016 5 a.m. EDT",11780,10510,10504,-1276
ISNE,"4/27/2016 6 a.m. EDT",12201,11550,10877,-1324
ISNE,"4/27/2016 7 a.m. EDT",12977,13020,11763,-1214
ISNE,"4/27/2016 8 a.m. EDT",13805,13950,12439,-1366
ISNE,"4/27/2016 9 a.m. EDT",13611,13870,12191,-1420
ISNE,"4/27/2016 10 a.m. EDT",13310,13570,11937,-1373
ISNE,"4/27/2016 11 a.m. EDT",13143,13350,12029,-1114
ISNE,"4/27/2016 12 p.m. EDT",13023,13120,11918,-1105
ISNE,"4/27/2016 1 p.m. EDT",12825,12850,11750,-1075
ISNE,"4/27/2016 2 p.m. EDT",12760,12740,11764,-996
ISNE,"4/27/2016 3 p.m. EDT",12655,12670,11546,-1109
ISNE,"4/27/2016 4 p.m. EDT",12595,12630,11488,-1107
ISNE,"4/27/2016 5 p.m. EDT",12775,12740,11680,-1095
ISNE,"4/27/2016 6 p.m. EDT",13138,13130,12047,-1091
ISNE,"4/27/2016 7 p.m. EDT",13394,13340,12169,-1225
ISNE,"4/27/2016 8 p.m. EDT",13729,14050,12392,-1337
ISNE,"4/27/2016 9 p.m. EDT",14217,14320,12983,-1234
ISNE,"4/27/2016 10 p.m. EDT",13421,13480,12370,-1051
ISNE,"4/27/2016 11 p.m. EDT",12100,12090,11046,-1054
ISNE,"4/28/2016 12 a.m. EDT",11363,10940,10263,-1100
ISNE,"4/28/2016 1 a.m. EDT",11207,10330,9734,-1473
ISNE,"4/28/2016 2 a.m. EDT",10872,9970,9416,-1456
ISNE,"4/28/2016 3 a.m. EDT",10701,9830,9236,-1465
ISNE,"4/28/2016 4 a.m. EDT",10720,9880,9209,-1511
ISNE,"4/28/2016 5 a.m. EDT",11179,10060,9676,-1503
ISNE,"4/28/2016 6 a.m. EDT",11801,11030,10346,-1455
ISNE,"4/28/2016 7 a.m. EDT",12605,12610,11252,-1353
ISNE,"4/28/2016 8 a.m. EDT",13463,13360,11965,-1498
ISNE,"4/28/2016 9 a.m. EDT",13360,13400,11941,-1419
ISNE,"4/28/2016 10 a.m. EDT",13161,13120,11832,-1329
ISNE,"4/28/2016 11 a.m. EDT",13056,13050,12023,-1033
ISNE,"4/28/2016 12 p.m. EDT",12934,12830,12103,-831
ISNE,"4/28/2016 1 p.m. EDT",12770,12690,12010,-760
ISNE,"4/28/2016 2 p.m. EDT",12810,12610,12037,-773
ISNE,"4/28/2016 3 p.m. EDT",12831,12450,12043,-788
ISNE,"4/28/2016 4 p.m. EDT",12880,12540,11912,-968
ISNE,"4/28/2016 5 p.m. EDT",13086,12730,11976,-1110
ISNE,"4/28/2016 6 p.m. EDT",13382,13170,12088,-1294
ISNE,"4/28/2016 7 p.m. EDT",13626,13410,12384,-1242
ISNE,"4/28/2016 8 p.m. EDT",14014,13950,12814,-1200
ISNE,"4/28/2016 9 p.m. EDT",14288,14170,12848,-1440
ISNE,"4/28/2016 10 p.m. EDT",13458,13320,12148,-1310
ISNE,"4/28/2016 11 p.m. EDT",12176,12160,10951,-1225
ISNE,"4/29/2016 12 a.m. EDT",11371,11030,10133,-1238
ISNE,"4/29/2016 1 a.m. EDT",10891,10220,9514,-1377
ISNE,"4/29/2016 2 a.m. EDT",10627,9830,9166,-1461
ISNE,"4/29/2016 3 a.m. EDT",10668,9650,9169,-1499
ISNE,"4/29/2016 4 a.m. EDT",10688,9630,9271,-1417
ISNE,"4/29/2016 5 a.m. EDT",10792,9960,9397,-1395
ISNE,"4/29/2016 6 a.m. EDT",11015,10880,9889,-1126
ISNE,"4/29/2016 7 a.m. EDT",12338,12350,11290,-1048
ISNE,"4/29/2016 8 a.m. EDT",13351,13230,12110,-1241
ISNE,"4/29/2016 9 a.m. EDT",13424,13390,12272,-1152
ISNE,"4/29/2016 10 a.m. EDT",13294,13340,12241,-1053
ISNE,"4/29/2016 11 a.m. EDT",13184,13230,12101,-1083
ISNE,"4/29/2016 12 p.m. EDT",13014,13100,11823,-1191
ISNE,"4/29/2016 1 p.m. EDT",12803,12970,11745,-1058
ISNE,"4/29/2016 2 p.m. EDT",12697,12830,11822,-875
ISNE,"4/29/2016 3 p.m. EDT",12506,12670,11790,-716
ISNE,"4/29/2016 4 p.m. EDT",12433,12570,11716,-717
ISNE,"4/29/2016 5 p.m. EDT",12636,12630,11864,-772
ISNE,"4/29/2016 6 p.m. EDT",12878,12790,12210,-668
ISNE,"4/29/2016 7 p.m. EDT",13013,12870,12185,-828
ISNE,"4/29/2016 8 p.m. EDT",13311,13240,12477,-834
ISNE,"4/29/2016 9 p.m. EDT",13644,13600,12898,-746
ISNE,"4/29/2016 10 p.m. EDT",13026,12940,12178,-848
ISNE,"4/29/2016 11 p.m. EDT",12013,11930,11063,-950
ISNE,"4/30/2016 12 a.m. EDT",10957,10890,10324,-633
ISNE,"4/30/2016 1 a.m. EDT",10550,10200,9856,-694
ISNE,"4/30/2016 2 a.m. EDT",10359,9770,9601,-758
ISNE,"4/30/2016 3 a.m. EDT",10295,9550,9457,-838
ISNE,"4/30/2016 4 a.m. EDT",10230,9470,9478,-752
ISNE,"4/30/2016 5 a.m. EDT",10339,9580,9567,-772
ISNE,"4/30/2016 6 a.m. EDT",10671,9950,9958,-713
ISNE,"4/30/2016 7 a.m. EDT",10780,10400,10357,-423
ISNE,"4/30/2016 8 a.m. EDT",11078,11100,10739,-339
ISNE,"4/30/2016 9 a.m. EDT",11573,11700,11508,-65
ISNE,"4/30/2016 10 a.m. EDT",11679,11920,11369,-310
ISNE,"4/30/2016 11 a.m. EDT",11573,11930,11028,-545
ISNE,"4/30/2016 12 p.m. EDT",11452,11790,10994,-458
ISNE,"4/30/2016 1 p.m. EDT",11277,11600,10783,-494
ISNE,"4/30/2016 2 p.m. EDT",11130,11410,10566,-564
ISNE,"4/30/2016 3 p.m. EDT",11100,11280,10561,-539
ISNE,"4/30/2016 4 p.m. EDT",11167,11240,10653,-514
ISNE,"4/30/2016 5 p.m. EDT",11399,11460,10700,-699
ISNE,"4/30/2016 6 p.m. EDT",11711,11880,10936,-775
ISNE,"4/30/2016 7 p.m. EDT",11981,12140,11286,-695
ISNE,"4/30/2016 8 p.m. EDT",12243,12480,11584,-659
ISNE,"4/30/2016 9 p.m. EDT",12723,12800,12025,-698
ISNE,"4/30/2016 10 p.m. EDT",12260,12240,11788,-472
ISNE,"4/30/2016 11 p.m. EDT",11432,11430,10798,-634
ISNE,"5/1/2016 12 a.m. EDT",10519,10530,9777,-742
