"BA Code","Timestamp (Hour Ending)","Demand (MWh)","Demand Forecast (MWh)","Net Generation (MWh)","Total Interchange (MWh)"
ISNE,"12/1/2019 12 a.m. EST",13030,12540,10284,-2746
ISNE,"12/1/2019 1 a.m. EST",12409,12160,9619,-2790
ISNE,"12/1/2019 2 a.m. EST",12194,11780,9188,-3006
ISNE,"12/1/2019 3 a.m. EST",12154,11600,8940,-3214
ISNE,"12/1/2019 4 a.m. EST",12122,11570,8813,-3309
ISNE,"12/1/2019 5 a.m. EST",12254,11620,9043,-3211
ISNE,"12/1/2019 6 a.m. EST",12603,12020,9373,-3230
ISNE,"12/1/2019 7 a.m. EST",12915,12580,9978,-2937
ISNE,"12/1/2019 8 a.m. EST",13157,12930,10241,-2916
ISNE,"12/1/2019 9 a.m. EST",13483,13280,10482,-3001
ISNE,"12/1/2019 10 a.m. EST",13786,13740,10902,-2884
ISNE,"12/1/2019 11 a.m. EST",14203,14170,11240,-2963
ISNE,"12/1/2019 12 p.m. EST",14532,14480,11598,-2934
ISNE,"12/1/2019 1 p.m. EST",14782,14580,11882,-2900
ISNE,"12/1/2019 2 p.m. EST",15064,14710,12046,-3018
ISNE,"12/1/2019 3 p.m. EST",15370,15120,12390,-2980
ISNE,"12/1/2019 4 p.m. EST",15810,15550,12954,-2856
ISNE,"12/1/2019 5 p.m. EST",16713,16980,13880,-2833
ISNE,"12/1/2019 6 p.m. EST",17168,17020,14481,-2687
ISNE,"12/1/2019 7 p.m. EST",16860,16700,14159,-2701
ISNE,"12/1/2019 8 p.m. EST",16276,16160,13431,-2845
ISNE,"12/1/2019 9 p.m. EST",15528,15520,12711,-2817
ISNE,"12/1/2019 10 p.m. EST",14543,14660,11581,-2962
ISNE,"12/1/2019 11 p.m. EST",13457,13510,10261,-3196
ISNE,"12/2/2019 12 a.m. EST",12688,12550,9412,-3276
ISNE,"12/2/2019 1 a.m. EST",12279,11710,8994,-3285
ISNE,"12/2/2019 2 a.m. EST",12173,11260,8843,-3330
ISNE,"12/2/2019 3 a.m. EST",12012,11140,8720,-3292
ISNE,"12/2/2019 4 a.m. EST",12019,11160,8773,-3246
ISNE,"12/2/2019 5 a.m. EST",12375,11610,9112,-3263
ISNE,"12/2/2019 6 a.m. EST",13219,12610,10380,-2839
ISNE,"12/2/2019 7 a.m. EST",14136,14220,11104,-3032
ISNE,"12/2/2019 8 a.m. EST",14915,15160,11781,-3134
ISNE,"12/2/2019 9 a.m. EST",15467,15430,12356,-3111
ISNE,"12/2/2019 10 a.m. EST",15792,15800,12669,-3123
ISNE,"12/2/2019 11 a.m. EST",16048,15960,12958,-3090
ISNE,"12/2/2019 12 p.m. EST",16154,16010,13041,-3113
ISNE,"12/2/2019 1 p.m. EST",16148,15880,12728,-3420
ISNE,"12/2/2019 2 p.m. EST",16147,15900,12748,-3399
ISNE,"12/2/2019 3 p.m. EST",16079,15960,12762,-3317
ISNE,"12/2/2019 4 p.m. EST",16185,16210,12836,-3349
ISNE,"12/2/2019 5 p.m. EST",16994,17290,13783,-3211
ISNE,"12/2/2019 6 p.m. EST",17600,17890,14643,-2957
ISNE,"12/2/2019 7 p.m. EST",17369,17740,14143,-3226
ISNE,"12/2/2019 8 p.m. EST",16911,17190,13509,-3402
ISNE,"12/2/2019 9 p.m. EST",16201,16450,12717,-3484
ISNE,"12/2/2019 10 p.m. EST",15205,15400,11378,-3827
ISNE,"12/2/2019 11 p.m. EST",13953,14090,10200,-3753
ISNE,"12/3/2019 12 a.m. EST",12915,12920,9349,-3566
ISNE,"12/3/2019 1 a.m. EST",12711,12210,8948,-3763
ISNE,"12/3/2019 2 a.m. EST",12418,11830,8851,-3567
ISNE,"12/3/2019 3 a.m. EST",12282,11680,8599,-3683
ISNE,"12/3/2019 4 a.m. EST",12107,11720,8426,-3681
ISNE,"12/3/2019 5 a.m. EST",12388,12090,8634,-3754
ISNE,"12/3/2019 6 a.m. EST",13240,13060,9598,-3642
ISNE,"12/3/2019 7 a.m. EST",14179,14590,10792,-3387
ISNE,"12/3/2019 8 a.m. EST",15095,15450,11939,-3156
ISNE,"12/3/2019 9 a.m. EST",15735,15850,12637,-3098
ISNE,"12/3/2019 10 a.m. EST",16069,16050,13006,-3063
ISNE,"12/3/2019 11 a.m. EST",16240,16050,13158,-3082
ISNE,"12/3/2019 12 p.m. EST",16290,16260,13089,-3201
ISNE,"12/3/2019 1 p.m. EST",16191,16220,13267,-2924
ISNE,"12/3/2019 2 p.m. EST",16058,16030,13264,-2794
ISNE,"12/3/2019 3 p.m. EST",15910,16060,13140,-2770
ISNE,"12/3/2019 4 p.m. EST",15986,16490,13209,-2777
ISNE,"12/3/2019 5 p.m. EST",16840,17130,13989,-2851
ISNE,"12/3/2019 6 p.m. EST",17623,17400,14703,-2920
ISNE,"12/3/2019 7 p.m. EST",17419,17210,14525,-2894
ISNE,"12/3/2019 8 p.m. EST",16947,16740,14078,-2869
ISNE,"12/3/2019 9 p.m. EST",16261,16190,13365,-2896
ISNE,"12/3/2019 10 p.m. EST",15236,15260,12141,-3095
ISNE,"12/3/2019 11 p.m. EST",14016,13960,10693,-3323
ISNE,"12/4/2019 12 a.m. EST",12927,12860,9570,-3357
ISNE,"12/4/2019 1 a.m. EST",12447,12240,9168,-3279
ISNE,"12/4/2019 2 a.m. EST",12181,11890,8844,-3337
ISNE,"12/4/2019 3 a.m. EST",12018,11740,8670,-3348
ISNE,"12/4/2019 4 a.m. EST",12042,11750,8707,-3335
ISNE,"12/4/2019 5 a.m. EST",12399,12050,9015,-3384
ISNE,"12/4/2019 6 a.m. EST",13141,13120,9904,-3237
ISNE,"12/4/2019 7 a.m. EST",14756,14740,11761,-2995
ISNE,"12/4/2019 8 a.m. EST",15652,15720,12643,-3009
ISNE,"12/4/2019 9 a.m. EST",15795,15780,12695,-3100
ISNE,"12/4/2019 10 a.m. EST",15783,15760,12679,-3104
ISNE,"12/4/2019 11 a.m. EST",15730,15530,12697,-3033
ISNE,"12/4/2019 12 p.m. EST",15608,15340,12478,-3130
ISNE,"12/4/2019 1 p.m. EST",15482,15290,12336,-3146
ISNE,"12/4/2019 2 p.m. EST",15442,15280,12345,-3097
ISNE,"12/4/2019 3 p.m. EST",15338,15320,12346,-2992
ISNE,"12/4/2019 4 p.m. EST",15473,15470,12543,-2930
ISNE,"12/4/2019 5 p.m. EST",16327,16660,13429,-2898
ISNE,"12/4/2019 6 p.m. EST",16952,17500,14125,-2827
ISNE,"12/4/2019 7 p.m. EST",16838,17270,13713,-3125
ISNE,"12/4/2019 8 p.m. EST",16449,16790,13259,-3190
ISNE,"12/4/2019 9 p.m. EST",15897,16120,12682,-3215
ISNE,"12/4/2019 10 p.m. EST",14924,15060,11696,-3228
ISNE,"12/4/2019 11 p.m. EST",13667,13750,10417,-3250
ISNE,"12/5/2019 12 a.m. EST",12732,12570,9197,-3535
ISNE,"12/5/2019 1 a.m. EST",12300,11850,8940,-3360
ISNE,"12/5/2019 2 a.m. EST",12120,11480,8965,-3155
ISNE,"12/5/2019 3 a.m. EST",12114,11300,8975,-3139
ISNE,"12/5/2019 4 a.m. EST",12151,11340,9083,-3068
ISNE,"12/5/2019 5 a.m. EST",12270,11740,9285,-2985
ISNE,"12/5/2019 6 a.m. EST",12786,12770,9960,-2826
ISNE,"12/5/2019 7 a.m. EST",14438,14480,11684,-2754
ISNE,"12/5/2019 8 a.m. EST",15330,15330,12667,-2663
ISNE,"12/5/2019 9 a.m. EST",15279,15270,12599,-2680
ISNE,"12/5/2019 10 a.m. EST",14971,15090,12303,-2668
ISNE,"12/5/2019 11 a.m. EST",14675,14630,11873,-2802
ISNE,"12/5/2019 12 p.m. EST",14448,14470,11553,-2895
ISNE,"12/5/2019 1 p.m. EST",14324,14300,11399,-2925
ISNE,"12/5/2019 2 p.m. EST",14501,14330,11611,-2890
ISNE,"12/5/2019 3 p.m. EST",14716,14570,11847,-2869
ISNE,"12/5/2019 4 p.m. EST",15081,15030,12309,-2772
ISNE,"12/5/2019 5 p.m. EST",16097,16210,13438,-2659
ISNE,"12/5/2019 6 p.m. EST",16816,17000,14107,-2709
ISNE,"12/5/2019 7 p.m. EST",16749,16920,13967,-2782
ISNE,"12/5/2019 8 p.m. EST",16428,16530,13539,-2889
ISNE,"12/5/2019 9 p.m. EST",15923,15980,12956,-2967
ISNE,"12/5/2019 10 p.m. EST",15067,15050,12005,-3062
ISNE,"12/5/2019 11 p.m. EST",13942,13730,10913,-3029
ISNE,"12/6/2019 12 a.m. EST",13073,12610,10121,-2952
ISNE,"12/6/2019 1 a.m. EST",12864,12120,9808,-3056
ISNE,"12/6/2019 2 a.m. EST",12850,11780,9794,-3056
ISNE,"12/6/2019 3 a.m. EST",12701,11620,9564,-3137
ISNE,"12/6/2019 4 a.m. EST",12738,11680,9494,-3244
ISNE,"12/6/2019 5 a.m. EST",13119,12060,9896,-3223
ISNE,"12/6/2019 6 a.m. EST",13709,13100,10611,-3098
ISNE,"12/6/2019 7 a.m. EST",14774,14770,11999,-2775
ISNE,"12/6/2019 8 a.m. EST",15643,15650,13492,-2151
ISNE,"12/6/2019 9 a.m. EST",15821,15830,13577,-2244
ISNE,"12/6/2019 10 a.m. EST",15828,15800,13440,-2388
ISNE,"12/6/2019 11 a.m. EST",15783,15740,13416,-2367
ISNE,"12/6/2019 12 p.m. EST",15711,15700,13265,-2446
ISNE,"12/6/2019 1 p.m. EST",15620,15500,13100,-2520
ISNE,"12/6/2019 2 p.m. EST",15642,15460,13036,-2606
ISNE,"12/6/2019 3 p.m. EST",15637,15340,12885,-2752
ISNE,"12/6/2019 4 p.m. EST",15826,15530,12563,-3263
ISNE,"12/6/2019 5 p.m. EST",16551,16470,13333,-3218
ISNE,"12/6/2019 6 p.m. EST",16829,16910,13272,-3557
ISNE,"12/6/2019 7 p.m. EST",16507,16590,13005,-3502
ISNE,"12/6/2019 8 p.m. EST",15995,16120,12440,-3555
ISNE,"12/6/2019 9 p.m. EST",15456,15540,11956,-3500
ISNE,"12/6/2019 10 p.m. EST",14727,14750,11377,-3350
ISNE,"12/6/2019 11 p.m. EST",13768,13740,10512,-3256
ISNE,"12/7/2019 12 a.m. EST",12848,12650,9636,-3212
ISNE,"12/7/2019 1 a.m. EST",12639,12100,9466,-3173
ISNE,"12/7/2019 2 a.m. EST",12568,11710,9127,-3441
ISNE,"12/7/2019 3 a.m. EST",12591,11530,9144,-3447
ISNE,"12/7/2019 4 a.m. EST",12580,11530,9189,-3391
ISNE,"12/7/2019 5 a.m. EST",12783,11740,9480,-3303
ISNE,"12/7/2019 6 a.m. EST",13010,12240,9751,-3259
ISNE,"12/7/2019 7 a.m. EST",13587,13080,10294,-3293
ISNE,"12/7/2019 8 a.m. EST",14061,13890,10880,-3181
ISNE,"12/7/2019 9 a.m. EST",14388,14400,11273,-3115
ISNE,"12/7/2019 10 a.m. EST",14363,14350,11286,-3077
ISNE,"12/7/2019 11 a.m. EST",14146,14220,11140,-3006
ISNE,"12/7/2019 12 p.m. EST",13932,14110,10877,-3055
ISNE,"12/7/2019 1 p.m. EST",13743,13960,10589,-3154
ISNE,"12/7/2019 2 p.m. EST",13724,13830,10523,-3201
ISNE,"12/7/2019 3 p.m. EST",14201,13940,11017,-3184
ISNE,"12/7/2019 4 p.m. EST",14562,14620,11391,-3171
ISNE,"12/7/2019 5 p.m. EST",15642,15470,12609,-3033
ISNE,"12/7/2019 6 p.m. EST",16377,16390,13323,-3054
ISNE,"12/7/2019 7 p.m. EST",16226,16190,13102,-3124
ISNE,"12/7/2019 8 p.m. EST",15891,15690,12668,-3223
ISNE,"12/7/2019 9 p.m. EST",15511,15160,12355,-3156
ISNE,"12/7/2019 10 p.m. EST",14972,14620,12040,-2932
ISNE,"12/7/2019 11 p.m. EST",14217,13830,11157,-3060
ISNE,"12/8/2019 12 a.m. EST",13398,13080,10480,-2918
ISNE,"12/8/2019 1 a.m. EST",12761,12740,10084,-2677
ISNE,"12/8/2019 2 a.m. EST",12393,12390,9507,-2886
ISNE,"12/8/2019 3 a.m. EST",12238,12230,9284,-2954
ISNE,"12/8/2019 4 a.m. EST",12223,12220,9398,-2825
ISNE,"12/8/2019 5 a.m. EST",12378,12380,9586,-2792
ISNE,"12/8/2019 6 a.m. EST",12736,12750,9845,-2891
ISNE,"12/8/2019 7 a.m. EST",13379,13410,10436,-2943
ISNE,"12/8/2019 8 a.m. EST",14057,14080,11239,-2818
ISNE,"12/8/2019 9 a.m. EST",14463,14470,11720,-2743
ISNE,"12/8/2019 10 a.m. EST",14408,14400,11547,-2861
ISNE,"12/8/2019 11 a.m. EST",14157,14370,11093,-3064
ISNE,"12/8/2019 12 p.m. EST",13981,14410,11005,-2976
ISNE,"12/8/2019 1 p.m. EST",13965,14510,11051,-2914
ISNE,"12/8/2019 2 p.m. EST",14176,14660,11256,-2920
ISNE,"12/8/2019 3 p.m. EST",14536,15010,11615,-2921
ISNE,"12/8/2019 4 p.m. EST",15059,15590,12147,-2912
ISNE,"12/8/2019 5 p.m. EST",16236,16580,13405,-2831
ISNE,"12/8/2019 6 p.m. EST",16882,16980,14034,-2848
ISNE,"12/8/2019 7 p.m. EST",16746,16700,13807,-2939
ISNE,"12/8/2019 8 p.m. EST",16250,16220,13328,-2922
ISNE,"12/8/2019 9 p.m. EST",15731,15540,12626,-3105
ISNE,"12/8/2019 10 p.m. EST",14708,14550,11634,-3074
ISNE,"12/8/2019 11 p.m. EST",13457,13420,10143,-3314
ISNE,"12/9/2019 12 a.m. EST",12623,12400,9161,-3462
ISNE,"12/9/2019 1 a.m. EST",12415,11660,8922,-3493
ISNE,"12/9/2019 2 a.m. EST",12052,11240,8519,-3533
ISNE,"12/9/2019 3 a.m. EST",11834,11050,8278,-3556
ISNE,"12/9/2019 4 a.m. EST",11785,11000,8225,-3560
ISNE,"12/9/2019 5 a.m. EST",12134,11350,8619,-3515
ISNE,"12/9/2019 6 a.m. EST",12469,12360,9007,-3462
ISNE,"12/9/2019 7 a.m. EST",14028,14060,10685,-3343
ISNE,"12/9/2019 8 a.m. EST",15036,15030,11788,-3248
ISNE,"12/9/2019 9 a.m. EST",15292,15300,11978,-3314
ISNE,"12/9/2019 10 a.m. EST",15395,15380,12061,-3334
ISNE,"12/9/2019 11 a.m. EST",15472,15400,12285,-3187
ISNE,"12/9/2019 12 p.m. EST",15515,15360,12342,-3173
ISNE,"12/9/2019 1 p.m. EST",15443,15200,12296,-3147
ISNE,"12/9/2019 2 p.m. EST",15346,15100,12286,-3060
ISNE,"12/9/2019 3 p.m. EST",15229,15140,12178,-3051
ISNE,"12/9/2019 4 p.m. EST",15344,15470,12220,-3124
ISNE,"12/9/2019 5 p.m. EST",16093,16310,12936,-3157
ISNE,"12/9/2019 6 p.m. EST",16590,16750,13399,-3191
ISNE,"12/9/2019 7 p.m. EST",16369,16460,13022,-3347
ISNE,"12/9/2019 8 p.m. EST",15836,15850,12669,-3167
ISNE,"12/9/2019 9 p.m. EST",15110,14990,11832,-3278
ISNE,"12/9/2019 10 p.m. EST",14052,13990,10887,-3165
ISNE,"12/9/2019 11 p.m. EST",12980,12700,9799,-3181
ISNE,"12/10/2019 12 a.m. EST",12046,11630,9087,-2959
ISNE,"12/10/2019 1 a.m. EST",11494,10850,8646,-2848
ISNE,"12/10/2019 2 a.m. EST",10882,10300,8319,-2563
ISNE,"12/10/2019 3 a.m. EST",10544,9950,8243,-2301
ISNE,"12/10/2019 4 a.m. EST",10746,9960,8385,-2361
ISNE,"12/10/2019 5 a.m. EST",10891,10230,8530,-2361
ISNE,"12/10/2019 6 a.m. EST",11197,11120,8775,-2422
ISNE,"12/10/2019 7 a.m. EST",12874,13010,10079,-2795
ISNE,"12/10/2019 8 a.m. EST",13853,14090,10981,-2872
ISNE,"12/10/2019 9 a.m. EST",13953,14090,11213,-2740
ISNE,"12/10/2019 10 a.m. EST",13946,14070,11259,-2687
ISNE,"12/10/2019 11 a.m. EST",13997,14000,10776,-3221
ISNE,"12/10/2019 12 p.m. EST",14007,14010,11003,-3004
ISNE,"12/10/2019 1 p.m. EST",14138,14100,11396,-2742
ISNE,"12/10/2019 2 p.m. EST",14217,14210,11382,-2835
ISNE,"12/10/2019 3 p.m. EST",14257,14250,11268,-2989
ISNE,"12/10/2019 4 p.m. EST",14490,14510,11183,-3307
ISNE,"12/10/2019 5 p.m. EST",15312,15400,12208,-3104
ISNE,"12/10/2019 6 p.m. EST",15853,16250,13132,-2721
ISNE,"12/10/2019 7 p.m. EST",15704,15920,12716,-2988
ISNE,"12/10/2019 8 p.m. EST",15296,15420,12299,-2997
ISNE,"12/10/2019 9 p.m. EST",14712,14810,11873,-2839
ISNE,"12/10/2019 10 p.m. EST",13854,13920,11138,-2716
ISNE,"12/10/2019 11 p.m. EST",12948,12760,10003,-2945
ISNE,"12/11/2019 12 a.m. EST",12147,11710,9067,-3080
ISNE,"12/11/2019 1 a.m. EST",11495,10940,8810,-2685
ISNE,"12/11/2019 2 a.m. EST",10989,10640,8508,-2481
ISNE,"12/11/2019 3 a.m. EST",10881,10600,8644,-2237
ISNE,"12/11/2019 4 a.m. EST",11011,10730,8802,-2209
ISNE,"12/11/2019 5 a.m. EST",11424,11190,9027,-2397
ISNE,"12/11/2019 6 a.m. EST",12206,12250,9564,-2642
ISNE,"12/11/2019 7 a.m. EST",13860,13900,10925,-2935
ISNE,"12/11/2019 8 a.m. EST",15030,15050,12279,-2751
ISNE,"12/11/2019 9 a.m. EST",15521,15540,12549,-2972
ISNE,"12/11/2019 10 a.m. EST",15821,15860,13046,-2775
ISNE,"12/11/2019 11 a.m. EST",15852,15980,12688,-3164
ISNE,"12/11/2019 12 p.m. EST",15575,15750,12338,-3237
ISNE,"12/11/2019 1 p.m. EST",15117,15710,11888,-3229
ISNE,"12/11/2019 2 p.m. EST",14963,15650,11676,-3287
ISNE,"12/11/2019 3 p.m. EST",15019,15620,11805,-3214
ISNE,"12/11/2019 4 p.m. EST",15394,15870,12232,-3162
ISNE,"12/11/2019 5 p.m. EST",16508,16400,13411,-3097
ISNE,"12/11/2019 6 p.m. EST",17424,17250,14590,-2834
ISNE,"12/11/2019 7 p.m. EST",17362,17140,14409,-2953
ISNE,"12/11/2019 8 p.m. EST",17040,16710,13970,-3070
ISNE,"12/11/2019 9 p.m. EST",16465,16080,13340,-3125
ISNE,"12/11/2019 10 p.m. EST",15559,15170,12289,-3270
ISNE,"12/11/2019 11 p.m. EST",14321,13860,11002,-3319
ISNE,"12/12/2019 12 a.m. EST",13151,12730,9794,-3357
ISNE,"12/12/2019 1 a.m. EST",12433,12420,9138,-3295
ISNE,"12/12/2019 2 a.m. EST",12335,12080,9274,-3061
ISNE,"12/12/2019 3 a.m. EST",12237,11950,9159,-3078
ISNE,"12/12/2019 4 a.m. EST",12305,12030,9171,-3134
ISNE,"12/12/2019 5 a.m. EST",12738,12470,9506,-3232
ISNE,"12/12/2019 6 a.m. EST",13588,13590,10442,-3146
ISNE,"12/12/2019 7 a.m. EST",15384,15430,12298,-3086
ISNE,"12/12/2019 8 a.m. EST",16367,16380,13226,-3141
ISNE,"12/12/2019 9 a.m. EST",16360,16350,13075,-3285
ISNE,"12/12/2019 10 a.m. EST",16050,16050,12719,-3331
ISNE,"12/12/2019 11 a.m. EST",15799,15870,12273,-3526
ISNE,"12/12/2019 12 p.m. EST",15493,15690,12175,-3318
ISNE,"12/12/2019 1 p.m. EST",15217,15480,11819,-3398
ISNE,"12/12/2019 2 p.m. EST",15676,15340,12346,-3330
ISNE,"12/12/2019 3 p.m. EST",15664,15490,12572,-3092
ISNE,"12/12/2019 4 p.m. EST",15781,15900,12781,-3000
ISNE,"12/12/2019 5 p.m. EST",16846,16920,13800,-3046
ISNE,"12/12/2019 6 p.m. EST",17573,17500,14744,-2829
ISNE,"12/12/2019 7 p.m. EST",17507,17300,14579,-2928
ISNE,"12/12/2019 8 p.m. EST",17281,16980,14301,-2980
ISNE,"12/12/2019 9 p.m. EST",16808,16450,13721,-3087
ISNE,"12/12/2019 10 p.m. EST",15945,15530,12793,-3152
ISNE,"12/12/2019 11 p.m. EST",14682,14280,11801,-2881
ISNE,"12/13/2019 12 a.m. EST",13717,13150,10528,-3189
ISNE,"12/13/2019 1 a.m. EST",13003,12720,9848,-3155
ISNE,"12/13/2019 2 a.m. EST",12857,12330,9779,-3078
ISNE,"12/13/2019 3 a.m. EST",12880,12140,9985,-2895
ISNE,"12/13/2019 4 a.m. EST",12907,12140,10062,-2845
ISNE,"12/13/2019 5 a.m. EST",13151,12480,10386,-2765
ISNE,"12/13/2019 6 a.m. EST",13470,13460,10845,-2625
ISNE,"12/13/2019 7 a.m. EST",15086,15140,12510,-2576
ISNE,"12/13/2019 8 a.m. EST",16045,16050,13486,-2559
ISNE,"12/13/2019 9 a.m. EST",16154,15910,13101,-3053
ISNE,"12/13/2019 10 a.m. EST",16052,16070,13318,-2734
ISNE,"12/13/2019 11 a.m. EST",15938,15930,13064,-2874
ISNE,"12/13/2019 12 p.m. EST",15834,15800,13029,-2805
ISNE,"12/13/2019 1 p.m. EST",15659,15730,12843,-2816
ISNE,"12/13/2019 2 p.m. EST",15671,15760,12811,-2860
ISNE,"12/13/2019 3 p.m. EST",15615,15740,12768,-2847
ISNE,"12/13/2019 4 p.m. EST",15764,15900,12960,-2804
ISNE,"12/13/2019 5 p.m. EST",16489,16580,13807,-2682
ISNE,"12/13/2019 6 p.m. EST",16779,16730,13883,-2896
ISNE,"12/13/2019 7 p.m. EST",16405,16360,13434,-2971
ISNE,"12/13/2019 8 p.m. EST",15864,15870,12812,-3052
ISNE,"12/13/2019 9 p.m. EST",15292,15270,12176,-3116
ISNE,"12/13/2019 10 p.m. EST",14536,14450,11498,-3038
ISNE,"12/13/2019 11 p.m. EST",13697,13400,11027,-2670
ISNE,"12/14/2019 12 a.m. EST",12594,12370,10076,-2518
ISNE,"12/14/2019 1 a.m. EST",11924,11590,9502,-2422
ISNE,"12/14/2019 2 a.m. EST",11791,11070,9174,-2617
ISNE,"12/14/2019 3 a.m. EST",11634,10780,8729,-2905
ISNE,"12/14/2019 4 a.m. EST",11608,10650,8527,-3081
ISNE,"12/14/2019 5 a.m. EST",11668,10720,8706,-2962
ISNE,"12/14/2019 6 a.m. EST",12001,11080,8994,-3007
ISNE,"12/14/2019 7 a.m. EST",12163,11790,9633,-2530
ISNE,"12/14/2019 8 a.m. EST",12889,12680,10248,-2641
ISNE,"12/14/2019 9 a.m. EST",13555,13410,10825,-2730
ISNE,"12/14/2019 10 a.m. EST",13885,13900,10810,-3075
ISNE,"12/14/2019 11 a.m. EST",14035,14160,10733,-3302
ISNE,"12/14/2019 12 p.m. EST",13930,14080,10573,-3357
ISNE,"12/14/2019 1 p.m. EST",13801,13980,10402,-3399
ISNE,"12/14/2019 2 p.m. EST",13670,13910,10231,-3439
ISNE,"12/14/2019 3 p.m. EST",13647,13950,10156,-3491
ISNE,"12/14/2019 4 p.m. EST",13868,14100,10362,-3506
ISNE,"12/14/2019 5 p.m. EST",14605,14970,11138,-3467
ISNE,"12/14/2019 6 p.m. EST",14911,15180,11374,-3537
ISNE,"12/14/2019 7 p.m. EST",14595,14880,11044,-3551
ISNE,"12/14/2019 8 p.m. EST",14130,14260,10722,-3408
ISNE,"12/14/2019 9 p.m. EST",13622,13720,10270,-3352
ISNE,"12/14/2019 10 p.m. EST",13011,13080,9721,-3290
ISNE,"12/14/2019 11 p.m. EST",12296,12350,9129,-3167
ISNE,"12/15/2019 12 a.m. EST",11616,11310,8490,-3126
ISNE,"12/15/2019 1 a.m. EST",11145,10620,8130,-3015
ISNE,"12/15/2019 2 a.m. EST",10950,10180,8222,-2728
ISNE,"12/15/2019 3 a.m. EST",10790,9990,8054,-2736
ISNE,"12/15/2019 4 a.m. EST",10749,9960,8030,-2719
ISNE,"12/15/2019 5 a.m. EST",11089,10100,8233,-2856
ISNE,"12/15/2019 6 a.m. EST",11208,10390,8284,-2924
ISNE,"12/15/2019 7 a.m. EST",11511,10970,8718,-2793
ISNE,"12/15/2019 8 a.m. EST",11790,11640,8862,-2928
ISNE,"12/15/2019 9 a.m. EST",12333,12340,9240,-3093
ISNE,"12/15/2019 10 a.m. EST",12588,12600,9485,-3103
ISNE,"12/15/2019 11 a.m. EST",12563,12480,9187,-3376
ISNE,"12/15/2019 12 p.m. EST",12882,12330,9581,-3301
ISNE,"12/15/2019 1 p.m. EST",13238,12480,10042,-3196
ISNE,"12/15/2019 2 p.m. EST",13266,12710,10151,-3115
ISNE,"12/15/2019 3 p.m. EST",13418,13010,10088,-3330
ISNE,"12/15/2019 4 p.m. EST",13860,13800,10603,-3257
ISNE,"12/15/2019 5 p.m. EST",15119,14970,11650,-3469
ISNE,"12/15/2019 6 p.m. EST",16062,15860,12680,-3382
ISNE,"12/15/2019 7 p.m. EST",16070,15800,12676,-3394
ISNE,"12/15/2019 8 p.m. EST",15741,15450,12323,-3418
ISNE,"12/15/2019 9 p.m. EST",15292,14880,11875,-3417
ISNE,"12/15/2019 10 p.m. EST",14492,14080,11238,-3254
ISNE,"12/15/2019 11 p.m. EST",13395,13000,10191,-3204
ISNE,"12/16/2019 12 a.m. EST",12637,12040,9323,-3314
ISNE,"12/16/2019 1 a.m. EST",12523,11720,9454,-3069
ISNE,"12/16/2019 2 a.m. EST",11920,11370,9026,-2894
ISNE,"12/16/2019 3 a.m. EST",11921,11270,9250,-2671
ISNE,"12/16/2019 4 a.m. EST",12151,11360,9215,-2936
ISNE,"12/16/2019 5 a.m. EST",12443,11800,9498,-2945
ISNE,"12/16/2019 6 a.m. EST",13009,12930,9789,-3220
ISNE,"12/16/2019 7 a.m. EST",14685,14740,11563,-3122
ISNE,"12/16/2019 8 a.m. EST",15734,15740,12607,-3127
ISNE,"12/16/2019 9 a.m. EST",15832,15840,12571,-3261
ISNE,"12/16/2019 10 a.m. EST",15793,15770,12638,-3155
ISNE,"12/16/2019 11 a.m. EST",15791,15570,12536,-3255
ISNE,"12/16/2019 12 p.m. EST",15745,15580,12417,-3328
ISNE,"12/16/2019 1 p.m. EST",15493,15590,12199,-3294
ISNE,"12/16/2019 2 p.m. EST",15380,15580,12024,-3356
ISNE,"12/16/2019 3 p.m. EST",15529,15660,12213,-3316
ISNE,"12/16/2019 4 p.m. EST",15910,16010,12787,-3123
ISNE,"12/16/2019 5 p.m. EST",17019,16660,13895,-3124
ISNE,"12/16/2019 6 p.m. EST",17849,17490,14682,-3167
ISNE,"12/16/2019 7 p.m. EST",17760,17400,14562,-3198
ISNE,"12/16/2019 8 p.m. EST",17371,17200,14137,-3234
ISNE,"12/16/2019 9 p.m. EST",16769,16540,13538,-3231
ISNE,"12/16/2019 10 p.m. EST",15782,15500,12576,-3206
ISNE,"12/16/2019 11 p.m. EST",14555,14150,11233,-3322
ISNE,"12/17/2019 12 a.m. EST",13631,12940,10206,-3425
ISNE,"12/17/2019 1 a.m. EST",13227,12410,9907,-3320
ISNE,"12/17/2019 2 a.m. EST",13034,12020,9519,-3515
ISNE,"12/17/2019 3 a.m. EST",12895,11820,9413,-3482
ISNE,"12/17/2019 4 a.m. EST",12887,11850,9419,-3468
ISNE,"12/17/2019 5 a.m. EST",13034,12230,9812,-3222
ISNE,"12/17/2019 6 a.m. EST",13840,13240,10814,-3026
ISNE,"12/17/2019 7 a.m. EST",14805,14970,11815,-2990
ISNE,"12/17/2019 8 a.m. EST",15690,16040,12698,-2992
ISNE,"12/17/2019 9 a.m. EST",16245,16310,13059,-3186
ISNE,"12/17/2019 10 a.m. EST",16647,16650,13418,-3229
ISNE,"12/17/2019 11 a.m. EST",16933,16620,13708,-3225
ISNE,"12/17/2019 12 p.m. EST",17126,16570,13503,-3623
ISNE,"12/17/2019 1 p.m. EST",17147,17130,13528,-3619
ISNE,"12/17/2019 2 p.m. EST",17103,17180,13670,-3433
ISNE,"12/17/2019 3 p.m. EST",16950,17110,13544,-3406
ISNE,"12/17/2019 4 p.m. EST",17003,17210,13737,-3266
ISNE,"12/17/2019 5 p.m. EST",17731,17460,14533,-3198
ISNE,"12/17/2019 6 p.m. EST",18210,18120,14951,-3259
ISNE,"12/17/2019 7 p.m. EST",17867,17850,14504,-3363
ISNE,"12/17/2019 8 p.m. EST",17339,17320,13901,-3438
ISNE,"12/17/2019 9 p.m. EST",16610,16590,13128,-3482
ISNE,"12/17/2019 10 p.m. EST",15550,15620,11918,-3632
ISNE,"12/17/2019 11 p.m. EST",14380,14340,10660,-3720
ISNE,"12/18/2019 12 a.m. EST",13415,13220,9906,-3509
ISNE,"12/18/2019 1 a.m. EST",13026,12490,9339,-3687
ISNE,"12/18/2019 2 a.m. EST",12767,12070,9270,-3497
ISNE,"12/18/2019 3 a.m. EST",12604,11920,9086,-3518
ISNE,"12/18/2019 4 a.m. EST",12698,11940,9225,-3473
ISNE,"12/18/2019 5 a.m. EST",13243,12370,9780,-3463
ISNE,"12/18/2019 6 a.m. EST",14163,13540,10914,-3249
ISNE,"12/18/2019 7 a.m. EST",15132,15510,12177,-2955
ISNE,"12/18/2019 8 a.m. EST",15749,16470,12829,-2920
ISNE,"12/18/2019 9 a.m. EST",15973,16050,12932,-3041
ISNE,"12/18/2019 10 a.m. EST",15764,15760,12747,-3017
ISNE,"12/18/2019 11 a.m. EST",15350,15470,12357,-2993
ISNE,"12/18/2019 12 p.m. EST",14953,15360,11947,-3006
ISNE,"12/18/2019 1 p.m. EST",14725,15300,11733,-2992
ISNE,"12/18/2019 2 p.m. EST",15250,15440,12263,-2987
ISNE,"12/18/2019 3 p.m. EST",15440,15830,12620,-2820
ISNE,"12/18/2019 4 p.m. EST",15622,16450,12896,-2726
ISNE,"12/18/2019 5 p.m. EST",16696,17170,13978,-2718
ISNE,"12/18/2019 6 p.m. EST",17536,18080,14757,-2779
ISNE,"12/18/2019 7 p.m. EST",17557,18110,14674,-2883
ISNE,"12/18/2019 8 p.m. EST",17301,17920,14409,-2892
ISNE,"12/18/2019 9 p.m. EST",16896,17450,14022,-2874
ISNE,"12/18/2019 10 p.m. EST",16133,16650,13123,-3010
ISNE,"12/18/2019 11 p.m. EST",15042,15410,11852,-3190
ISNE,"12/19/2019 12 a.m. EST",14221,14300,10802,-3419
ISNE,"12/19/2019 1 a.m. EST",13572,13300,10025,-3547
ISNE,"12/19/2019 2 a.m. EST",13390,13030,9803,-3587
ISNE,"12/19/2019 3 a.m. EST",13541,13000,9899,-3642
ISNE,"12/19/2019 4 a.m. EST",13670,13130,10056,-3614
ISNE,"12/19/2019 5 a.m. EST",13879,13580,10412,-3467
ISNE,"12/19/2019 6 a.m. EST",14703,14710,11595,-3108
ISNE,"12/19/2019 7 a.m. EST",16495,16540,13559,-2936
ISNE,"12/19/2019 8 a.m. EST",17517,17520,14596,-2921
ISNE,"12/19/2019 9 a.m. EST",17489,17480,14161,-3328
ISNE,"12/19/2019 10 a.m. EST",17098,17110,13376,-3722
ISNE,"12/19/2019 11 a.m. EST",16700,16790,13203,-3497
ISNE,"12/19/2019 12 p.m. EST",16371,16650,12947,-3424
ISNE,"12/19/2019 1 p.m. EST",16122,16460,12679,-3443
ISNE,"12/19/2019 2 p.m. EST",16199,16460,12678,-3521
ISNE,"12/19/2019 3 p.m. EST",16468,16680,13042,-3426
ISNE,"12/19/2019 4 p.m. EST",16999,17230,13715,-3284
ISNE,"12/19/2019 5 p.m. EST",18085,18340,14885,-3200
ISNE,"12/19/2019 6 p.m. EST",18884,19200,15720,-3164
ISNE,"12/19/2019 7 p.m. EST",18811,18980,15482,-3329
ISNE,"12/19/2019 8 p.m. EST",18596,18660,15405,-3191
ISNE,"12/19/2019 9 p.m. EST",18170,18110,14851,-3319
ISNE,"12/19/2019 10 p.m. EST",17332,17190,13853,-3479
ISNE,"12/19/2019 11 p.m. EST",16119,15970,12519,-3600
ISNE,"12/20/2019 12 a.m. EST",14936,14840,11393,-3543
ISNE,"12/20/2019 1 a.m. EST",14131,14120,10516,-3615
ISNE,"12/20/2019 2 a.m. EST",13667,13660,10012,-3655
ISNE,"12/20/2019 3 a.m. EST",13499,13490,9828,-3671
ISNE,"12/20/2019 4 a.m. EST",13524,13510,9823,-3701
ISNE,"12/20/2019 5 a.m. EST",13903,13920,10195,-3708
ISNE,"12/20/2019 6 a.m. EST",14861,14890,11337,-3524
ISNE,"12/20/2019 7 a.m. EST",16517,16560,13022,-3495
ISNE,"12/20/2019 8 a.m. EST",17464,17460,14642,-2822
ISNE,"12/20/2019 9 a.m. EST",17370,17330,14152,-3218
ISNE,"12/20/2019 10 a.m. EST",16841,16840,13245,-3596
ISNE,"12/20/2019 11 a.m. EST",16343,16410,12726,-3617
ISNE,"12/20/2019 12 p.m. EST",15862,16050,12168,-3694
ISNE,"12/20/2019 1 p.m. EST",15945,15850,12250,-3695
ISNE,"12/20/2019 2 p.m. EST",15999,15770,12316,-3683
ISNE,"12/20/2019 3 p.m. EST",16230,15980,12549,-3681
ISNE,"12/20/2019 4 p.m. EST",16613,16470,13051,-3562
ISNE,"12/20/2019 5 p.m. EST",17316,17360,13871,-3445
ISNE,"12/20/2019 6 p.m. EST",18052,18150,14536,-3516
ISNE,"12/20/2019 7 p.m. EST",17865,17870,14335,-3530
ISNE,"12/20/2019 8 p.m. EST",17491,17460,14012,-3479
ISNE,"12/20/2019 9 p.m. EST",17027,16940,13542,-3485
ISNE,"12/20/2019 10 p.m. EST",16339,16220,12742,-3597
ISNE,"12/20/2019 11 p.m. EST",15368,15210,11753,-3615
ISNE,"12/21/2019 12 a.m. EST",14327,14170,10861,-3466
ISNE,"12/21/2019 1 a.m. EST",13747,13530,10257,-3490
ISNE,"12/21/2019 2 a.m. EST",13652,13100,10038,-3614
ISNE,"12/21/2019 3 a.m. EST",13458,12890,9794,-3664
ISNE,"12/21/2019 4 a.m. EST",13331,12850,9750,-3581
ISNE,"12/21/2019 5 a.m. EST",13545,13030,9992,-3553
ISNE,"12/21/2019 6 a.m. EST",13979,13470,10425,-3554
ISNE,"12/21/2019 7 a.m. EST",14267,14220,10861,-3406
ISNE,"12/21/2019 8 a.m. EST",14990,15010,11678,-3312
ISNE,"12/21/2019 9 a.m. EST",15516,15530,12231,-3285
ISNE,"12/21/2019 10 a.m. EST",15542,15520,12246,-3296
ISNE,"12/21/2019 11 a.m. EST",15513,15290,12409,-3104
ISNE,"12/21/2019 12 p.m. EST",15338,15130,12383,-2955
ISNE,"12/21/2019 1 p.m. EST",15142,14840,12002,-3140
ISNE,"12/21/2019 2 p.m. EST",15059,14830,11983,-3076
ISNE,"12/21/2019 3 p.m. EST",15381,15030,12247,-3134
ISNE,"12/21/2019 4 p.m. EST",15535,15390,12454,-3081
ISNE,"12/21/2019 5 p.m. EST",16245,16460,13260,-2985
ISNE,"12/21/2019 6 p.m. EST",16744,17050,13808,-2936
ISNE,"12/21/2019 7 p.m. EST",16573,16830,13626,-2947
ISNE,"12/21/2019 8 p.m. EST",16140,16390,13159,-2981
ISNE,"12/21/2019 9 p.m. EST",15970,15870,12939,-3031
ISNE,"12/21/2019 10 p.m. EST",15413,15270,12339,-3074
ISNE,"12/21/2019 11 p.m. EST",14341,14350,11277,-3064
ISNE,"12/22/2019 12 a.m. EST",13404,13430,10194,-3210
ISNE,"12/22/2019 1 a.m. EST",12733,12710,9338,-3395
ISNE,"12/22/2019 2 a.m. EST",12250,12250,8749,-3501
ISNE,"12/22/2019 3 a.m. EST",12026,12030,8580,-3446
ISNE,"12/22/2019 4 a.m. EST",11944,11950,8541,-3403
ISNE,"12/22/2019 5 a.m. EST",12028,12040,8663,-3365
ISNE,"12/22/2019 6 a.m. EST",12346,12370,8956,-3390
ISNE,"12/22/2019 7 a.m. EST",12948,12960,9665,-3283
ISNE,"12/22/2019 8 a.m. EST",13591,13600,10391,-3200
ISNE,"12/22/2019 9 a.m. EST",14094,14090,10863,-3231
ISNE,"12/22/2019 10 a.m. EST",14207,14200,10973,-3234
ISNE,"12/22/2019 11 a.m. EST",14066,14140,10745,-3321
ISNE,"12/22/2019 12 p.m. EST",13804,14010,10455,-3349
ISNE,"12/22/2019 1 p.m. EST",13708,13930,10313,-3395
ISNE,"12/22/2019 2 p.m. EST",13575,13890,10188,-3387
ISNE,"12/22/2019 3 p.m. EST",13746,14070,10343,-3403
ISNE,"12/22/2019 4 p.m. EST",14168,14460,10858,-3310
ISNE,"12/22/2019 5 p.m. EST",15345,15260,12076,-3269
ISNE,"12/22/2019 6 p.m. EST",16219,16200,13070,-3149
ISNE,"12/22/2019 7 p.m. EST",16113,16070,12715,-3398
ISNE,"12/22/2019 8 p.m. EST",15777,15760,12183,-3594
ISNE,"12/22/2019 9 p.m. EST",15315,15190,11574,-3741
ISNE,"12/22/2019 10 p.m. EST",14660,14420,11054,-3606
ISNE,"12/22/2019 11 p.m. EST",13876,13420,9992,-3884
ISNE,"12/23/2019 12 a.m. EST",12848,12410,8988,-3860
ISNE,"12/23/2019 1 a.m. EST",12132,11770,8268,-3864
ISNE,"12/23/2019 2 a.m. EST",12263,11300,8381,-3882
ISNE,"12/23/2019 3 a.m. EST",12147,11200,8274,-3873
ISNE,"12/23/2019 4 a.m. EST",12180,11270,8396,-3784
ISNE,"12/23/2019 5 a.m. EST",12308,11640,8546,-3762
ISNE,"12/23/2019 6 a.m. EST",12697,12630,8971,-3726
ISNE,"12/23/2019 7 a.m. EST",13864,14300,10240,-3624
ISNE,"12/23/2019 8 a.m. EST",14871,15270,11280,-3591
ISNE,"12/23/2019 9 a.m. EST",15042,14980,11424,-3618
ISNE,"12/23/2019 10 a.m. EST",14532,14360,11032,-3500
ISNE,"12/23/2019 11 a.m. EST",13927,13950,10537,-3390
ISNE,"12/23/2019 12 p.m. EST",13372,13590,9946,-3426
ISNE,"12/23/2019 1 p.m. EST",13044,13260,9858,-3186
ISNE,"12/23/2019 2 p.m. EST",13128,13310,10086,-3042
ISNE,"12/23/2019 3 p.m. EST",13541,13590,10359,-3182
ISNE,"12/23/2019 4 p.m. EST",14126,14300,10977,-3149
ISNE,"12/23/2019 5 p.m. EST",15239,15520,11976,-3263
ISNE,"12/23/2019 6 p.m. EST",16035,16500,12734,-3301
ISNE,"12/23/2019 7 p.m. EST",15882,16380,12561,-3321
ISNE,"12/23/2019 8 p.m. EST",15477,15980,12155,-3322
ISNE,"12/23/2019 9 p.m. EST",14969,15380,11760,-3209
ISNE,"12/23/2019 10 p.m. EST",14224,14430,10776,-3448
ISNE,"12/23/2019 11 p.m. EST",13220,13270,9816,-3404
ISNE,"12/24/2019 12 a.m. EST",12308,12180,9128,-3180
ISNE,"12/24/2019 1 a.m. EST",12382,11230,8979,-3403
ISNE,"12/24/2019 2 a.m. EST",12127,10690,8587,-3540
ISNE,"12/24/2019 3 a.m. EST",11917,10490,8272,-3645
ISNE,"12/24/2019 4 a.m. EST",11888,10470,8252,-3636
ISNE,"12/24/2019 5 a.m. EST",11918,10870,8592,-3326
ISNE,"12/24/2019 6 a.m. EST",12891,11510,9234,-3657
ISNE,"12/24/2019 7 a.m. EST",13773,12600,9976,-3797
ISNE,"12/24/2019 8 a.m. EST",13908,13320,10537,-3371
ISNE,"12/24/2019 9 a.m. EST",14025,13440,10617,-3408
ISNE,"12/24/2019 10 a.m. EST",13869,13240,10425,-3444
ISNE,"12/24/2019 11 a.m. EST",13382,12930,9876,-3506
ISNE,"12/24/2019 12 p.m. EST",13144,12770,9672,-3472
ISNE,"12/24/2019 1 p.m. EST",12855,12540,9639,-3216
ISNE,"12/24/2019 2 p.m. EST",12975,12630,9811,-3164
ISNE,"12/24/2019 3 p.m. EST",13507,13040,10165,-3342
ISNE,"12/24/2019 4 p.m. EST",14198,13710,10958,-3240
ISNE,"12/24/2019 5 p.m. EST",14973,14750,11614,-3359
ISNE,"12/24/2019 6 p.m. EST",15355,15120,12358,-2997
ISNE,"12/24/2019 7 p.m. EST",14777,14510,11770,-3007
ISNE,"12/24/2019 8 p.m. EST",14229,14090,10978,-3251
ISNE,"12/24/2019 9 p.m. EST",13904,13810,10637,-3267
ISNE,"12/24/2019 10 p.m. EST",13608,13540,10148,-3460
ISNE,"12/24/2019 11 p.m. EST",13093,13090,9672,-3421
ISNE,"12/25/2019 12 a.m. EST",12388,12450,9034,-3354
ISNE,"12/25/2019 1 a.m. EST",11744,11720,8449,-3295
ISNE,"12/25/2019 2 a.m. EST",11306,11290,8248,-3058
ISNE,"12/25/2019 3 a.m. EST",11235,11070,8025,-3210
ISNE,"12/25/2019 4 a.m. EST",11161,11020,8061,-3100
ISNE,"12/25/2019 5 a.m. EST",11159,11140,7926,-3233
ISNE,"12/25/2019 6 a.m. EST",11547,11500,8000,-3547
ISNE,"12/25/2019 7 a.m. EST",12209,12070,8466,-3743
ISNE,"12/25/2019 8 a.m. EST",12881,12730,9501,-3380
ISNE,"12/25/2019 9 a.m. EST",13274,13300,9771,-3503
ISNE,"12/25/2019 10 a.m. EST",13083,13150,9289,-3794
ISNE,"12/25/2019 11 a.m. EST",12615,12800,9016,-3599
ISNE,"12/25/2019 12 p.m. EST",12310,12630,8934,-3376
ISNE,"12/25/2019 1 p.m. EST",12212,12520,8971,-3241
ISNE,"12/25/2019 2 p.m. EST",12317,12530,8961,-3356
ISNE,"12/25/2019 3 p.m. EST",12594,12600,9267,-3327
ISNE,"12/25/2019 4 p.m. EST",12922,12900,9498,-3424
ISNE,"12/25/2019 5 p.m. EST",13735,13660,10269,-3466
ISNE,"12/25/2019 6 p.m. EST",14229,14140,10566,-3663
ISNE,"12/25/2019 7 p.m. EST",14135,14080,10510,-3625
ISNE,"12/25/2019 8 p.m. EST",14009,13940,10392,-3617
ISNE,"12/25/2019 9 p.m. EST",13845,13660,10247,-3598
ISNE,"12/25/2019 10 p.m. EST",13424,13320,9659,-3765
ISNE,"12/25/2019 11 p.m. EST",12700,12600,8884,-3816
ISNE,"12/26/2019 12 a.m. EST",11913,11810,8245,-3668
ISNE,"12/26/2019 1 a.m. EST",11337,11280,8109,-3228
ISNE,"12/26/2019 2 a.m. EST",10979,10800,7947,-3032
ISNE,"12/26/2019 3 a.m. EST",10931,10650,8088,-2843
ISNE,"12/26/2019 4 a.m. EST",11102,10690,8299,-2803
ISNE,"12/26/2019 5 a.m. EST",11162,10970,8308,-2854
ISNE,"12/26/2019 6 a.m. EST",11906,11760,8791,-3115
ISNE,"12/26/2019 7 a.m. EST",13003,13040,9584,-3419
ISNE,"12/26/2019 8 a.m. EST",13909,13930,10636,-3273
ISNE,"12/26/2019 9 a.m. EST",14375,14350,10997,-3378
ISNE,"12/26/2019 10 a.m. EST",14360,14280,10745,-3615
ISNE,"12/26/2019 11 a.m. EST",14398,14290,10779,-3619
ISNE,"12/26/2019 12 p.m. EST",14477,14250,10871,-3606
ISNE,"12/26/2019 1 p.m. EST",14573,13980,11044,-3529
ISNE,"12/26/2019 2 p.m. EST",14657,14180,11132,-3525
ISNE,"12/26/2019 3 p.m. EST",14816,14390,11235,-3581
ISNE,"12/26/2019 4 p.m. EST",15100,14710,11367,-3733
ISNE,"12/26/2019 5 p.m. EST",16101,15740,12581,-3520
ISNE,"12/26/2019 6 p.m. EST",16719,16430,13248,-3471
ISNE,"12/26/2019 7 p.m. EST",16464,16360,13029,-3435
ISNE,"12/26/2019 8 p.m. EST",15996,15960,12577,-3419
ISNE,"12/26/2019 9 p.m. EST",15419,15360,12202,-3217
ISNE,"12/26/2019 10 p.m. EST",14551,14430,11296,-3255
ISNE,"12/26/2019 11 p.m. EST",13465,13200,10097,-3368
ISNE,"12/27/2019 12 a.m. EST",12443,12080,9146,-3297
ISNE,"12/27/2019 1 a.m. EST",11675,11470,8743,-2932
ISNE,"12/27/2019 2 a.m. EST",11494,11050,8537,-2957
ISNE,"12/27/2019 3 a.m. EST",11542,10850,8321,-3221
ISNE,"12/27/2019 4 a.m. EST",11499,10850,8295,-3204
ISNE,"12/27/2019 5 a.m. EST",11507,11170,8363,-3144
ISNE,"12/27/2019 6 a.m. EST",11976,11930,8872,-3104
ISNE,"12/27/2019 7 a.m. EST",12957,13090,9659,-3298
ISNE,"12/27/2019 8 a.m. EST",13913,14100,10449,-3464
ISNE,"12/27/2019 9 a.m. EST",14567,14580,11170,-3397
ISNE,"12/27/2019 10 a.m. EST",14937,14990,11578,-3359
ISNE,"12/27/2019 11 a.m. EST",15077,15270,11678,-3399
ISNE,"12/27/2019 12 p.m. EST",15009,15360,11684,-3325
ISNE,"12/27/2019 1 p.m. EST",14796,15260,11500,-3296
ISNE,"12/27/2019 2 p.m. EST",14695,15180,11421,-3274
ISNE,"12/27/2019 3 p.m. EST",14645,15050,11396,-3249
ISNE,"12/27/2019 4 p.m. EST",14739,15060,11512,-3227
ISNE,"12/27/2019 5 p.m. EST",15391,15580,12094,-3297
ISNE,"12/27/2019 6 p.m. EST",15754,15690,12414,-3340
ISNE,"12/27/2019 7 p.m. EST",15393,15540,12018,-3375
ISNE,"12/27/2019 8 p.m. EST",14902,14990,11430,-3472
ISNE,"12/27/2019 9 p.m. EST",14359,14390,10879,-3480
ISNE,"12/27/2019 10 p.m. EST",13643,13610,10270,-3373
ISNE,"12/27/2019 11 p.m. EST",12890,12600,9593,-3297
ISNE,"12/28/2019 12 a.m. EST",12209,11570,9116,-3093
ISNE,"12/28/2019 1 a.m. EST",11576,10940,8583,-2993
ISNE,"12/28/2019 2 a.m. EST",11120,10450,7821,-3299
ISNE,"12/28/2019 3 a.m. EST",10889,10220,7725,-3164
ISNE,"12/28/2019 4 a.m. EST",10823,10200,7809,-3014
ISNE,"12/28/2019 5 a.m. EST",11189,10350,8045,-3144
ISNE,"12/28/2019 6 a.m. EST",11618,10710,8263,-3355
ISNE,"12/28/2019 7 a.m. EST",12251,11340,8682,-3569
ISNE,"12/28/2019 8 a.m. EST",12725,12100,9312,-3413
ISNE,"12/28/2019 9 a.m. EST",12833,12610,9436,-3397
ISNE,"12/28/2019 10 a.m. EST",12654,12540,9432,-3222
ISNE,"12/28/2019 11 a.m. EST",12357,12230,8981,-3376
ISNE,"12/28/2019 12 p.m. EST",12093,11980,8867,-3226
ISNE,"12/28/2019 1 p.m. EST",11896,11800,8959,-2937
ISNE,"12/28/2019 2 p.m. EST",11913,11740,8768,-3145
ISNE,"12/28/2019 3 p.m. EST",12229,12110,9054,-3175
ISNE,"12/28/2019 4 p.m. EST",12883,12870,9985,-2898
ISNE,"12/28/2019 5 p.m. EST",14081,14010,10510,-3571
ISNE,"12/28/2019 6 p.m. EST",14901,14770,11229,-3672
ISNE,"12/28/2019 7 p.m. EST",14796,14840,11166,-3630
ISNE,"12/28/2019 8 p.m. EST",14490,14460,10921,-3569
ISNE,"12/28/2019 9 p.m. EST",14151,14060,10630,-3521
ISNE,"12/28/2019 10 p.m. EST",13619,13480,10054,-3565
ISNE,"12/28/2019 11 p.m. EST",12866,12670,9348,-3518
ISNE,"12/29/2019 12 a.m. EST",12055,11830,8675,-3380
ISNE,"12/29/2019 1 a.m. EST",11370,11140,8102,-3268
ISNE,"12/29/2019 2 a.m. EST",10941,10670,7713,-3228
ISNE,"12/29/2019 3 a.m. EST",10921,10530,7540,-3381
ISNE,"12/29/2019 4 a.m. EST",10918,10400,7348,-3570
ISNE,"12/29/2019 5 a.m. EST",10789,10490,7168,-3621
ISNE,"12/29/2019 6 a.m. EST",11062,10770,7482,-3580
ISNE,"12/29/2019 7 a.m. EST",11607,11270,8032,-3575
ISNE,"12/29/2019 8 a.m. EST",12147,11930,8337,-3810
ISNE,"12/29/2019 9 a.m. EST",12488,12540,8659,-3829
ISNE,"12/29/2019 10 a.m. EST",12611,12480,8804,-3807
ISNE,"12/29/2019 11 a.m. EST",12392,12650,8598,-3794
ISNE,"12/29/2019 12 p.m. EST",12287,12170,8741,-3546
ISNE,"12/29/2019 1 p.m. EST",12477,12350,9229,-3248
ISNE,"12/29/2019 2 p.m. EST",12515,12620,9190,-3325
ISNE,"12/29/2019 3 p.m. EST",13073,12960,9574,-3499
ISNE,"12/29/2019 4 p.m. EST",13599,13600,10115,-3484
ISNE,"12/29/2019 5 p.m. EST",14802,14890,11363,-3439
ISNE,"12/29/2019 6 p.m. EST",15468,15650,12033,-3435
ISNE,"12/29/2019 7 p.m. EST",15291,15540,11945,-3346
ISNE,"12/29/2019 8 p.m. EST",14847,15130,11392,-3455
ISNE,"12/29/2019 9 p.m. EST",14328,14620,10633,-3695
ISNE,"12/29/2019 10 p.m. EST",13584,13710,9792,-3792
ISNE,"12/29/2019 11 p.m. EST",12712,12670,8831,-3881
ISNE,"12/30/2019 12 a.m. EST",12048,11680,8317,-3731
ISNE,"12/30/2019 1 a.m. EST",11622,11130,7918,-3704
ISNE,"12/30/2019 2 a.m. EST",11583,10770,7843,-3740
ISNE,"12/30/2019 3 a.m. EST",11430,10630,7660,-3770
ISNE,"12/30/2019 4 a.m. EST",11467,10680,7772,-3695
ISNE,"12/30/2019 5 a.m. EST",11784,11020,8075,-3709
ISNE,"12/30/2019 6 a.m. EST",11955,11820,8752,-3203
ISNE,"12/30/2019 7 a.m. EST",12969,13000,9798,-3171
ISNE,"12/30/2019 8 a.m. EST",14006,14030,10741,-3265
ISNE,"12/30/2019 9 a.m. EST",14744,14760,11199,-3545
ISNE,"12/30/2019 10 a.m. EST",15332,15350,11723,-3609
ISNE,"12/30/2019 11 a.m. EST",15772,15650,12181,-3591
ISNE,"12/30/2019 12 p.m. EST",16076,15730,12552,-3524
ISNE,"12/30/2019 1 p.m. EST",16168,15600,12749,-3419
ISNE,"12/30/2019 2 p.m. EST",16163,15420,12842,-3321
ISNE,"12/30/2019 3 p.m. EST",16057,15440,12805,-3252
ISNE,"12/30/2019 4 p.m. EST",16049,15670,12696,-3353
ISNE,"12/30/2019 5 p.m. EST",16704,16640,13468,-3236
ISNE,"12/30/2019 6 p.m. EST",17199,17150,13976,-3223
ISNE,"12/30/2019 7 p.m. EST",16868,16900,13620,-3248
ISNE,"12/30/2019 8 p.m. EST",16272,16470,12797,-3475
ISNE,"12/30/2019 9 p.m. EST",15578,15740,12038,-3540
ISNE,"12/30/2019 10 p.m. EST",14653,14740,10963,-3690
ISNE,"12/30/2019 11 p.m. EST",13543,13520,10017,-3526
ISNE,"12/31/2019 12 a.m. EST",12762,12360,9341,-3421
ISNE,"12/31/2019 1 a.m. EST",12131,11770,8860,-3271
ISNE,"12/31/2019 2 a.m. EST",11564,11250,8343,-3221
ISNE,"12/31/2019 3 a.m. EST",11310,11010,7962,-3348
ISNE,"12/31/2019 4 a.m. EST",11345,10950,8144,-3201
ISNE,"12/31/2019 5 a.m. EST",11635,11170,8397,-3238
ISNE,"12/31/2019 6 a.m. EST",12135,11870,8735,-3400
ISNE,"12/31/2019 7 a.m. EST",12899,12930,9351,-3548
ISNE,"12/31/2019 8 a.m. EST",13702,13710,10192,-3510
ISNE,"12/31/2019 9 a.m. EST",14254,14260,10706,-3548
ISNE,"12/31/2019 10 a.m. EST",14550,14520,11159,-3391
ISNE,"12/31/2019 11 a.m. EST",14751,14460,11399,-3352
ISNE,"12/31/2019 12 p.m. EST",14877,14400,11537,-3340
ISNE,"12/31/2019 1 p.m. EST",14892,14130,11586,-3306
ISNE,"12/31/2019 2 p.m. EST",14945,13990,11683,-3262
ISNE,"12/31/2019 3 p.m. EST",14890,14040,11701,-3189
ISNE,"12/31/2019 4 p.m. EST",14943,14380,11878,-3065
ISNE,"12/31/2019 5 p.m. EST",15627,15260,12312,-3315
ISNE,"12/31/2019 6 p.m. EST",16128,15840,12803,-3325
ISNE,"12/31/2019 7 p.m. EST",15602,15420,12109,-3493
ISNE,"12/31/2019 8 p.m. EST",14810,14840,11240,-3570
ISNE,"12/31/2019 9 p.m. EST",14091,14140,10515,-3576
ISNE,"12/31/2019 10 p.m. EST",13408,13460,9920,-3488
ISNE,"12/31/2019 11 p.m. EST",12712,12750,9202,-3510
ISNE,"1/1/2020 12 a.m. EST",12056,12120,8774,-3282
