"BA Code","Timestamp (Hour Ending)","Demand (MWh)","Demand Forecast (MWh)","Net Generation (MWh)","Total Interchange (MWh)"
ISNE,"12/1/2015 12 a.m. EST",12876,12500,10067,-2809
ISNE,"12/1/2015 1 a.m. EST",12579,11850,9957,-2622
ISNE,"12/1/2015 2 a.m. EST",12437,11400,9835,-2602
ISNE,"12/1/2015 3 a.m. EST",12437,11190,9871,-2566
ISNE,"12/1/2015 4 a.m. EST",12444,11220,9823,-2621
ISNE,"12/1/2015 5 a.m. EST",12570,11590,10013,-2557
ISNE,"12/1/2015 6 a.m. EST",13342,12840,10484,-2858
ISNE,"12/1/2015 7 a.m. EST",14756,14730,11884,-2872
ISNE,"12/1/2015 8 a.m. EST",15649,15740,12927,-2722
ISNE,"12/1/2015 9 a.m. EST",15743,15850,13105,-2638
ISNE,"12/1/2015 10 a.m. EST",15759,15800,13055,-2704
ISNE,"12/1/2015 11 a.m. EST",15790,15750,13102,-2688
ISNE,"12/1/2015 12 p.m. EST",15736,15650,13055,-2681
ISNE,"12/1/2015 1 p.m. EST",15642,15550,12937,-2705
ISNE,"12/1/2015 2 p.m. EST",15627,15540,12943,-2684
ISNE,"12/1/2015 3 p.m. EST",15583,15550,12876,-2707
ISNE,"12/1/2015 4 p.m. EST",15804,15700,13156,-2648
ISNE,"12/1/2015 5 p.m. EST",16838,16780,14186,-2652
ISNE,"12/1/2015 6 p.m. EST",17538,17500,14845,-2693
ISNE,"12/1/2015 7 p.m. EST",17399,17360,14726,-2673
ISNE,"12/1/2015 8 p.m. EST",16907,16980,14164,-2743
ISNE,"12/1/2015 9 p.m. EST",16219,16260,13517,-2702
ISNE,"12/1/2015 10 p.m. EST",15074,15160,12360,-2714
ISNE,"12/1/2015 11 p.m. EST",13592,13690,11281,-2311
ISNE,"12/2/2015 12 a.m. EST",12656,12390,10216,-2440
ISNE,"12/2/2015 1 a.m. EST",12386,11500,10265,-2121
ISNE,"12/2/2015 2 a.m. EST",12010,11020,9829,-2181
ISNE,"12/2/2015 3 a.m. EST",11768,10760,9709,-2059
ISNE,"12/2/2015 4 a.m. EST",11725,10760,9766,-1959
ISNE,"12/2/2015 5 a.m. EST",12021,11070,10075,-1946
ISNE,"12/2/2015 6 a.m. EST",12710,12150,10723,-1987
ISNE,"12/2/2015 7 a.m. EST",13951,14000,11525,-2426
ISNE,"12/2/2015 8 a.m. EST",15014,15030,12544,-2470
ISNE,"12/2/2015 9 a.m. EST",15283,15230,13272,-2011
ISNE,"12/2/2015 10 a.m. EST",15438,15290,13297,-2141
ISNE,"12/2/2015 11 a.m. EST",15569,15350,13162,-2407
ISNE,"12/2/2015 12 p.m. EST",15600,15300,13358,-2242
ISNE,"12/2/2015 1 p.m. EST",15453,15210,13273,-2180
ISNE,"12/2/2015 2 p.m. EST",15445,15150,13379,-2066
ISNE,"12/2/2015 3 p.m. EST",15375,15170,13303,-2072
ISNE,"12/2/2015 4 p.m. EST",15592,15440,13364,-2228
ISNE,"12/2/2015 5 p.m. EST",16518,16450,14287,-2231
ISNE,"12/2/2015 6 p.m. EST",17057,17150,14785,-2272
ISNE,"12/2/2015 7 p.m. EST",16835,16890,14606,-2229
ISNE,"12/2/2015 8 p.m. EST",16351,16420,14191,-2160
ISNE,"12/2/2015 9 p.m. EST",15652,15680,13564,-2088
ISNE,"12/2/2015 10 p.m. EST",14561,14560,12507,-2054
ISNE,"12/2/2015 11 p.m. EST",13122,13170,11143,-1979
ISNE,"12/3/2015 12 a.m. EST",11802,11880,9830,-1972
ISNE,"12/3/2015 1 a.m. EST",11664,10990,9802,-1862
ISNE,"12/3/2015 2 a.m. EST",11475,10510,9606,-1869
ISNE,"12/3/2015 3 a.m. EST",11239,10290,9517,-1722
ISNE,"12/3/2015 4 a.m. EST",11201,10280,9431,-1770
ISNE,"12/3/2015 5 a.m. EST",11505,10560,9865,-1640
ISNE,"12/3/2015 6 a.m. EST",12198,11670,10379,-1819
ISNE,"12/3/2015 7 a.m. EST",13455,13590,11157,-2298
ISNE,"12/3/2015 8 a.m. EST",14548,14710,11768,-2780
ISNE,"12/3/2015 9 a.m. EST",14646,14940,11847,-2799
ISNE,"12/3/2015 10 a.m. EST",14703,15000,11944,-2759
ISNE,"12/3/2015 11 a.m. EST",14759,15010,11882,-2877
ISNE,"12/3/2015 12 p.m. EST",14742,14960,11955,-2787
ISNE,"12/3/2015 1 p.m. EST",14657,14860,12182,-2475
ISNE,"12/3/2015 2 p.m. EST",14638,14800,12293,-2345
ISNE,"12/3/2015 3 p.m. EST",14628,14810,12396,-2232
ISNE,"12/3/2015 4 p.m. EST",14909,15040,12421,-2488
ISNE,"12/3/2015 5 p.m. EST",16024,16200,13434,-2590
ISNE,"12/3/2015 6 p.m. EST",17025,17100,14918,-2107
ISNE,"12/3/2015 7 p.m. EST",16931,17050,14603,-2328
ISNE,"12/3/2015 8 p.m. EST",16546,16700,13952,-2594
ISNE,"12/3/2015 9 p.m. EST",15984,16140,13468,-2516
ISNE,"12/3/2015 10 p.m. EST",14963,15160,12380,-2583
ISNE,"12/3/2015 11 p.m. EST",13564,13740,11165,-2399
ISNE,"12/4/2015 12 a.m. EST",12311,12450,10144,-2167
ISNE,"12/4/2015 1 a.m. EST",11712,11400,9803,-1909
ISNE,"12/4/2015 2 a.m. EST",11756,10910,9621,-2135
ISNE,"12/4/2015 3 a.m. EST",11802,10710,9612,-2190
ISNE,"12/4/2015 4 a.m. EST",11818,10720,9735,-2083
ISNE,"12/4/2015 5 a.m. EST",12047,11040,9669,-2378
ISNE,"12/4/2015 6 a.m. EST",12582,12100,10016,-2566
ISNE,"12/4/2015 7 a.m. EST",14133,13950,11368,-2765
ISNE,"12/4/2015 8 a.m. EST",15139,14910,12535,-2604
ISNE,"12/4/2015 9 a.m. EST",15139,14950,12728,-2411
ISNE,"12/4/2015 10 a.m. EST",14947,14890,12549,-2398
ISNE,"12/4/2015 11 a.m. EST",14746,14820,12309,-2437
ISNE,"12/4/2015 12 p.m. EST",14562,14660,12052,-2510
ISNE,"12/4/2015 1 p.m. EST",14453,14480,12117,-2336
ISNE,"12/4/2015 2 p.m. EST",14530,14380,12174,-2356
ISNE,"12/4/2015 3 p.m. EST",14612,14370,12224,-2388
ISNE,"12/4/2015 4 p.m. EST",14889,14570,12410,-2479
ISNE,"12/4/2015 5 p.m. EST",15925,15770,13510,-2415
ISNE,"12/4/2015 6 p.m. EST",16546,16600,14090,-2456
ISNE,"12/4/2015 7 p.m. EST",16275,16340,13698,-2577
ISNE,"12/4/2015 8 p.m. EST",15815,15910,13223,-2592
ISNE,"12/4/2015 9 p.m. EST",15312,15380,12773,-2539
ISNE,"12/4/2015 10 p.m. EST",14526,14580,11888,-2638
ISNE,"12/4/2015 11 p.m. EST",13431,13480,11109,-2322
ISNE,"12/5/2015 12 a.m. EST",12258,12310,9957,-2301
ISNE,"12/5/2015 1 a.m. EST",11633,11500,9777,-1856
ISNE,"12/5/2015 2 a.m. EST",11385,10980,9521,-1864
ISNE,"12/5/2015 3 a.m. EST",11358,10710,9612,-1746
ISNE,"12/5/2015 4 a.m. EST",11402,10650,9711,-1691
ISNE,"12/5/2015 5 a.m. EST",11496,10800,9841,-1655
ISNE,"12/5/2015 6 a.m. EST",11682,11230,9994,-1688
ISNE,"12/5/2015 7 a.m. EST",12055,11980,10030,-2025
ISNE,"12/5/2015 8 a.m. EST",12847,12690,10831,-2016
ISNE,"12/5/2015 9 a.m. EST",13473,13330,11665,-1808
ISNE,"12/5/2015 10 a.m. EST",13587,13620,11575,-2012
ISNE,"12/5/2015 11 a.m. EST",13459,13580,11212,-2247
ISNE,"12/5/2015 12 p.m. EST",13207,13380,11283,-1924
ISNE,"12/5/2015 1 p.m. EST",12962,13130,11007,-1955
ISNE,"12/5/2015 2 p.m. EST",12805,12860,11244,-1561
ISNE,"12/5/2015 3 p.m. EST",12861,12910,11312,-1549
ISNE,"12/5/2015 4 p.m. EST",13232,13170,11376,-1856
ISNE,"12/5/2015 5 p.m. EST",14443,14420,12354,-2089
ISNE,"12/5/2015 6 p.m. EST",15457,15360,13356,-2101
ISNE,"12/5/2015 7 p.m. EST",15347,15310,13272,-2075
ISNE,"12/5/2015 8 p.m. EST",14977,14890,12833,-2144
ISNE,"12/5/2015 9 p.m. EST",14583,14500,12659,-1924
ISNE,"12/5/2015 10 p.m. EST",13979,13800,11806,-2173
ISNE,"12/5/2015 11 p.m. EST",13125,12920,11025,-2100
ISNE,"12/6/2015 12 a.m. EST",12159,11920,10247,-1912
ISNE,"12/6/2015 1 a.m. EST",11600,11240,9623,-1977
ISNE,"12/6/2015 2 a.m. EST",11376,10750,9805,-1571
ISNE,"12/6/2015 3 a.m. EST",11442,10510,9767,-1675
ISNE,"12/6/2015 4 a.m. EST",11359,10440,9613,-1746
ISNE,"12/6/2015 5 a.m. EST",11436,10540,9625,-1811
ISNE,"12/6/2015 6 a.m. EST",11765,10890,9854,-1911
ISNE,"12/6/2015 7 a.m. EST",12071,11430,10188,-1883
ISNE,"12/6/2015 8 a.m. EST",12223,11970,10458,-1765
ISNE,"12/6/2015 9 a.m. EST",12857,12650,11227,-1630
ISNE,"12/6/2015 10 a.m. EST",13130,13030,11033,-2097
ISNE,"12/6/2015 11 a.m. EST",13090,13110,11208,-1882
ISNE,"12/6/2015 12 p.m. EST",12938,13100,11019,-1919
ISNE,"12/6/2015 1 p.m. EST",12833,13080,11101,-1732
ISNE,"12/6/2015 2 p.m. EST",12780,13040,11092,-1688
ISNE,"12/6/2015 3 p.m. EST",12929,12960,10900,-2029
ISNE,"12/6/2015 4 p.m. EST",13406,13400,11292,-2114
ISNE,"12/6/2015 5 p.m. EST",14929,14830,12701,-2228
ISNE,"12/6/2015 6 p.m. EST",16008,15880,13607,-2401
ISNE,"12/6/2015 7 p.m. EST",15982,15790,13657,-2325
ISNE,"12/6/2015 8 p.m. EST",15560,15400,13248,-2312
ISNE,"12/6/2015 9 p.m. EST",15136,14830,13001,-2135
ISNE,"12/6/2015 10 p.m. EST",14142,13860,11971,-2171
ISNE,"12/6/2015 11 p.m. EST",12909,12690,10384,-2525
ISNE,"12/7/2015 12 a.m. EST",11973,11600,9912,-2061
ISNE,"12/7/2015 1 a.m. EST",11687,11060,9925,-1762
ISNE,"12/7/2015 2 a.m. EST",11684,10670,10143,-1541
ISNE,"12/7/2015 3 a.m. EST",11545,10520,10115,-1430
ISNE,"12/7/2015 4 a.m. EST",11599,10600,9999,-1600
ISNE,"12/7/2015 5 a.m. EST",12000,11000,10348,-1652
ISNE,"12/7/2015 6 a.m. EST",13156,12210,11131,-2025
ISNE,"12/7/2015 7 a.m. EST",14196,14230,12343,-1853
ISNE,"12/7/2015 8 a.m. EST",15189,15320,13176,-2013
ISNE,"12/7/2015 9 a.m. EST",15337,15250,13401,-1936
ISNE,"12/7/2015 10 a.m. EST",15161,15020,13250,-1911
ISNE,"12/7/2015 11 a.m. EST",14858,14900,12914,-1944
ISNE,"12/7/2015 12 p.m. EST",14539,14710,12870,-1669
ISNE,"12/7/2015 1 p.m. EST",14318,14510,12753,-1565
ISNE,"12/7/2015 2 p.m. EST",14341,14480,12471,-1870
ISNE,"12/7/2015 3 p.m. EST",14397,14510,12689,-1708
ISNE,"12/7/2015 4 p.m. EST",14745,14720,12951,-1794
ISNE,"12/7/2015 5 p.m. EST",16046,16060,14113,-1933
ISNE,"12/7/2015 6 p.m. EST",17191,17190,15526,-1665
ISNE,"12/7/2015 7 p.m. EST",17149,17060,15365,-1784
ISNE,"12/7/2015 8 p.m. EST",16744,16660,14634,-2110
ISNE,"12/7/2015 9 p.m. EST",16113,16070,13839,-2274
ISNE,"12/7/2015 10 p.m. EST",14974,14980,12811,-2163
ISNE,"12/7/2015 11 p.m. EST",13551,13600,11453,-2098
ISNE,"12/8/2015 12 a.m. EST",12307,12340,10521,-1786
ISNE,"12/8/2015 1 a.m. EST",12080,11590,10259,-1821
ISNE,"12/8/2015 2 a.m. EST",11870,11160,10206,-1664
ISNE,"12/8/2015 3 a.m. EST",11779,10940,10139,-1640
ISNE,"12/8/2015 4 a.m. EST",11775,10990,10112,-1663
ISNE,"12/8/2015 5 a.m. EST",12143,11090,10335,-1808
ISNE,"12/8/2015 6 a.m. EST",12991,12210,10885,-2106
ISNE,"12/8/2015 7 a.m. EST",14278,14220,12401,-1877
ISNE,"12/8/2015 8 a.m. EST",15286,15310,13553,-1733
ISNE,"12/8/2015 9 a.m. EST",15538,15520,13865,-1673
ISNE,"12/8/2015 10 a.m. EST",15594,15530,14005,-1589
ISNE,"12/8/2015 11 a.m. EST",15622,15550,13857,-1765
ISNE,"12/8/2015 12 p.m. EST",15510,15430,13499,-2011
ISNE,"12/8/2015 1 p.m. EST",15319,15300,13281,-2038
ISNE,"12/8/2015 2 p.m. EST",15306,15340,13419,-1887
ISNE,"12/8/2015 3 p.m. EST",15281,15390,13315,-1966
ISNE,"12/8/2015 4 p.m. EST",15522,15620,13663,-1859
ISNE,"12/8/2015 5 p.m. EST",16689,16840,14927,-1762
ISNE,"12/8/2015 6 p.m. EST",17518,17900,15706,-1812
ISNE,"12/8/2015 7 p.m. EST",17393,17660,15716,-1677
ISNE,"12/8/2015 8 p.m. EST",16997,17290,15189,-1808
ISNE,"12/8/2015 9 p.m. EST",16378,16570,14386,-1992
ISNE,"12/8/2015 10 p.m. EST",15284,15500,13036,-2248
ISNE,"12/8/2015 11 p.m. EST",13811,14040,11478,-2333
ISNE,"12/9/2015 12 a.m. EST",12617,12690,10536,-2081
ISNE,"12/9/2015 1 a.m. EST",12170,11780,9840,-2330
ISNE,"12/9/2015 2 a.m. EST",12137,11330,9832,-2305
ISNE,"12/9/2015 3 a.m. EST",11934,11120,9697,-2237
ISNE,"12/9/2015 4 a.m. EST",11912,11130,9685,-2227
ISNE,"12/9/2015 5 a.m. EST",12271,11240,10088,-2183
ISNE,"12/9/2015 6 a.m. EST",12860,12350,10586,-2274
ISNE,"12/9/2015 7 a.m. EST",14272,14310,12215,-2057
ISNE,"12/9/2015 8 a.m. EST",15292,15400,13312,-1980
ISNE,"12/9/2015 9 a.m. EST",15401,15540,13406,-1995
ISNE,"12/9/2015 10 a.m. EST",15354,15490,13371,-1983
ISNE,"12/9/2015 11 a.m. EST",15308,15400,13321,-1987
ISNE,"12/9/2015 12 p.m. EST",15133,15260,13215,-1918
ISNE,"12/9/2015 1 p.m. EST",14958,15110,13006,-1952
ISNE,"12/9/2015 2 p.m. EST",15068,15100,13069,-1999
ISNE,"12/9/2015 3 p.m. EST",15038,15150,13163,-1875
ISNE,"12/9/2015 4 p.m. EST",15263,15490,13384,-1879
ISNE,"12/9/2015 5 p.m. EST",16491,16700,14630,-1861
ISNE,"12/9/2015 6 p.m. EST",17347,17540,15489,-1858
ISNE,"12/9/2015 7 p.m. EST",17205,17310,15330,-1875
ISNE,"12/9/2015 8 p.m. EST",16756,16840,14945,-1811
ISNE,"12/9/2015 9 p.m. EST",16119,16170,14270,-1849
ISNE,"12/9/2015 10 p.m. EST",14996,15050,12878,-2118
ISNE,"12/9/2015 11 p.m. EST",13489,13620,11377,-2112
ISNE,"12/10/2015 12 a.m. EST",12135,12310,10096,-2039
ISNE,"12/10/2015 1 a.m. EST",11687,11200,10212,-1475
ISNE,"12/10/2015 2 a.m. EST",11667,10710,10214,-1453
ISNE,"12/10/2015 3 a.m. EST",11453,10490,10240,-1213
ISNE,"12/10/2015 4 a.m. EST",11416,10470,10154,-1262
ISNE,"12/10/2015 5 a.m. EST",11534,10710,10191,-1343
ISNE,"12/10/2015 6 a.m. EST",12278,11720,10580,-1698
ISNE,"12/10/2015 7 a.m. EST",13672,13730,11573,-2099
ISNE,"12/10/2015 8 a.m. EST",14730,14720,12773,-1957
ISNE,"12/10/2015 9 a.m. EST",14859,14840,13030,-1829
ISNE,"12/10/2015 10 a.m. EST",14854,14800,12872,-1982
ISNE,"12/10/2015 11 a.m. EST",14782,14740,12800,-1982
ISNE,"12/10/2015 12 p.m. EST",14653,14620,12689,-1964
ISNE,"12/10/2015 1 p.m. EST",14396,14470,12445,-1951
ISNE,"12/10/2015 2 p.m. EST",14311,14470,12474,-1837
ISNE,"12/10/2015 3 p.m. EST",14321,14550,12713,-1608
ISNE,"12/10/2015 4 p.m. EST",14518,14820,13025,-1493
ISNE,"12/10/2015 5 p.m. EST",15684,15820,13830,-1854
ISNE,"12/10/2015 6 p.m. EST",16641,16480,14976,-1665
ISNE,"12/10/2015 7 p.m. EST",16522,16310,14834,-1688
ISNE,"12/10/2015 8 p.m. EST",16162,15930,14454,-1708
ISNE,"12/10/2015 9 p.m. EST",15595,15370,13993,-1602
ISNE,"12/10/2015 10 p.m. EST",14584,14360,12663,-1921
ISNE,"12/10/2015 11 p.m. EST",13181,13000,11075,-2106
ISNE,"12/11/2015 12 a.m. EST",11847,11740,10118,-1729
ISNE,"12/11/2015 1 a.m. EST",11139,10890,9529,-1610
ISNE,"12/11/2015 2 a.m. EST",11022,10410,9535,-1487
ISNE,"12/11/2015 3 a.m. EST",10884,10190,9522,-1362
ISNE,"12/11/2015 4 a.m. EST",10990,10190,9592,-1398
ISNE,"12/11/2015 5 a.m. EST",11193,10500,9731,-1462
ISNE,"12/11/2015 6 a.m. EST",12069,11550,10239,-1830
ISNE,"12/11/2015 7 a.m. EST",13508,13460,11458,-2050
ISNE,"12/11/2015 8 a.m. EST",14530,14520,12695,-1835
ISNE,"12/11/2015 9 a.m. EST",14772,14650,12979,-1793
ISNE,"12/11/2015 10 a.m. EST",14797,14620,13172,-1625
ISNE,"12/11/2015 11 a.m. EST",14719,14550,13150,-1569
ISNE,"12/11/2015 12 p.m. EST",14605,14420,12929,-1676
ISNE,"12/11/2015 1 p.m. EST",14408,14290,12687,-1721
ISNE,"12/11/2015 2 p.m. EST",14285,14300,12715,-1570
ISNE,"12/11/2015 3 p.m. EST",14274,14350,12771,-1503
ISNE,"12/11/2015 4 p.m. EST",14503,14520,13123,-1380
ISNE,"12/11/2015 5 p.m. EST",15618,15510,14009,-1609
ISNE,"12/11/2015 6 p.m. EST",16347,16250,14702,-1645
ISNE,"12/11/2015 7 p.m. EST",16066,15850,14374,-1692
ISNE,"12/11/2015 8 p.m. EST",15574,15350,13568,-2006
ISNE,"12/11/2015 9 p.m. EST",15015,14770,13362,-1653
ISNE,"12/11/2015 10 p.m. EST",14208,13950,12641,-1567
ISNE,"12/11/2015 11 p.m. EST",13062,12830,11429,-1633
ISNE,"12/12/2015 12 a.m. EST",11829,11660,10349,-1480
ISNE,"12/12/2015 1 a.m. EST",11116,10730,9540,-1576
ISNE,"12/12/2015 2 a.m. EST",11056,10220,9193,-1863
ISNE,"12/12/2015 3 a.m. EST",10842,9970,9068,-1774
ISNE,"12/12/2015 4 a.m. EST",10875,9880,9083,-1792
ISNE,"12/12/2015 5 a.m. EST",11058,10120,9106,-1952
ISNE,"12/12/2015 6 a.m. EST",11481,10540,9462,-2019
ISNE,"12/12/2015 7 a.m. EST",11757,11330,9745,-2012
ISNE,"12/12/2015 8 a.m. EST",12157,12130,10133,-2024
ISNE,"12/12/2015 9 a.m. EST",12813,12860,10764,-2049
ISNE,"12/12/2015 10 a.m. EST",13175,13270,10907,-2268
ISNE,"12/12/2015 11 a.m. EST",13031,13360,11122,-1909
ISNE,"12/12/2015 12 p.m. EST",12851,13250,11098,-1753
ISNE,"12/12/2015 1 p.m. EST",12712,13080,11123,-1589
ISNE,"12/12/2015 2 p.m. EST",12626,12900,11099,-1527
ISNE,"12/12/2015 3 p.m. EST",12741,12920,11069,-1672
ISNE,"12/12/2015 4 p.m. EST",13110,13190,11774,-1336
ISNE,"12/12/2015 5 p.m. EST",14369,14400,12700,-1669
ISNE,"12/12/2015 6 p.m. EST",15188,15250,13554,-1634
ISNE,"12/12/2015 7 p.m. EST",14956,15040,13215,-1741
ISNE,"12/12/2015 8 p.m. EST",14554,14620,12769,-1785
ISNE,"12/12/2015 9 p.m. EST",14069,14180,12101,-1968
ISNE,"12/12/2015 10 p.m. EST",13381,13460,11550,-1831
ISNE,"12/12/2015 11 p.m. EST",12458,12550,11016,-1442
ISNE,"12/13/2015 12 a.m. EST",11418,11530,10328,-1090
ISNE,"12/13/2015 1 a.m. EST",11088,10630,9576,-1512
ISNE,"12/13/2015 2 a.m. EST",11064,10110,9089,-1975
ISNE,"12/13/2015 3 a.m. EST",10765,9820,8977,-1788
ISNE,"12/13/2015 4 a.m. EST",10617,9710,8870,-1747
ISNE,"12/13/2015 5 a.m. EST",10642,9790,8942,-1700
ISNE,"12/13/2015 6 a.m. EST",10894,10110,9095,-1799
ISNE,"12/13/2015 7 a.m. EST",11334,10720,9353,-1981
ISNE,"12/13/2015 8 a.m. EST",11444,11390,9673,-1771
ISNE,"12/13/2015 9 a.m. EST",11963,12230,10108,-1855
ISNE,"12/13/2015 10 a.m. EST",12643,12850,10642,-2001
ISNE,"12/13/2015 11 a.m. EST",12964,13120,11174,-1790
ISNE,"12/13/2015 12 p.m. EST",13119,13270,11227,-1892
ISNE,"12/13/2015 1 p.m. EST",13222,13370,11233,-1989
ISNE,"12/13/2015 2 p.m. EST",13228,13360,11037,-2191
ISNE,"12/13/2015 3 p.m. EST",13258,13490,10864,-2394
ISNE,"12/13/2015 4 p.m. EST",13569,13910,11344,-2225
ISNE,"12/13/2015 5 p.m. EST",14927,15280,12601,-2326
ISNE,"12/13/2015 6 p.m. EST",15877,16200,13393,-2484
ISNE,"12/13/2015 7 p.m. EST",15793,15830,13407,-2386
ISNE,"12/13/2015 8 p.m. EST",15412,15400,13262,-2150
ISNE,"12/13/2015 9 p.m. EST",14870,14700,12506,-2364
ISNE,"12/13/2015 10 p.m. EST",13844,13680,11818,-2026
ISNE,"12/13/2015 11 p.m. EST",12640,12470,10567,-2073
ISNE,"12/14/2015 12 a.m. EST",11737,11320,9717,-2020
ISNE,"12/14/2015 1 a.m. EST",11084,10530,9377,-1707
ISNE,"12/14/2015 2 a.m. EST",11005,10130,9110,-1895
ISNE,"12/14/2015 3 a.m. EST",10831,9970,8906,-1925
ISNE,"12/14/2015 4 a.m. EST",10842,10030,9089,-1753
ISNE,"12/14/2015 5 a.m. EST",11159,10140,9271,-1888
ISNE,"12/14/2015 6 a.m. EST",12123,11230,9966,-2157
ISNE,"12/14/2015 7 a.m. EST",13202,13190,10844,-2358
ISNE,"12/14/2015 8 a.m. EST",14396,14310,12283,-2113
ISNE,"12/14/2015 9 a.m. EST",14739,14610,12642,-2097
ISNE,"12/14/2015 10 a.m. EST",14933,14780,12760,-2173
ISNE,"12/14/2015 11 a.m. EST",15061,14860,13112,-1949
ISNE,"12/14/2015 12 p.m. EST",15078,14820,13299,-1779
ISNE,"12/14/2015 1 p.m. EST",14995,14720,12931,-2064
ISNE,"12/14/2015 2 p.m. EST",14996,14740,13075,-1921
ISNE,"12/14/2015 3 p.m. EST",14965,14770,13016,-1949
ISNE,"12/14/2015 4 p.m. EST",15176,15020,13411,-1765
ISNE,"12/14/2015 5 p.m. EST",16275,16250,14751,-1524
ISNE,"12/14/2015 6 p.m. EST",17097,17000,15385,-1712
ISNE,"12/14/2015 7 p.m. EST",16932,16760,15191,-1741
ISNE,"12/14/2015 8 p.m. EST",16462,16230,14737,-1725
ISNE,"12/14/2015 9 p.m. EST",15790,15410,13688,-2102
ISNE,"12/14/2015 10 p.m. EST",14651,14200,12664,-1987
ISNE,"12/14/2015 11 p.m. EST",13164,12780,11492,-1672
ISNE,"12/15/2015 12 a.m. EST",11755,11450,10231,-1524
ISNE,"12/15/2015 1 a.m. EST",11256,10480,9880,-1376
ISNE,"12/15/2015 2 a.m. EST",11349,9980,9802,-1547
ISNE,"12/15/2015 3 a.m. EST",11087,9730,9494,-1593
ISNE,"12/15/2015 4 a.m. EST",11020,9690,9254,-1766
ISNE,"12/15/2015 5 a.m. EST",11283,10090,9462,-1821
ISNE,"12/15/2015 6 a.m. EST",11881,11340,9950,-1931
ISNE,"12/15/2015 7 a.m. EST",13311,13210,11247,-2064
ISNE,"12/15/2015 8 a.m. EST",14214,14320,12268,-1946
ISNE,"12/15/2015 9 a.m. EST",14300,14480,12500,-1800
ISNE,"12/15/2015 10 a.m. EST",14168,14540,12224,-1944
ISNE,"12/15/2015 11 a.m. EST",14141,14590,12108,-2033
ISNE,"12/15/2015 12 p.m. EST",14056,14520,12218,-1838
ISNE,"12/15/2015 1 p.m. EST",14045,14450,12283,-1762
ISNE,"12/15/2015 2 p.m. EST",14222,14410,12668,-1554
ISNE,"12/15/2015 3 p.m. EST",14297,14520,12674,-1623
ISNE,"12/15/2015 4 p.m. EST",14540,14670,13035,-1505
ISNE,"12/15/2015 5 p.m. EST",15687,15870,13955,-1732
ISNE,"12/15/2015 6 p.m. EST",16705,16810,15070,-1635
ISNE,"12/15/2015 7 p.m. EST",16613,16710,14846,-1767
ISNE,"12/15/2015 8 p.m. EST",16206,16170,14557,-1649
ISNE,"12/15/2015 9 p.m. EST",15610,15530,14214,-1396
ISNE,"12/15/2015 10 p.m. EST",14599,14470,12961,-1638
ISNE,"12/15/2015 11 p.m. EST",13230,13020,11503,-1727
ISNE,"12/16/2015 12 a.m. EST",11846,11710,10794,-1052
ISNE,"12/16/2015 1 a.m. EST",11285,10920,9799,-1486
ISNE,"12/16/2015 2 a.m. EST",11424,10470,9872,-1552
ISNE,"12/16/2015 3 a.m. EST",11297,10290,9716,-1581
ISNE,"12/16/2015 4 a.m. EST",11270,10310,9588,-1682
ISNE,"12/16/2015 5 a.m. EST",11613,10660,9901,-1712
ISNE,"12/16/2015 6 a.m. EST",12288,11760,10582,-1706
ISNE,"12/16/2015 7 a.m. EST",13649,13760,11394,-2255
ISNE,"12/16/2015 8 a.m. EST",14753,14840,13068,-1685
ISNE,"12/16/2015 9 a.m. EST",14792,14890,13321,-1471
ISNE,"12/16/2015 10 a.m. EST",14641,14820,13208,-1433
ISNE,"12/16/2015 11 a.m. EST",14477,14780,13155,-1322
ISNE,"12/16/2015 12 p.m. EST",14404,14650,13206,-1198
ISNE,"12/16/2015 1 p.m. EST",14213,14510,13139,-1074
ISNE,"12/16/2015 2 p.m. EST",14268,14520,13156,-1112
ISNE,"12/16/2015 3 p.m. EST",14385,14610,13043,-1342
ISNE,"12/16/2015 4 p.m. EST",14744,14890,13476,-1268
ISNE,"12/16/2015 5 p.m. EST",16064,16130,14758,-1306
ISNE,"12/16/2015 6 p.m. EST",17131,17140,16033,-1098
ISNE,"12/16/2015 7 p.m. EST",17078,16950,15701,-1377
ISNE,"12/16/2015 8 p.m. EST",16736,16550,15121,-1615
ISNE,"12/16/2015 9 p.m. EST",16201,16000,14473,-1728
ISNE,"12/16/2015 10 p.m. EST",15174,14970,13253,-1921
ISNE,"12/16/2015 11 p.m. EST",13695,13560,12064,-1631
ISNE,"12/17/2015 12 a.m. EST",12495,12220,11060,-1435
ISNE,"12/17/2015 1 a.m. EST",11922,11340,10342,-1580
ISNE,"12/17/2015 2 a.m. EST",11898,10830,10241,-1657
ISNE,"12/17/2015 3 a.m. EST",11625,10600,10027,-1598
ISNE,"12/17/2015 4 a.m. EST",11578,10660,10079,-1499
ISNE,"12/17/2015 5 a.m. EST",11834,10970,10483,-1351
ISNE,"12/17/2015 6 a.m. EST",12415,11970,10865,-1550
ISNE,"12/17/2015 7 a.m. EST",13811,13930,12217,-1594
ISNE,"12/17/2015 8 a.m. EST",14945,15060,13655,-1290
ISNE,"12/17/2015 9 a.m. EST",15238,15270,13838,-1400
ISNE,"12/17/2015 10 a.m. EST",15354,15320,13980,-1374
ISNE,"12/17/2015 11 a.m. EST",15465,15390,13926,-1539
ISNE,"12/17/2015 12 p.m. EST",15460,15400,13617,-1843
ISNE,"12/17/2015 1 p.m. EST",15368,15290,13599,-1769
ISNE,"12/17/2015 2 p.m. EST",15418,15280,13558,-1860
ISNE,"12/17/2015 3 p.m. EST",15402,15260,13565,-1837
ISNE,"12/17/2015 4 p.m. EST",15652,15400,13790,-1862
ISNE,"12/17/2015 5 p.m. EST",16575,16440,14769,-1806
ISNE,"12/17/2015 6 p.m. EST",17049,17060,15252,-1797
ISNE,"12/17/2015 7 p.m. EST",16878,16840,14936,-1942
ISNE,"12/17/2015 8 p.m. EST",16453,16360,14318,-2135
ISNE,"12/17/2015 9 p.m. EST",15818,15760,13713,-2105
ISNE,"12/17/2015 10 p.m. EST",14772,14720,12705,-2067
ISNE,"12/17/2015 11 p.m. EST",13319,13270,11598,-1721
ISNE,"12/18/2015 12 a.m. EST",12139,11890,10460,-1679
ISNE,"12/18/2015 1 a.m. EST",11434,10870,9692,-1742
ISNE,"12/18/2015 2 a.m. EST",11347,10350,9389,-1958
ISNE,"12/18/2015 3 a.m. EST",11148,10130,9276,-1872
ISNE,"12/18/2015 4 a.m. EST",11097,10050,9143,-1954
ISNE,"12/18/2015 5 a.m. EST",11385,10350,9394,-1991
ISNE,"12/18/2015 6 a.m. EST",12139,11340,9897,-2242
ISNE,"12/18/2015 7 a.m. EST",13543,13180,11267,-2276
ISNE,"12/18/2015 8 a.m. EST",14409,14330,12383,-2026
ISNE,"12/18/2015 9 a.m. EST",14712,14560,12726,-1986
ISNE,"12/18/2015 10 a.m. EST",14894,14600,12833,-2061
ISNE,"12/18/2015 11 a.m. EST",15014,14840,12947,-2067
ISNE,"12/18/2015 12 p.m. EST",15056,14750,12980,-2076
ISNE,"12/18/2015 1 p.m. EST",14929,14590,12775,-2154
ISNE,"12/18/2015 2 p.m. EST",14923,14540,12881,-2042
ISNE,"12/18/2015 3 p.m. EST",14887,14580,12840,-2047
ISNE,"12/18/2015 4 p.m. EST",15061,14750,12931,-2130
ISNE,"12/18/2015 5 p.m. EST",16002,15860,14038,-1964
ISNE,"12/18/2015 6 p.m. EST",16745,16600,14850,-1895
ISNE,"12/18/2015 7 p.m. EST",16574,16330,14620,-1954
ISNE,"12/18/2015 8 p.m. EST",16115,15910,14285,-1830
ISNE,"12/18/2015 9 p.m. EST",15646,15370,13662,-1984
ISNE,"12/18/2015 10 p.m. EST",14894,14580,12794,-2100
ISNE,"12/18/2015 11 p.m. EST",13848,13470,11646,-2202
ISNE,"12/19/2015 12 a.m. EST",12717,12270,10934,-1783
ISNE,"12/19/2015 1 a.m. EST",12328,11410,9694,-2634
ISNE,"12/19/2015 2 a.m. EST",11920,10920,9337,-2583
ISNE,"12/19/2015 3 a.m. EST",11805,10690,9350,-2455
ISNE,"12/19/2015 4 a.m. EST",11813,10620,9288,-2525
ISNE,"12/19/2015 5 a.m. EST",11930,10930,9376,-2554
ISNE,"12/19/2015 6 a.m. EST",11973,11380,9346,-2627
ISNE,"12/19/2015 7 a.m. EST",12622,12180,9920,-2702
ISNE,"12/19/2015 8 a.m. EST",13098,13040,10424,-2674
ISNE,"12/19/2015 9 a.m. EST",13874,13800,11419,-2455
ISNE,"12/19/2015 10 a.m. EST",14119,14180,11856,-2263
ISNE,"12/19/2015 11 a.m. EST",14119,14260,11609,-2510
ISNE,"12/19/2015 12 p.m. EST",14005,14120,11525,-2480
ISNE,"12/19/2015 1 p.m. EST",13870,14060,11409,-2461
ISNE,"12/19/2015 2 p.m. EST",13841,13910,11169,-2672
ISNE,"12/19/2015 3 p.m. EST",13993,13860,11518,-2475
ISNE,"12/19/2015 4 p.m. EST",14425,14270,11964,-2461
ISNE,"12/19/2015 5 p.m. EST",15689,15510,13326,-2363
ISNE,"12/19/2015 6 p.m. EST",16680,16600,14380,-2300
ISNE,"12/19/2015 7 p.m. EST",16563,16320,14142,-2421
ISNE,"12/19/2015 8 p.m. EST",16156,15950,13872,-2284
ISNE,"12/19/2015 9 p.m. EST",15763,15560,13468,-2295
ISNE,"12/19/2015 10 p.m. EST",15146,14940,12796,-2350
ISNE,"12/19/2015 11 p.m. EST",14222,14020,11755,-2467
ISNE,"12/20/2015 12 a.m. EST",13161,12950,10485,-2676
ISNE,"12/20/2015 1 a.m. EST",12489,12080,9551,-2938
ISNE,"12/20/2015 2 a.m. EST",12436,11570,9476,-2960
ISNE,"12/20/2015 3 a.m. EST",12401,11320,9590,-2811
ISNE,"12/20/2015 4 a.m. EST",12260,11220,9468,-2792
ISNE,"12/20/2015 5 a.m. EST",12310,11320,9429,-2881
ISNE,"12/20/2015 6 a.m. EST",12358,11640,9557,-2801
ISNE,"12/20/2015 7 a.m. EST",12890,12280,9951,-2939
ISNE,"12/20/2015 8 a.m. EST",12851,12960,10094,-2757
ISNE,"12/20/2015 9 a.m. EST",13503,13770,10737,-2766
ISNE,"12/20/2015 10 a.m. EST",13819,14220,11049,-2770
ISNE,"12/20/2015 11 a.m. EST",13816,14010,11064,-2752
ISNE,"12/20/2015 12 p.m. EST",13769,14070,11113,-2656
ISNE,"12/20/2015 1 p.m. EST",13745,14070,11055,-2690
ISNE,"12/20/2015 2 p.m. EST",13704,14080,11146,-2558
ISNE,"12/20/2015 3 p.m. EST",13806,13760,11158,-2648
ISNE,"12/20/2015 4 p.m. EST",14184,14230,11601,-2583
ISNE,"12/20/2015 5 p.m. EST",15663,15800,13327,-2336
ISNE,"12/20/2015 6 p.m. EST",16862,16900,14410,-2452
ISNE,"12/20/2015 7 p.m. EST",16864,16710,14545,-2319
ISNE,"12/20/2015 8 p.m. EST",16586,16290,14142,-2444
ISNE,"12/20/2015 9 p.m. EST",16155,15960,13837,-2318
ISNE,"12/20/2015 10 p.m. EST",15246,14870,12557,-2689
ISNE,"12/20/2015 11 p.m. EST",13968,13710,11089,-2879
ISNE,"12/21/2015 12 a.m. EST",12707,12560,9787,-2920
ISNE,"12/21/2015 1 a.m. EST",12139,11780,9209,-2930
ISNE,"12/21/2015 2 a.m. EST",11929,11360,9012,-2917
ISNE,"12/21/2015 3 a.m. EST",11820,11180,9051,-2769
ISNE,"12/21/2015 4 a.m. EST",11975,11200,9132,-2843
ISNE,"12/21/2015 5 a.m. EST",12367,11580,9275,-3092
ISNE,"12/21/2015 6 a.m. EST",12882,12740,9818,-3064
ISNE,"12/21/2015 7 a.m. EST",14454,14710,11648,-2806
ISNE,"12/21/2015 8 a.m. EST",15589,15740,12916,-2673
ISNE,"12/21/2015 9 a.m. EST",15691,15920,13055,-2636
ISNE,"12/21/2015 10 a.m. EST",15601,15850,13124,-2477
ISNE,"12/21/2015 11 a.m. EST",15584,15550,13362,-2222
ISNE,"12/21/2015 12 p.m. EST",15497,15400,13275,-2222
ISNE,"12/21/2015 1 p.m. EST",15266,15200,13110,-2156
ISNE,"12/21/2015 2 p.m. EST",15242,15150,12963,-2279
ISNE,"12/21/2015 3 p.m. EST",15204,15130,12830,-2374
ISNE,"12/21/2015 4 p.m. EST",15424,15460,13130,-2294
ISNE,"12/21/2015 5 p.m. EST",16577,16750,14447,-2130
ISNE,"12/21/2015 6 p.m. EST",17302,17700,15079,-2223
ISNE,"12/21/2015 7 p.m. EST",17136,17500,14601,-2535
ISNE,"12/21/2015 8 p.m. EST",16735,17070,13991,-2744
ISNE,"12/21/2015 9 p.m. EST",16116,16450,13546,-2570
ISNE,"12/21/2015 10 p.m. EST",15038,15330,12329,-2709
ISNE,"12/21/2015 11 p.m. EST",13562,13830,11035,-2527
ISNE,"12/22/2015 12 a.m. EST",12240,12470,9993,-2247
ISNE,"12/22/2015 1 a.m. EST",11880,11390,9946,-1934
ISNE,"12/22/2015 2 a.m. EST",11306,10860,9272,-2034
ISNE,"12/22/2015 3 a.m. EST",11030,10610,9111,-1919
ISNE,"12/22/2015 4 a.m. EST",10969,10560,9123,-1846
ISNE,"12/22/2015 5 a.m. EST",11252,10510,9413,-1839
ISNE,"12/22/2015 6 a.m. EST",12109,11580,10143,-1966
ISNE,"12/22/2015 7 a.m. EST",13321,13450,10990,-2331
ISNE,"12/22/2015 8 a.m. EST",14554,14570,12178,-2376
ISNE,"12/22/2015 9 a.m. EST",14940,14810,12786,-2154
ISNE,"12/22/2015 10 a.m. EST",15126,14870,12967,-2159
ISNE,"12/22/2015 11 a.m. EST",15270,15000,13242,-2028
ISNE,"12/22/2015 12 p.m. EST",15327,15020,13304,-2023
ISNE,"12/22/2015 1 p.m. EST",15262,14860,13141,-2121
ISNE,"12/22/2015 2 p.m. EST",15315,14860,13261,-2054
ISNE,"12/22/2015 3 p.m. EST",15269,14880,13212,-2057
ISNE,"12/22/2015 4 p.m. EST",15408,15150,13348,-2060
ISNE,"12/22/2015 5 p.m. EST",16286,16240,14323,-1963
ISNE,"12/22/2015 6 p.m. EST",16856,16860,14705,-2151
ISNE,"12/22/2015 7 p.m. EST",16676,16650,14304,-2372
ISNE,"12/22/2015 8 p.m. EST",16241,16230,13946,-2295
ISNE,"12/22/2015 9 p.m. EST",15629,15620,13584,-2045
ISNE,"12/22/2015 10 p.m. EST",14653,14580,12714,-1939
ISNE,"12/22/2015 11 p.m. EST",13269,13100,11591,-1678
ISNE,"12/23/2015 12 a.m. EST",12061,11780,10290,-1771
ISNE,"12/23/2015 1 a.m. EST",11386,10860,9685,-1701
ISNE,"12/23/2015 2 a.m. EST",10898,10400,9066,-1832
ISNE,"12/23/2015 3 a.m. EST",10842,10180,8756,-2086
ISNE,"12/23/2015 4 a.m. EST",11014,10170,8709,-2305
ISNE,"12/23/2015 5 a.m. EST",11133,10520,8867,-2266
ISNE,"12/23/2015 6 a.m. EST",12040,11420,9684,-2356
ISNE,"12/23/2015 7 a.m. EST",13249,13290,11153,-2096
ISNE,"12/23/2015 8 a.m. EST",14192,14370,12233,-1959
ISNE,"12/23/2015 9 a.m. EST",14610,14610,12469,-2141
ISNE,"12/23/2015 10 a.m. EST",14757,14770,12572,-2185
ISNE,"12/23/2015 11 a.m. EST",14807,14820,12724,-2083
ISNE,"12/23/2015 12 p.m. EST",14797,14840,12900,-1897
ISNE,"12/23/2015 1 p.m. EST",14639,14730,12673,-1966
ISNE,"12/23/2015 2 p.m. EST",14606,14720,12666,-1940
ISNE,"12/23/2015 3 p.m. EST",14611,14780,12533,-2078
ISNE,"12/23/2015 4 p.m. EST",14855,15020,12622,-2233
ISNE,"12/23/2015 5 p.m. EST",15976,16100,13513,-2463
ISNE,"12/23/2015 6 p.m. EST",16594,16860,14146,-2448
ISNE,"12/23/2015 7 p.m. EST",16429,16580,13971,-2458
ISNE,"12/23/2015 8 p.m. EST",15994,16120,13606,-2388
ISNE,"12/23/2015 9 p.m. EST",15447,15460,13290,-2157
ISNE,"12/23/2015 10 p.m. EST",14568,14400,12330,-2238
ISNE,"12/23/2015 11 p.m. EST",13300,12970,11296,-2004
ISNE,"12/24/2015 12 a.m. EST",12157,11660,10339,-1818
ISNE,"12/24/2015 1 a.m. EST",11652,10850,9565,-2087
ISNE,"12/24/2015 2 a.m. EST",11133,10220,9170,-1963
ISNE,"12/24/2015 3 a.m. EST",10869,9940,8968,-1901
ISNE,"12/24/2015 4 a.m. EST",10706,9860,8916,-1790
ISNE,"12/24/2015 5 a.m. EST",10840,9870,9108,-1732
ISNE,"12/24/2015 6 a.m. EST",11164,10580,9092,-2072
ISNE,"12/24/2015 7 a.m. EST",12174,11720,9628,-2546
ISNE,"12/24/2015 8 a.m. EST",12582,12810,10528,-2054
ISNE,"12/24/2015 9 a.m. EST",13403,13620,11161,-2242
ISNE,"12/24/2015 10 a.m. EST",13995,14180,11660,-2335
ISNE,"12/24/2015 11 a.m. EST",14284,14380,11894,-2390
ISNE,"12/24/2015 12 p.m. EST",14374,14370,11941,-2433
ISNE,"12/24/2015 1 p.m. EST",14300,14190,11903,-2397
ISNE,"12/24/2015 2 p.m. EST",14170,14010,11736,-2434
ISNE,"12/24/2015 3 p.m. EST",13999,14070,11634,-2365
ISNE,"12/24/2015 4 p.m. EST",14032,14130,11837,-2195
ISNE,"12/24/2015 5 p.m. EST",14830,15000,12286,-2544
ISNE,"12/24/2015 6 p.m. EST",15322,15350,12632,-2690
ISNE,"12/24/2015 7 p.m. EST",14555,14360,12027,-2528
ISNE,"12/24/2015 8 p.m. EST",13792,13620,11417,-2375
ISNE,"12/24/2015 9 p.m. EST",13292,13210,11093,-2199
ISNE,"12/24/2015 10 p.m. EST",12853,12740,10829,-2024
ISNE,"12/24/2015 11 p.m. EST",12223,12130,10217,-2006
ISNE,"12/25/2015 12 a.m. EST",11565,11310,9747,-1818
ISNE,"12/25/2015 1 a.m. EST",10773,10340,9012,-1761
ISNE,"12/25/2015 2 a.m. EST",10421,9790,8626,-1795
ISNE,"12/25/2015 3 a.m. EST",10213,9260,8565,-1648
ISNE,"12/25/2015 4 a.m. EST",10052,9240,8511,-1541
ISNE,"12/25/2015 5 a.m. EST",10070,9380,8511,-1559
ISNE,"12/25/2015 6 a.m. EST",10357,9600,8792,-1565
ISNE,"12/25/2015 7 a.m. EST",10696,10330,9027,-1669
ISNE,"12/25/2015 8 a.m. EST",11399,10920,9168,-2231
ISNE,"12/25/2015 9 a.m. EST",11804,11730,9375,-2429
ISNE,"12/25/2015 10 a.m. EST",12072,12250,9508,-2564
ISNE,"12/25/2015 11 a.m. EST",12172,12350,9578,-2594
ISNE,"12/25/2015 12 p.m. EST",12228,12410,9584,-2644
ISNE,"12/25/2015 1 p.m. EST",12256,12190,9500,-2756
ISNE,"12/25/2015 2 p.m. EST",12072,11840,9453,-2619
ISNE,"12/25/2015 3 p.m. EST",11916,11700,9446,-2470
ISNE,"12/25/2015 4 p.m. EST",11898,11690,9595,-2303
ISNE,"12/25/2015 5 p.m. EST",12620,12440,9928,-2692
ISNE,"12/25/2015 6 p.m. EST",13198,13020,10406,-2792
ISNE,"12/25/2015 7 p.m. EST",13076,12980,10410,-2666
ISNE,"12/25/2015 8 p.m. EST",12918,12790,10500,-2418
ISNE,"12/25/2015 9 p.m. EST",12711,12830,10439,-2272
ISNE,"12/25/2015 10 p.m. EST",12265,12460,10044,-2221
ISNE,"12/25/2015 11 p.m. EST",11489,11670,9577,-1912
ISNE,"12/26/2015 12 a.m. EST",10562,10780,8859,-1703
ISNE,"12/26/2015 1 a.m. EST",10049,10130,8564,-1485
ISNE,"12/26/2015 2 a.m. EST",9890,9670,8410,-1480
ISNE,"12/26/2015 3 a.m. EST",9927,9440,8534,-1393
ISNE,"12/26/2015 4 a.m. EST",9879,9380,8431,-1448
ISNE,"12/26/2015 5 a.m. EST",9901,9480,8473,-1428
ISNE,"12/26/2015 6 a.m. EST",10083,9450,8394,-1689
ISNE,"12/26/2015 7 a.m. EST",10356,9930,8604,-1752
ISNE,"12/26/2015 8 a.m. EST",10869,10740,8933,-1936
ISNE,"12/26/2015 9 a.m. EST",11631,11810,9511,-2120
ISNE,"12/26/2015 10 a.m. EST",12209,12510,9975,-2234
ISNE,"12/26/2015 11 a.m. EST",12392,12430,9966,-2426
ISNE,"12/26/2015 12 p.m. EST",12367,12430,9795,-2572
ISNE,"12/26/2015 1 p.m. EST",12363,12280,9635,-2728
ISNE,"12/26/2015 2 p.m. EST",12303,12190,9613,-2690
ISNE,"12/26/2015 3 p.m. EST",12450,12220,9854,-2596
ISNE,"12/26/2015 4 p.m. EST",12849,12750,10191,-2658
ISNE,"12/26/2015 5 p.m. EST",13995,14050,11254,-2741
ISNE,"12/26/2015 6 p.m. EST",14825,14890,11987,-2838
ISNE,"12/26/2015 7 p.m. EST",14702,14450,11949,-2753
ISNE,"12/26/2015 8 p.m. EST",14358,13710,11708,-2650
ISNE,"12/26/2015 9 p.m. EST",13937,13360,11323,-2614
ISNE,"12/26/2015 10 p.m. EST",13261,13040,10637,-2624
ISNE,"12/26/2015 11 p.m. EST",12299,12220,9886,-2413
ISNE,"12/27/2015 12 a.m. EST",11270,11370,9040,-2230
ISNE,"12/27/2015 1 a.m. EST",10513,10500,8512,-2001
ISNE,"12/27/2015 2 a.m. EST",10144,10040,8260,-1884
ISNE,"12/27/2015 3 a.m. EST",10120,9790,8379,-1741
ISNE,"12/27/2015 4 a.m. EST",10004,9650,8276,-1728
ISNE,"12/27/2015 5 a.m. EST",10032,9720,8286,-1746
ISNE,"12/27/2015 6 a.m. EST",10286,9710,8463,-1823
ISNE,"12/27/2015 7 a.m. EST",10763,10230,8668,-2095
ISNE,"12/27/2015 8 a.m. EST",11366,10890,8958,-2408
ISNE,"12/27/2015 9 a.m. EST",11834,11840,9501,-2333
ISNE,"12/27/2015 10 a.m. EST",12572,12450,9958,-2614
ISNE,"12/27/2015 11 a.m. EST",13128,12950,10302,-2826
ISNE,"12/27/2015 12 p.m. EST",13391,13070,10468,-2923
ISNE,"12/27/2015 1 p.m. EST",13514,13090,10626,-2888
ISNE,"12/27/2015 2 p.m. EST",13377,13100,10468,-2909
ISNE,"12/27/2015 3 p.m. EST",13307,13010,10341,-2966
ISNE,"12/27/2015 4 p.m. EST",13387,13340,10494,-2893
ISNE,"12/27/2015 5 p.m. EST",14454,14570,11352,-3102
ISNE,"12/27/2015 6 p.m. EST",15212,15480,12173,-3039
ISNE,"12/27/2015 7 p.m. EST",15061,15280,12105,-2956
ISNE,"12/27/2015 8 p.m. EST",14630,14850,11523,-3107
ISNE,"12/27/2015 9 p.m. EST",14112,14420,11088,-3024
ISNE,"12/27/2015 10 p.m. EST",13333,13520,10339,-2994
ISNE,"12/27/2015 11 p.m. EST",12330,12460,9796,-2534
ISNE,"12/28/2015 12 a.m. EST",11491,11340,9279,-2212
ISNE,"12/28/2015 1 a.m. EST",11339,10510,9181,-2158
ISNE,"12/28/2015 2 a.m. EST",11074,10190,9031,-2043
ISNE,"12/28/2015 3 a.m. EST",11199,10070,9103,-2096
ISNE,"12/28/2015 4 a.m. EST",11143,10160,9108,-2035
ISNE,"12/28/2015 5 a.m. EST",11379,10610,9142,-2237
ISNE,"12/28/2015 6 a.m. EST",12041,11720,10039,-2002
ISNE,"12/28/2015 7 a.m. EST",13034,13620,10494,-2540
ISNE,"12/28/2015 8 a.m. EST",14064,14800,11520,-2544
ISNE,"12/28/2015 9 a.m. EST",14656,15170,12161,-2495
ISNE,"12/28/2015 10 a.m. EST",14938,15180,12227,-2711
ISNE,"12/28/2015 11 a.m. EST",14972,15120,12048,-2924
ISNE,"12/28/2015 12 p.m. EST",14914,15070,12105,-2809
ISNE,"12/28/2015 1 p.m. EST",14882,15070,12083,-2799
ISNE,"12/28/2015 2 p.m. EST",14950,15060,12335,-2615
ISNE,"12/28/2015 3 p.m. EST",15156,15190,12587,-2569
ISNE,"12/28/2015 4 p.m. EST",15550,15490,12882,-2668
ISNE,"12/28/2015 5 p.m. EST",16799,16730,13893,-2906
ISNE,"12/28/2015 6 p.m. EST",17728,18000,14702,-3026
ISNE,"12/28/2015 7 p.m. EST",17611,17820,14401,-3210
ISNE,"12/28/2015 8 p.m. EST",17190,17420,13782,-3408
ISNE,"12/28/2015 9 p.m. EST",16615,16920,13196,-3419
ISNE,"12/28/2015 10 p.m. EST",15676,15880,12157,-3519
ISNE,"12/28/2015 11 p.m. EST",14384,14430,10947,-3437
ISNE,"12/29/2015 12 a.m. EST",13144,13130,10001,-3143
ISNE,"12/29/2015 1 a.m. EST",12448,12200,9010,-3438
ISNE,"12/29/2015 2 a.m. EST",12450,11730,8695,-3755
ISNE,"12/29/2015 3 a.m. EST",12419,11540,8639,-3780
ISNE,"12/29/2015 4 a.m. EST",12381,11520,8627,-3754
ISNE,"12/29/2015 5 a.m. EST",12658,11860,8809,-3849
ISNE,"12/29/2015 6 a.m. EST",13121,12820,9423,-3698
ISNE,"12/29/2015 7 a.m. EST",14099,14270,10883,-3216
ISNE,"12/29/2015 8 a.m. EST",14890,15380,11424,-3466
ISNE,"12/29/2015 9 a.m. EST",15627,16030,12152,-3475
ISNE,"12/29/2015 10 a.m. EST",16313,16210,12935,-3378
ISNE,"12/29/2015 11 a.m. EST",16743,16360,13261,-3482
ISNE,"12/29/2015 12 p.m. EST",16981,16410,13543,-3438
ISNE,"12/29/2015 1 p.m. EST",16940,16290,13685,-3255
ISNE,"12/29/2015 2 p.m. EST",16776,16190,13628,-3148
ISNE,"12/29/2015 3 p.m. EST",16584,16180,13473,-3111
ISNE,"12/29/2015 4 p.m. EST",16547,16260,13374,-3173
ISNE,"12/29/2015 5 p.m. EST",17357,17240,14423,-2934
ISNE,"12/29/2015 6 p.m. EST",18116,18070,14906,-3210
ISNE,"12/29/2015 7 p.m. EST",17820,17900,14446,-3374
ISNE,"12/29/2015 8 p.m. EST",17272,17230,13710,-3562
ISNE,"12/29/2015 9 p.m. EST",16601,16630,13060,-3541
ISNE,"12/29/2015 10 p.m. EST",15608,15570,12037,-3571
ISNE,"12/29/2015 11 p.m. EST",14315,14170,10593,-3722
ISNE,"12/30/2015 12 a.m. EST",13071,12850,9634,-3437
ISNE,"12/30/2015 1 a.m. EST",12663,11960,9006,-3657
ISNE,"12/30/2015 2 a.m. EST",12543,11500,8839,-3704
ISNE,"12/30/2015 3 a.m. EST",12550,11270,8725,-3825
ISNE,"12/30/2015 4 a.m. EST",12509,11240,8715,-3794
ISNE,"12/30/2015 5 a.m. EST",12521,11570,8752,-3769
ISNE,"12/30/2015 6 a.m. EST",12963,12770,9033,-3930
ISNE,"12/30/2015 7 a.m. EST",14109,14490,10130,-3979
ISNE,"12/30/2015 8 a.m. EST",14922,15550,10921,-4001
ISNE,"12/30/2015 9 a.m. EST",15596,15840,11602,-3994
ISNE,"12/30/2015 10 a.m. EST",16065,15980,12144,-3921
ISNE,"12/30/2015 11 a.m. EST",16357,16070,12476,-3881
ISNE,"12/30/2015 12 p.m. EST",16406,16040,12430,-3976
ISNE,"12/30/2015 1 p.m. EST",16265,15840,12301,-3964
ISNE,"12/30/2015 2 p.m. EST",16188,15740,12208,-3980
ISNE,"12/30/2015 3 p.m. EST",16124,15920,12114,-4010
ISNE,"12/30/2015 4 p.m. EST",16190,16100,12262,-3928
ISNE,"12/30/2015 5 p.m. EST",17068,17090,13143,-3925
ISNE,"12/30/2015 6 p.m. EST",17654,17900,13926,-3728
ISNE,"12/30/2015 7 p.m. EST",17423,17630,13669,-3754
ISNE,"12/30/2015 8 p.m. EST",16924,17200,13110,-3814
ISNE,"12/30/2015 9 p.m. EST",16298,16580,12357,-3941
ISNE,"12/30/2015 10 p.m. EST",15302,15510,11307,-3995
ISNE,"12/30/2015 11 p.m. EST",14032,14080,9940,-4092
ISNE,"12/31/2015 12 a.m. EST",12980,12780,9128,-3852
ISNE,"12/31/2015 1 a.m. EST",12671,11780,9149,-3522
ISNE,"12/31/2015 2 a.m. EST",12395,11280,8832,-3563
ISNE,"12/31/2015 3 a.m. EST",12078,11020,8436,-3642
ISNE,"12/31/2015 4 a.m. EST",11957,11010,8509,-3448
ISNE,"12/31/2015 5 a.m. EST",12156,11250,8632,-3524
ISNE,"12/31/2015 6 a.m. EST",12525,11990,9084,-3441
ISNE,"12/31/2015 7 a.m. EST",13152,13100,9496,-3656
ISNE,"12/31/2015 8 a.m. EST",13893,14140,10038,-3855
ISNE,"12/31/2015 9 a.m. EST",14480,14830,10627,-3853
ISNE,"12/31/2015 10 a.m. EST",14695,15240,10888,-3807
ISNE,"12/31/2015 11 a.m. EST",14613,14860,10801,-3812
ISNE,"12/31/2015 12 p.m. EST",14499,14870,10685,-3814
ISNE,"12/31/2015 1 p.m. EST",14335,14730,10514,-3821
ISNE,"12/31/2015 2 p.m. EST",14292,14700,10484,-3808
ISNE,"12/31/2015 3 p.m. EST",14310,14680,10496,-3814
ISNE,"12/31/2015 4 p.m. EST",14607,14860,10811,-3796
ISNE,"12/31/2015 5 p.m. EST",15725,15800,11912,-3813
ISNE,"12/31/2015 6 p.m. EST",16512,16550,12943,-3569
ISNE,"12/31/2015 7 p.m. EST",16063,16430,12541,-3522
ISNE,"12/31/2015 8 p.m. EST",15273,16170,11589,-3684
ISNE,"12/31/2015 9 p.m. EST",14568,15850,10784,-3784
ISNE,"12/31/2015 10 p.m. EST",13850,15000,10014,-3836
ISNE,"12/31/2015 11 p.m. EST",13108,13790,9240,-3868
ISNE,"1/1/2016 12 a.m. EST",12737,12630,9203,-3534
