"BA Code","Timestamp (Hour Ending)","Demand (MWh)","Demand Forecast (MWh)","Net Generation (MWh)","Total Interchange (MWh)"
ISNE,"10/1/2021 12 a.m. EDT",10449,10460,9297,-1152
ISNE,"10/1/2021 1 a.m. EDT",10086,9780,8868,-1218
ISNE,"10/1/2021 2 a.m. EDT",9956,9400,8521,-1435
ISNE,"10/1/2021 3 a.m. EDT",9763,9210,8516,-1247
ISNE,"10/1/2021 4 a.m. EDT",9729,9180,8541,-1188
ISNE,"10/1/2021 5 a.m. EDT",10134,9430,8936,-1198
ISNE,"10/1/2021 6 a.m. EDT",10606,10200,9339,-1267
ISNE,"10/1/2021 7 a.m. EDT",11539,11560,10574,-965
ISNE,"10/1/2021 8 a.m. EDT",12339,12340,11567,-772
ISNE,"10/1/2021 9 a.m. EDT",12066,12040,11391,-675
ISNE,"10/1/2021 10 a.m. EDT",11439,11470,10891,-548
ISNE,"10/1/2021 11 a.m. EDT",11045,10950,10388,-657
ISNE,"10/1/2021 12 p.m. EDT",11013,10710,10460,-553
ISNE,"10/1/2021 1 p.m. EDT",11310,10810,10738,-572
ISNE,"10/1/2021 2 p.m. EDT",11396,11000,11009,-387
ISNE,"10/1/2021 3 p.m. EDT",11644,11210,11240,-404
ISNE,"10/1/2021 4 p.m. EDT",11856,11700,11257,-599
ISNE,"10/1/2021 5 p.m. EDT",12334,12270,11682,-652
ISNE,"10/1/2021 6 p.m. EDT",12934,13030,12259,-675
ISNE,"10/1/2021 7 p.m. EDT",13487,13600,12797,-690
ISNE,"10/1/2021 8 p.m. EDT",13471,13520,12931,-540
ISNE,"10/1/2021 9 p.m. EDT",12910,12820,11964,-946
ISNE,"10/1/2021 10 p.m. EDT",12199,11970,11350,-849
ISNE,"10/1/2021 11 p.m. EDT",11323,11110,10396,-927
ISNE,"10/2/2021 12 a.m. EDT",10401,10300,8680,-1721
ISNE,"10/2/2021 1 a.m. EDT",10015,9780,7685,-2330
ISNE,"10/2/2021 2 a.m. EDT",9429,9360,7340,-2089
ISNE,"10/2/2021 3 a.m. EDT",9213,9110,6754,-2459
ISNE,"10/2/2021 4 a.m. EDT",9734,9010,6986,-2748
ISNE,"10/2/2021 5 a.m. EDT",9747,9090,7135,-2612
ISNE,"10/2/2021 6 a.m. EDT",9650,9380,7021,-2629
ISNE,"10/2/2021 7 a.m. EDT",10186,9950,7550,-2636
ISNE,"10/2/2021 8 a.m. EDT",10453,10460,8094,-2359
ISNE,"10/2/2021 9 a.m. EDT",10739,10740,8500,-2239
ISNE,"10/2/2021 10 a.m. EDT",10664,10620,8437,-2227
ISNE,"10/2/2021 11 a.m. EDT",10548,10170,8382,-2166
ISNE,"10/2/2021 12 p.m. EDT",10443,10090,8421,-2022
ISNE,"10/2/2021 1 p.m. EDT",10488,10040,8553,-1935
ISNE,"10/2/2021 2 p.m. EDT",10489,10140,8525,-1964
ISNE,"10/2/2021 3 p.m. EDT",10718,10350,8796,-1922
ISNE,"10/2/2021 4 p.m. EDT",11168,10760,9297,-1871
ISNE,"10/2/2021 5 p.m. EDT",11730,11800,9840,-1890
ISNE,"10/2/2021 6 p.m. EDT",12623,12500,10496,-2127
ISNE,"10/2/2021 7 p.m. EDT",13136,13000,10882,-2254
ISNE,"10/2/2021 8 p.m. EDT",13094,12970,10929,-2165
ISNE,"10/2/2021 9 p.m. EDT",12582,12300,10438,-2144
ISNE,"10/2/2021 10 p.m. EDT",11933,11670,9874,-2059
ISNE,"10/2/2021 11 p.m. EDT",11165,11000,8959,-2206
ISNE,"10/3/2021 12 a.m. EDT",10420,10210,7995,-2425
ISNE,"10/3/2021 1 a.m. EDT",10084,9800,7617,-2467
ISNE,"10/3/2021 2 a.m. EDT",9805,9390,7234,-2571
ISNE,"10/3/2021 3 a.m. EDT",9706,9140,7261,-2445
ISNE,"10/3/2021 4 a.m. EDT",9809,9010,7237,-2572
ISNE,"10/3/2021 5 a.m. EDT",9823,9020,6989,-2834
ISNE,"10/3/2021 6 a.m. EDT",10000,9200,7079,-2921
ISNE,"10/3/2021 7 a.m. EDT",10374,9590,7795,-2579
ISNE,"10/3/2021 8 a.m. EDT",10593,10010,8318,-2275
ISNE,"10/3/2021 9 a.m. EDT",10837,10510,8569,-2268
ISNE,"10/3/2021 10 a.m. EDT",10923,10860,8864,-2059
ISNE,"10/3/2021 11 a.m. EDT",11132,11160,9082,-2050
ISNE,"10/3/2021 12 p.m. EDT",11258,11500,9004,-2254
ISNE,"10/3/2021 1 p.m. EDT",11393,11780,9008,-2385
ISNE,"10/3/2021 2 p.m. EDT",11627,11980,9380,-2247
ISNE,"10/3/2021 3 p.m. EDT",11942,12240,9471,-2471
ISNE,"10/3/2021 4 p.m. EDT",12341,12570,9821,-2520
ISNE,"10/3/2021 5 p.m. EDT",12913,13200,10334,-2579
ISNE,"10/3/2021 6 p.m. EDT",13577,13610,10904,-2673
ISNE,"10/3/2021 7 p.m. EDT",13976,14000,11393,-2583
ISNE,"10/3/2021 8 p.m. EDT",13856,13910,11307,-2549
ISNE,"10/3/2021 9 p.m. EDT",13172,13290,10550,-2622
ISNE,"10/3/2021 10 p.m. EDT",12365,12440,9924,-2441
ISNE,"10/3/2021 11 p.m. EDT",11516,11530,9056,-2460
ISNE,"10/4/2021 12 a.m. EDT",10682,10480,8204,-2478
ISNE,"10/4/2021 1 a.m. EDT",10494,10040,7819,-2675
ISNE,"10/4/2021 2 a.m. EDT",10658,9640,7869,-2789
ISNE,"10/4/2021 3 a.m. EDT",10514,9440,7624,-2890
ISNE,"10/4/2021 4 a.m. EDT",10474,9420,7634,-2840
ISNE,"10/4/2021 5 a.m. EDT",10706,9670,7860,-2846
ISNE,"10/4/2021 6 a.m. EDT",11258,10430,8674,-2584
ISNE,"10/4/2021 7 a.m. EDT",12026,11790,9869,-2157
ISNE,"10/4/2021 8 a.m. EDT",12803,12880,11343,-1460
ISNE,"10/4/2021 9 a.m. EDT",13332,13390,11643,-1689
ISNE,"10/4/2021 10 a.m. EDT",13617,13690,11773,-1844
ISNE,"10/4/2021 11 a.m. EDT",13826,13980,12019,-1807
ISNE,"10/4/2021 12 p.m. EDT",13929,14050,12132,-1797
ISNE,"10/4/2021 1 p.m. EDT",13870,14100,12203,-1667
ISNE,"10/4/2021 2 p.m. EDT",13806,14070,11862,-1944
ISNE,"10/4/2021 3 p.m. EDT",13719,13980,11571,-2148
ISNE,"10/4/2021 4 p.m. EDT",13734,13930,11596,-2138
ISNE,"10/4/2021 5 p.m. EDT",13985,14130,11752,-2233
ISNE,"10/4/2021 6 p.m. EDT",14428,14600,12434,-1994
ISNE,"10/4/2021 7 p.m. EDT",14584,15000,12828,-1756
ISNE,"10/4/2021 8 p.m. EDT",14206,14630,12211,-1995
ISNE,"10/4/2021 9 p.m. EDT",13491,13850,11410,-2081
ISNE,"10/4/2021 10 p.m. EDT",12591,12870,10439,-2152
ISNE,"10/4/2021 11 p.m. EDT",11542,11720,9133,-2409
ISNE,"10/5/2021 12 a.m. EDT",10850,10720,8418,-2432
ISNE,"10/5/2021 1 a.m. EDT",10495,9960,7881,-2614
ISNE,"10/5/2021 2 a.m. EDT",10374,9580,7668,-2706
ISNE,"10/5/2021 3 a.m. EDT",10287,9360,7549,-2738
ISNE,"10/5/2021 4 a.m. EDT",10377,9320,7665,-2712
ISNE,"10/5/2021 5 a.m. EDT",10420,9550,7784,-2636
ISNE,"10/5/2021 6 a.m. EDT",10869,10310,8234,-2635
ISNE,"10/5/2021 7 a.m. EDT",12060,11750,9820,-2240
ISNE,"10/5/2021 8 a.m. EDT",12736,12700,10835,-1901
ISNE,"10/5/2021 9 a.m. EDT",13011,12990,11203,-1808
ISNE,"10/5/2021 10 a.m. EDT",13039,13020,11209,-1830
ISNE,"10/5/2021 11 a.m. EDT",13031,13090,11201,-1830
ISNE,"10/5/2021 12 p.m. EDT",12992,13060,11284,-1708
ISNE,"10/5/2021 1 p.m. EDT",12923,13060,11196,-1727
ISNE,"10/5/2021 2 p.m. EDT",12993,13080,11369,-1624
ISNE,"10/5/2021 3 p.m. EDT",13001,13120,11298,-1703
ISNE,"10/5/2021 4 p.m. EDT",13118,13180,11556,-1562
ISNE,"10/5/2021 5 p.m. EDT",13374,13530,11494,-1880
ISNE,"10/5/2021 6 p.m. EDT",13846,14130,12075,-1771
ISNE,"10/5/2021 7 p.m. EDT",14385,14600,12649,-1736
ISNE,"10/5/2021 8 p.m. EDT",14267,14380,12305,-1962
ISNE,"10/5/2021 9 p.m. EDT",13561,13610,11156,-2405
ISNE,"10/5/2021 10 p.m. EDT",12665,12690,10226,-2439
ISNE,"10/5/2021 11 p.m. EDT",11630,11590,9161,-2469
ISNE,"10/6/2021 12 a.m. EDT",11016,10670,8281,-2735
ISNE,"10/6/2021 1 a.m. EDT",10395,9980,7949,-2446
ISNE,"10/6/2021 2 a.m. EDT",10283,9570,7729,-2554
ISNE,"10/6/2021 3 a.m. EDT",10171,9370,7526,-2645
ISNE,"10/6/2021 4 a.m. EDT",10326,9330,7623,-2703
ISNE,"10/6/2021 5 a.m. EDT",10439,9570,7777,-2662
ISNE,"10/6/2021 6 a.m. EDT",10584,10330,8021,-2563
ISNE,"10/6/2021 7 a.m. EDT",11692,11720,9503,-2189
ISNE,"10/6/2021 8 a.m. EDT",12576,12570,10435,-2141
ISNE,"10/6/2021 9 a.m. EDT",12676,12660,10608,-2068
ISNE,"10/6/2021 10 a.m. EDT",12366,12330,10290,-2076
ISNE,"10/6/2021 11 a.m. EDT",11930,11960,10067,-1863
ISNE,"10/6/2021 12 p.m. EDT",11711,11740,9948,-1763
ISNE,"10/6/2021 1 p.m. EDT",11679,11750,9734,-1945
ISNE,"10/6/2021 2 p.m. EDT",11778,11940,10017,-1761
ISNE,"10/6/2021 3 p.m. EDT",12047,12260,10161,-1886
ISNE,"10/6/2021 4 p.m. EDT",12471,12690,10351,-2120
ISNE,"10/6/2021 5 p.m. EDT",13106,13280,11096,-2010
ISNE,"10/6/2021 6 p.m. EDT",13982,14060,11643,-2339
ISNE,"10/6/2021 7 p.m. EDT",14532,14600,12234,-2298
ISNE,"10/6/2021 8 p.m. EDT",14434,14370,11842,-2592
ISNE,"10/6/2021 9 p.m. EDT",13716,13660,11059,-2657
ISNE,"10/6/2021 10 p.m. EDT",12777,12720,10066,-2711
ISNE,"10/6/2021 11 p.m. EDT",11712,11630,8993,-2719
ISNE,"10/7/2021 12 a.m. EDT",10944,10720,7880,-3064
ISNE,"10/7/2021 1 a.m. EDT",10529,9990,7677,-2852
ISNE,"10/7/2021 2 a.m. EDT",10429,9590,7698,-2731
ISNE,"10/7/2021 3 a.m. EDT",10438,9370,7757,-2681
ISNE,"10/7/2021 4 a.m. EDT",10370,9320,7571,-2799
ISNE,"10/7/2021 5 a.m. EDT",10591,9550,7674,-2917
ISNE,"10/7/2021 6 a.m. EDT",10863,10300,8372,-2491
ISNE,"10/7/2021 7 a.m. EDT",11755,11690,9448,-2307
ISNE,"10/7/2021 8 a.m. EDT",12498,12490,10418,-2080
ISNE,"10/7/2021 9 a.m. EDT",12379,12420,10309,-2070
ISNE,"10/7/2021 10 a.m. EDT",12023,11940,10099,-1924
ISNE,"10/7/2021 11 a.m. EDT",11944,11820,10259,-1685
ISNE,"10/7/2021 12 p.m. EDT",11811,11720,10311,-1500
ISNE,"10/7/2021 1 p.m. EDT",11940,11840,10343,-1597
ISNE,"10/7/2021 2 p.m. EDT",12199,12110,10408,-1791
ISNE,"10/7/2021 3 p.m. EDT",12322,12310,10434,-1888
ISNE,"10/7/2021 4 p.m. EDT",12763,12820,10630,-2133
ISNE,"10/7/2021 5 p.m. EDT",13441,13590,11138,-2303
ISNE,"10/7/2021 6 p.m. EDT",14251,14460,11907,-2344
ISNE,"10/7/2021 7 p.m. EDT",14683,14900,12369,-2314
ISNE,"10/7/2021 8 p.m. EDT",14561,14640,11983,-2578
ISNE,"10/7/2021 9 p.m. EDT",13865,13840,11111,-2754
ISNE,"10/7/2021 10 p.m. EDT",12952,12870,10334,-2618
ISNE,"10/7/2021 11 p.m. EDT",11877,11760,9220,-2657
ISNE,"10/8/2021 12 a.m. EDT",10931,10820,8373,-2558
ISNE,"10/8/2021 1 a.m. EDT",10943,10160,7813,-3130
ISNE,"10/8/2021 2 a.m. EDT",10766,9700,7642,-3124
ISNE,"10/8/2021 3 a.m. EDT",10532,9470,7283,-3249
ISNE,"10/8/2021 4 a.m. EDT",10440,9400,7226,-3214
ISNE,"10/8/2021 5 a.m. EDT",10626,9590,7438,-3188
ISNE,"10/8/2021 6 a.m. EDT",11147,10310,8126,-3021
ISNE,"10/8/2021 7 a.m. EDT",11634,11590,8933,-2701
ISNE,"10/8/2021 8 a.m. EDT",12423,12400,9815,-2608
ISNE,"10/8/2021 9 a.m. EDT",12473,12480,9875,-2598
ISNE,"10/8/2021 10 a.m. EDT",12146,12200,9778,-2368
ISNE,"10/8/2021 11 a.m. EDT",11833,11940,9657,-2176
ISNE,"10/8/2021 12 p.m. EDT",11622,11840,9539,-2083
ISNE,"10/8/2021 1 p.m. EDT",11580,11930,9523,-2057
ISNE,"10/8/2021 2 p.m. EDT",11769,12020,9781,-1988
ISNE,"10/8/2021 3 p.m. EDT",11943,12280,9965,-1978
ISNE,"10/8/2021 4 p.m. EDT",12351,12660,10427,-1924
ISNE,"10/8/2021 5 p.m. EDT",13075,13290,11090,-1985
ISNE,"10/8/2021 6 p.m. EDT",13762,13920,11616,-2146
ISNE,"10/8/2021 7 p.m. EDT",14134,14250,11986,-2148
ISNE,"10/8/2021 8 p.m. EDT",13898,13940,11723,-2175
ISNE,"10/8/2021 9 p.m. EDT",13285,13230,11023,-2262
ISNE,"10/8/2021 10 p.m. EDT",12530,12380,10056,-2474
ISNE,"10/8/2021 11 p.m. EDT",11966,11500,9411,-2555
ISNE,"10/9/2021 12 a.m. EDT",11234,10660,8878,-2356
ISNE,"10/9/2021 1 a.m. EDT",10312,10030,8339,-1973
ISNE,"10/9/2021 2 a.m. EDT",9934,9590,7821,-2113
ISNE,"10/9/2021 3 a.m. EDT",10129,9330,7863,-2266
ISNE,"10/9/2021 4 a.m. EDT",10115,9220,7612,-2503
ISNE,"10/9/2021 5 a.m. EDT",10330,9270,7680,-2650
ISNE,"10/9/2021 6 a.m. EDT",10327,9520,7910,-2417
ISNE,"10/9/2021 7 a.m. EDT",10610,10080,8127,-2483
ISNE,"10/9/2021 8 a.m. EDT",11140,10640,8698,-2442
ISNE,"10/9/2021 9 a.m. EDT",11242,11100,8924,-2318
ISNE,"10/9/2021 10 a.m. EDT",11187,11210,9212,-1975
ISNE,"10/9/2021 11 a.m. EDT",11248,11270,9595,-1653
ISNE,"10/9/2021 12 p.m. EDT",11286,11310,9752,-1534
ISNE,"10/9/2021 1 p.m. EDT",11212,11220,9626,-1586
ISNE,"10/9/2021 2 p.m. EDT",11186,11250,9496,-1690
ISNE,"10/9/2021 3 p.m. EDT",11199,11380,9334,-1865
ISNE,"10/9/2021 4 p.m. EDT",11418,11530,9625,-1793
ISNE,"10/9/2021 5 p.m. EDT",11896,11980,10254,-1642
ISNE,"10/9/2021 6 p.m. EDT",12461,12590,10809,-1652
ISNE,"10/9/2021 7 p.m. EDT",12990,13180,11163,-1827
ISNE,"10/9/2021 8 p.m. EDT",12821,12940,10776,-2045
ISNE,"10/9/2021 9 p.m. EDT",12330,12310,10086,-2244
ISNE,"10/9/2021 10 p.m. EDT",11718,11670,9320,-2398
ISNE,"10/9/2021 11 p.m. EDT",11044,10950,8396,-2648
ISNE,"10/10/2021 12 a.m. EDT",10523,10200,7644,-2879
ISNE,"10/10/2021 1 a.m. EDT",9932,9670,7203,-2729
ISNE,"10/10/2021 2 a.m. EDT",9919,9290,7171,-2748
ISNE,"10/10/2021 3 a.m. EDT",9918,9060,7111,-2807
ISNE,"10/10/2021 4 a.m. EDT",10021,8950,7242,-2779
ISNE,"10/10/2021 5 a.m. EDT",9853,8960,7322,-2531
ISNE,"10/10/2021 6 a.m. EDT",9712,9150,7229,-2483
ISNE,"10/10/2021 7 a.m. EDT",9939,9590,7349,-2590
ISNE,"10/10/2021 8 a.m. EDT",10079,10070,7793,-2286
ISNE,"10/10/2021 9 a.m. EDT",10653,10660,8404,-2249
ISNE,"10/10/2021 10 a.m. EDT",11041,11140,8787,-2254
ISNE,"10/10/2021 11 a.m. EDT",11280,11440,9013,-2267
ISNE,"10/10/2021 12 p.m. EDT",11521,11630,9473,-2048
ISNE,"10/10/2021 1 p.m. EDT",11687,11820,9626,-2061
ISNE,"10/10/2021 2 p.m. EDT",11834,11900,9783,-2051
ISNE,"10/10/2021 3 p.m. EDT",11887,11990,9754,-2133
ISNE,"10/10/2021 4 p.m. EDT",11936,12150,10030,-1906
ISNE,"10/10/2021 5 p.m. EDT",12305,12620,10265,-2040
ISNE,"10/10/2021 6 p.m. EDT",12896,13280,10705,-2191
ISNE,"10/10/2021 7 p.m. EDT",13316,13720,10964,-2352
ISNE,"10/10/2021 8 p.m. EDT",13085,13560,10821,-2264
ISNE,"10/10/2021 9 p.m. EDT",12527,12870,10273,-2254
ISNE,"10/10/2021 10 p.m. EDT",11874,12060,9540,-2334
ISNE,"10/10/2021 11 p.m. EDT",11275,11180,8499,-2776
ISNE,"10/11/2021 12 a.m. EDT",11023,10370,8026,-2997
ISNE,"10/11/2021 1 a.m. EDT",10596,9760,7661,-2935
ISNE,"10/11/2021 2 a.m. EDT",10426,9400,7457,-2969
ISNE,"10/11/2021 3 a.m. EDT",10278,9210,7490,-2788
ISNE,"10/11/2021 4 a.m. EDT",10255,9180,7407,-2848
ISNE,"10/11/2021 5 a.m. EDT",10439,9370,7270,-3169
ISNE,"10/11/2021 6 a.m. EDT",10556,9910,7595,-2961
ISNE,"10/11/2021 7 a.m. EDT",11057,11100,8317,-2740
ISNE,"10/11/2021 8 a.m. EDT",11752,12020,9505,-2247
ISNE,"10/11/2021 9 a.m. EDT",12222,12340,9753,-2469
ISNE,"10/11/2021 10 a.m. EDT",12390,12350,10009,-2381
ISNE,"10/11/2021 11 a.m. EDT",12338,12340,9841,-2497
ISNE,"10/11/2021 12 p.m. EDT",12246,12370,9779,-2467
ISNE,"10/11/2021 1 p.m. EDT",12157,12370,9630,-2527
ISNE,"10/11/2021 2 p.m. EDT",12248,12400,9986,-2262
ISNE,"10/11/2021 3 p.m. EDT",12270,12480,10128,-2142
ISNE,"10/11/2021 4 p.m. EDT",12552,12670,10541,-2011
ISNE,"10/11/2021 5 p.m. EDT",13218,13250,11129,-2089
ISNE,"10/11/2021 6 p.m. EDT",14096,13960,11877,-2219
ISNE,"10/11/2021 7 p.m. EDT",14688,14450,12283,-2405
ISNE,"10/11/2021 8 p.m. EDT",14413,14290,11855,-2558
ISNE,"10/11/2021 9 p.m. EDT",13661,13590,11048,-2613
ISNE,"10/11/2021 10 p.m. EDT",12742,12650,10028,-2714
ISNE,"10/11/2021 11 p.m. EDT",11798,11550,9140,-2658
ISNE,"10/12/2021 12 a.m. EDT",11196,10560,8349,-2847
ISNE,"10/12/2021 1 a.m. EDT",10805,9980,7807,-2998
ISNE,"10/12/2021 2 a.m. EDT",10611,9570,7628,-2983
ISNE,"10/12/2021 3 a.m. EDT",10393,9340,7395,-2998
ISNE,"10/12/2021 4 a.m. EDT",10333,9280,7413,-2920
ISNE,"10/12/2021 5 a.m. EDT",10527,9530,7583,-2944
ISNE,"10/12/2021 6 a.m. EDT",10774,10240,8188,-2586
ISNE,"10/12/2021 7 a.m. EDT",11773,11610,9357,-2416
ISNE,"10/12/2021 8 a.m. EDT",12456,12550,10355,-2101
ISNE,"10/12/2021 9 a.m. EDT",12456,12820,10381,-2075
ISNE,"10/12/2021 10 a.m. EDT",12174,12240,10087,-2087
ISNE,"10/12/2021 11 a.m. EDT",12072,12170,9980,-2092
ISNE,"10/12/2021 12 p.m. EDT",11833,12130,9721,-2112
ISNE,"10/12/2021 1 p.m. EDT",11792,12200,9756,-2036
ISNE,"10/12/2021 2 p.m. EDT",12006,11690,10055,-1951
ISNE,"10/12/2021 3 p.m. EDT",12220,11990,10374,-1846
ISNE,"10/12/2021 4 p.m. EDT",12754,12570,11040,-1714
ISNE,"10/12/2021 5 p.m. EDT",13644,13280,11533,-2111
ISNE,"10/12/2021 6 p.m. EDT",14504,14320,12319,-2185
ISNE,"10/12/2021 7 p.m. EDT",14939,14810,12633,-2306
ISNE,"10/12/2021 8 p.m. EDT",14674,14730,12274,-2400
ISNE,"10/12/2021 9 p.m. EDT",13893,13950,11480,-2413
ISNE,"10/12/2021 10 p.m. EDT",12931,12930,10536,-2395
ISNE,"10/12/2021 11 p.m. EDT",11854,11830,9410,-2444
ISNE,"10/13/2021 12 a.m. EDT",11138,10850,8468,-2670
ISNE,"10/13/2021 1 a.m. EDT",10946,10110,8309,-2637
ISNE,"10/13/2021 2 a.m. EDT",10767,9700,8046,-2721
ISNE,"10/13/2021 3 a.m. EDT",10521,9460,7806,-2715
ISNE,"10/13/2021 4 a.m. EDT",10457,9410,7692,-2765
ISNE,"10/13/2021 5 a.m. EDT",10656,9610,7935,-2721
ISNE,"10/13/2021 6 a.m. EDT",10881,10360,8257,-2624
ISNE,"10/13/2021 7 a.m. EDT",11685,11710,9337,-2348
ISNE,"10/13/2021 8 a.m. EDT",12571,12560,10494,-2077
ISNE,"10/13/2021 9 a.m. EDT",12559,12470,10407,-2152
ISNE,"10/13/2021 10 a.m. EDT",12244,12180,10153,-2091
ISNE,"10/13/2021 11 a.m. EDT",12032,11990,10161,-1871
ISNE,"10/13/2021 12 p.m. EDT",11913,11920,10104,-1809
ISNE,"10/13/2021 1 p.m. EDT",12090,12210,10425,-1665
ISNE,"10/13/2021 2 p.m. EDT",12361,12530,10672,-1689
ISNE,"10/13/2021 3 p.m. EDT",12735,12880,10932,-1803
ISNE,"10/13/2021 4 p.m. EDT",13248,13310,11006,-2242
ISNE,"10/13/2021 5 p.m. EDT",13832,13910,11603,-2229
ISNE,"10/13/2021 6 p.m. EDT",14584,14590,12286,-2298
ISNE,"10/13/2021 7 p.m. EDT",14973,15010,12631,-2342
ISNE,"10/13/2021 8 p.m. EDT",14704,14850,12345,-2359
ISNE,"10/13/2021 9 p.m. EDT",14004,14090,11637,-2367
ISNE,"10/13/2021 10 p.m. EDT",13212,13120,10792,-2420
ISNE,"10/13/2021 11 p.m. EDT",12242,12020,9830,-2412
ISNE,"10/14/2021 12 a.m. EDT",11243,11060,8264,-2979
ISNE,"10/14/2021 1 a.m. EDT",10942,10270,7724,-3218
ISNE,"10/14/2021 2 a.m. EDT",10918,9850,7741,-3177
ISNE,"10/14/2021 3 a.m. EDT",10648,9620,7451,-3197
ISNE,"10/14/2021 4 a.m. EDT",10280,9520,7166,-3114
ISNE,"10/14/2021 5 a.m. EDT",10485,9740,7264,-3221
ISNE,"10/14/2021 6 a.m. EDT",11085,10470,7972,-3113
ISNE,"10/14/2021 7 a.m. EDT",11878,11870,9000,-2878
ISNE,"10/14/2021 8 a.m. EDT",12719,12730,10294,-2425
ISNE,"10/14/2021 9 a.m. EDT",12747,12740,10398,-2349
ISNE,"10/14/2021 10 a.m. EDT",12451,12440,10179,-2272
ISNE,"10/14/2021 11 a.m. EDT",12399,12380,10102,-2297
ISNE,"10/14/2021 12 p.m. EDT",12515,12420,10165,-2350
ISNE,"10/14/2021 1 p.m. EDT",12820,12670,10410,-2410
ISNE,"10/14/2021 2 p.m. EDT",13044,13130,10729,-2315
ISNE,"10/14/2021 3 p.m. EDT",13486,13530,11142,-2344
ISNE,"10/14/2021 4 p.m. EDT",13867,13950,11543,-2324
ISNE,"10/14/2021 5 p.m. EDT",14374,14660,11968,-2406
ISNE,"10/14/2021 6 p.m. EDT",14804,15290,12392,-2412
ISNE,"10/14/2021 7 p.m. EDT",15108,15720,12716,-2392
ISNE,"10/14/2021 8 p.m. EDT",14836,15350,12063,-2773
ISNE,"10/14/2021 9 p.m. EDT",14246,14510,11532,-2714
ISNE,"10/14/2021 10 p.m. EDT",13347,13500,10757,-2590
ISNE,"10/14/2021 11 p.m. EDT",12264,12330,9579,-2685
ISNE,"10/15/2021 12 a.m. EDT",11409,11340,8351,-3058
ISNE,"10/15/2021 1 a.m. EDT",11071,10530,7677,-3394
ISNE,"10/15/2021 2 a.m. EDT",10849,10080,7537,-3312
ISNE,"10/15/2021 3 a.m. EDT",10847,9810,7602,-3245
ISNE,"10/15/2021 4 a.m. EDT",10757,9710,7594,-3163
ISNE,"10/15/2021 5 a.m. EDT",10904,9870,7727,-3177
ISNE,"10/15/2021 6 a.m. EDT",11309,10560,8106,-3203
ISNE,"10/15/2021 7 a.m. EDT",12122,11890,9229,-2893
ISNE,"10/15/2021 8 a.m. EDT",12732,12740,10303,-2429
ISNE,"10/15/2021 9 a.m. EDT",12855,12850,10493,-2362
ISNE,"10/15/2021 10 a.m. EDT",12657,12620,10046,-2611
ISNE,"10/15/2021 11 a.m. EDT",12837,12580,10181,-2656
ISNE,"10/15/2021 12 p.m. EDT",13104,12610,10497,-2607
ISNE,"10/15/2021 1 p.m. EDT",13272,12770,10647,-2625
ISNE,"10/15/2021 2 p.m. EDT",13206,12930,10628,-2578
ISNE,"10/15/2021 3 p.m. EDT",13486,13160,10963,-2523
ISNE,"10/15/2021 4 p.m. EDT",13735,13400,11188,-2547
ISNE,"10/15/2021 5 p.m. EDT",14081,13850,11477,-2604
ISNE,"10/15/2021 6 p.m. EDT",14479,14420,12229,-2250
ISNE,"10/15/2021 7 p.m. EDT",14696,15000,12356,-2340
ISNE,"10/15/2021 8 p.m. EDT",14423,14620,11738,-2685
ISNE,"10/15/2021 9 p.m. EDT",13796,13950,11008,-2788
ISNE,"10/15/2021 10 p.m. EDT",13087,13130,10352,-2735
ISNE,"10/15/2021 11 p.m. EDT",12431,12260,9669,-2762
ISNE,"10/16/2021 12 a.m. EDT",11821,11380,8407,-3414
ISNE,"10/16/2021 1 a.m. EDT",11115,10660,7871,-3244
ISNE,"10/16/2021 2 a.m. EDT",10944,10180,8041,-2903
ISNE,"10/16/2021 3 a.m. EDT",10655,9900,7795,-2860
ISNE,"10/16/2021 4 a.m. EDT",10805,9780,7897,-2908
ISNE,"10/16/2021 5 a.m. EDT",10477,9780,7587,-2890
ISNE,"10/16/2021 6 a.m. EDT",10430,10050,7657,-2773
ISNE,"10/16/2021 7 a.m. EDT",10939,10660,8074,-2865
ISNE,"10/16/2021 8 a.m. EDT",11566,11290,8649,-2917
ISNE,"10/16/2021 9 a.m. EDT",12103,11820,9146,-2957
ISNE,"10/16/2021 10 a.m. EDT",12290,12050,9327,-2963
ISNE,"10/16/2021 11 a.m. EDT",12287,12100,9418,-2869
ISNE,"10/16/2021 12 p.m. EDT",12467,12150,9723,-2744
ISNE,"10/16/2021 1 p.m. EDT",12617,12170,9911,-2706
ISNE,"10/16/2021 2 p.m. EDT",12332,12200,9574,-2758
ISNE,"10/16/2021 3 p.m. EDT",12328,12260,9766,-2562
ISNE,"10/16/2021 4 p.m. EDT",12595,12540,10321,-2274
ISNE,"10/16/2021 5 p.m. EDT",13165,13080,10957,-2208
ISNE,"10/16/2021 6 p.m. EDT",13802,13740,11433,-2369
ISNE,"10/16/2021 7 p.m. EDT",14259,14250,11840,-2419
ISNE,"10/16/2021 8 p.m. EDT",14017,13900,11634,-2383
ISNE,"10/16/2021 9 p.m. EDT",13460,13230,10666,-2794
ISNE,"10/16/2021 10 p.m. EDT",12816,12540,9744,-3072
ISNE,"10/16/2021 11 p.m. EDT",11984,11730,8878,-3106
ISNE,"10/17/2021 12 a.m. EDT",11089,10890,7915,-3174
ISNE,"10/17/2021 1 a.m. EDT",10542,10280,7441,-3101
ISNE,"10/17/2021 2 a.m. EDT",10028,9720,6871,-3157
ISNE,"10/17/2021 3 a.m. EDT",9673,9370,6731,-2942
ISNE,"10/17/2021 4 a.m. EDT",9467,9170,6541,-2926
ISNE,"10/17/2021 5 a.m. EDT",9397,9120,6505,-2892
ISNE,"10/17/2021 6 a.m. EDT",9502,9220,6484,-3018
ISNE,"10/17/2021 7 a.m. EDT",9830,9560,6902,-2928
ISNE,"10/17/2021 8 a.m. EDT",10219,9940,7024,-3195
ISNE,"10/17/2021 9 a.m. EDT",10318,10030,7233,-3085
ISNE,"10/17/2021 10 a.m. EDT",10082,9800,7009,-3073
ISNE,"10/17/2021 11 a.m. EDT",9585,9790,6868,-2717
ISNE,"10/17/2021 12 p.m. EDT",9667,9930,7075,-2592
ISNE,"10/17/2021 1 p.m. EDT",9936,10180,7471,-2465
ISNE,"10/17/2021 2 p.m. EDT",10169,10440,7454,-2715
ISNE,"10/17/2021 3 p.m. EDT",10434,10760,7562,-2872
ISNE,"10/17/2021 4 p.m. EDT",10929,11250,8136,-2793
ISNE,"10/17/2021 5 p.m. EDT",11698,11940,8871,-2827
ISNE,"10/17/2021 6 p.m. EDT",12628,12810,9670,-2958
ISNE,"10/17/2021 7 p.m. EDT",13282,13500,10422,-2860
ISNE,"10/17/2021 8 p.m. EDT",12967,13180,10036,-2931
ISNE,"10/17/2021 9 p.m. EDT",12494,12520,9604,-2890
ISNE,"10/17/2021 10 p.m. EDT",11680,11770,8890,-2790
ISNE,"10/17/2021 11 p.m. EDT",10759,10880,7819,-2940
ISNE,"10/18/2021 12 a.m. EDT",9924,10100,7035,-2889
ISNE,"10/18/2021 1 a.m. EDT",9358,9350,6836,-2522
ISNE,"10/18/2021 2 a.m. EDT",9009,9000,6281,-2728
ISNE,"10/18/2021 3 a.m. EDT",8850,8850,6234,-2616
ISNE,"10/18/2021 4 a.m. EDT",8835,8830,6209,-2626
ISNE,"10/18/2021 5 a.m. EDT",9120,9140,6580,-2540
ISNE,"10/18/2021 6 a.m. EDT",9929,9950,7370,-2559
ISNE,"10/18/2021 7 a.m. EDT",11403,11430,8787,-2616
ISNE,"10/18/2021 8 a.m. EDT",12340,12340,10146,-2194
ISNE,"10/18/2021 9 a.m. EDT",12165,12160,10102,-2063
ISNE,"10/18/2021 10 a.m. EDT",11556,11480,9271,-2285
ISNE,"10/18/2021 11 a.m. EDT",11147,11220,9278,-1869
ISNE,"10/18/2021 12 p.m. EDT",11177,11030,9296,-1881
ISNE,"10/18/2021 1 p.m. EDT",11215,11150,9417,-1798
ISNE,"10/18/2021 2 p.m. EDT",11437,11250,9660,-1777
ISNE,"10/18/2021 3 p.m. EDT",11691,11370,9660,-2031
ISNE,"10/18/2021 4 p.m. EDT",12096,11850,9961,-2135
ISNE,"10/18/2021 5 p.m. EDT",12824,12520,10269,-2555
ISNE,"10/18/2021 6 p.m. EDT",13681,13440,11092,-2589
ISNE,"10/18/2021 7 p.m. EDT",14292,14250,11741,-2551
ISNE,"10/18/2021 8 p.m. EDT",13958,13780,11654,-2304
ISNE,"10/18/2021 9 p.m. EDT",13266,13140,10892,-2374
ISNE,"10/18/2021 10 p.m. EDT",12373,12280,9552,-2821
ISNE,"10/18/2021 11 p.m. EDT",11336,11270,8468,-2868
ISNE,"10/19/2021 12 a.m. EDT",10433,10370,7206,-3227
ISNE,"10/19/2021 1 a.m. EDT",10130,9790,7152,-2978
ISNE,"10/19/2021 2 a.m. EDT",9982,9450,6756,-3226
ISNE,"10/19/2021 3 a.m. EDT",9807,9270,6785,-3022
ISNE,"10/19/2021 4 a.m. EDT",9761,9230,6753,-3008
ISNE,"10/19/2021 5 a.m. EDT",10039,9510,7042,-2997
ISNE,"10/19/2021 6 a.m. EDT",10344,10350,7364,-2980
ISNE,"10/19/2021 7 a.m. EDT",11845,11880,8863,-2982
ISNE,"10/19/2021 8 a.m. EDT",12822,12820,9937,-2885
ISNE,"10/19/2021 9 a.m. EDT",12557,12540,9799,-2758
ISNE,"10/19/2021 10 a.m. EDT",11762,11790,9154,-2608
ISNE,"10/19/2021 11 a.m. EDT",11114,11290,8773,-2341
ISNE,"10/19/2021 12 p.m. EDT",10825,10850,8328,-2497
ISNE,"10/19/2021 1 p.m. EDT",10866,10730,8151,-2715
ISNE,"10/19/2021 2 p.m. EDT",10959,10750,8316,-2643
ISNE,"10/19/2021 3 p.m. EDT",11238,10880,8586,-2652
ISNE,"10/19/2021 4 p.m. EDT",11622,11320,8923,-2699
ISNE,"10/19/2021 5 p.m. EDT",12591,12210,9788,-2803
ISNE,"10/19/2021 6 p.m. EDT",13673,13370,10924,-2749
ISNE,"10/19/2021 7 p.m. EDT",14311,14090,11553,-2758
ISNE,"10/19/2021 8 p.m. EDT",14015,13770,11536,-2479
ISNE,"10/19/2021 9 p.m. EDT",13321,13080,10688,-2633
ISNE,"10/19/2021 10 p.m. EDT",12431,12230,9694,-2737
ISNE,"10/19/2021 11 p.m. EDT",11355,11180,8620,-2735
ISNE,"10/20/2021 12 a.m. EDT",10446,10300,7648,-2798
ISNE,"10/20/2021 1 a.m. EDT",10070,9770,7482,-2588
ISNE,"10/20/2021 2 a.m. EDT",9930,9390,7189,-2741
ISNE,"10/20/2021 3 a.m. EDT",9751,9210,7104,-2647
ISNE,"10/20/2021 4 a.m. EDT",9975,9190,7148,-2827
ISNE,"10/20/2021 5 a.m. EDT",9981,9450,7179,-2802
ISNE,"10/20/2021 6 a.m. EDT",10295,10270,7543,-2752
ISNE,"10/20/2021 7 a.m. EDT",11713,11750,9073,-2640
ISNE,"10/20/2021 8 a.m. EDT",12626,12640,9992,-2634
ISNE,"10/20/2021 9 a.m. EDT",12393,12370,9783,-2610
ISNE,"10/20/2021 10 a.m. EDT",11748,11750,9408,-2340
ISNE,"10/20/2021 11 a.m. EDT",11249,11410,9071,-2178
ISNE,"10/20/2021 12 p.m. EDT",10932,11230,8758,-2174
ISNE,"10/20/2021 1 p.m. EDT",11070,11220,8776,-2294
ISNE,"10/20/2021 2 p.m. EDT",11237,11390,8899,-2338
ISNE,"10/20/2021 3 p.m. EDT",11650,11590,9359,-2291
ISNE,"10/20/2021 4 p.m. EDT",12216,12000,9986,-2230
ISNE,"10/20/2021 5 p.m. EDT",12984,12740,10685,-2299
ISNE,"10/20/2021 6 p.m. EDT",13857,13630,11449,-2408
ISNE,"10/20/2021 7 p.m. EDT",14439,14150,11979,-2460
ISNE,"10/20/2021 8 p.m. EDT",14094,13870,11533,-2561
ISNE,"10/20/2021 9 p.m. EDT",13379,13200,10853,-2526
ISNE,"10/20/2021 10 p.m. EDT",12495,12290,9999,-2496
ISNE,"10/20/2021 11 p.m. EDT",11431,11220,8888,-2543
ISNE,"10/21/2021 12 a.m. EDT",10517,10390,7738,-2779
ISNE,"10/21/2021 1 a.m. EDT",9969,9810,7438,-2531
ISNE,"10/21/2021 2 a.m. EDT",10006,9410,7376,-2630
ISNE,"10/21/2021 3 a.m. EDT",10045,9220,7305,-2740
ISNE,"10/21/2021 4 a.m. EDT",9992,9160,7305,-2687
ISNE,"10/21/2021 5 a.m. EDT",10147,9410,7473,-2674
ISNE,"10/21/2021 6 a.m. EDT",10504,10140,7894,-2610
ISNE,"10/21/2021 7 a.m. EDT",11642,11540,9055,-2587
ISNE,"10/21/2021 8 a.m. EDT",12517,12540,9931,-2586
ISNE,"10/21/2021 9 a.m. EDT",12607,12430,10019,-2588
ISNE,"10/21/2021 10 a.m. EDT",12250,12160,9639,-2611
ISNE,"10/21/2021 11 a.m. EDT",11822,11950,9362,-2460
ISNE,"10/21/2021 12 p.m. EDT",11707,11770,9358,-2349
ISNE,"10/21/2021 1 p.m. EDT",11899,11850,9344,-2555
ISNE,"10/21/2021 2 p.m. EDT",11778,12030,9506,-2272
ISNE,"10/21/2021 3 p.m. EDT",12341,12300,10058,-2283
ISNE,"10/21/2021 4 p.m. EDT",12633,12740,10336,-2297
ISNE,"10/21/2021 5 p.m. EDT",13413,13330,11037,-2376
ISNE,"10/21/2021 6 p.m. EDT",14057,14110,11498,-2559
ISNE,"10/21/2021 7 p.m. EDT",14483,14450,11844,-2639
ISNE,"10/21/2021 8 p.m. EDT",14149,14180,11595,-2554
ISNE,"10/21/2021 9 p.m. EDT",13471,13490,10929,-2542
ISNE,"10/21/2021 10 p.m. EDT",12600,12590,10349,-2251
ISNE,"10/21/2021 11 p.m. EDT",11583,11520,9274,-2309
ISNE,"10/22/2021 12 a.m. EDT",10658,10620,8422,-2236
ISNE,"10/22/2021 1 a.m. EDT",10300,9980,7849,-2451
ISNE,"10/22/2021 2 a.m. EDT",10371,9580,7765,-2606
ISNE,"10/22/2021 3 a.m. EDT",10391,9370,7636,-2755
ISNE,"10/22/2021 4 a.m. EDT",10373,9320,7785,-2588
ISNE,"10/22/2021 5 a.m. EDT",10580,9550,7870,-2710
ISNE,"10/22/2021 6 a.m. EDT",10888,10330,8199,-2689
ISNE,"10/22/2021 7 a.m. EDT",11731,11720,9294,-2437
ISNE,"10/22/2021 8 a.m. EDT",12678,12670,10256,-2422
ISNE,"10/22/2021 9 a.m. EDT",12809,12770,10305,-2504
ISNE,"10/22/2021 10 a.m. EDT",12407,12420,10009,-2398
ISNE,"10/22/2021 11 a.m. EDT",12094,12110,10074,-2020
ISNE,"10/22/2021 12 p.m. EDT",11949,11970,10185,-1764
ISNE,"10/22/2021 1 p.m. EDT",11923,11970,10265,-1658
ISNE,"10/22/2021 2 p.m. EDT",12062,11970,10262,-1800
ISNE,"10/22/2021 3 p.m. EDT",12182,12130,10412,-1770
ISNE,"10/22/2021 4 p.m. EDT",12437,12410,10285,-2152
ISNE,"10/22/2021 5 p.m. EDT",12959,12870,10573,-2386
ISNE,"10/22/2021 6 p.m. EDT",13559,13490,11237,-2322
ISNE,"10/22/2021 7 p.m. EDT",13889,14000,11411,-2478
ISNE,"10/22/2021 8 p.m. EDT",13488,13460,11217,-2271
ISNE,"10/22/2021 9 p.m. EDT",12865,12760,10470,-2395
ISNE,"10/22/2021 10 p.m. EDT",12143,11970,9768,-2375
ISNE,"10/22/2021 11 p.m. EDT",11298,11120,8843,-2455
ISNE,"10/23/2021 12 a.m. EDT",10681,10320,8097,-2584
ISNE,"10/23/2021 1 a.m. EDT",10006,9740,7514,-2492
ISNE,"10/23/2021 2 a.m. EDT",9546,9280,7053,-2493
ISNE,"10/23/2021 3 a.m. EDT",9752,9020,6882,-2870
ISNE,"10/23/2021 4 a.m. EDT",9820,8930,7043,-2777
ISNE,"10/23/2021 5 a.m. EDT",10055,9000,7392,-2663
ISNE,"10/23/2021 6 a.m. EDT",9991,9320,7412,-2579
ISNE,"10/23/2021 7 a.m. EDT",10294,9960,7724,-2570
ISNE,"10/23/2021 8 a.m. EDT",10870,10620,8218,-2652
ISNE,"10/23/2021 9 a.m. EDT",10955,10750,8594,-2361
ISNE,"10/23/2021 10 a.m. EDT",10771,10330,8661,-2110
ISNE,"10/23/2021 11 a.m. EDT",10553,9870,8439,-2114
ISNE,"10/23/2021 12 p.m. EDT",10134,9680,8648,-1486
ISNE,"10/23/2021 1 p.m. EDT",9713,9620,8373,-1340
ISNE,"10/23/2021 2 p.m. EDT",9661,9640,8315,-1346
ISNE,"10/23/2021 3 p.m. EDT",9925,9820,8181,-1744
ISNE,"10/23/2021 4 p.m. EDT",10339,10220,8100,-2239
ISNE,"10/23/2021 5 p.m. EDT",11406,11060,8986,-2420
ISNE,"10/23/2021 6 p.m. EDT",12390,12020,10053,-2337
ISNE,"10/23/2021 7 p.m. EDT",12896,12980,10603,-2293
ISNE,"10/23/2021 8 p.m. EDT",12618,12520,10655,-1963
ISNE,"10/23/2021 9 p.m. EDT",12139,12100,10023,-2116
ISNE,"10/23/2021 10 p.m. EDT",11581,11580,9316,-2265
ISNE,"10/23/2021 11 p.m. EDT",10871,10890,8429,-2442
ISNE,"10/24/2021 12 a.m. EDT",10386,10200,7729,-2657
ISNE,"10/24/2021 1 a.m. EDT",9854,9590,7588,-2266
ISNE,"10/24/2021 2 a.m. EDT",9574,9210,7469,-2105
ISNE,"10/24/2021 3 a.m. EDT",9836,9010,7573,-2263
ISNE,"10/24/2021 4 a.m. EDT",9762,8980,7440,-2322
ISNE,"10/24/2021 5 a.m. EDT",9833,9050,7460,-2373
ISNE,"10/24/2021 6 a.m. EDT",10077,9240,7672,-2405
ISNE,"10/24/2021 7 a.m. EDT",10595,9700,8134,-2461
ISNE,"10/24/2021 8 a.m. EDT",10703,10190,8329,-2374
ISNE,"10/24/2021 9 a.m. EDT",10806,10120,8451,-2355
ISNE,"10/24/2021 10 a.m. EDT",10296,9910,8370,-1926
ISNE,"10/24/2021 11 a.m. EDT",9766,9710,8009,-1757
ISNE,"10/24/2021 12 p.m. EDT",9840,9410,8091,-1749
ISNE,"10/24/2021 1 p.m. EDT",9759,9290,8173,-1586
ISNE,"10/24/2021 2 p.m. EDT",9658,9330,8315,-1343
ISNE,"10/24/2021 3 p.m. EDT",10034,9720,8683,-1351
ISNE,"10/24/2021 4 p.m. EDT",10783,10400,9253,-1530
ISNE,"10/24/2021 5 p.m. EDT",11695,11450,9702,-1993
ISNE,"10/24/2021 6 p.m. EDT",12790,12570,10486,-2304
ISNE,"10/24/2021 7 p.m. EDT",13551,13350,11217,-2334
ISNE,"10/24/2021 8 p.m. EDT",13309,13030,10963,-2346
ISNE,"10/24/2021 9 p.m. EDT",12708,12420,10316,-2392
ISNE,"10/24/2021 10 p.m. EDT",11867,11620,9733,-2134
ISNE,"10/24/2021 11 p.m. EDT",10935,10700,8808,-2127
ISNE,"10/25/2021 12 a.m. EDT",10224,10000,7875,-2349
ISNE,"10/25/2021 1 a.m. EDT",9779,9510,7615,-2164
ISNE,"10/25/2021 2 a.m. EDT",9694,9190,7287,-2407
ISNE,"10/25/2021 3 a.m. EDT",9543,9040,7302,-2241
ISNE,"10/25/2021 4 a.m. EDT",9546,9040,7273,-2273
ISNE,"10/25/2021 5 a.m. EDT",9713,9340,7437,-2276
ISNE,"10/25/2021 6 a.m. EDT",10170,10200,7982,-2188
ISNE,"10/25/2021 7 a.m. EDT",11658,11690,9720,-1938
ISNE,"10/25/2021 8 a.m. EDT",12866,12890,11043,-1823
ISNE,"10/25/2021 9 a.m. EDT",13451,13460,11520,-1931
ISNE,"10/25/2021 10 a.m. EDT",13788,13700,11887,-1901
ISNE,"10/25/2021 11 a.m. EDT",13972,13820,11726,-2246
ISNE,"10/25/2021 12 p.m. EDT",13941,13830,11594,-2347
ISNE,"10/25/2021 1 p.m. EDT",13823,13800,11607,-2216
ISNE,"10/25/2021 2 p.m. EDT",13774,13610,11473,-2301
ISNE,"10/25/2021 3 p.m. EDT",13657,13460,11165,-2492
ISNE,"10/25/2021 4 p.m. EDT",13711,13470,11259,-2452
ISNE,"10/25/2021 5 p.m. EDT",14021,13850,11512,-2509
ISNE,"10/25/2021 6 p.m. EDT",14605,14530,12099,-2506
ISNE,"10/25/2021 7 p.m. EDT",14802,14930,12250,-2552
ISNE,"10/25/2021 8 p.m. EDT",14277,14310,12115,-2162
ISNE,"10/25/2021 9 p.m. EDT",13529,13510,11636,-1893
ISNE,"10/25/2021 10 p.m. EDT",12588,12550,10605,-1983
ISNE,"10/25/2021 11 p.m. EDT",11746,11460,9251,-2495
ISNE,"10/26/2021 12 a.m. EDT",11117,10510,8552,-2565
ISNE,"10/26/2021 1 a.m. EDT",10584,10010,8287,-2297
ISNE,"10/26/2021 2 a.m. EDT",10468,9660,8206,-2262
ISNE,"10/26/2021 3 a.m. EDT",10263,9470,7947,-2316
ISNE,"10/26/2021 4 a.m. EDT",10233,9430,7661,-2572
ISNE,"10/26/2021 5 a.m. EDT",10454,9680,7943,-2511
ISNE,"10/26/2021 6 a.m. EDT",10838,10460,8543,-2295
ISNE,"10/26/2021 7 a.m. EDT",11895,11940,9734,-2161
ISNE,"10/26/2021 8 a.m. EDT",13030,13050,10864,-2166
ISNE,"10/26/2021 9 a.m. EDT",13536,13550,11267,-2269
ISNE,"10/26/2021 10 a.m. EDT",13846,13820,11722,-2124
ISNE,"10/26/2021 11 a.m. EDT",14022,13950,11857,-2165
ISNE,"10/26/2021 12 p.m. EDT",14127,13990,11438,-2689
ISNE,"10/26/2021 1 p.m. EDT",14089,13960,11760,-2329
ISNE,"10/26/2021 2 p.m. EDT",14078,13900,11685,-2393
ISNE,"10/26/2021 3 p.m. EDT",13961,13790,11437,-2524
ISNE,"10/26/2021 4 p.m. EDT",14007,13740,11628,-2379
ISNE,"10/26/2021 5 p.m. EDT",14278,13930,11864,-2414
ISNE,"10/26/2021 6 p.m. EDT",14752,14550,12285,-2467
ISNE,"10/26/2021 7 p.m. EDT",14838,14810,12245,-2593
ISNE,"10/26/2021 8 p.m. EDT",14280,14390,11789,-2491
ISNE,"10/26/2021 9 p.m. EDT",13503,13690,11133,-2370
ISNE,"10/26/2021 10 p.m. EDT",12675,12780,10151,-2524
ISNE,"10/26/2021 11 p.m. EDT",12138,11660,9167,-2971
ISNE,"10/27/2021 12 a.m. EDT",11472,10650,8794,-2678
ISNE,"10/27/2021 1 a.m. EDT",10839,10010,8211,-2628
ISNE,"10/27/2021 2 a.m. EDT",10454,9620,8114,-2340
ISNE,"10/27/2021 3 a.m. EDT",10446,9400,8052,-2394
ISNE,"10/27/2021 4 a.m. EDT",10343,9300,7964,-2379
ISNE,"10/27/2021 5 a.m. EDT",10452,9430,8011,-2441
ISNE,"10/27/2021 6 a.m. EDT",10626,10080,8458,-2168
ISNE,"10/27/2021 7 a.m. EDT",11475,11310,9486,-1989
ISNE,"10/27/2021 8 a.m. EDT",12214,12240,10382,-1832
ISNE,"10/27/2021 9 a.m. EDT",12574,12580,10437,-2137
ISNE,"10/27/2021 10 a.m. EDT",12721,12730,10705,-2016
ISNE,"10/27/2021 11 a.m. EDT",12890,12900,10890,-2000
ISNE,"10/27/2021 12 p.m. EDT",12895,12900,11153,-1742
ISNE,"10/27/2021 1 p.m. EDT",12813,12820,11167,-1646
ISNE,"10/27/2021 2 p.m. EDT",12824,12830,10863,-1961
ISNE,"10/27/2021 3 p.m. EDT",12736,12740,10579,-2157
ISNE,"10/27/2021 4 p.m. EDT",12727,12750,10633,-2094
ISNE,"10/27/2021 5 p.m. EDT",13124,13150,10956,-2168
ISNE,"10/27/2021 6 p.m. EDT",13752,13940,11470,-2282
ISNE,"10/27/2021 7 p.m. EDT",14069,14100,11715,-2354
ISNE,"10/27/2021 8 p.m. EDT",13692,13620,11321,-2371
ISNE,"10/27/2021 9 p.m. EDT",13083,12940,11072,-2011
ISNE,"10/27/2021 10 p.m. EDT",12262,12090,10502,-1760
ISNE,"10/27/2021 11 p.m. EDT",11262,11070,9397,-1865
ISNE,"10/28/2021 12 a.m. EDT",10369,10120,8318,-2051
ISNE,"10/28/2021 1 a.m. EDT",9991,9750,7893,-2098
ISNE,"10/28/2021 2 a.m. EDT",9974,9410,7941,-2033
ISNE,"10/28/2021 3 a.m. EDT",10038,9230,7866,-2172
ISNE,"10/28/2021 4 a.m. EDT",10017,9220,7871,-2146
ISNE,"10/28/2021 5 a.m. EDT",10284,9510,8165,-2119
ISNE,"10/28/2021 6 a.m. EDT",10596,10320,8650,-1946
ISNE,"10/28/2021 7 a.m. EDT",11749,11780,10020,-1729
ISNE,"10/28/2021 8 a.m. EDT",12784,12800,11083,-1701
ISNE,"10/28/2021 9 a.m. EDT",12954,13040,10901,-2053
ISNE,"10/28/2021 10 a.m. EDT",12715,12560,10754,-1961
ISNE,"10/28/2021 11 a.m. EDT",12361,12190,10767,-1594
ISNE,"10/28/2021 12 p.m. EDT",12109,11910,10651,-1458
ISNE,"10/28/2021 1 p.m. EDT",11839,11930,10365,-1474
ISNE,"10/28/2021 2 p.m. EDT",11802,11980,10317,-1485
ISNE,"10/28/2021 3 p.m. EDT",11780,11960,10088,-1692
ISNE,"10/28/2021 4 p.m. EDT",12074,12310,10337,-1737
ISNE,"10/28/2021 5 p.m. EDT",12738,12950,11027,-1711
ISNE,"10/28/2021 6 p.m. EDT",13693,13860,12000,-1693
ISNE,"10/28/2021 7 p.m. EDT",14292,14480,12469,-1823
ISNE,"10/28/2021 8 p.m. EDT",14033,14230,11783,-2250
ISNE,"10/28/2021 9 p.m. EDT",13543,13530,11463,-2080
ISNE,"10/28/2021 10 p.m. EDT",12786,12610,10801,-1985
ISNE,"10/28/2021 11 p.m. EDT",11797,11570,9729,-2068
ISNE,"10/29/2021 12 a.m. EDT",10906,10670,8511,-2395
ISNE,"10/29/2021 1 a.m. EDT",10518,10250,7951,-2567
ISNE,"10/29/2021 2 a.m. EDT",10443,9890,7694,-2749
ISNE,"10/29/2021 3 a.m. EDT",10533,9720,7645,-2888
ISNE,"10/29/2021 4 a.m. EDT",10524,9720,7666,-2858
ISNE,"10/29/2021 5 a.m. EDT",10581,10000,7927,-2654
ISNE,"10/29/2021 6 a.m. EDT",11116,10850,8831,-2285
ISNE,"10/29/2021 7 a.m. EDT",12268,12310,10508,-1760
ISNE,"10/29/2021 8 a.m. EDT",13337,13360,11710,-1627
ISNE,"10/29/2021 9 a.m. EDT",13383,13380,11737,-1646
ISNE,"10/29/2021 10 a.m. EDT",12983,12960,11319,-1664
ISNE,"10/29/2021 11 a.m. EDT",12728,12620,11209,-1519
ISNE,"10/29/2021 12 p.m. EDT",12490,12380,10952,-1538
ISNE,"10/29/2021 1 p.m. EDT",12276,12260,10724,-1552
ISNE,"10/29/2021 2 p.m. EDT",12280,12250,10823,-1457
ISNE,"10/29/2021 3 p.m. EDT",12338,12260,10766,-1572
ISNE,"10/29/2021 4 p.m. EDT",12596,12420,10861,-1735
ISNE,"10/29/2021 5 p.m. EDT",13023,13090,10856,-2167
ISNE,"10/29/2021 6 p.m. EDT",13809,13810,11564,-2245
ISNE,"10/29/2021 7 p.m. EDT",14160,14190,11963,-2197
ISNE,"10/29/2021 8 p.m. EDT",13760,13730,11578,-2182
ISNE,"10/29/2021 9 p.m. EDT",13208,13100,11249,-1959
ISNE,"10/29/2021 10 p.m. EDT",12541,12400,10662,-1879
ISNE,"10/29/2021 11 p.m. EDT",11754,11510,9717,-2037
ISNE,"10/30/2021 12 a.m. EDT",11058,10640,8956,-2102
ISNE,"10/30/2021 1 a.m. EDT",10402,10130,8262,-2140
ISNE,"10/30/2021 2 a.m. EDT",10254,9750,8008,-2246
ISNE,"10/30/2021 3 a.m. EDT",10197,9510,7825,-2372
ISNE,"10/30/2021 4 a.m. EDT",10174,9410,7700,-2474
ISNE,"10/30/2021 5 a.m. EDT",10234,9480,7738,-2496
ISNE,"10/30/2021 6 a.m. EDT",10284,9770,7860,-2424
ISNE,"10/30/2021 7 a.m. EDT",10636,10390,8424,-2212
ISNE,"10/30/2021 8 a.m. EDT",11152,11250,9250,-1902
ISNE,"10/30/2021 9 a.m. EDT",11853,11840,9998,-1855
ISNE,"10/30/2021 10 a.m. EDT",12441,12220,10551,-1890
ISNE,"10/30/2021 11 a.m. EDT",12819,12600,10689,-2130
ISNE,"10/30/2021 12 p.m. EDT",12936,12620,10991,-1945
ISNE,"10/30/2021 1 p.m. EDT",12896,12560,10658,-2238
ISNE,"10/30/2021 2 p.m. EDT",12987,12430,10678,-2309
ISNE,"10/30/2021 3 p.m. EDT",12924,12330,10484,-2440
ISNE,"10/30/2021 4 p.m. EDT",12930,12260,10556,-2374
ISNE,"10/30/2021 5 p.m. EDT",13198,12520,11045,-2153
ISNE,"10/30/2021 6 p.m. EDT",13603,13050,11255,-2348
ISNE,"10/30/2021 7 p.m. EDT",13654,13410,11320,-2334
ISNE,"10/30/2021 8 p.m. EDT",13155,12830,11014,-2141
ISNE,"10/30/2021 9 p.m. EDT",12603,12180,10766,-1837
ISNE,"10/30/2021 10 p.m. EDT",11974,11550,10242,-1732
ISNE,"10/30/2021 11 p.m. EDT",11238,10870,9301,-1937
ISNE,"10/31/2021 12 a.m. EDT",10521,10190,8212,-2309
ISNE,"10/31/2021 1 a.m. EDT",10246,9930,7608,-2638
ISNE,"10/31/2021 2 a.m. EDT",10155,9520,7544,-2611
ISNE,"10/31/2021 3 a.m. EDT",10313,9270,7628,-2685
ISNE,"10/31/2021 4 a.m. EDT",10243,9180,7562,-2681
ISNE,"10/31/2021 5 a.m. EDT",10224,9160,7618,-2606
ISNE,"10/31/2021 6 a.m. EDT",10401,9340,7649,-2752
ISNE,"10/31/2021 7 a.m. EDT",10520,9750,7888,-2632
ISNE,"10/31/2021 8 a.m. EDT",10805,10300,8248,-2557
ISNE,"10/31/2021 9 a.m. EDT",11305,10810,8630,-2675
ISNE,"10/31/2021 10 a.m. EDT",10929,10940,8568,-2361
ISNE,"10/31/2021 11 a.m. EDT",10944,10760,8551,-2393
ISNE,"10/31/2021 12 p.m. EDT",10857,10700,8620,-2237
ISNE,"10/31/2021 1 p.m. EDT",10925,10790,8821,-2104
ISNE,"10/31/2021 2 p.m. EDT",11225,10800,9048,-2177
ISNE,"10/31/2021 3 p.m. EDT",11402,11080,9268,-2134
ISNE,"10/31/2021 4 p.m. EDT",11695,11410,9548,-2147
ISNE,"10/31/2021 5 p.m. EDT",12229,12120,9793,-2436
ISNE,"10/31/2021 6 p.m. EDT",12709,12950,10308,-2401
ISNE,"10/31/2021 7 p.m. EDT",12803,13540,10549,-2254
ISNE,"10/31/2021 8 p.m. EDT",12521,13170,10190,-2331
ISNE,"10/31/2021 9 p.m. EDT",12263,12420,9857,-2406
ISNE,"10/31/2021 10 p.m. EDT",11905,11740,9507,-2398
ISNE,"10/31/2021 11 p.m. EDT",11196,10870,8746,-2450
ISNE,"11/1/2021 12 a.m. EDT",10724,10050,8101,-2623
