"BA Code","Timestamp (Hour Ending)","Demand (MWh)","Demand Forecast (MWh)","Net Generation (MWh)","Total Interchange (MWh)"
ISNE,"9/1/2019 12 a.m. EDT",11473,11570,8582,-2891
ISNE,"9/1/2019 1 a.m. EDT",10706,10570,8079,-2627
ISNE,"9/1/2019 2 a.m. EDT",10637,9970,7887,-2750
ISNE,"9/1/2019 3 a.m. EDT",10666,9700,7775,-2891
ISNE,"9/1/2019 4 a.m. EDT",10966,9530,7852,-3114
ISNE,"9/1/2019 5 a.m. EDT",11032,9430,7917,-3115
ISNE,"9/1/2019 6 a.m. EDT",11128,9570,7927,-3201
ISNE,"9/1/2019 7 a.m. EDT",11092,9710,7986,-3106
ISNE,"9/1/2019 8 a.m. EDT",11101,10050,7924,-3177
ISNE,"9/1/2019 9 a.m. EDT",11309,10540,8315,-2994
ISNE,"9/1/2019 10 a.m. EDT",11341,10890,8532,-2809
ISNE,"9/1/2019 11 a.m. EDT",11515,11040,8729,-2786
ISNE,"9/1/2019 12 p.m. EDT",11355,11220,8953,-2402
ISNE,"9/1/2019 1 p.m. EDT",11616,11530,9140,-2476
ISNE,"9/1/2019 2 p.m. EDT",11878,11660,9257,-2621
ISNE,"9/1/2019 3 p.m. EDT",12110,11950,9248,-2862
ISNE,"9/1/2019 4 p.m. EDT",12456,12390,9598,-2858
ISNE,"9/1/2019 5 p.m. EDT",12865,13040,10071,-2794
ISNE,"9/1/2019 6 p.m. EDT",13317,13630,10632,-2685
ISNE,"9/1/2019 7 p.m. EDT",13516,13930,10784,-2732
ISNE,"9/1/2019 8 p.m. EDT",13584,14210,10761,-2823
ISNE,"9/1/2019 9 p.m. EDT",13429,13960,10496,-2933
ISNE,"9/1/2019 10 p.m. EDT",12787,13020,9843,-2944
ISNE,"9/1/2019 11 p.m. EDT",11969,12010,8913,-3056
ISNE,"9/2/2019 12 a.m. EDT",11116,11050,7931,-3185
ISNE,"9/2/2019 1 a.m. EDT",10545,10400,7626,-2919
ISNE,"9/2/2019 2 a.m. EDT",10247,9850,7435,-2812
ISNE,"9/2/2019 3 a.m. EDT",10226,9700,7534,-2692
ISNE,"9/2/2019 4 a.m. EDT",10162,9550,7301,-2861
ISNE,"9/2/2019 5 a.m. EDT",10435,9630,7494,-2941
ISNE,"9/2/2019 6 a.m. EDT",10515,9780,7591,-2924
ISNE,"9/2/2019 7 a.m. EDT",10867,10050,7593,-3274
ISNE,"9/2/2019 8 a.m. EDT",11194,10480,7869,-3325
ISNE,"9/2/2019 9 a.m. EDT",11951,11290,8782,-3169
ISNE,"9/2/2019 10 a.m. EDT",12334,11880,9724,-2610
ISNE,"9/2/2019 11 a.m. EDT",12709,12350,9958,-2751
ISNE,"9/2/2019 12 p.m. EDT",13196,12810,10457,-2739
ISNE,"9/2/2019 1 p.m. EDT",13479,13150,10392,-3087
ISNE,"9/2/2019 2 p.m. EDT",13755,13260,10546,-3209
ISNE,"9/2/2019 3 p.m. EDT",13984,13990,10889,-3095
ISNE,"9/2/2019 4 p.m. EDT",14162,14320,10992,-3170
ISNE,"9/2/2019 5 p.m. EDT",14603,14620,11659,-2944
ISNE,"9/2/2019 6 p.m. EDT",15113,14830,12120,-2993
ISNE,"9/2/2019 7 p.m. EDT",15237,14900,12250,-2987
ISNE,"9/2/2019 8 p.m. EDT",15351,15060,12344,-3007
ISNE,"9/2/2019 9 p.m. EDT",15084,14850,12029,-3055
ISNE,"9/2/2019 10 p.m. EDT",14154,13960,11284,-2870
ISNE,"9/2/2019 11 p.m. EDT",12990,12830,10024,-2966
ISNE,"9/3/2019 12 a.m. EDT",11905,11760,8990,-2915
ISNE,"9/3/2019 1 a.m. EDT",11131,11240,8507,-2624
ISNE,"9/3/2019 2 a.m. EDT",11060,10700,8268,-2792
ISNE,"9/3/2019 3 a.m. EDT",10852,10440,8057,-2795
ISNE,"9/3/2019 4 a.m. EDT",10978,10240,7935,-3043
ISNE,"9/3/2019 5 a.m. EDT",11147,10340,8002,-3145
ISNE,"9/3/2019 6 a.m. EDT",11485,11190,8594,-2891
ISNE,"9/3/2019 7 a.m. EDT",12723,12520,9828,-2895
ISNE,"9/3/2019 8 a.m. EDT",13460,13430,10550,-2910
ISNE,"9/3/2019 9 a.m. EDT",13708,13640,10906,-2802
ISNE,"9/3/2019 10 a.m. EDT",13803,13750,11359,-2444
ISNE,"9/3/2019 11 a.m. EDT",13983,13910,11926,-2057
ISNE,"9/3/2019 12 p.m. EDT",14232,14130,12316,-1916
ISNE,"9/3/2019 1 p.m. EDT",14528,14560,12796,-1732
ISNE,"9/3/2019 2 p.m. EDT",14972,14990,13359,-1613
ISNE,"9/3/2019 3 p.m. EDT",15364,15280,13706,-1658
ISNE,"9/3/2019 4 p.m. EDT",15836,15900,14011,-1825
ISNE,"9/3/2019 5 p.m. EDT",16392,16660,14245,-2147
ISNE,"9/3/2019 6 p.m. EDT",16813,17000,14385,-2428
ISNE,"9/3/2019 7 p.m. EDT",16790,16840,14003,-2787
ISNE,"9/3/2019 8 p.m. EDT",16663,16870,13602,-3061
ISNE,"9/3/2019 9 p.m. EDT",16219,16310,13086,-3133
ISNE,"9/3/2019 10 p.m. EDT",15049,15080,11748,-3301
ISNE,"9/3/2019 11 p.m. EDT",13605,13610,10262,-3343
ISNE,"9/4/2019 12 a.m. EDT",12484,12270,9460,-3024
ISNE,"9/4/2019 1 a.m. EDT",11704,11420,8781,-2923
ISNE,"9/4/2019 2 a.m. EDT",11426,10920,8418,-3008
ISNE,"9/4/2019 3 a.m. EDT",11338,10620,8222,-3116
ISNE,"9/4/2019 4 a.m. EDT",11235,10520,8141,-3094
ISNE,"9/4/2019 5 a.m. EDT",11466,10820,8393,-3073
ISNE,"9/4/2019 6 a.m. EDT",11743,11690,9229,-2514
ISNE,"9/4/2019 7 a.m. EDT",13064,13180,10679,-2385
ISNE,"9/4/2019 8 a.m. EDT",14062,14170,11533,-2529
ISNE,"9/4/2019 9 a.m. EDT",14495,14680,12055,-2440
ISNE,"9/4/2019 10 a.m. EDT",14924,15040,12597,-2327
ISNE,"9/4/2019 11 a.m. EDT",15238,15290,12818,-2420
ISNE,"9/4/2019 12 p.m. EDT",15557,15500,13269,-2288
ISNE,"9/4/2019 1 p.m. EDT",15896,15970,13838,-2058
ISNE,"9/4/2019 2 p.m. EDT",16403,16330,14251,-2152
ISNE,"9/4/2019 3 p.m. EDT",16848,16730,14593,-2255
ISNE,"9/4/2019 4 p.m. EDT",17321,17050,15576,-1745
ISNE,"9/4/2019 5 p.m. EDT",17874,17250,16200,-1674
ISNE,"9/4/2019 6 p.m. EDT",18195,17520,16652,-1543
ISNE,"9/4/2019 7 p.m. EDT",18039,17360,15852,-2187
ISNE,"9/4/2019 8 p.m. EDT",17896,17500,15344,-2552
ISNE,"9/4/2019 9 p.m. EDT",17421,16810,14288,-3133
ISNE,"9/4/2019 10 p.m. EDT",16124,15620,13048,-3076
ISNE,"9/4/2019 11 p.m. EDT",14488,14220,11038,-3450
ISNE,"9/5/2019 12 a.m. EDT",12996,12790,9561,-3435
ISNE,"9/5/2019 1 a.m. EDT",12105,11890,8773,-3332
ISNE,"9/5/2019 2 a.m. EDT",11471,11160,8583,-2888
ISNE,"9/5/2019 3 a.m. EDT",11173,10680,8231,-2942
ISNE,"9/5/2019 4 a.m. EDT",11310,10430,8152,-3158
ISNE,"9/5/2019 5 a.m. EDT",11811,10500,8442,-3369
ISNE,"9/5/2019 6 a.m. EDT",11703,11190,8683,-3020
ISNE,"9/5/2019 7 a.m. EDT",12418,12450,9382,-3036
ISNE,"9/5/2019 8 a.m. EDT",13074,13080,9969,-3105
ISNE,"9/5/2019 9 a.m. EDT",13035,13030,10107,-2928
ISNE,"9/5/2019 10 a.m. EDT",12913,12920,10280,-2633
ISNE,"9/5/2019 11 a.m. EDT",12942,12950,10113,-2829
ISNE,"9/5/2019 12 p.m. EDT",13053,13050,10348,-2705
ISNE,"9/5/2019 1 p.m. EDT",13141,13140,10750,-2391
ISNE,"9/5/2019 2 p.m. EDT",13377,13380,10803,-2574
ISNE,"9/5/2019 3 p.m. EDT",13665,13660,11123,-2542
ISNE,"9/5/2019 4 p.m. EDT",13892,13890,11127,-2765
ISNE,"9/5/2019 5 p.m. EDT",14295,14310,11687,-2608
ISNE,"9/5/2019 6 p.m. EDT",14646,14650,11592,-3054
ISNE,"9/5/2019 7 p.m. EDT",14762,14720,11643,-3119
ISNE,"9/5/2019 8 p.m. EDT",14941,14760,11559,-3382
ISNE,"9/5/2019 9 p.m. EDT",14626,14540,11416,-3210
ISNE,"9/5/2019 10 p.m. EDT",13623,13670,10349,-3274
ISNE,"9/5/2019 11 p.m. EDT",12509,12470,9284,-3225
ISNE,"9/6/2019 12 a.m. EDT",11482,11320,8124,-3358
ISNE,"9/6/2019 1 a.m. EDT",10678,10400,7694,-2984
ISNE,"9/6/2019 2 a.m. EDT",10396,9910,7400,-2996
ISNE,"9/6/2019 3 a.m. EDT",10464,9650,7757,-2707
ISNE,"9/6/2019 4 a.m. EDT",10365,9570,7532,-2833
ISNE,"9/6/2019 5 a.m. EDT",10562,9780,7739,-2823
ISNE,"9/6/2019 6 a.m. EDT",11370,10610,8186,-3184
ISNE,"9/6/2019 7 a.m. EDT",12452,11960,9094,-3358
ISNE,"9/6/2019 8 a.m. EDT",12995,12730,9638,-3357
ISNE,"9/6/2019 9 a.m. EDT",12994,12990,9803,-3191
ISNE,"9/6/2019 10 a.m. EDT",13059,13070,10318,-2741
ISNE,"9/6/2019 11 a.m. EDT",13166,13140,10482,-2684
ISNE,"9/6/2019 12 p.m. EDT",13335,13300,10807,-2528
ISNE,"9/6/2019 1 p.m. EDT",13414,13390,10914,-2500
ISNE,"9/6/2019 2 p.m. EDT",13474,13560,10915,-2559
ISNE,"9/6/2019 3 p.m. EDT",13434,13760,10860,-2574
ISNE,"9/6/2019 4 p.m. EDT",13394,13910,10763,-2631
ISNE,"9/6/2019 5 p.m. EDT",13568,14040,10593,-2975
ISNE,"9/6/2019 6 p.m. EDT",13719,14150,10515,-3204
ISNE,"9/6/2019 7 p.m. EDT",13722,14160,10354,-3368
ISNE,"9/6/2019 8 p.m. EDT",13780,14250,10225,-3555
ISNE,"9/6/2019 9 p.m. EDT",13368,13790,10071,-3297
ISNE,"9/6/2019 10 p.m. EDT",12622,12990,9528,-3094
ISNE,"9/6/2019 11 p.m. EDT",11696,12030,8391,-3305
ISNE,"9/7/2019 12 a.m. EDT",10966,11030,7557,-3409
ISNE,"9/7/2019 1 a.m. EDT",10276,10000,7010,-3266
ISNE,"9/7/2019 2 a.m. EDT",9996,9550,6959,-3037
ISNE,"9/7/2019 3 a.m. EDT",9822,9300,6940,-2882
ISNE,"9/7/2019 4 a.m. EDT",9425,9130,6774,-2651
ISNE,"9/7/2019 5 a.m. EDT",9687,9160,6798,-2889
ISNE,"9/7/2019 6 a.m. EDT",10181,9450,6970,-3211
ISNE,"9/7/2019 7 a.m. EDT",10167,9990,7299,-2868
ISNE,"9/7/2019 8 a.m. EDT",10599,10620,7497,-3102
ISNE,"9/7/2019 9 a.m. EDT",11203,11210,8005,-3198
ISNE,"9/7/2019 10 a.m. EDT",11528,11600,8383,-3145
ISNE,"9/7/2019 11 a.m. EDT",11574,11710,8461,-3113
ISNE,"9/7/2019 12 p.m. EDT",11440,11770,8368,-3072
ISNE,"9/7/2019 1 p.m. EDT",11124,11700,8031,-3093
ISNE,"9/7/2019 2 p.m. EDT",11043,11570,7918,-3125
ISNE,"9/7/2019 3 p.m. EDT",11188,11400,8005,-3183
ISNE,"9/7/2019 4 p.m. EDT",11558,11650,8283,-3275
ISNE,"9/7/2019 5 p.m. EDT",12109,12090,8589,-3520
ISNE,"9/7/2019 6 p.m. EDT",12740,12610,9320,-3420
ISNE,"9/7/2019 7 p.m. EDT",13046,12750,9604,-3442
ISNE,"9/7/2019 8 p.m. EDT",13239,13000,9719,-3520
ISNE,"9/7/2019 9 p.m. EDT",12972,12820,9387,-3585
ISNE,"9/7/2019 10 p.m. EDT",12307,12210,8814,-3493
ISNE,"9/7/2019 11 p.m. EDT",11450,11380,7762,-3688
ISNE,"9/8/2019 12 a.m. EDT",10580,10540,7170,-3410
ISNE,"9/8/2019 1 a.m. EDT",10000,9930,6817,-3183
ISNE,"9/8/2019 2 a.m. EDT",9695,9490,6392,-3303
ISNE,"9/8/2019 3 a.m. EDT",9665,9200,6529,-3136
ISNE,"9/8/2019 4 a.m. EDT",9539,9070,6512,-3027
ISNE,"9/8/2019 5 a.m. EDT",9511,9050,6419,-3092
ISNE,"9/8/2019 6 a.m. EDT",9676,9230,6412,-3264
ISNE,"9/8/2019 7 a.m. EDT",9982,9500,6745,-3237
ISNE,"9/8/2019 8 a.m. EDT",10241,9910,6793,-3448
ISNE,"9/8/2019 9 a.m. EDT",10459,10410,6778,-3681
ISNE,"9/8/2019 10 a.m. EDT",10670,10730,7074,-3596
ISNE,"9/8/2019 11 a.m. EDT",10669,10860,7478,-3191
ISNE,"9/8/2019 12 p.m. EDT",10797,10980,7763,-3034
ISNE,"9/8/2019 1 p.m. EDT",11042,11120,7969,-3073
ISNE,"9/8/2019 2 p.m. EDT",11265,11280,8272,-2993
ISNE,"9/8/2019 3 p.m. EDT",11557,11650,8472,-3085
ISNE,"9/8/2019 4 p.m. EDT",12018,12180,9023,-2995
ISNE,"9/8/2019 5 p.m. EDT",12723,12910,9555,-3168
ISNE,"9/8/2019 6 p.m. EDT",13461,13430,10027,-3434
ISNE,"9/8/2019 7 p.m. EDT",13834,13520,10214,-3620
ISNE,"9/8/2019 8 p.m. EDT",14138,13750,10612,-3526
ISNE,"9/8/2019 9 p.m. EDT",13779,13470,10225,-3554
ISNE,"9/8/2019 10 p.m. EDT",12816,12740,9190,-3626
ISNE,"9/8/2019 11 p.m. EDT",11747,11650,8155,-3592
ISNE,"9/9/2019 12 a.m. EDT",10769,10660,7200,-3569
ISNE,"9/9/2019 1 a.m. EDT",10733,9920,7590,-3143
ISNE,"9/9/2019 2 a.m. EDT",10606,9490,7569,-3037
ISNE,"9/9/2019 3 a.m. EDT",10398,9280,7402,-2996
ISNE,"9/9/2019 4 a.m. EDT",10543,9230,7427,-3116
ISNE,"9/9/2019 5 a.m. EDT",10439,9470,7272,-3167
ISNE,"9/9/2019 6 a.m. EDT",10609,10330,7764,-2845
ISNE,"9/9/2019 7 a.m. EDT",11737,11770,9096,-2641
ISNE,"9/9/2019 8 a.m. EDT",12491,12550,9856,-2635
ISNE,"9/9/2019 9 a.m. EDT",12518,12620,9898,-2620
ISNE,"9/9/2019 10 a.m. EDT",12459,12340,9727,-2732
ISNE,"9/9/2019 11 a.m. EDT",12558,12340,9806,-2752
ISNE,"9/9/2019 12 p.m. EDT",12734,12490,10299,-2435
ISNE,"9/9/2019 1 p.m. EDT",13000,12670,10550,-2450
ISNE,"9/9/2019 2 p.m. EDT",13315,12830,10649,-2666
ISNE,"9/9/2019 3 p.m. EDT",13479,13040,10495,-2984
ISNE,"9/9/2019 4 p.m. EDT",13823,13350,10817,-3006
ISNE,"9/9/2019 5 p.m. EDT",14281,13890,11269,-3012
ISNE,"9/9/2019 6 p.m. EDT",14715,14440,11796,-2919
ISNE,"9/9/2019 7 p.m. EDT",14893,14650,11707,-3186
ISNE,"9/9/2019 8 p.m. EDT",15112,15000,11843,-3269
ISNE,"9/9/2019 9 p.m. EDT",14685,14410,11414,-3271
ISNE,"9/9/2019 10 p.m. EDT",13616,13350,10453,-3163
ISNE,"9/9/2019 11 p.m. EDT",12328,12050,9302,-3026
ISNE,"9/10/2019 12 a.m. EDT",11283,10920,8369,-2914
ISNE,"9/10/2019 1 a.m. EDT",10879,10430,7812,-3067
ISNE,"9/10/2019 2 a.m. EDT",10681,9960,7639,-3042
ISNE,"9/10/2019 3 a.m. EDT",10572,9700,7444,-3128
ISNE,"9/10/2019 4 a.m. EDT",10685,9640,7507,-3178
ISNE,"9/10/2019 5 a.m. EDT",10712,9860,7448,-3264
ISNE,"9/10/2019 6 a.m. EDT",11249,10820,8048,-3201
ISNE,"9/10/2019 7 a.m. EDT",12482,12310,9290,-3192
ISNE,"9/10/2019 8 a.m. EDT",13027,13170,9892,-3135
ISNE,"9/10/2019 9 a.m. EDT",13240,13350,10008,-3232
ISNE,"9/10/2019 10 a.m. EDT",13262,13380,10012,-3250
ISNE,"9/10/2019 11 a.m. EDT",13395,13460,10363,-3032
ISNE,"9/10/2019 12 p.m. EDT",13562,13590,10616,-2946
ISNE,"9/10/2019 1 p.m. EDT",13784,13820,11202,-2582
ISNE,"9/10/2019 2 p.m. EDT",13997,14110,11435,-2562
ISNE,"9/10/2019 3 p.m. EDT",14043,14260,11293,-2750
ISNE,"9/10/2019 4 p.m. EDT",14314,14500,11421,-2893
ISNE,"9/10/2019 5 p.m. EDT",14550,14980,11673,-2877
ISNE,"9/10/2019 6 p.m. EDT",14905,15330,11922,-2983
ISNE,"9/10/2019 7 p.m. EDT",15100,15460,11824,-3276
ISNE,"9/10/2019 8 p.m. EDT",15395,15570,12077,-3318
ISNE,"9/10/2019 9 p.m. EDT",14982,15140,11648,-3334
ISNE,"9/10/2019 10 p.m. EDT",13974,14070,10627,-3347
ISNE,"9/10/2019 11 p.m. EDT",12722,12770,9262,-3460
ISNE,"9/11/2019 12 a.m. EDT",11765,11600,8514,-3251
ISNE,"9/11/2019 1 a.m. EDT",11519,10940,8315,-3204
ISNE,"9/11/2019 2 a.m. EDT",11576,10520,8344,-3232
ISNE,"9/11/2019 3 a.m. EDT",11610,10320,8263,-3347
ISNE,"9/11/2019 4 a.m. EDT",11578,10280,8266,-3312
ISNE,"9/11/2019 5 a.m. EDT",11624,10510,8220,-3404
ISNE,"9/11/2019 6 a.m. EDT",11900,11580,9415,-2485
ISNE,"9/11/2019 7 a.m. EDT",13110,13140,11168,-1942
ISNE,"9/11/2019 8 a.m. EDT",14097,14110,12124,-1973
ISNE,"9/11/2019 9 a.m. EDT",14483,14470,12446,-2037
ISNE,"9/11/2019 10 a.m. EDT",14951,14670,13122,-1829
ISNE,"9/11/2019 11 a.m. EDT",15200,14900,13384,-1816
ISNE,"9/11/2019 12 p.m. EDT",14941,15210,13340,-1601
ISNE,"9/11/2019 1 p.m. EDT",15008,15610,13255,-1753
ISNE,"9/11/2019 2 p.m. EDT",15813,16160,14219,-1594
ISNE,"9/11/2019 3 p.m. EDT",16468,16620,15303,-1165
ISNE,"9/11/2019 4 p.m. EDT",17160,17140,16196,-964
ISNE,"9/11/2019 5 p.m. EDT",17910,17730,16822,-1088
ISNE,"9/11/2019 6 p.m. EDT",18452,18150,17352,-1100
ISNE,"9/11/2019 7 p.m. EDT",18426,18090,16803,-1623
ISNE,"9/11/2019 8 p.m. EDT",18493,18250,16559,-1934
ISNE,"9/11/2019 9 p.m. EDT",17945,17650,15925,-2020
ISNE,"9/11/2019 10 p.m. EDT",16691,16420,14865,-1826
ISNE,"9/11/2019 11 p.m. EDT",15106,14970,13688,-1418
ISNE,"9/12/2019 12 a.m. EDT",13716,13530,11935,-1781
ISNE,"9/12/2019 1 a.m. EDT",12930,12190,10451,-2479
ISNE,"9/12/2019 2 a.m. EDT",12451,11600,10323,-2128
ISNE,"9/12/2019 3 a.m. EDT",12067,11090,10224,-1843
ISNE,"9/12/2019 4 a.m. EDT",12082,10890,10027,-2055
ISNE,"9/12/2019 5 a.m. EDT",12171,11060,10203,-1968
ISNE,"9/12/2019 6 a.m. EDT",12462,11970,10634,-1828
ISNE,"9/12/2019 7 a.m. EDT",13592,13190,11809,-1783
ISNE,"9/12/2019 8 a.m. EDT",14481,14110,12761,-1720
ISNE,"9/12/2019 9 a.m. EDT",14857,14360,13272,-1585
ISNE,"9/12/2019 10 a.m. EDT",15043,14460,13420,-1623
ISNE,"9/12/2019 11 a.m. EDT",15047,14710,13385,-1662
ISNE,"9/12/2019 12 p.m. EDT",14938,14810,13718,-1220
ISNE,"9/12/2019 1 p.m. EDT",14624,14720,13315,-1309
ISNE,"9/12/2019 2 p.m. EDT",14317,14540,12849,-1468
ISNE,"9/12/2019 3 p.m. EDT",14008,14380,12725,-1283
ISNE,"9/12/2019 4 p.m. EDT",13949,13900,12720,-1229
ISNE,"9/12/2019 5 p.m. EDT",14111,14060,12746,-1365
ISNE,"9/12/2019 6 p.m. EDT",14299,14290,12805,-1494
ISNE,"9/12/2019 7 p.m. EDT",14395,14690,12445,-1950
ISNE,"9/12/2019 8 p.m. EDT",14550,15020,12685,-1865
ISNE,"9/12/2019 9 p.m. EDT",14084,14130,12170,-1914
ISNE,"9/12/2019 10 p.m. EDT",13106,12980,10936,-2170
ISNE,"9/12/2019 11 p.m. EDT",11868,11780,9755,-2113
ISNE,"9/13/2019 12 a.m. EDT",10983,10750,8732,-2251
ISNE,"9/13/2019 1 a.m. EDT",10531,10000,8297,-2234
ISNE,"9/13/2019 2 a.m. EDT",10675,9570,8388,-2287
ISNE,"9/13/2019 3 a.m. EDT",10630,9320,8148,-2482
ISNE,"9/13/2019 4 a.m. EDT",10542,9240,8082,-2460
ISNE,"9/13/2019 5 a.m. EDT",10724,9440,8204,-2520
ISNE,"9/13/2019 6 a.m. EDT",10920,10270,8176,-2744
ISNE,"9/13/2019 7 a.m. EDT",11675,11780,9221,-2454
ISNE,"9/13/2019 8 a.m. EDT",12380,12490,9941,-2439
ISNE,"9/13/2019 9 a.m. EDT",12280,12560,10140,-2140
ISNE,"9/13/2019 10 a.m. EDT",12020,12120,10214,-1806
ISNE,"9/13/2019 11 a.m. EDT",11917,11830,10250,-1667
ISNE,"9/13/2019 12 p.m. EDT",11941,11750,10428,-1513
ISNE,"9/13/2019 1 p.m. EDT",11880,11680,10306,-1574
ISNE,"9/13/2019 2 p.m. EDT",11883,11890,10201,-1682
ISNE,"9/13/2019 3 p.m. EDT",11903,12270,10231,-1672
ISNE,"9/13/2019 4 p.m. EDT",12137,12560,10288,-1849
ISNE,"9/13/2019 5 p.m. EDT",12684,13020,10750,-1934
ISNE,"9/13/2019 6 p.m. EDT",13237,13460,10274,-2963
ISNE,"9/13/2019 7 p.m. EDT",13414,13680,10222,-3192
ISNE,"9/13/2019 8 p.m. EDT",13558,13870,10476,-3082
ISNE,"9/13/2019 9 p.m. EDT",13144,13500,10085,-3059
ISNE,"9/13/2019 10 p.m. EDT",12411,12710,9354,-3057
ISNE,"9/13/2019 11 p.m. EDT",11446,11730,8402,-3044
ISNE,"9/14/2019 12 a.m. EDT",10661,10740,7678,-2983
ISNE,"9/14/2019 1 a.m. EDT",10176,9820,7219,-2957
ISNE,"9/14/2019 2 a.m. EDT",10078,9420,7052,-3026
ISNE,"9/14/2019 3 a.m. EDT",9851,9180,6974,-2877
ISNE,"9/14/2019 4 a.m. EDT",9755,9060,6937,-2818
ISNE,"9/14/2019 5 a.m. EDT",9786,9120,6890,-2896
ISNE,"9/14/2019 6 a.m. EDT",10128,9440,6971,-3157
ISNE,"9/14/2019 7 a.m. EDT",10151,10010,7282,-2869
ISNE,"9/14/2019 8 a.m. EDT",10567,10690,7699,-2868
ISNE,"9/14/2019 9 a.m. EDT",11289,11270,8591,-2698
ISNE,"9/14/2019 10 a.m. EDT",11761,11760,9165,-2596
ISNE,"9/14/2019 11 a.m. EDT",12085,11940,9505,-2580
ISNE,"9/14/2019 12 p.m. EDT",12265,12050,9535,-2730
ISNE,"9/14/2019 1 p.m. EDT",12397,12110,9567,-2830
ISNE,"9/14/2019 2 p.m. EDT",12490,12050,9614,-2876
ISNE,"9/14/2019 3 p.m. EDT",12473,12110,9741,-2732
ISNE,"9/14/2019 4 p.m. EDT",12511,12280,9800,-2711
ISNE,"9/14/2019 5 p.m. EDT",12767,12770,10062,-2705
ISNE,"9/14/2019 6 p.m. EDT",13140,13190,10410,-2730
ISNE,"9/14/2019 7 p.m. EDT",13414,13430,10923,-2491
ISNE,"9/14/2019 8 p.m. EDT",13590,13600,11120,-2470
ISNE,"9/14/2019 9 p.m. EDT",13210,13330,10710,-2500
ISNE,"9/14/2019 10 p.m. EDT",12600,12690,10168,-2432
ISNE,"9/14/2019 11 p.m. EDT",11809,11890,9458,-2351
ISNE,"9/15/2019 12 a.m. EDT",11020,11070,8471,-2549
ISNE,"9/15/2019 1 a.m. EDT",10366,10180,8108,-2258
ISNE,"9/15/2019 2 a.m. EDT",9946,9700,7725,-2221
ISNE,"9/15/2019 3 a.m. EDT",9966,9430,7743,-2223
ISNE,"9/15/2019 4 a.m. EDT",9805,9280,7573,-2232
ISNE,"9/15/2019 5 a.m. EDT",10047,9290,7700,-2347
ISNE,"9/15/2019 6 a.m. EDT",10233,9440,7786,-2447
ISNE,"9/15/2019 7 a.m. EDT",10549,9750,8141,-2408
ISNE,"9/15/2019 8 a.m. EDT",10834,10410,8174,-2660
ISNE,"9/15/2019 9 a.m. EDT",11052,10810,8517,-2535
ISNE,"9/15/2019 10 a.m. EDT",11035,10890,8726,-2309
ISNE,"9/15/2019 11 a.m. EDT",11153,11030,8894,-2259
ISNE,"9/15/2019 12 p.m. EDT",11343,11340,9254,-2089
ISNE,"9/15/2019 1 p.m. EDT",11631,11670,9588,-2043
ISNE,"9/15/2019 2 p.m. EDT",11908,11930,9831,-2077
ISNE,"9/15/2019 3 p.m. EDT",12282,12360,9975,-2307
ISNE,"9/15/2019 4 p.m. EDT",12844,13000,10701,-2143
ISNE,"9/15/2019 5 p.m. EDT",13765,13860,12222,-1543
ISNE,"9/15/2019 6 p.m. EDT",14584,14410,12897,-1687
ISNE,"9/15/2019 7 p.m. EDT",14827,14690,12822,-2005
ISNE,"9/15/2019 8 p.m. EDT",15039,14770,13034,-2005
ISNE,"9/15/2019 9 p.m. EDT",14515,14420,12502,-2013
ISNE,"9/15/2019 10 p.m. EDT",13479,13420,11500,-1979
ISNE,"9/15/2019 11 p.m. EDT",12271,12330,10093,-2178
ISNE,"9/16/2019 12 a.m. EDT",11486,11250,9282,-2204
ISNE,"9/16/2019 1 a.m. EDT",10729,10410,8658,-2071
ISNE,"9/16/2019 2 a.m. EDT",10231,9930,8023,-2208
ISNE,"9/16/2019 3 a.m. EDT",9983,9680,7940,-2043
ISNE,"9/16/2019 4 a.m. EDT",10158,9630,7843,-2315
ISNE,"9/16/2019 5 a.m. EDT",10533,9900,7919,-2614
ISNE,"9/16/2019 6 a.m. EDT",10952,10810,8429,-2523
ISNE,"9/16/2019 7 a.m. EDT",12245,12260,9636,-2609
ISNE,"9/16/2019 8 a.m. EDT",13048,13050,10788,-2260
ISNE,"9/16/2019 9 a.m. EDT",13002,12990,11035,-1967
ISNE,"9/16/2019 10 a.m. EDT",12809,12820,10868,-1941
ISNE,"9/16/2019 11 a.m. EDT",12739,12800,11329,-1410
ISNE,"9/16/2019 12 p.m. EDT",12783,12800,11320,-1463
ISNE,"9/16/2019 1 p.m. EDT",12754,12900,11448,-1306
ISNE,"9/16/2019 2 p.m. EDT",12920,13340,11860,-1060
ISNE,"9/16/2019 3 p.m. EDT",13071,13540,12722,-349
ISNE,"9/16/2019 4 p.m. EDT",13428,13880,12941,-487
ISNE,"9/16/2019 5 p.m. EDT",14025,14350,13320,-705
ISNE,"9/16/2019 6 p.m. EDT",14746,14820,13672,-1074
ISNE,"9/16/2019 7 p.m. EDT",15012,14970,13484,-1528
ISNE,"9/16/2019 8 p.m. EDT",15087,15120,13292,-1795
ISNE,"9/16/2019 9 p.m. EDT",14426,14340,12839,-1587
ISNE,"9/16/2019 10 p.m. EDT",13307,13240,11646,-1661
ISNE,"9/16/2019 11 p.m. EDT",12023,11910,10160,-1863
ISNE,"9/17/2019 12 a.m. EDT",11032,10730,8562,-2470
ISNE,"9/17/2019 1 a.m. EDT",10339,10090,7742,-2597
ISNE,"9/17/2019 2 a.m. EDT",9876,9680,7354,-2522
ISNE,"9/17/2019 3 a.m. EDT",9872,9420,7207,-2665
ISNE,"9/17/2019 4 a.m. EDT",9796,9350,7172,-2624
ISNE,"9/17/2019 5 a.m. EDT",10012,9610,7385,-2627
ISNE,"9/17/2019 6 a.m. EDT",10691,10470,7971,-2720
ISNE,"9/17/2019 7 a.m. EDT",12078,11930,9415,-2663
ISNE,"9/17/2019 8 a.m. EDT",12520,12550,10069,-2451
ISNE,"9/17/2019 9 a.m. EDT",12373,12320,10208,-2165
ISNE,"9/17/2019 10 a.m. EDT",12104,12090,9835,-2269
ISNE,"9/17/2019 11 a.m. EDT",11981,11930,9880,-2101
ISNE,"9/17/2019 12 p.m. EDT",12082,11990,10201,-1881
ISNE,"9/17/2019 1 p.m. EDT",12182,12080,10487,-1695
ISNE,"9/17/2019 2 p.m. EDT",12399,12390,10729,-1670
ISNE,"9/17/2019 3 p.m. EDT",12584,12570,10813,-1771
ISNE,"9/17/2019 4 p.m. EDT",12873,12960,11218,-1655
ISNE,"9/17/2019 5 p.m. EDT",13396,13510,11897,-1499
ISNE,"9/17/2019 6 p.m. EDT",14007,14100,12254,-1753
ISNE,"9/17/2019 7 p.m. EDT",14332,14520,12166,-2166
ISNE,"9/17/2019 8 p.m. EDT",14581,14770,12195,-2386
ISNE,"9/17/2019 9 p.m. EDT",13972,14110,11445,-2527
ISNE,"9/17/2019 10 p.m. EDT",12929,13100,9645,-3284
ISNE,"9/17/2019 11 p.m. EDT",11714,11830,8777,-2937
ISNE,"9/18/2019 12 a.m. EDT",10862,10720,7799,-3063
ISNE,"9/18/2019 1 a.m. EDT",10366,9910,7414,-2952
ISNE,"9/18/2019 2 a.m. EDT",9844,9500,6867,-2977
ISNE,"9/18/2019 3 a.m. EDT",10068,9320,6938,-3130
ISNE,"9/18/2019 4 a.m. EDT",9968,9280,6903,-3065
ISNE,"9/18/2019 5 a.m. EDT",10278,9510,7238,-3040
ISNE,"9/18/2019 6 a.m. EDT",10685,10370,7573,-3112
ISNE,"9/18/2019 7 a.m. EDT",11873,11860,8739,-3134
ISNE,"9/18/2019 8 a.m. EDT",12580,12580,9690,-2890
ISNE,"9/18/2019 9 a.m. EDT",12504,12500,9921,-2583
ISNE,"9/18/2019 10 a.m. EDT",12215,12170,9649,-2566
ISNE,"9/18/2019 11 a.m. EDT",12061,11980,9437,-2624
ISNE,"9/18/2019 12 p.m. EDT",11993,11950,9487,-2506
ISNE,"9/18/2019 1 p.m. EDT",11922,11940,9364,-2558
ISNE,"9/18/2019 2 p.m. EDT",11966,12030,9156,-2810
ISNE,"9/18/2019 3 p.m. EDT",11871,12130,9181,-2690
ISNE,"9/18/2019 4 p.m. EDT",12038,12340,9485,-2553
ISNE,"9/18/2019 5 p.m. EDT",12618,12830,10063,-2555
ISNE,"9/18/2019 6 p.m. EDT",13345,13450,10698,-2647
ISNE,"9/18/2019 7 p.m. EDT",13772,13820,11411,-2361
ISNE,"9/18/2019 8 p.m. EDT",14085,14200,11626,-2459
ISNE,"9/18/2019 9 p.m. EDT",13552,13620,10781,-2771
ISNE,"9/18/2019 10 p.m. EDT",12562,12660,9765,-2797
ISNE,"9/18/2019 11 p.m. EDT",11335,11470,8468,-2867
ISNE,"9/19/2019 12 a.m. EDT",10310,10380,7327,-2983
ISNE,"9/19/2019 1 a.m. EDT",9876,9740,7064,-2812
ISNE,"9/19/2019 2 a.m. EDT",9766,9350,6658,-3108
ISNE,"9/19/2019 3 a.m. EDT",9817,9160,6504,-3313
ISNE,"9/19/2019 4 a.m. EDT",9867,9160,6620,-3247
ISNE,"9/19/2019 5 a.m. EDT",9974,9440,6700,-3274
ISNE,"9/19/2019 6 a.m. EDT",10347,10390,7157,-3190
ISNE,"9/19/2019 7 a.m. EDT",11817,11930,8629,-3188
ISNE,"9/19/2019 8 a.m. EDT",12544,12520,9249,-3295
ISNE,"9/19/2019 9 a.m. EDT",12266,12230,8939,-3327
ISNE,"9/19/2019 10 a.m. EDT",11806,11760,8528,-3278
ISNE,"9/19/2019 11 a.m. EDT",11519,11570,8451,-3068
ISNE,"9/19/2019 12 p.m. EDT",11387,11460,8336,-3051
ISNE,"9/19/2019 1 p.m. EDT",11308,11400,8376,-2932
ISNE,"9/19/2019 2 p.m. EDT",11471,11550,8682,-2789
ISNE,"9/19/2019 3 p.m. EDT",11622,11740,8821,-2801
ISNE,"9/19/2019 4 p.m. EDT",12020,12150,9358,-2662
ISNE,"9/19/2019 5 p.m. EDT",12705,12710,9777,-2928
ISNE,"9/19/2019 6 p.m. EDT",13470,13390,10194,-3276
ISNE,"9/19/2019 7 p.m. EDT",13860,13770,10415,-3445
ISNE,"9/19/2019 8 p.m. EDT",14148,14150,10715,-3433
ISNE,"9/19/2019 9 p.m. EDT",13637,13590,10086,-3551
ISNE,"9/19/2019 10 p.m. EDT",12696,12630,9077,-3619
ISNE,"9/19/2019 11 p.m. EDT",11452,11510,8082,-3370
ISNE,"9/20/2019 12 a.m. EDT",10450,10430,7151,-3299
ISNE,"9/20/2019 1 a.m. EDT",10212,9670,6862,-3350
ISNE,"9/20/2019 2 a.m. EDT",10296,9250,6871,-3425
ISNE,"9/20/2019 3 a.m. EDT",10205,9060,6868,-3337
ISNE,"9/20/2019 4 a.m. EDT",10169,9070,6814,-3355
ISNE,"9/20/2019 5 a.m. EDT",10430,9300,7064,-3366
ISNE,"9/20/2019 6 a.m. EDT",11011,10170,7762,-3249
ISNE,"9/20/2019 7 a.m. EDT",11963,11630,8766,-3197
ISNE,"9/20/2019 8 a.m. EDT",12485,12240,9240,-3245
ISNE,"9/20/2019 9 a.m. EDT",12277,12060,9206,-3071
ISNE,"9/20/2019 10 a.m. EDT",11964,11770,9351,-2613
ISNE,"9/20/2019 11 a.m. EDT",11832,11740,9162,-2670
ISNE,"9/20/2019 12 p.m. EDT",11819,11730,9491,-2328
ISNE,"9/20/2019 1 p.m. EDT",11822,11860,9624,-2198
ISNE,"9/20/2019 2 p.m. EDT",12053,12260,9770,-2283
ISNE,"9/20/2019 3 p.m. EDT",12349,12550,10132,-2217
ISNE,"9/20/2019 4 p.m. EDT",12788,12920,10304,-2484
ISNE,"9/20/2019 5 p.m. EDT",13441,13460,10847,-2594
ISNE,"9/20/2019 6 p.m. EDT",14049,13980,11222,-2827
ISNE,"9/20/2019 7 p.m. EDT",14158,14200,11255,-2903
ISNE,"9/20/2019 8 p.m. EDT",14238,14480,11185,-3053
ISNE,"9/20/2019 9 p.m. EDT",13695,13770,10746,-2949
ISNE,"9/20/2019 10 p.m. EDT",13017,12910,10085,-2932
ISNE,"9/20/2019 11 p.m. EDT",12103,11900,8875,-3228
ISNE,"9/21/2019 12 a.m. EDT",11101,10880,7870,-3231
ISNE,"9/21/2019 1 a.m. EDT",10451,10080,7194,-3257
ISNE,"9/21/2019 2 a.m. EDT",10348,9580,7083,-3265
ISNE,"9/21/2019 3 a.m. EDT",10335,9310,6805,-3530
ISNE,"9/21/2019 4 a.m. EDT",10214,9160,6749,-3465
ISNE,"9/21/2019 5 a.m. EDT",10261,9190,6632,-3629
ISNE,"9/21/2019 6 a.m. EDT",10527,9560,6817,-3710
ISNE,"9/21/2019 7 a.m. EDT",10793,10160,6980,-3813
ISNE,"9/21/2019 8 a.m. EDT",10801,10640,7202,-3599
ISNE,"9/21/2019 9 a.m. EDT",11047,10940,7836,-3211
ISNE,"9/21/2019 10 a.m. EDT",11188,11170,8163,-3025
ISNE,"9/21/2019 11 a.m. EDT",11271,11360,8453,-2818
ISNE,"9/21/2019 12 p.m. EDT",11395,11560,8934,-2461
ISNE,"9/21/2019 1 p.m. EDT",11588,11880,9053,-2535
ISNE,"9/21/2019 2 p.m. EDT",11868,12160,9559,-2309
ISNE,"9/21/2019 3 p.m. EDT",12310,12590,9866,-2444
ISNE,"9/21/2019 4 p.m. EDT",12938,13180,10361,-2577
ISNE,"9/21/2019 5 p.m. EDT",13735,13980,11186,-2549
ISNE,"9/21/2019 6 p.m. EDT",14414,14470,11713,-2701
ISNE,"9/21/2019 7 p.m. EDT",14530,14640,11480,-3050
ISNE,"9/21/2019 8 p.m. EDT",14552,14770,11695,-2857
ISNE,"9/21/2019 9 p.m. EDT",13975,14120,11080,-2895
ISNE,"9/21/2019 10 p.m. EDT",13164,13310,10266,-2898
ISNE,"9/21/2019 11 p.m. EDT",12178,12260,8860,-3318
ISNE,"9/22/2019 12 a.m. EDT",11211,11200,7760,-3451
ISNE,"9/22/2019 1 a.m. EDT",10432,10410,7151,-3281
ISNE,"9/22/2019 2 a.m. EDT",10285,9890,7057,-3228
ISNE,"9/22/2019 3 a.m. EDT",10098,9540,6768,-3330
ISNE,"9/22/2019 4 a.m. EDT",10165,9360,6674,-3491
ISNE,"9/22/2019 5 a.m. EDT",10122,9370,6406,-3716
ISNE,"9/22/2019 6 a.m. EDT",10270,9510,6458,-3812
ISNE,"9/22/2019 7 a.m. EDT",10566,9920,7020,-3546
ISNE,"9/22/2019 8 a.m. EDT",10764,10320,7414,-3350
ISNE,"9/22/2019 9 a.m. EDT",10767,10710,7494,-3273
ISNE,"9/22/2019 10 a.m. EDT",11010,10990,7774,-3236
ISNE,"9/22/2019 11 a.m. EDT",11251,11260,8482,-2769
ISNE,"9/22/2019 12 p.m. EDT",11697,11720,9156,-2541
ISNE,"9/22/2019 1 p.m. EDT",12256,12380,9792,-2464
ISNE,"9/22/2019 2 p.m. EDT",12820,12920,10322,-2498
ISNE,"9/22/2019 3 p.m. EDT",13427,13390,10871,-2556
ISNE,"9/22/2019 4 p.m. EDT",14139,14160,11354,-2785
ISNE,"9/22/2019 5 p.m. EDT",14956,14980,12193,-2763
ISNE,"9/22/2019 6 p.m. EDT",15668,15610,12719,-2949
ISNE,"9/22/2019 7 p.m. EDT",15928,15870,12797,-3131
ISNE,"9/22/2019 8 p.m. EDT",16094,16050,13003,-3091
ISNE,"9/22/2019 9 p.m. EDT",15482,15390,12455,-3027
ISNE,"9/22/2019 10 p.m. EDT",14440,14400,11527,-2913
ISNE,"9/22/2019 11 p.m. EDT",13193,13290,10038,-3155
ISNE,"9/23/2019 12 a.m. EDT",12078,12180,8781,-3297
ISNE,"9/23/2019 1 a.m. EDT",11299,11290,8010,-3289
ISNE,"9/23/2019 2 a.m. EDT",11431,10900,8159,-3272
ISNE,"9/23/2019 3 a.m. EDT",11391,10620,8197,-3194
ISNE,"9/23/2019 4 a.m. EDT",11584,10640,8176,-3408
ISNE,"9/23/2019 5 a.m. EDT",11907,10910,8436,-3471
ISNE,"9/23/2019 6 a.m. EDT",12461,11990,9136,-3325
ISNE,"9/23/2019 7 a.m. EDT",13440,13610,10269,-3171
ISNE,"9/23/2019 8 a.m. EDT",14400,14590,11546,-2854
ISNE,"9/23/2019 9 a.m. EDT",14802,14940,12146,-2656
ISNE,"9/23/2019 10 a.m. EDT",15124,15290,12180,-2944
ISNE,"9/23/2019 11 a.m. EDT",15454,15620,12402,-3052
ISNE,"9/23/2019 12 p.m. EDT",15969,16140,12939,-3030
ISNE,"9/23/2019 1 p.m. EDT",16471,16690,13925,-2546
ISNE,"9/23/2019 2 p.m. EDT",17154,17370,14457,-2697
ISNE,"9/23/2019 3 p.m. EDT",17761,17890,15260,-2501
ISNE,"9/23/2019 4 p.m. EDT",18445,18440,15652,-2793
ISNE,"9/23/2019 5 p.m. EDT",18847,18910,16144,-2703
ISNE,"9/23/2019 6 p.m. EDT",18921,19220,15956,-2965
ISNE,"9/23/2019 7 p.m. EDT",18859,19150,15744,-3115
ISNE,"9/23/2019 8 p.m. EDT",18800,19170,15991,-2809
ISNE,"9/23/2019 9 p.m. EDT",17985,18160,15030,-2955
ISNE,"9/23/2019 10 p.m. EDT",16713,16760,13728,-2985
ISNE,"9/23/2019 11 p.m. EDT",15171,15110,12038,-3133
ISNE,"9/24/2019 12 a.m. EDT",13728,13630,10719,-3009
ISNE,"9/24/2019 1 a.m. EDT",12603,12470,9839,-2764
ISNE,"9/24/2019 2 a.m. EDT",12150,11740,9172,-2978
ISNE,"9/24/2019 3 a.m. EDT",11989,11370,8966,-3023
ISNE,"9/24/2019 4 a.m. EDT",11760,11170,8743,-3017
ISNE,"9/24/2019 5 a.m. EDT",11858,11250,8807,-3051
ISNE,"9/24/2019 6 a.m. EDT",12320,12030,9249,-3071
ISNE,"9/24/2019 7 a.m. EDT",13478,13500,10369,-3109
ISNE,"9/24/2019 8 a.m. EDT",14164,14230,11095,-3069
ISNE,"9/24/2019 9 a.m. EDT",14232,14330,11227,-3005
ISNE,"9/24/2019 10 a.m. EDT",14211,14230,11260,-2951
ISNE,"9/24/2019 11 a.m. EDT",14303,14240,11640,-2663
ISNE,"9/24/2019 12 p.m. EDT",14493,14390,11707,-2786
ISNE,"9/24/2019 1 p.m. EDT",14564,14470,11741,-2823
ISNE,"9/24/2019 2 p.m. EDT",14827,14790,11703,-3124
ISNE,"9/24/2019 3 p.m. EDT",15069,15040,12102,-2967
ISNE,"9/24/2019 4 p.m. EDT",15165,15450,12274,-2891
ISNE,"9/24/2019 5 p.m. EDT",15445,15830,12871,-2574
ISNE,"9/24/2019 6 p.m. EDT",15672,16080,12820,-2852
ISNE,"9/24/2019 7 p.m. EDT",15658,16100,12671,-2987
ISNE,"9/24/2019 8 p.m. EDT",15651,16120,12847,-2804
ISNE,"9/24/2019 9 p.m. EDT",14864,15240,12225,-2639
ISNE,"9/24/2019 10 p.m. EDT",13729,13990,10855,-2874
ISNE,"9/24/2019 11 p.m. EDT",12507,12590,9539,-2968
ISNE,"9/25/2019 12 a.m. EDT",11506,11360,8389,-3117
ISNE,"9/25/2019 1 a.m. EDT",11014,10470,8010,-3004
ISNE,"9/25/2019 2 a.m. EDT",10662,9950,7565,-3097
ISNE,"9/25/2019 3 a.m. EDT",10597,9650,7254,-3343
ISNE,"9/25/2019 4 a.m. EDT",10517,9560,7141,-3376
ISNE,"9/25/2019 5 a.m. EDT",10729,9820,7341,-3388
ISNE,"9/25/2019 6 a.m. EDT",10998,10660,7911,-3087
ISNE,"9/25/2019 7 a.m. EDT",12020,12200,8754,-3266
ISNE,"9/25/2019 8 a.m. EDT",12713,12860,9412,-3301
ISNE,"9/25/2019 9 a.m. EDT",12602,12630,9455,-3147
ISNE,"9/25/2019 10 a.m. EDT",12393,12400,9487,-2906
ISNE,"9/25/2019 11 a.m. EDT",12341,12290,9835,-2506
ISNE,"9/25/2019 12 p.m. EDT",12471,12350,9996,-2475
ISNE,"9/25/2019 1 p.m. EDT",12506,12460,10014,-2492
ISNE,"9/25/2019 2 p.m. EDT",12644,12820,10305,-2339
ISNE,"9/25/2019 3 p.m. EDT",12827,13130,10539,-2288
ISNE,"9/25/2019 4 p.m. EDT",13266,13610,11063,-2203
ISNE,"9/25/2019 5 p.m. EDT",13957,14180,11969,-1988
ISNE,"9/25/2019 6 p.m. EDT",14635,14780,12651,-1984
ISNE,"9/25/2019 7 p.m. EDT",14885,15020,12463,-2422
ISNE,"9/25/2019 8 p.m. EDT",14973,15180,12303,-2670
ISNE,"9/25/2019 9 p.m. EDT",14269,14550,11404,-2865
ISNE,"9/25/2019 10 p.m. EDT",13220,13470,10500,-2720
ISNE,"9/25/2019 11 p.m. EDT",11977,12170,9200,-2777
ISNE,"9/26/2019 12 a.m. EDT",10871,11030,8226,-2645
ISNE,"9/26/2019 1 a.m. EDT",10128,10110,7461,-2667
ISNE,"9/26/2019 2 a.m. EDT",10046,9640,7168,-2878
ISNE,"9/26/2019 3 a.m. EDT",9966,9420,7039,-2927
ISNE,"9/26/2019 4 a.m. EDT",9902,9360,6939,-2963
ISNE,"9/26/2019 5 a.m. EDT",9934,9620,7023,-2911
ISNE,"9/26/2019 6 a.m. EDT",10740,10520,7789,-2951
ISNE,"9/26/2019 7 a.m. EDT",12010,12040,9093,-2917
ISNE,"9/26/2019 8 a.m. EDT",12866,12880,10249,-2617
ISNE,"9/26/2019 9 a.m. EDT",13020,13010,10372,-2648
ISNE,"9/26/2019 10 a.m. EDT",12970,12800,10461,-2509
ISNE,"9/26/2019 11 a.m. EDT",13162,12920,10472,-2690
ISNE,"9/26/2019 12 p.m. EDT",13325,13090,10559,-2766
ISNE,"9/26/2019 1 p.m. EDT",13589,13340,11315,-2274
ISNE,"9/26/2019 2 p.m. EDT",14328,13690,12203,-2125
ISNE,"9/26/2019 3 p.m. EDT",14780,14050,12472,-2308
ISNE,"9/26/2019 4 p.m. EDT",15043,14430,12396,-2647
ISNE,"9/26/2019 5 p.m. EDT",15218,14700,12303,-2915
ISNE,"9/26/2019 6 p.m. EDT",15396,14960,12491,-2905
ISNE,"9/26/2019 7 p.m. EDT",15268,15220,12429,-2839
ISNE,"9/26/2019 8 p.m. EDT",14982,15290,12247,-2735
ISNE,"9/26/2019 9 p.m. EDT",14275,14520,11667,-2608
ISNE,"9/26/2019 10 p.m. EDT",13242,13410,10442,-2800
ISNE,"9/26/2019 11 p.m. EDT",12025,12130,9247,-2778
ISNE,"9/27/2019 12 a.m. EDT",10925,10950,7871,-3054
ISNE,"9/27/2019 1 a.m. EDT",10344,10120,7325,-3019
ISNE,"9/27/2019 2 a.m. EDT",10218,9680,7057,-3161
ISNE,"9/27/2019 3 a.m. EDT",10197,9420,7113,-3084
ISNE,"9/27/2019 4 a.m. EDT",10157,9340,7002,-3155
ISNE,"9/27/2019 5 a.m. EDT",10354,9580,7064,-3290
ISNE,"9/27/2019 6 a.m. EDT",10684,10450,7317,-3367
ISNE,"9/27/2019 7 a.m. EDT",11847,11950,8766,-3081
ISNE,"9/27/2019 8 a.m. EDT",12529,12590,9698,-2831
ISNE,"9/27/2019 9 a.m. EDT",12457,12430,9684,-2773
ISNE,"9/27/2019 10 a.m. EDT",12163,12130,9553,-2610
ISNE,"9/27/2019 11 a.m. EDT",11992,12030,9266,-2726
ISNE,"9/27/2019 12 p.m. EDT",11948,11970,9277,-2671
ISNE,"9/27/2019 1 p.m. EDT",11946,12000,9283,-2663
ISNE,"9/27/2019 2 p.m. EDT",12142,12230,9640,-2502
ISNE,"9/27/2019 3 p.m. EDT",12353,12510,9925,-2428
ISNE,"9/27/2019 4 p.m. EDT",12772,12990,10224,-2548
ISNE,"9/27/2019 5 p.m. EDT",13393,13550,10946,-2447
ISNE,"9/27/2019 6 p.m. EDT",13917,13960,11082,-2835
ISNE,"9/27/2019 7 p.m. EDT",14051,14120,11170,-2881
ISNE,"9/27/2019 8 p.m. EDT",14030,14230,11178,-2852
ISNE,"9/27/2019 9 p.m. EDT",13406,13640,10495,-2911
ISNE,"9/27/2019 10 p.m. EDT",12613,12780,9820,-2793
ISNE,"9/27/2019 11 p.m. EDT",11622,11770,8767,-2855
ISNE,"9/28/2019 12 a.m. EDT",10610,10760,7841,-2769
ISNE,"9/28/2019 1 a.m. EDT",9993,9880,7401,-2592
ISNE,"9/28/2019 2 a.m. EDT",9404,9400,6895,-2509
ISNE,"9/28/2019 3 a.m. EDT",9337,9150,6724,-2613
ISNE,"9/28/2019 4 a.m. EDT",9480,9020,7032,-2448
ISNE,"9/28/2019 5 a.m. EDT",9355,9080,6884,-2471
ISNE,"9/28/2019 6 a.m. EDT",9688,9410,6859,-2829
ISNE,"9/28/2019 7 a.m. EDT",9995,10010,7409,-2586
ISNE,"9/28/2019 8 a.m. EDT",10619,10640,8156,-2463
ISNE,"9/28/2019 9 a.m. EDT",11149,11150,8484,-2665
ISNE,"9/28/2019 10 a.m. EDT",11320,11340,8605,-2715
ISNE,"9/28/2019 11 a.m. EDT",11246,11320,8842,-2404
ISNE,"9/28/2019 12 p.m. EDT",11231,11350,9095,-2136
ISNE,"9/28/2019 1 p.m. EDT",11307,11390,9037,-2270
ISNE,"9/28/2019 2 p.m. EDT",11512,11560,9380,-2132
ISNE,"9/28/2019 3 p.m. EDT",11887,11860,9760,-2127
ISNE,"9/28/2019 4 p.m. EDT",12504,12320,10448,-2056
ISNE,"9/28/2019 5 p.m. EDT",13265,13110,11136,-2129
ISNE,"9/28/2019 6 p.m. EDT",13865,13620,11609,-2256
ISNE,"9/28/2019 7 p.m. EDT",14118,14110,11782,-2336
ISNE,"9/28/2019 8 p.m. EDT",14201,14210,12076,-2125
ISNE,"9/28/2019 9 p.m. EDT",13735,13710,11564,-2171
ISNE,"9/28/2019 10 p.m. EDT",13083,12910,11023,-2060
ISNE,"9/28/2019 11 p.m. EDT",12248,12050,10255,-1993
ISNE,"9/29/2019 12 a.m. EDT",11435,11290,8909,-2526
ISNE,"9/29/2019 1 a.m. EDT",10779,10760,8096,-2683
ISNE,"9/29/2019 2 a.m. EDT",10303,10270,7780,-2523
ISNE,"9/29/2019 3 a.m. EDT",9998,9960,7648,-2350
ISNE,"9/29/2019 4 a.m. EDT",9811,9770,7528,-2283
ISNE,"9/29/2019 5 a.m. EDT",9769,9720,7475,-2294
ISNE,"9/29/2019 6 a.m. EDT",9909,9900,7521,-2388
ISNE,"9/29/2019 7 a.m. EDT",10384,10240,7839,-2545
ISNE,"9/29/2019 8 a.m. EDT",10947,10630,8445,-2502
ISNE,"9/29/2019 9 a.m. EDT",11163,10980,8924,-2239
ISNE,"9/29/2019 10 a.m. EDT",11385,11030,9017,-2368
ISNE,"9/29/2019 11 a.m. EDT",11365,11040,9022,-2343
ISNE,"9/29/2019 12 p.m. EDT",11398,11090,9123,-2275
ISNE,"9/29/2019 1 p.m. EDT",11636,11270,9000,-2636
ISNE,"9/29/2019 2 p.m. EDT",11544,11450,9215,-2329
ISNE,"9/29/2019 3 p.m. EDT",11934,11550,9608,-2326
ISNE,"9/29/2019 4 p.m. EDT",12480,11970,10136,-2344
ISNE,"9/29/2019 5 p.m. EDT",13087,12580,10560,-2527
ISNE,"9/29/2019 6 p.m. EDT",13576,13270,11027,-2549
ISNE,"9/29/2019 7 p.m. EDT",13887,13660,11310,-2577
ISNE,"9/29/2019 8 p.m. EDT",13922,13810,11446,-2476
ISNE,"9/29/2019 9 p.m. EDT",13231,13200,10659,-2572
ISNE,"9/29/2019 10 p.m. EDT",12253,12240,9568,-2685
ISNE,"9/29/2019 11 p.m. EDT",11386,11220,8906,-2480
ISNE,"9/30/2019 12 a.m. EDT",10651,10200,8061,-2590
ISNE,"9/30/2019 1 a.m. EDT",10323,9600,7759,-2564
ISNE,"9/30/2019 2 a.m. EDT",9936,9230,7398,-2538
ISNE,"9/30/2019 3 a.m. EDT",9739,9050,7372,-2367
ISNE,"9/30/2019 4 a.m. EDT",9706,8900,7318,-2388
ISNE,"9/30/2019 5 a.m. EDT",9966,9220,7749,-2217
ISNE,"9/30/2019 6 a.m. EDT",10690,10140,8765,-1925
ISNE,"9/30/2019 7 a.m. EDT",11534,11710,10337,-1197
ISNE,"9/30/2019 8 a.m. EDT",12285,12390,11302,-983
ISNE,"9/30/2019 9 a.m. EDT",12267,12210,11429,-838
ISNE,"9/30/2019 10 a.m. EDT",11941,11920,11275,-666
ISNE,"9/30/2019 11 a.m. EDT",11854,11790,11322,-532
ISNE,"9/30/2019 12 p.m. EDT",11956,11780,11516,-440
ISNE,"9/30/2019 1 p.m. EDT",11985,11770,11703,-282
ISNE,"9/30/2019 2 p.m. EDT",12021,11920,11578,-443
ISNE,"9/30/2019 3 p.m. EDT",12118,12070,11754,-364
ISNE,"9/30/2019 4 p.m. EDT",12414,12530,11996,-418
ISNE,"9/30/2019 5 p.m. EDT",13029,13180,12369,-660
ISNE,"9/30/2019 6 p.m. EDT",13806,13870,13098,-708
ISNE,"9/30/2019 7 p.m. EDT",14328,14330,13532,-796
ISNE,"9/30/2019 8 p.m. EDT",14367,14500,13664,-703
ISNE,"9/30/2019 9 p.m. EDT",13657,13840,12906,-751
ISNE,"9/30/2019 10 p.m. EDT",12672,12760,12011,-661
ISNE,"9/30/2019 11 p.m. EDT",11472,11530,10658,-814
ISNE,"10/1/2019 12 a.m. EDT",10435,10460,9622,-813
