"BA Code","Timestamp (Hour Ending)","Demand (MWh)","Demand Forecast (MWh)","Net Generation (MWh)","Total Interchange (MWh)"
ISNE,"7/1/2018 12 a.m. EDT",16406,15650,14146,-2260
ISNE,"7/1/2018 1 a.m. EDT",15203,14800,13079,-2124
ISNE,"7/1/2018 2 a.m. EDT",14307,13770,12382,-1925
ISNE,"7/1/2018 3 a.m. EDT",14347,13140,12255,-2092
ISNE,"7/1/2018 4 a.m. EDT",14227,12760,12061,-2166
ISNE,"7/1/2018 5 a.m. EDT",14016,12610,11748,-2268
ISNE,"7/1/2018 6 a.m. EDT",13710,12700,11493,-2217
ISNE,"7/1/2018 7 a.m. EDT",13530,12670,11345,-2185
ISNE,"7/1/2018 8 a.m. EDT",13989,13960,11890,-2099
ISNE,"7/1/2018 9 a.m. EDT",14878,15160,12921,-1957
ISNE,"7/1/2018 10 a.m. EDT",16181,16260,14478,-1703
ISNE,"7/1/2018 11 a.m. EDT",17462,17840,16056,-1406
ISNE,"7/1/2018 12 p.m. EDT",18708,18910,17450,-1258
ISNE,"7/1/2018 1 p.m. EDT",19735,19960,18189,-1546
ISNE,"7/1/2018 2 p.m. EDT",20542,20900,18509,-2033
ISNE,"7/1/2018 3 p.m. EDT",21095,21570,19170,-1925
ISNE,"7/1/2018 4 p.m. EDT",21568,22320,19699,-1869
ISNE,"7/1/2018 5 p.m. EDT",22068,22700,20105,-1963
ISNE,"7/1/2018 6 p.m. EDT",22517,22830,20377,-2140
ISNE,"7/1/2018 7 p.m. EDT",22498,22880,20428,-2070
ISNE,"7/1/2018 8 p.m. EDT",22008,22430,20013,-1995
ISNE,"7/1/2018 9 p.m. EDT",21444,21680,19311,-2133
ISNE,"7/1/2018 10 p.m. EDT",20695,20870,18817,-1878
ISNE,"7/1/2018 11 p.m. EDT",19005,18850,16768,-2237
ISNE,"7/2/2018 12 a.m. EDT",17439,17160,14969,-2470
ISNE,"7/2/2018 1 a.m. EDT",16338,15810,14086,-2252
ISNE,"7/2/2018 2 a.m. EDT",16037,14900,13860,-2177
ISNE,"7/2/2018 3 a.m. EDT",15899,14290,13550,-2349
ISNE,"7/2/2018 4 a.m. EDT",15524,13940,13236,-2288
ISNE,"7/2/2018 5 a.m. EDT",15496,13930,13318,-2178
ISNE,"7/2/2018 6 a.m. EDT",15798,14400,13441,-2357
ISNE,"7/2/2018 7 a.m. EDT",16356,15630,14070,-2286
ISNE,"7/2/2018 8 a.m. EDT",17134,17040,15246,-1888
ISNE,"7/2/2018 9 a.m. EDT",18092,18120,16510,-1582
ISNE,"7/2/2018 10 a.m. EDT",19001,19020,17556,-1445
ISNE,"7/2/2018 11 a.m. EDT",19864,19880,18475,-1389
ISNE,"7/2/2018 12 p.m. EDT",20657,20680,19489,-1168
ISNE,"7/2/2018 1 p.m. EDT",21285,21300,19980,-1305
ISNE,"7/2/2018 2 p.m. EDT",21862,21890,20624,-1238
ISNE,"7/2/2018 3 p.m. EDT",22241,22240,21107,-1134
ISNE,"7/2/2018 4 p.m. EDT",22531,22510,21503,-1028
ISNE,"7/2/2018 5 p.m. EDT",22893,23000,21691,-1202
ISNE,"7/2/2018 6 p.m. EDT",23194,23210,21862,-1332
ISNE,"7/2/2018 7 p.m. EDT",23153,23000,21024,-2129
ISNE,"7/2/2018 8 p.m. EDT",22636,22280,19921,-2715
ISNE,"7/2/2018 9 p.m. EDT",21981,21470,19142,-2839
ISNE,"7/2/2018 10 p.m. EDT",20979,20630,18614,-2365
ISNE,"7/2/2018 11 p.m. EDT",19075,18620,17268,-1807
ISNE,"7/3/2018 12 a.m. EDT",17395,16790,14917,-2478
ISNE,"7/3/2018 1 a.m. EDT",16617,15730,14088,-2529
ISNE,"7/3/2018 2 a.m. EDT",16092,14800,13560,-2532
ISNE,"7/3/2018 3 a.m. EDT",15848,14250,13242,-2606
ISNE,"7/3/2018 4 a.m. EDT",15554,13970,13160,-2394
ISNE,"7/3/2018 5 a.m. EDT",15609,14040,13247,-2362
ISNE,"7/3/2018 6 a.m. EDT",15895,14610,13409,-2486
ISNE,"7/3/2018 7 a.m. EDT",16603,15930,14307,-2296
ISNE,"7/3/2018 8 a.m. EDT",17650,17330,15237,-2413
ISNE,"7/3/2018 9 a.m. EDT",18607,18370,15917,-2690
ISNE,"7/3/2018 10 a.m. EDT",19336,19350,16651,-2685
ISNE,"7/3/2018 11 a.m. EDT",20393,20280,17753,-2640
ISNE,"7/3/2018 12 p.m. EDT",21410,21050,18691,-2719
ISNE,"7/3/2018 1 p.m. EDT",22316,21690,19385,-2931
ISNE,"7/3/2018 2 p.m. EDT",23141,22450,20479,-2662
ISNE,"7/3/2018 3 p.m. EDT",23561,22640,21320,-2241
ISNE,"7/3/2018 4 p.m. EDT",23829,23050,21695,-2134
ISNE,"7/3/2018 5 p.m. EDT",23992,23540,21638,-2354
ISNE,"7/3/2018 6 p.m. EDT",23904,23800,21194,-2710
ISNE,"7/3/2018 7 p.m. EDT",23580,23650,20444,-3136
ISNE,"7/3/2018 8 p.m. EDT",22982,23120,19506,-3476
ISNE,"7/3/2018 9 p.m. EDT",22211,22360,18722,-3489
ISNE,"7/3/2018 10 p.m. EDT",21307,21230,18082,-3225
ISNE,"7/3/2018 11 p.m. EDT",19725,19280,16692,-3033
ISNE,"7/4/2018 12 a.m. EDT",18458,17270,15221,-3237
ISNE,"7/4/2018 1 a.m. EDT",17126,16580,13839,-3287
ISNE,"7/4/2018 2 a.m. EDT",16302,15510,12926,-3376
ISNE,"7/4/2018 3 a.m. EDT",15793,14790,12333,-3460
ISNE,"7/4/2018 4 a.m. EDT",15596,14300,12392,-3204
ISNE,"7/4/2018 5 a.m. EDT",15346,14060,12154,-3192
ISNE,"7/4/2018 6 a.m. EDT",14831,14000,11652,-3179
ISNE,"7/4/2018 7 a.m. EDT",15177,14490,11955,-3222
ISNE,"7/4/2018 8 a.m. EDT",15635,15360,12676,-2959
ISNE,"7/4/2018 9 a.m. EDT",16475,16490,13653,-2822
ISNE,"7/4/2018 10 a.m. EDT",17642,17650,14963,-2679
ISNE,"7/4/2018 11 a.m. EDT",18642,18780,16017,-2625
ISNE,"7/4/2018 12 p.m. EDT",19464,19350,16586,-2878
ISNE,"7/4/2018 1 p.m. EDT",20001,19980,17332,-2669
ISNE,"7/4/2018 2 p.m. EDT",20282,20440,17724,-2558
ISNE,"7/4/2018 3 p.m. EDT",20543,20850,18281,-2262
ISNE,"7/4/2018 4 p.m. EDT",20831,21570,18632,-2199
ISNE,"7/4/2018 5 p.m. EDT",21218,21900,18721,-2497
ISNE,"7/4/2018 6 p.m. EDT",21615,22000,18775,-2840
ISNE,"7/4/2018 7 p.m. EDT",21572,21800,18310,-3262
ISNE,"7/4/2018 8 p.m. EDT",21027,21390,17682,-3345
ISNE,"7/4/2018 9 p.m. EDT",20358,20800,16846,-3512
ISNE,"7/4/2018 10 p.m. EDT",19572,19750,16385,-3187
ISNE,"7/4/2018 11 p.m. EDT",18379,18380,15380,-2999
ISNE,"7/5/2018 12 a.m. EDT",17013,17290,14305,-2708
ISNE,"7/5/2018 1 a.m. EDT",15751,15720,13073,-2678
ISNE,"7/5/2018 2 a.m. EDT",15211,14840,12629,-2582
ISNE,"7/5/2018 3 a.m. EDT",15319,14260,12509,-2810
ISNE,"7/5/2018 4 a.m. EDT",15221,13960,12473,-2748
ISNE,"7/5/2018 5 a.m. EDT",15333,14000,12377,-2956
ISNE,"7/5/2018 6 a.m. EDT",15573,14500,12840,-2733
ISNE,"7/5/2018 7 a.m. EDT",16186,15790,13827,-2359
ISNE,"7/5/2018 8 a.m. EDT",17320,17350,14977,-2343
ISNE,"7/5/2018 9 a.m. EDT",18620,18650,16003,-2617
ISNE,"7/5/2018 10 a.m. EDT",19822,19860,16947,-2875
ISNE,"7/5/2018 11 a.m. EDT",20919,20830,18054,-2865
ISNE,"7/5/2018 12 p.m. EDT",21757,21670,18782,-2975
ISNE,"7/5/2018 1 p.m. EDT",22402,22440,19356,-3046
ISNE,"7/5/2018 2 p.m. EDT",22992,23090,20002,-2990
ISNE,"7/5/2018 3 p.m. EDT",23349,23390,21261,-2088
ISNE,"7/5/2018 4 p.m. EDT",23678,23610,21254,-2424
ISNE,"7/5/2018 5 p.m. EDT",23992,23790,20953,-3039
ISNE,"7/5/2018 6 p.m. EDT",24188,23900,21032,-3156
ISNE,"7/5/2018 7 p.m. EDT",23966,23510,20375,-3591
ISNE,"7/5/2018 8 p.m. EDT",23440,22700,19597,-3843
ISNE,"7/5/2018 9 p.m. EDT",22738,21960,18633,-4105
ISNE,"7/5/2018 10 p.m. EDT",21852,20870,17991,-3861
ISNE,"7/5/2018 11 p.m. EDT",20098,19160,16309,-3789
ISNE,"7/6/2018 12 a.m. EDT",18313,17540,15003,-3310
ISNE,"7/6/2018 1 a.m. EDT",17183,16800,14024,-3159
ISNE,"7/6/2018 2 a.m. EDT",16813,15800,13792,-3021
ISNE,"7/6/2018 3 a.m. EDT",16566,15210,13641,-2925
ISNE,"7/6/2018 4 a.m. EDT",16455,14970,13430,-3025
ISNE,"7/6/2018 5 a.m. EDT",16674,15040,13962,-2712
ISNE,"7/6/2018 6 a.m. EDT",16731,15670,14243,-2488
ISNE,"7/6/2018 7 a.m. EDT",17289,16800,14697,-2592
ISNE,"7/6/2018 8 a.m. EDT",18362,18100,15654,-2708
ISNE,"7/6/2018 9 a.m. EDT",19315,19010,16565,-2750
ISNE,"7/6/2018 10 a.m. EDT",20054,20090,17027,-3027
ISNE,"7/6/2018 11 a.m. EDT",20482,20650,17411,-3071
ISNE,"7/6/2018 12 p.m. EDT",20513,20790,17359,-3154
ISNE,"7/6/2018 1 p.m. EDT",19939,20940,16605,-3334
ISNE,"7/6/2018 2 p.m. EDT",19585,21020,16342,-3243
ISNE,"7/6/2018 3 p.m. EDT",19642,20990,16383,-3259
ISNE,"7/6/2018 4 p.m. EDT",19859,20580,16522,-3337
ISNE,"7/6/2018 5 p.m. EDT",19902,20230,16657,-3245
ISNE,"7/6/2018 6 p.m. EDT",19768,19810,16640,-3128
ISNE,"7/6/2018 7 p.m. EDT",19120,19320,15989,-3131
ISNE,"7/6/2018 8 p.m. EDT",18156,18550,15236,-2920
ISNE,"7/6/2018 9 p.m. EDT",17238,17750,14482,-2756
ISNE,"7/6/2018 10 p.m. EDT",16490,16950,13817,-2673
ISNE,"7/6/2018 11 p.m. EDT",15093,15550,12428,-2665
ISNE,"7/7/2018 12 a.m. EDT",13721,13950,10810,-2911
ISNE,"7/7/2018 1 a.m. EDT",12312,12300,9618,-2694
ISNE,"7/7/2018 2 a.m. EDT",11655,11510,9370,-2285
ISNE,"7/7/2018 3 a.m. EDT",11412,10900,9070,-2342
ISNE,"7/7/2018 4 a.m. EDT",11554,10540,9213,-2341
ISNE,"7/7/2018 5 a.m. EDT",11787,10470,8967,-2820
ISNE,"7/7/2018 6 a.m. EDT",11518,10200,8580,-2938
ISNE,"7/7/2018 7 a.m. EDT",11674,10550,8695,-2979
ISNE,"7/7/2018 8 a.m. EDT",11744,11270,8713,-3031
ISNE,"7/7/2018 9 a.m. EDT",11954,12030,9098,-2856
ISNE,"7/7/2018 10 a.m. EDT",12086,12100,9853,-2233
ISNE,"7/7/2018 11 a.m. EDT",12329,12360,10739,-1590
ISNE,"7/7/2018 12 p.m. EDT",12488,12540,10891,-1597
ISNE,"7/7/2018 1 p.m. EDT",12608,12730,11018,-1590
ISNE,"7/7/2018 2 p.m. EDT",12732,12950,10416,-2316
ISNE,"7/7/2018 3 p.m. EDT",13017,13170,10781,-2236
ISNE,"7/7/2018 4 p.m. EDT",13463,13880,11061,-2402
ISNE,"7/7/2018 5 p.m. EDT",14083,14640,11698,-2385
ISNE,"7/7/2018 6 p.m. EDT",14761,15060,12178,-2583
ISNE,"7/7/2018 7 p.m. EDT",15040,15380,12389,-2651
ISNE,"7/7/2018 8 p.m. EDT",14777,15030,12148,-2629
ISNE,"7/7/2018 9 p.m. EDT",14417,14820,11696,-2721
ISNE,"7/7/2018 10 p.m. EDT",14036,14550,11254,-2782
ISNE,"7/7/2018 11 p.m. EDT",13091,13610,9961,-3130
ISNE,"7/8/2018 12 a.m. EDT",12019,12510,8893,-3126
ISNE,"7/8/2018 1 a.m. EDT",11091,11060,7840,-3251
ISNE,"7/8/2018 2 a.m. EDT",10455,10430,7772,-2683
ISNE,"7/8/2018 3 a.m. EDT",10186,10020,7837,-2349
ISNE,"7/8/2018 4 a.m. EDT",10349,9820,7700,-2649
ISNE,"7/8/2018 5 a.m. EDT",10659,9750,7744,-2915
ISNE,"7/8/2018 6 a.m. EDT",10761,9700,7844,-2917
ISNE,"7/8/2018 7 a.m. EDT",10340,9960,7707,-2633
ISNE,"7/8/2018 8 a.m. EDT",10742,10480,8081,-2661
ISNE,"7/8/2018 9 a.m. EDT",11108,11130,8525,-2583
ISNE,"7/8/2018 10 a.m. EDT",11729,11780,9227,-2502
ISNE,"7/8/2018 11 a.m. EDT",12276,12500,9679,-2597
ISNE,"7/8/2018 12 p.m. EDT",12773,13110,10010,-2763
ISNE,"7/8/2018 1 p.m. EDT",13257,13640,10639,-2618
ISNE,"7/8/2018 2 p.m. EDT",13679,14100,11020,-2659
ISNE,"7/8/2018 3 p.m. EDT",14176,14570,11250,-2926
ISNE,"7/8/2018 4 p.m. EDT",14850,15300,12170,-2680
ISNE,"7/8/2018 5 p.m. EDT",15705,15990,13265,-2440
ISNE,"7/8/2018 6 p.m. EDT",16491,16600,14107,-2384
ISNE,"7/8/2018 7 p.m. EDT",16791,16680,14046,-2745
ISNE,"7/8/2018 8 p.m. EDT",16522,16280,13493,-3029
ISNE,"7/8/2018 9 p.m. EDT",16096,15930,13238,-2858
ISNE,"7/8/2018 10 p.m. EDT",15558,15390,12591,-2967
ISNE,"7/8/2018 11 p.m. EDT",14232,14110,11118,-3114
ISNE,"7/9/2018 12 a.m. EDT",12865,12760,9460,-3405
ISNE,"7/9/2018 1 a.m. EDT",11910,11800,8716,-3194
ISNE,"7/9/2018 2 a.m. EDT",11696,11160,8559,-3137
ISNE,"7/9/2018 3 a.m. EDT",11797,10780,8571,-3226
ISNE,"7/9/2018 4 a.m. EDT",11697,10620,8449,-3248
ISNE,"7/9/2018 5 a.m. EDT",11872,10790,8404,-3468
ISNE,"7/9/2018 6 a.m. EDT",12282,11480,8758,-3524
ISNE,"7/9/2018 7 a.m. EDT",12766,12830,9541,-3225
ISNE,"7/9/2018 8 a.m. EDT",13785,13990,10712,-3073
ISNE,"7/9/2018 9 a.m. EDT",14507,14810,11776,-2731
ISNE,"7/9/2018 10 a.m. EDT",15105,15420,12480,-2625
ISNE,"7/9/2018 11 a.m. EDT",15848,16290,13363,-2485
ISNE,"7/9/2018 12 p.m. EDT",16591,17070,14254,-2337
ISNE,"7/9/2018 1 p.m. EDT",17259,17770,14936,-2323
ISNE,"7/9/2018 2 p.m. EDT",18030,18630,15911,-2119
ISNE,"7/9/2018 3 p.m. EDT",18717,19100,16658,-2059
ISNE,"7/9/2018 4 p.m. EDT",19415,19780,17250,-2165
ISNE,"7/9/2018 5 p.m. EDT",20168,20250,17688,-2480
ISNE,"7/9/2018 6 p.m. EDT",20795,20700,18051,-2744
ISNE,"7/9/2018 7 p.m. EDT",20919,20580,17855,-3064
ISNE,"7/9/2018 8 p.m. EDT",20344,19800,17204,-3140
ISNE,"7/9/2018 9 p.m. EDT",19525,19070,16470,-3055
ISNE,"7/9/2018 10 p.m. EDT",18558,18190,15843,-2715
ISNE,"7/9/2018 11 p.m. EDT",16789,16500,13652,-3137
ISNE,"7/10/2018 12 a.m. EDT",15003,14780,11935,-3068
ISNE,"7/10/2018 1 a.m. EDT",13815,13690,10780,-3035
ISNE,"7/10/2018 2 a.m. EDT",13442,12830,10404,-3038
ISNE,"7/10/2018 3 a.m. EDT",13352,12280,10213,-3139
ISNE,"7/10/2018 4 a.m. EDT",13255,11940,10176,-3079
ISNE,"7/10/2018 5 a.m. EDT",12987,11980,9941,-3046
ISNE,"7/10/2018 6 a.m. EDT",13268,12630,10299,-2969
ISNE,"7/10/2018 7 a.m. EDT",14353,13840,11583,-2770
ISNE,"7/10/2018 8 a.m. EDT",15169,15320,12761,-2408
ISNE,"7/10/2018 9 a.m. EDT",15991,16310,13490,-2501
ISNE,"7/10/2018 10 a.m. EDT",16818,17020,14668,-2150
ISNE,"7/10/2018 11 a.m. EDT",17732,17990,15651,-2081
ISNE,"7/10/2018 12 p.m. EDT",18614,18900,16513,-2101
ISNE,"7/10/2018 1 p.m. EDT",19344,19700,17117,-2227
ISNE,"7/10/2018 2 p.m. EDT",20234,20540,18175,-2059
ISNE,"7/10/2018 3 p.m. EDT",20936,21060,18637,-2299
ISNE,"7/10/2018 4 p.m. EDT",21649,21680,19497,-2152
ISNE,"7/10/2018 5 p.m. EDT",22369,22220,20313,-2056
ISNE,"7/10/2018 6 p.m. EDT",22734,22450,20092,-2642
ISNE,"7/10/2018 7 p.m. EDT",22421,22310,19418,-3003
ISNE,"7/10/2018 8 p.m. EDT",21690,21510,18827,-2863
ISNE,"7/10/2018 9 p.m. EDT",21051,20870,18243,-2808
ISNE,"7/10/2018 10 p.m. EDT",20043,19790,17284,-2759
ISNE,"7/10/2018 11 p.m. EDT",18184,18110,15525,-2659
ISNE,"7/11/2018 12 a.m. EDT",16368,16120,13941,-2427
ISNE,"7/11/2018 1 a.m. EDT",15013,14970,12236,-2777
ISNE,"7/11/2018 2 a.m. EDT",14432,14090,11967,-2465
ISNE,"7/11/2018 3 a.m. EDT",14271,13480,12036,-2235
ISNE,"7/11/2018 4 a.m. EDT",14035,13140,11691,-2344
ISNE,"7/11/2018 5 a.m. EDT",14182,13140,11675,-2507
ISNE,"7/11/2018 6 a.m. EDT",14196,13580,11829,-2367
ISNE,"7/11/2018 7 a.m. EDT",14908,14630,12508,-2400
ISNE,"7/11/2018 8 a.m. EDT",15653,15670,13262,-2391
ISNE,"7/11/2018 9 a.m. EDT",16178,16180,13875,-2303
ISNE,"7/11/2018 10 a.m. EDT",16495,16490,14383,-2112
ISNE,"7/11/2018 11 a.m. EDT",16861,16870,14526,-2335
ISNE,"7/11/2018 12 p.m. EDT",17198,17190,15016,-2182
ISNE,"7/11/2018 1 p.m. EDT",17455,17450,15426,-2029
ISNE,"7/11/2018 2 p.m. EDT",17771,17770,15675,-2096
ISNE,"7/11/2018 3 p.m. EDT",18050,18040,15826,-2224
ISNE,"7/11/2018 4 p.m. EDT",18332,18340,16215,-2117
ISNE,"7/11/2018 5 p.m. EDT",18619,18650,16587,-2032
ISNE,"7/11/2018 6 p.m. EDT",18732,18960,16550,-2182
ISNE,"7/11/2018 7 p.m. EDT",18493,18870,16108,-2385
ISNE,"7/11/2018 8 p.m. EDT",17978,18340,15795,-2183
ISNE,"7/11/2018 9 p.m. EDT",17433,17810,15206,-2227
ISNE,"7/11/2018 10 p.m. EDT",16711,16910,14607,-2104
ISNE,"7/11/2018 11 p.m. EDT",15179,15410,13206,-1973
ISNE,"7/12/2018 12 a.m. EDT",13611,13930,11532,-2079
ISNE,"7/12/2018 1 a.m. EDT",12742,12470,10378,-2364
ISNE,"7/12/2018 2 a.m. EDT",12268,11730,9921,-2347
ISNE,"7/12/2018 3 a.m. EDT",12258,11280,10051,-2207
ISNE,"7/12/2018 4 a.m. EDT",12116,11030,9804,-2312
ISNE,"7/12/2018 5 a.m. EDT",11902,11090,9539,-2363
ISNE,"7/12/2018 6 a.m. EDT",12327,11550,10157,-2170
ISNE,"7/12/2018 7 a.m. EDT",12724,12690,10455,-2269
ISNE,"7/12/2018 8 a.m. EDT",13783,13790,11430,-2353
ISNE,"7/12/2018 9 a.m. EDT",14333,14340,11990,-2343
ISNE,"7/12/2018 10 a.m. EDT",14613,14600,12685,-1928
ISNE,"7/12/2018 11 a.m. EDT",14997,15320,13549,-1448
ISNE,"7/12/2018 12 p.m. EDT",15381,15680,14103,-1278
ISNE,"7/12/2018 1 p.m. EDT",15719,15990,14619,-1100
ISNE,"7/12/2018 2 p.m. EDT",16264,16450,14884,-1380
ISNE,"7/12/2018 3 p.m. EDT",16732,16850,15487,-1245
ISNE,"7/12/2018 4 p.m. EDT",17197,17130,16224,-973
ISNE,"7/12/2018 5 p.m. EDT",17647,17600,16533,-1114
ISNE,"7/12/2018 6 p.m. EDT",17948,18300,16559,-1389
ISNE,"7/12/2018 7 p.m. EDT",17870,17890,16400,-1470
ISNE,"7/12/2018 8 p.m. EDT",17404,17540,15745,-1659
ISNE,"7/12/2018 9 p.m. EDT",17032,17220,15359,-1673
ISNE,"7/12/2018 10 p.m. EDT",17032,16520,15408,-1624
ISNE,"7/12/2018 11 p.m. EDT",14835,15100,13208,-1627
ISNE,"7/13/2018 12 a.m. EDT",13599,13640,11690,-1909
ISNE,"7/13/2018 1 a.m. EDT",13195,12320,10843,-2352
ISNE,"7/13/2018 2 a.m. EDT",12804,11610,9901,-2903
ISNE,"7/13/2018 3 a.m. EDT",12510,11200,9987,-2523
ISNE,"7/13/2018 4 a.m. EDT",12305,11000,9615,-2690
ISNE,"7/13/2018 5 a.m. EDT",12407,11120,9763,-2644
ISNE,"7/13/2018 6 a.m. EDT",12751,11630,10201,-2550
ISNE,"7/13/2018 7 a.m. EDT",13512,12770,11159,-2353
ISNE,"7/13/2018 8 a.m. EDT",14202,13990,12169,-2033
ISNE,"7/13/2018 9 a.m. EDT",14721,14740,13149,-1572
ISNE,"7/13/2018 10 a.m. EDT",15206,15190,14271,-935
ISNE,"7/13/2018 11 a.m. EDT",15694,15980,14967,-727
ISNE,"7/13/2018 12 p.m. EDT",16206,16570,15441,-765
ISNE,"7/13/2018 1 p.m. EDT",16682,16880,15883,-799
ISNE,"7/13/2018 2 p.m. EDT",17293,17360,16338,-955
ISNE,"7/13/2018 3 p.m. EDT",17685,17680,16812,-873
ISNE,"7/13/2018 4 p.m. EDT",17996,17980,17317,-679
ISNE,"7/13/2018 5 p.m. EDT",18289,18390,17479,-810
ISNE,"7/13/2018 6 p.m. EDT",18344,18500,17279,-1065
ISNE,"7/13/2018 7 p.m. EDT",17919,17970,16477,-1442
ISNE,"7/13/2018 8 p.m. EDT",17249,17360,15820,-1429
ISNE,"7/13/2018 9 p.m. EDT",16708,17050,15398,-1310
ISNE,"7/13/2018 10 p.m. EDT",16097,16440,14782,-1315
ISNE,"7/13/2018 11 p.m. EDT",14845,15230,13261,-1584
ISNE,"7/14/2018 12 a.m. EDT",13484,13720,11522,-1962
ISNE,"7/14/2018 1 a.m. EDT",12417,12380,10074,-2343
ISNE,"7/14/2018 2 a.m. EDT",11981,11690,9521,-2460
ISNE,"7/14/2018 3 a.m. EDT",12130,11230,9475,-2655
ISNE,"7/14/2018 4 a.m. EDT",12364,10990,9796,-2568
ISNE,"7/14/2018 5 a.m. EDT",12508,10910,9814,-2694
ISNE,"7/14/2018 6 a.m. EDT",12541,10960,9725,-2816
ISNE,"7/14/2018 7 a.m. EDT",12337,11380,9696,-2641
ISNE,"7/14/2018 8 a.m. EDT",12487,12200,10630,-1857
ISNE,"7/14/2018 9 a.m. EDT",13330,13080,11591,-1739
ISNE,"7/14/2018 10 a.m. EDT",13897,13860,12649,-1248
ISNE,"7/14/2018 11 a.m. EDT",14335,14370,13491,-844
ISNE,"7/14/2018 12 p.m. EDT",14795,14790,13984,-811
ISNE,"7/14/2018 1 p.m. EDT",15069,15150,14402,-667
ISNE,"7/14/2018 2 p.m. EDT",15401,15460,14670,-731
ISNE,"7/14/2018 3 p.m. EDT",15765,15790,14969,-796
ISNE,"7/14/2018 4 p.m. EDT",16089,16140,15355,-734
ISNE,"7/14/2018 5 p.m. EDT",16475,16650,15907,-568
ISNE,"7/14/2018 6 p.m. EDT",16658,16960,16138,-520
ISNE,"7/14/2018 7 p.m. EDT",16503,17250,15767,-736
ISNE,"7/14/2018 8 p.m. EDT",16211,16820,15390,-821
ISNE,"7/14/2018 9 p.m. EDT",16089,16420,15163,-926
ISNE,"7/14/2018 10 p.m. EDT",15693,15990,14643,-1050
ISNE,"7/14/2018 11 p.m. EDT",14718,14960,13457,-1261
ISNE,"7/15/2018 12 a.m. EDT",13593,13760,11822,-1771
ISNE,"7/15/2018 1 a.m. EDT",12684,12660,10594,-2090
ISNE,"7/15/2018 2 a.m. EDT",12574,12040,10258,-2316
ISNE,"7/15/2018 3 a.m. EDT",12433,11640,10090,-2343
ISNE,"7/15/2018 4 a.m. EDT",12393,11410,9999,-2394
ISNE,"7/15/2018 5 a.m. EDT",12366,11330,10040,-2326
ISNE,"7/15/2018 6 a.m. EDT",12179,11370,9923,-2256
ISNE,"7/15/2018 7 a.m. EDT",12408,11630,9964,-2444
ISNE,"7/15/2018 8 a.m. EDT",12610,12230,10533,-2077
ISNE,"7/15/2018 9 a.m. EDT",13229,12990,11632,-1597
ISNE,"7/15/2018 10 a.m. EDT",13962,13720,12429,-1533
ISNE,"7/15/2018 11 a.m. EDT",14540,14680,13520,-1020
ISNE,"7/15/2018 12 p.m. EDT",15374,15410,14603,-771
ISNE,"7/15/2018 1 p.m. EDT",16156,16110,15187,-969
ISNE,"7/15/2018 2 p.m. EDT",16761,16700,15653,-1108
ISNE,"7/15/2018 3 p.m. EDT",17287,17250,15958,-1329
ISNE,"7/15/2018 4 p.m. EDT",17835,17730,16564,-1271
ISNE,"7/15/2018 5 p.m. EDT",18481,18170,17178,-1303
ISNE,"7/15/2018 6 p.m. EDT",19126,18690,17643,-1483
ISNE,"7/15/2018 7 p.m. EDT",19314,19000,17927,-1387
ISNE,"7/15/2018 8 p.m. EDT",18940,18540,17290,-1650
ISNE,"7/15/2018 9 p.m. EDT",18597,18080,17079,-1518
ISNE,"7/15/2018 10 p.m. EDT",17987,17540,16497,-1490
ISNE,"7/15/2018 11 p.m. EDT",16509,15970,14750,-1759
ISNE,"7/16/2018 12 a.m. EDT",15038,14560,13007,-2031
ISNE,"7/16/2018 1 a.m. EDT",14163,13790,11574,-2589
ISNE,"7/16/2018 2 a.m. EDT",13954,13060,11449,-2505
ISNE,"7/16/2018 3 a.m. EDT",13984,12600,11431,-2553
ISNE,"7/16/2018 4 a.m. EDT",13956,12370,11290,-2666
ISNE,"7/16/2018 5 a.m. EDT",14007,12510,11465,-2542
ISNE,"7/16/2018 6 a.m. EDT",14039,13130,12118,-1921
ISNE,"7/16/2018 7 a.m. EDT",14389,14350,12315,-2074
ISNE,"7/16/2018 8 a.m. EDT",15715,15740,13969,-1746
ISNE,"7/16/2018 9 a.m. EDT",16672,16680,14987,-1685
ISNE,"7/16/2018 10 a.m. EDT",17492,17490,16074,-1418
ISNE,"7/16/2018 11 a.m. EDT",18473,18430,17052,-1421
ISNE,"7/16/2018 12 p.m. EDT",19453,19290,18133,-1320
ISNE,"7/16/2018 1 p.m. EDT",20249,20180,18604,-1645
ISNE,"7/16/2018 2 p.m. EDT",21062,21070,19523,-1539
ISNE,"7/16/2018 3 p.m. EDT",21555,21580,19763,-1792
ISNE,"7/16/2018 4 p.m. EDT",21908,22080,19989,-1919
ISNE,"7/16/2018 5 p.m. EDT",22299,22540,20105,-2194
ISNE,"7/16/2018 6 p.m. EDT",22557,22700,20353,-2204
ISNE,"7/16/2018 7 p.m. EDT",22360,22570,19915,-2445
ISNE,"7/16/2018 8 p.m. EDT",21726,21920,18968,-2758
ISNE,"7/16/2018 9 p.m. EDT",21168,21240,18238,-2930
ISNE,"7/16/2018 10 p.m. EDT",20157,20300,17215,-2942
ISNE,"7/16/2018 11 p.m. EDT",18392,18300,15645,-2747
ISNE,"7/17/2018 12 a.m. EDT",16651,16560,13849,-2802
ISNE,"7/17/2018 1 a.m. EDT",15717,15360,13206,-2511
ISNE,"7/17/2018 2 a.m. EDT",15589,14530,13172,-2417
ISNE,"7/17/2018 3 a.m. EDT",15381,14010,12896,-2485
ISNE,"7/17/2018 4 a.m. EDT",15178,13750,12702,-2476
ISNE,"7/17/2018 5 a.m. EDT",15451,13870,13038,-2413
ISNE,"7/17/2018 6 a.m. EDT",15791,14500,13470,-2321
ISNE,"7/17/2018 7 a.m. EDT",16492,15820,14478,-2014
ISNE,"7/17/2018 8 a.m. EDT",17314,17310,15361,-1953
ISNE,"7/17/2018 9 a.m. EDT",18300,18320,15968,-2332
ISNE,"7/17/2018 10 a.m. EDT",19266,19300,16908,-2358
ISNE,"7/17/2018 11 a.m. EDT",20340,20370,17781,-2559
ISNE,"7/17/2018 12 p.m. EDT",21225,21240,18304,-2921
ISNE,"7/17/2018 1 p.m. EDT",21722,21730,18525,-3197
ISNE,"7/17/2018 2 p.m. EDT",22027,22030,18810,-3217
ISNE,"7/17/2018 3 p.m. EDT",21486,21450,18552,-2934
ISNE,"7/17/2018 4 p.m. EDT",20763,20720,17988,-2775
ISNE,"7/17/2018 5 p.m. EDT",20269,20250,17544,-2725
ISNE,"7/17/2018 6 p.m. EDT",19935,19890,17072,-2863
ISNE,"7/17/2018 7 p.m. EDT",19376,19470,16229,-3147
ISNE,"7/17/2018 8 p.m. EDT",18778,19020,15535,-3243
ISNE,"7/17/2018 9 p.m. EDT",18364,18800,15333,-3031
ISNE,"7/17/2018 10 p.m. EDT",17533,17980,14598,-2935
ISNE,"7/17/2018 11 p.m. EDT",16346,16560,13367,-2979
ISNE,"7/18/2018 12 a.m. EDT",15136,15040,12262,-2874
ISNE,"7/18/2018 1 a.m. EDT",14209,13610,11488,-2721
ISNE,"7/18/2018 2 a.m. EDT",14157,12980,11204,-2953
ISNE,"7/18/2018 3 a.m. EDT",13887,12570,11388,-2499
ISNE,"7/18/2018 4 a.m. EDT",13915,12350,11211,-2704
ISNE,"7/18/2018 5 a.m. EDT",13792,12480,11089,-2703
ISNE,"7/18/2018 6 a.m. EDT",13881,13100,11452,-2429
ISNE,"7/18/2018 7 a.m. EDT",14638,14200,12061,-2577
ISNE,"7/18/2018 8 a.m. EDT",15535,15290,12954,-2581
ISNE,"7/18/2018 9 a.m. EDT",15788,15790,13515,-2273
ISNE,"7/18/2018 10 a.m. EDT",16027,16030,14016,-2011
ISNE,"7/18/2018 11 a.m. EDT",16299,16290,14509,-1790
ISNE,"7/18/2018 12 p.m. EDT",16561,16570,14751,-1810
ISNE,"7/18/2018 1 p.m. EDT",16832,16830,15377,-1455
ISNE,"7/18/2018 2 p.m. EDT",17228,17220,15668,-1560
ISNE,"7/18/2018 3 p.m. EDT",17568,17550,15936,-1632
ISNE,"7/18/2018 4 p.m. EDT",17966,18020,16417,-1549
ISNE,"7/18/2018 5 p.m. EDT",18458,18240,16937,-1521
ISNE,"7/18/2018 6 p.m. EDT",18766,18450,16935,-1831
ISNE,"7/18/2018 7 p.m. EDT",18637,17930,16855,-1782
ISNE,"7/18/2018 8 p.m. EDT",18048,17360,15938,-2110
ISNE,"7/18/2018 9 p.m. EDT",17362,16880,15189,-2173
ISNE,"7/18/2018 10 p.m. EDT",16549,16090,14485,-2064
ISNE,"7/18/2018 11 p.m. EDT",14922,14570,12920,-2002
ISNE,"7/19/2018 12 a.m. EDT",13310,13010,10966,-2344
ISNE,"7/19/2018 1 a.m. EDT",12395,12110,9824,-2571
ISNE,"7/19/2018 2 a.m. EDT",12227,11410,9489,-2738
ISNE,"7/19/2018 3 a.m. EDT",12042,10950,9193,-2849
ISNE,"7/19/2018 4 a.m. EDT",11804,10730,9160,-2644
ISNE,"7/19/2018 5 a.m. EDT",11866,10850,9200,-2666
ISNE,"7/19/2018 6 a.m. EDT",11886,11390,9433,-2453
ISNE,"7/19/2018 7 a.m. EDT",12620,12580,10109,-2511
ISNE,"7/19/2018 8 a.m. EDT",13468,13570,11212,-2256
ISNE,"7/19/2018 9 a.m. EDT",13964,14200,11914,-2050
ISNE,"7/19/2018 10 a.m. EDT",14248,14330,12350,-1898
ISNE,"7/19/2018 11 a.m. EDT",14579,14720,13021,-1558
ISNE,"7/19/2018 12 p.m. EDT",14891,15100,13370,-1521
ISNE,"7/19/2018 1 p.m. EDT",15176,15400,13865,-1311
ISNE,"7/19/2018 2 p.m. EDT",15647,15820,14156,-1491
ISNE,"7/19/2018 3 p.m. EDT",16097,16140,14605,-1492
ISNE,"7/19/2018 4 p.m. EDT",16628,17010,15161,-1467
ISNE,"7/19/2018 5 p.m. EDT",17202,17560,15978,-1224
ISNE,"7/19/2018 6 p.m. EDT",17703,17900,16463,-1240
ISNE,"7/19/2018 7 p.m. EDT",17819,17730,16013,-1806
ISNE,"7/19/2018 8 p.m. EDT",17326,17240,15381,-1945
ISNE,"7/19/2018 9 p.m. EDT",16797,16860,14827,-1970
ISNE,"7/19/2018 10 p.m. EDT",16090,16160,14458,-1632
ISNE,"7/19/2018 11 p.m. EDT",14644,14740,12442,-2202
ISNE,"7/20/2018 12 a.m. EDT",13152,13260,10740,-2412
ISNE,"7/20/2018 1 a.m. EDT",12385,12070,9720,-2665
ISNE,"7/20/2018 2 a.m. EDT",11791,11350,9199,-2592
ISNE,"7/20/2018 3 a.m. EDT",11788,10930,9136,-2652
ISNE,"7/20/2018 4 a.m. EDT",11583,10740,8847,-2736
ISNE,"7/20/2018 5 a.m. EDT",11690,10880,8829,-2861
ISNE,"7/20/2018 6 a.m. EDT",12186,11410,9262,-2924
ISNE,"7/20/2018 7 a.m. EDT",12796,12530,10087,-2709
ISNE,"7/20/2018 8 a.m. EDT",13701,13720,11474,-2227
ISNE,"7/20/2018 9 a.m. EDT",14425,14430,12460,-1965
ISNE,"7/20/2018 10 a.m. EDT",14966,15070,13073,-1893
ISNE,"7/20/2018 11 a.m. EDT",15548,15670,13944,-1604
ISNE,"7/20/2018 12 p.m. EDT",16033,16180,14768,-1265
ISNE,"7/20/2018 1 p.m. EDT",16416,16570,15174,-1242
ISNE,"7/20/2018 2 p.m. EDT",16949,17030,15817,-1132
ISNE,"7/20/2018 3 p.m. EDT",17347,17450,15967,-1380
ISNE,"7/20/2018 4 p.m. EDT",17758,17850,16204,-1554
ISNE,"7/20/2018 5 p.m. EDT",18219,18320,16814,-1405
ISNE,"7/20/2018 6 p.m. EDT",18496,18550,17075,-1421
ISNE,"7/20/2018 7 p.m. EDT",18287,18330,16473,-1814
ISNE,"7/20/2018 8 p.m. EDT",17618,17670,15626,-1992
ISNE,"7/20/2018 9 p.m. EDT",17009,17020,15316,-1693
ISNE,"7/20/2018 10 p.m. EDT",16304,16360,14618,-1686
ISNE,"7/20/2018 11 p.m. EDT",14988,15110,12697,-2291
ISNE,"7/21/2018 12 a.m. EDT",13484,13720,10796,-2688
ISNE,"7/21/2018 1 a.m. EDT",12358,12070,9536,-2822
ISNE,"7/21/2018 2 a.m. EDT",11627,11290,8968,-2659
ISNE,"7/21/2018 3 a.m. EDT",11852,10870,8935,-2917
ISNE,"7/21/2018 4 a.m. EDT",11810,10560,8783,-3027
ISNE,"7/21/2018 5 a.m. EDT",11696,10440,8673,-3023
ISNE,"7/21/2018 6 a.m. EDT",11738,10540,8669,-3069
ISNE,"7/21/2018 7 a.m. EDT",12144,10910,8909,-3235
ISNE,"7/21/2018 8 a.m. EDT",12460,11750,9601,-2859
ISNE,"7/21/2018 9 a.m. EDT",12831,12730,10424,-2407
ISNE,"7/21/2018 10 a.m. EDT",13066,13050,10919,-2147
ISNE,"7/21/2018 11 a.m. EDT",13344,13470,11618,-1726
ISNE,"7/21/2018 12 p.m. EDT",13595,13830,12041,-1554
ISNE,"7/21/2018 1 p.m. EDT",13813,13930,12251,-1562
ISNE,"7/21/2018 2 p.m. EDT",13995,14030,12307,-1688
ISNE,"7/21/2018 3 p.m. EDT",14256,14200,12645,-1611
ISNE,"7/21/2018 4 p.m. EDT",14651,14370,12897,-1754
ISNE,"7/21/2018 5 p.m. EDT",15103,14720,13152,-1951
ISNE,"7/21/2018 6 p.m. EDT",15372,15000,13274,-2098
ISNE,"7/21/2018 7 p.m. EDT",15309,14790,12910,-2399
ISNE,"7/21/2018 8 p.m. EDT",15038,14540,12658,-2380
ISNE,"7/21/2018 9 p.m. EDT",14974,14590,12452,-2522
ISNE,"7/21/2018 10 p.m. EDT",14570,14230,12287,-2283
ISNE,"7/21/2018 11 p.m. EDT",13625,13330,10654,-2971
ISNE,"7/22/2018 12 a.m. EDT",12584,12320,9475,-3109
ISNE,"7/22/2018 1 a.m. EDT",11975,11710,8709,-3266
ISNE,"7/22/2018 2 a.m. EDT",11448,11160,8265,-3183
ISNE,"7/22/2018 3 a.m. EDT",11481,10840,8118,-3363
ISNE,"7/22/2018 4 a.m. EDT",11440,10640,8211,-3229
ISNE,"7/22/2018 5 a.m. EDT",11658,10690,8452,-3206
ISNE,"7/22/2018 6 a.m. EDT",11611,10930,8719,-2892
ISNE,"7/22/2018 7 a.m. EDT",11902,11180,8906,-2996
ISNE,"7/22/2018 8 a.m. EDT",12208,11990,8947,-3261
ISNE,"7/22/2018 9 a.m. EDT",12870,13080,9990,-2880
ISNE,"7/22/2018 10 a.m. EDT",13696,13740,11639,-2057
ISNE,"7/22/2018 11 a.m. EDT",14385,14410,12519,-1866
ISNE,"7/22/2018 12 p.m. EDT",14835,14800,12907,-1928
ISNE,"7/22/2018 1 p.m. EDT",15221,15300,13552,-1669
ISNE,"7/22/2018 2 p.m. EDT",15428,15380,13774,-1654
ISNE,"7/22/2018 3 p.m. EDT",15597,15660,13674,-1923
ISNE,"7/22/2018 4 p.m. EDT",15978,15970,13931,-2047
ISNE,"7/22/2018 5 p.m. EDT",16556,16290,14816,-1740
ISNE,"7/22/2018 6 p.m. EDT",17083,16820,15435,-1648
ISNE,"7/22/2018 7 p.m. EDT",17203,17000,15340,-1863
ISNE,"7/22/2018 8 p.m. EDT",17038,16760,15075,-1963
ISNE,"7/22/2018 9 p.m. EDT",16993,16700,14879,-2114
ISNE,"7/22/2018 10 p.m. EDT",16500,16240,14490,-2010
ISNE,"7/22/2018 11 p.m. EDT",15458,15010,13254,-2204
ISNE,"7/23/2018 12 a.m. EDT",14301,13800,12080,-2221
ISNE,"7/23/2018 1 a.m. EDT",13681,13400,11102,-2579
ISNE,"7/23/2018 2 a.m. EDT",13795,12920,10863,-2932
ISNE,"7/23/2018 3 a.m. EDT",13749,12670,10599,-3150
ISNE,"7/23/2018 4 a.m. EDT",13860,12620,10772,-3088
ISNE,"7/23/2018 5 a.m. EDT",14218,12910,11015,-3203
ISNE,"7/23/2018 6 a.m. EDT",14524,13740,11696,-2828
ISNE,"7/23/2018 7 a.m. EDT",15371,15080,12840,-2531
ISNE,"7/23/2018 8 a.m. EDT",16435,16470,14000,-2435
ISNE,"7/23/2018 9 a.m. EDT",17381,17390,15260,-2121
ISNE,"7/23/2018 10 a.m. EDT",18066,18110,15803,-2263
ISNE,"7/23/2018 11 a.m. EDT",18560,18720,16378,-2182
ISNE,"7/23/2018 12 p.m. EDT",18992,19170,16539,-2453
ISNE,"7/23/2018 1 p.m. EDT",19390,19420,16886,-2504
ISNE,"7/23/2018 2 p.m. EDT",19855,19630,17347,-2508
ISNE,"7/23/2018 3 p.m. EDT",20188,19990,17742,-2446
ISNE,"7/23/2018 4 p.m. EDT",20449,20250,18056,-2393
ISNE,"7/23/2018 5 p.m. EDT",20796,20360,18458,-2338
ISNE,"7/23/2018 6 p.m. EDT",21109,20700,18445,-2664
ISNE,"7/23/2018 7 p.m. EDT",20975,20100,17874,-3101
ISNE,"7/23/2018 8 p.m. EDT",20431,19580,17257,-3174
ISNE,"7/23/2018 9 p.m. EDT",20002,19420,17078,-2924
ISNE,"7/23/2018 10 p.m. EDT",19096,18500,16175,-2921
ISNE,"7/23/2018 11 p.m. EDT",17496,16860,14609,-2887
ISNE,"7/24/2018 12 a.m. EDT",15888,15320,13182,-2706
ISNE,"7/24/2018 1 a.m. EDT",15257,14780,12587,-2670
ISNE,"7/24/2018 2 a.m. EDT",15092,14060,12068,-3024
ISNE,"7/24/2018 3 a.m. EDT",14974,13630,11881,-3093
ISNE,"7/24/2018 4 a.m. EDT",15013,13460,11819,-3194
ISNE,"7/24/2018 5 a.m. EDT",15170,13620,12154,-3016
ISNE,"7/24/2018 6 a.m. EDT",15171,14230,12250,-2921
ISNE,"7/24/2018 7 a.m. EDT",15904,15650,13333,-2571
ISNE,"7/24/2018 8 a.m. EDT",16934,17000,14278,-2656
ISNE,"7/24/2018 9 a.m. EDT",17789,17860,15367,-2422
ISNE,"7/24/2018 10 a.m. EDT",18516,18340,16166,-2350
ISNE,"7/24/2018 11 a.m. EDT",19270,18980,16720,-2550
ISNE,"7/24/2018 12 p.m. EDT",19944,19650,17479,-2465
ISNE,"7/24/2018 1 p.m. EDT",20405,20230,17938,-2467
ISNE,"7/24/2018 2 p.m. EDT",20960,20560,18549,-2411
ISNE,"7/24/2018 3 p.m. EDT",21360,20830,19131,-2229
ISNE,"7/24/2018 4 p.m. EDT",21611,21310,19640,-1971
ISNE,"7/24/2018 5 p.m. EDT",21892,21580,19935,-1957
ISNE,"7/24/2018 6 p.m. EDT",22102,21750,19874,-2228
ISNE,"7/24/2018 7 p.m. EDT",21833,21240,19079,-2754
ISNE,"7/24/2018 8 p.m. EDT",21204,20510,18042,-3162
ISNE,"7/24/2018 9 p.m. EDT",20745,20270,17682,-3063
ISNE,"7/24/2018 10 p.m. EDT",19844,19180,16938,-2906
ISNE,"7/24/2018 11 p.m. EDT",18180,17480,15501,-2679
ISNE,"7/25/2018 12 a.m. EDT",16531,15860,14000,-2531
ISNE,"7/25/2018 1 a.m. EDT",15995,15280,13247,-2748
ISNE,"7/25/2018 2 a.m. EDT",15976,14530,13486,-2490
ISNE,"7/25/2018 3 a.m. EDT",15530,13930,12950,-2580
ISNE,"7/25/2018 4 a.m. EDT",15497,13860,12945,-2552
ISNE,"7/25/2018 5 a.m. EDT",15379,14070,12776,-2603
ISNE,"7/25/2018 6 a.m. EDT",15404,14850,12981,-2423
ISNE,"7/25/2018 7 a.m. EDT",16065,16140,13834,-2231
ISNE,"7/25/2018 8 a.m. EDT",17359,17520,15000,-2359
ISNE,"7/25/2018 9 a.m. EDT",18213,18320,15685,-2528
ISNE,"7/25/2018 10 a.m. EDT",18932,19020,16229,-2703
ISNE,"7/25/2018 11 a.m. EDT",19599,19470,16679,-2920
ISNE,"7/25/2018 12 p.m. EDT",20032,20120,17161,-2871
ISNE,"7/25/2018 1 p.m. EDT",20332,20150,17409,-2923
ISNE,"7/25/2018 2 p.m. EDT",20631,20220,17636,-2995
ISNE,"7/25/2018 3 p.m. EDT",20575,20200,17675,-2900
ISNE,"7/25/2018 4 p.m. EDT",20433,20310,17574,-2859
ISNE,"7/25/2018 5 p.m. EDT",20394,20350,17979,-2415
ISNE,"7/25/2018 6 p.m. EDT",20316,20330,17899,-2417
ISNE,"7/25/2018 7 p.m. EDT",20084,19840,17333,-2751
ISNE,"7/25/2018 8 p.m. EDT",19752,19490,17176,-2576
ISNE,"7/25/2018 9 p.m. EDT",19565,19380,16963,-2602
ISNE,"7/25/2018 10 p.m. EDT",18727,18550,16215,-2512
ISNE,"7/25/2018 11 p.m. EDT",17229,17030,14832,-2397
ISNE,"7/26/2018 12 a.m. EDT",15719,15490,13570,-2149
ISNE,"7/26/2018 1 a.m. EDT",15249,14560,12372,-2877
ISNE,"7/26/2018 2 a.m. EDT",15161,13880,11965,-3196
ISNE,"7/26/2018 3 a.m. EDT",14822,13440,11473,-3349
ISNE,"7/26/2018 4 a.m. EDT",14836,13250,11411,-3425
ISNE,"7/26/2018 5 a.m. EDT",14988,13430,11544,-3444
ISNE,"7/26/2018 6 a.m. EDT",15236,14180,12065,-3171
ISNE,"7/26/2018 7 a.m. EDT",15923,15400,13224,-2699
ISNE,"7/26/2018 8 a.m. EDT",16653,16630,14208,-2445
ISNE,"7/26/2018 9 a.m. EDT",17441,17460,15193,-2248
ISNE,"7/26/2018 10 a.m. EDT",18077,18100,15764,-2313
ISNE,"7/26/2018 11 a.m. EDT",18591,18660,16196,-2395
ISNE,"7/26/2018 12 p.m. EDT",19151,19360,16903,-2248
ISNE,"7/26/2018 1 p.m. EDT",19592,19800,17416,-2176
ISNE,"7/26/2018 2 p.m. EDT",20062,20050,17788,-2274
ISNE,"7/26/2018 3 p.m. EDT",20231,20470,18115,-2116
ISNE,"7/26/2018 4 p.m. EDT",20339,20860,18596,-1743
ISNE,"7/26/2018 5 p.m. EDT",20185,20910,18473,-1712
ISNE,"7/26/2018 6 p.m. EDT",20151,21050,18397,-1754
ISNE,"7/26/2018 7 p.m. EDT",20172,20670,18251,-1921
ISNE,"7/26/2018 8 p.m. EDT",19728,20170,17549,-2179
ISNE,"7/26/2018 9 p.m. EDT",19330,19830,17323,-2007
ISNE,"7/26/2018 10 p.m. EDT",18555,19010,16703,-1852
ISNE,"7/26/2018 11 p.m. EDT",17005,17330,14945,-2060
ISNE,"7/27/2018 12 a.m. EDT",15616,15720,13244,-2372
ISNE,"7/27/2018 1 a.m. EDT",14930,14150,12338,-2592
ISNE,"7/27/2018 2 a.m. EDT",14667,13370,11867,-2800
ISNE,"7/27/2018 3 a.m. EDT",14206,12850,11126,-3080
ISNE,"7/27/2018 4 a.m. EDT",14035,12590,10897,-3138
ISNE,"7/27/2018 5 a.m. EDT",14171,12700,11339,-2832
ISNE,"7/27/2018 6 a.m. EDT",14179,13340,11655,-2524
ISNE,"7/27/2018 7 a.m. EDT",14688,14540,12382,-2306
ISNE,"7/27/2018 8 a.m. EDT",15879,15890,13592,-2287
ISNE,"7/27/2018 9 a.m. EDT",16905,16920,14774,-2131
ISNE,"7/27/2018 10 a.m. EDT",17845,17780,15837,-2008
ISNE,"7/27/2018 11 a.m. EDT",18836,18690,16865,-1971
ISNE,"7/27/2018 12 p.m. EDT",19793,19570,17706,-2087
ISNE,"7/27/2018 1 p.m. EDT",20420,20270,18121,-2299
ISNE,"7/27/2018 2 p.m. EDT",21019,20910,18717,-2302
ISNE,"7/27/2018 3 p.m. EDT",21510,21190,19216,-2294
ISNE,"7/27/2018 4 p.m. EDT",21779,21450,19508,-2271
ISNE,"7/27/2018 5 p.m. EDT",21835,21520,19677,-2158
ISNE,"7/27/2018 6 p.m. EDT",21689,21490,19560,-2129
ISNE,"7/27/2018 7 p.m. EDT",21113,20860,18574,-2539
ISNE,"7/27/2018 8 p.m. EDT",20365,20220,17337,-3028
ISNE,"7/27/2018 9 p.m. EDT",19860,19690,16852,-3008
ISNE,"7/27/2018 10 p.m. EDT",18841,19090,15874,-2967
ISNE,"7/27/2018 11 p.m. EDT",17317,17460,14695,-2622
ISNE,"7/28/2018 12 a.m. EDT",15893,15710,13305,-2588
ISNE,"7/28/2018 1 a.m. EDT",14796,14510,11705,-3091
ISNE,"7/28/2018 2 a.m. EDT",14221,13690,11303,-2918
ISNE,"7/28/2018 3 a.m. EDT",14001,13180,10903,-3098
ISNE,"7/28/2018 4 a.m. EDT",13670,12860,10446,-3224
ISNE,"7/28/2018 5 a.m. EDT",13553,12750,10367,-3186
ISNE,"7/28/2018 6 a.m. EDT",13645,12850,10499,-3146
ISNE,"7/28/2018 7 a.m. EDT",14007,13240,10806,-3201
ISNE,"7/28/2018 8 a.m. EDT",14642,14150,11853,-2789
ISNE,"7/28/2018 9 a.m. EDT",15251,15220,12666,-2585
ISNE,"7/28/2018 10 a.m. EDT",16181,16190,13680,-2501
ISNE,"7/28/2018 11 a.m. EDT",17008,17010,14352,-2656
ISNE,"7/28/2018 12 p.m. EDT",17777,17780,15018,-2759
ISNE,"7/28/2018 1 p.m. EDT",18377,18220,15729,-2648
ISNE,"7/28/2018 2 p.m. EDT",18847,18530,16022,-2825
ISNE,"7/28/2018 3 p.m. EDT",19268,18730,16278,-2990
ISNE,"7/28/2018 4 p.m. EDT",19661,18930,16551,-3110
ISNE,"7/28/2018 5 p.m. EDT",19983,19050,17187,-2796
ISNE,"7/28/2018 6 p.m. EDT",19930,19220,16985,-2945
ISNE,"7/28/2018 7 p.m. EDT",19440,19020,16483,-2957
ISNE,"7/28/2018 8 p.m. EDT",18770,18360,15817,-2953
ISNE,"7/28/2018 9 p.m. EDT",18451,18030,15663,-2788
ISNE,"7/28/2018 10 p.m. EDT",17710,17390,15165,-2545
ISNE,"7/28/2018 11 p.m. EDT",16483,16220,13869,-2614
ISNE,"7/29/2018 12 a.m. EDT",15178,14850,12328,-2850
ISNE,"7/29/2018 1 a.m. EDT",14079,14050,11070,-3009
ISNE,"7/29/2018 2 a.m. EDT",13525,13230,10656,-2869
ISNE,"7/29/2018 3 a.m. EDT",13154,12640,10316,-2838
ISNE,"7/29/2018 4 a.m. EDT",12962,12240,10130,-2832
ISNE,"7/29/2018 5 a.m. EDT",12926,11980,10020,-2906
ISNE,"7/29/2018 6 a.m. EDT",12922,11860,9913,-3009
ISNE,"7/29/2018 7 a.m. EDT",13072,11980,10056,-3016
ISNE,"7/29/2018 8 a.m. EDT",13899,12640,10941,-2958
ISNE,"7/29/2018 9 a.m. EDT",14209,13420,11669,-2540
ISNE,"7/29/2018 10 a.m. EDT",14612,14090,12323,-2289
ISNE,"7/29/2018 11 a.m. EDT",14901,14690,12867,-2034
ISNE,"7/29/2018 12 p.m. EDT",15138,15310,13136,-2002
ISNE,"7/29/2018 1 p.m. EDT",15624,15940,13591,-2033
ISNE,"7/29/2018 2 p.m. EDT",15929,16410,13880,-2049
ISNE,"7/29/2018 3 p.m. EDT",16207,16940,13907,-2300
ISNE,"7/29/2018 4 p.m. EDT",16629,17400,14368,-2261
ISNE,"7/29/2018 5 p.m. EDT",17188,17950,15108,-2080
ISNE,"7/29/2018 6 p.m. EDT",17784,18340,15746,-2038
ISNE,"7/29/2018 7 p.m. EDT",17992,18360,15826,-2166
ISNE,"7/29/2018 8 p.m. EDT",17646,17900,15243,-2403
ISNE,"7/29/2018 9 p.m. EDT",17333,17420,14835,-2498
ISNE,"7/29/2018 10 p.m. EDT",16624,16740,14349,-2275
ISNE,"7/29/2018 11 p.m. EDT",15208,15430,12586,-2622
ISNE,"7/30/2018 12 a.m. EDT",13810,14050,11045,-2765
ISNE,"7/30/2018 1 a.m. EDT",13149,12700,10540,-2609
ISNE,"7/30/2018 2 a.m. EDT",12999,11990,10327,-2672
ISNE,"7/30/2018 3 a.m. EDT",12668,11570,10055,-2613
ISNE,"7/30/2018 4 a.m. EDT",12595,11350,10282,-2313
ISNE,"7/30/2018 5 a.m. EDT",12661,11500,10363,-2298
ISNE,"7/30/2018 6 a.m. EDT",12889,12140,10459,-2430
ISNE,"7/30/2018 7 a.m. EDT",13671,13180,11127,-2544
ISNE,"7/30/2018 8 a.m. EDT",14456,14420,11853,-2603
ISNE,"7/30/2018 9 a.m. EDT",15318,15180,12461,-2857
ISNE,"7/30/2018 10 a.m. EDT",15741,15780,12999,-2742
ISNE,"7/30/2018 11 a.m. EDT",16407,16470,14116,-2291
ISNE,"7/30/2018 12 p.m. EDT",17009,17060,14941,-2068
ISNE,"7/30/2018 1 p.m. EDT",17596,17720,15481,-2115
ISNE,"7/30/2018 2 p.m. EDT",18060,18290,15445,-2615
ISNE,"7/30/2018 3 p.m. EDT",18371,18750,15670,-2701
ISNE,"7/30/2018 4 p.m. EDT",18426,19020,16096,-2330
ISNE,"7/30/2018 5 p.m. EDT",18486,19430,16303,-2183
ISNE,"7/30/2018 6 p.m. EDT",18594,19640,16315,-2279
ISNE,"7/30/2018 7 p.m. EDT",18442,19520,16053,-2389
ISNE,"7/30/2018 8 p.m. EDT",18182,18970,15879,-2303
ISNE,"7/30/2018 9 p.m. EDT",18026,18470,15722,-2304
ISNE,"7/30/2018 10 p.m. EDT",17161,17500,14920,-2241
ISNE,"7/30/2018 11 p.m. EDT",15641,15980,13321,-2320
ISNE,"7/31/2018 12 a.m. EDT",14094,14360,11843,-2251
ISNE,"7/31/2018 1 a.m. EDT",13076,13060,10436,-2640
ISNE,"7/31/2018 2 a.m. EDT",12869,12340,10072,-2797
ISNE,"7/31/2018 3 a.m. EDT",12801,11920,10144,-2657
ISNE,"7/31/2018 4 a.m. EDT",12716,11700,9828,-2888
ISNE,"7/31/2018 5 a.m. EDT",12834,11860,9927,-2907
ISNE,"7/31/2018 6 a.m. EDT",13144,12490,10663,-2481
ISNE,"7/31/2018 7 a.m. EDT",13691,13710,11448,-2243
ISNE,"7/31/2018 8 a.m. EDT",14806,14960,12735,-2071
ISNE,"7/31/2018 9 a.m. EDT",15626,15800,13962,-1664
ISNE,"7/31/2018 10 a.m. EDT",16228,16250,14618,-1610
ISNE,"7/31/2018 11 a.m. EDT",16849,16970,15043,-1806
ISNE,"7/31/2018 12 p.m. EDT",17522,17790,16054,-1468
ISNE,"7/31/2018 1 p.m. EDT",18082,18240,16468,-1614
ISNE,"7/31/2018 2 p.m. EDT",18751,18730,16929,-1822
ISNE,"7/31/2018 3 p.m. EDT",19254,19230,17218,-2036
ISNE,"7/31/2018 4 p.m. EDT",19826,19380,17459,-2367
ISNE,"7/31/2018 5 p.m. EDT",20394,19630,18005,-2389
ISNE,"7/31/2018 6 p.m. EDT",20759,19760,18297,-2462
ISNE,"7/31/2018 7 p.m. EDT",20609,19560,17578,-3031
ISNE,"7/31/2018 8 p.m. EDT",19985,19050,16722,-3263
ISNE,"7/31/2018 9 p.m. EDT",19572,18690,16616,-2956
ISNE,"7/31/2018 10 p.m. EDT",18540,17800,16118,-2422
ISNE,"7/31/2018 11 p.m. EDT",16799,16210,14281,-2518
ISNE,"8/1/2018 12 a.m. EDT",15097,14690,12861,-2236
