"BA Code","Timestamp (Hour Ending)","Demand (MWh)","Demand Forecast (MWh)","Net Generation (MWh)","Total Interchange (MWh)"
ISNE,"1/1/2016 12 a.m. EST",12737,12630,9203,-3534
ISNE,"1/1/2016 1 a.m. EST",12503,11940,8759,-3744
ISNE,"1/1/2016 2 a.m. EST",12241,11380,8530,-3711
ISNE,"1/1/2016 3 a.m. EST",11824,10990,8165,-3659
ISNE,"1/1/2016 4 a.m. EST",11616,10780,7958,-3658
ISNE,"1/1/2016 5 a.m. EST",11626,10810,7939,-3687
ISNE,"1/1/2016 6 a.m. EST",11902,10830,8022,-3880
ISNE,"1/1/2016 7 a.m. EST",12104,11390,8333,-3771
ISNE,"1/1/2016 8 a.m. EST",12263,11650,8518,-3745
ISNE,"1/1/2016 9 a.m. EST",12711,12280,9005,-3706
ISNE,"1/1/2016 10 a.m. EST",13135,12820,9465,-3670
ISNE,"1/1/2016 11 a.m. EST",13314,13180,9513,-3801
ISNE,"1/1/2016 12 p.m. EST",13603,13390,9733,-3870
ISNE,"1/1/2016 1 p.m. EST",13810,13400,10027,-3783
ISNE,"1/1/2016 2 p.m. EST",13920,13360,10130,-3790
ISNE,"1/1/2016 3 p.m. EST",13961,13340,10140,-3821
ISNE,"1/1/2016 4 p.m. EST",14180,13620,10326,-3854
ISNE,"1/1/2016 5 p.m. EST",15128,14760,11225,-3903
ISNE,"1/1/2016 6 p.m. EST",15895,15770,12041,-3854
ISNE,"1/1/2016 7 p.m. EST",15695,15530,11827,-3868
ISNE,"1/1/2016 8 p.m. EST",15279,15030,11461,-3818
ISNE,"1/1/2016 9 p.m. EST",14820,14570,10932,-3888
ISNE,"1/1/2016 10 p.m. EST",14180,13840,10236,-3944
ISNE,"1/1/2016 11 p.m. EST",13331,13060,9433,-3898
ISNE,"1/2/2016 12 a.m. EST",12600,12130,8753,-3847
ISNE,"1/2/2016 1 a.m. EST",11845,11360,7968,-3877
ISNE,"1/2/2016 2 a.m. EST",11783,10970,7962,-3821
ISNE,"1/2/2016 3 a.m. EST",11450,10720,7935,-3515
ISNE,"1/2/2016 4 a.m. EST",11558,10690,8063,-3495
ISNE,"1/2/2016 5 a.m. EST",11739,10860,8060,-3679
ISNE,"1/2/2016 6 a.m. EST",11928,11250,8011,-3917
ISNE,"1/2/2016 7 a.m. EST",12100,11710,8432,-3668
ISNE,"1/2/2016 8 a.m. EST",12681,12430,8866,-3815
ISNE,"1/2/2016 9 a.m. EST",13511,13260,9747,-3764
ISNE,"1/2/2016 10 a.m. EST",14037,13810,10161,-3876
ISNE,"1/2/2016 11 a.m. EST",14168,13990,10327,-3841
ISNE,"1/2/2016 12 p.m. EST",14120,14010,10281,-3839
ISNE,"1/2/2016 1 p.m. EST",14039,13900,10181,-3858
ISNE,"1/2/2016 2 p.m. EST",13921,13740,10034,-3887
ISNE,"1/2/2016 3 p.m. EST",13979,13730,10056,-3923
ISNE,"1/2/2016 4 p.m. EST",14037,13990,10129,-3908
ISNE,"1/2/2016 5 p.m. EST",15114,15180,11175,-3939
ISNE,"1/2/2016 6 p.m. EST",16176,16040,12209,-3967
ISNE,"1/2/2016 7 p.m. EST",16083,15800,12218,-3865
ISNE,"1/2/2016 8 p.m. EST",15677,15340,11792,-3885
ISNE,"1/2/2016 9 p.m. EST",15216,14840,11305,-3911
ISNE,"1/2/2016 10 p.m. EST",14544,14130,10498,-4046
ISNE,"1/2/2016 11 p.m. EST",13619,13280,9680,-3939
ISNE,"1/3/2016 12 a.m. EST",12648,12400,8646,-4002
ISNE,"1/3/2016 1 a.m. EST",12261,11740,8368,-3893
ISNE,"1/3/2016 2 a.m. EST",11928,11270,8169,-3759
ISNE,"1/3/2016 3 a.m. EST",11811,11000,8263,-3548
ISNE,"1/3/2016 4 a.m. EST",11711,10970,8115,-3596
ISNE,"1/3/2016 5 a.m. EST",11752,10930,8121,-3631
ISNE,"1/3/2016 6 a.m. EST",11880,11180,8403,-3477
ISNE,"1/3/2016 7 a.m. EST",12242,11580,8780,-3462
ISNE,"1/3/2016 8 a.m. EST",12896,12190,9414,-3482
ISNE,"1/3/2016 9 a.m. EST",13307,12970,9852,-3455
ISNE,"1/3/2016 10 a.m. EST",13517,13590,9999,-3518
ISNE,"1/3/2016 11 a.m. EST",13657,13650,10052,-3605
ISNE,"1/3/2016 12 p.m. EST",13682,13860,9984,-3698
ISNE,"1/3/2016 1 p.m. EST",13721,13920,10053,-3668
ISNE,"1/3/2016 2 p.m. EST",13702,13820,10013,-3689
ISNE,"1/3/2016 3 p.m. EST",13744,13860,10046,-3698
ISNE,"1/3/2016 4 p.m. EST",14011,14180,10344,-3667
ISNE,"1/3/2016 5 p.m. EST",15217,15420,11422,-3795
ISNE,"1/3/2016 6 p.m. EST",16455,16500,12715,-3740
ISNE,"1/3/2016 7 p.m. EST",16393,16380,12811,-3582
ISNE,"1/3/2016 8 p.m. EST",15976,15930,12295,-3681
ISNE,"1/3/2016 9 p.m. EST",15408,15470,11879,-3529
ISNE,"1/3/2016 10 p.m. EST",14417,14490,10580,-3837
ISNE,"1/3/2016 11 p.m. EST",13261,13370,9471,-3790
ISNE,"1/4/2016 12 a.m. EST",12194,12330,8514,-3680
ISNE,"1/4/2016 1 a.m. EST",11764,11600,8633,-3131
ISNE,"1/4/2016 2 a.m. EST",11433,11260,8348,-3085
ISNE,"1/4/2016 3 a.m. EST",11317,11240,8353,-2964
ISNE,"1/4/2016 4 a.m. EST",11421,11340,8562,-2859
ISNE,"1/4/2016 5 a.m. EST",11854,11620,8825,-3029
ISNE,"1/4/2016 6 a.m. EST",12872,12850,9681,-3191
ISNE,"1/4/2016 7 a.m. EST",14764,14910,11414,-3350
ISNE,"1/4/2016 8 a.m. EST",16004,16000,12591,-3413
ISNE,"1/4/2016 9 a.m. EST",16275,16240,12735,-3540
ISNE,"1/4/2016 10 a.m. EST",16392,16360,12716,-3676
ISNE,"1/4/2016 11 a.m. EST",16437,16420,12654,-3783
ISNE,"1/4/2016 12 p.m. EST",16434,16440,12558,-3876
ISNE,"1/4/2016 1 p.m. EST",16425,16260,12461,-3964
ISNE,"1/4/2016 2 p.m. EST",16471,16310,12442,-4029
ISNE,"1/4/2016 3 p.m. EST",16487,16300,12519,-3968
ISNE,"1/4/2016 4 p.m. EST",16795,16490,12972,-3823
ISNE,"1/4/2016 5 p.m. EST",17834,17610,13938,-3896
ISNE,"1/4/2016 6 p.m. EST",19077,19100,15211,-3866
ISNE,"1/4/2016 7 p.m. EST",19142,18930,15562,-3580
ISNE,"1/4/2016 8 p.m. EST",18775,18570,14915,-3860
ISNE,"1/4/2016 9 p.m. EST",18229,17960,14456,-3773
ISNE,"1/4/2016 10 p.m. EST",17152,16890,13151,-4001
ISNE,"1/4/2016 11 p.m. EST",15800,15520,11749,-4051
ISNE,"1/5/2016 12 a.m. EST",14594,14320,10663,-3931
ISNE,"1/5/2016 1 a.m. EST",13867,13690,9897,-3970
ISNE,"1/5/2016 2 a.m. EST",13500,13360,9689,-3811
ISNE,"1/5/2016 3 a.m. EST",13387,13250,9587,-3800
ISNE,"1/5/2016 4 a.m. EST",13456,13290,9526,-3930
ISNE,"1/5/2016 5 a.m. EST",13897,13710,9943,-3954
ISNE,"1/5/2016 6 a.m. EST",15008,14980,11271,-3737
ISNE,"1/5/2016 7 a.m. EST",16938,16860,13472,-3466
ISNE,"1/5/2016 8 a.m. EST",18019,17820,14870,-3149
ISNE,"1/5/2016 9 a.m. EST",17971,17810,14662,-3309
ISNE,"1/5/2016 10 a.m. EST",17678,17700,14059,-3619
ISNE,"1/5/2016 11 a.m. EST",17439,17420,13493,-3946
ISNE,"1/5/2016 12 p.m. EST",17147,17230,13428,-3719
ISNE,"1/5/2016 1 p.m. EST",16846,16970,13167,-3679
ISNE,"1/5/2016 2 p.m. EST",16729,16830,12841,-3888
ISNE,"1/5/2016 3 p.m. EST",16684,16660,12737,-3947
ISNE,"1/5/2016 4 p.m. EST",16949,17120,13086,-3863
ISNE,"1/5/2016 5 p.m. EST",17924,18140,14357,-3567
ISNE,"1/5/2016 6 p.m. EST",19197,19150,15897,-3300
ISNE,"1/5/2016 7 p.m. EST",19221,19200,15774,-3447
ISNE,"1/5/2016 8 p.m. EST",18885,18880,15414,-3471
ISNE,"1/5/2016 9 p.m. EST",18286,18210,14656,-3630
ISNE,"1/5/2016 10 p.m. EST",17174,17090,13492,-3682
ISNE,"1/5/2016 11 p.m. EST",15748,15660,12089,-3659
ISNE,"1/6/2016 12 a.m. EST",14699,14390,11109,-3590
ISNE,"1/6/2016 1 a.m. EST",14009,13490,10497,-3512
ISNE,"1/6/2016 2 a.m. EST",13640,13130,10165,-3475
ISNE,"1/6/2016 3 a.m. EST",13432,12930,9946,-3486
ISNE,"1/6/2016 4 a.m. EST",13746,12880,10163,-3583
ISNE,"1/6/2016 5 a.m. EST",14220,13670,10501,-3719
ISNE,"1/6/2016 6 a.m. EST",14836,14700,11601,-3235
ISNE,"1/6/2016 7 a.m. EST",16543,16540,13512,-3031
ISNE,"1/6/2016 8 a.m. EST",17586,17430,14770,-2816
ISNE,"1/6/2016 9 a.m. EST",17449,17250,14085,-3364
ISNE,"1/6/2016 10 a.m. EST",16991,16920,13640,-3351
ISNE,"1/6/2016 11 a.m. EST",16550,16620,13062,-3488
ISNE,"1/6/2016 12 p.m. EST",16161,16330,12773,-3388
ISNE,"1/6/2016 1 p.m. EST",15758,15820,12283,-3475
ISNE,"1/6/2016 2 p.m. EST",15810,15720,12227,-3583
ISNE,"1/6/2016 3 p.m. EST",15640,15610,12280,-3360
ISNE,"1/6/2016 4 p.m. EST",15855,15870,12635,-3220
ISNE,"1/6/2016 5 p.m. EST",16866,16870,13622,-3244
ISNE,"1/6/2016 6 p.m. EST",18212,18050,15410,-2802
ISNE,"1/6/2016 7 p.m. EST",18224,18100,15048,-3176
ISNE,"1/6/2016 8 p.m. EST",17860,17720,14643,-3217
ISNE,"1/6/2016 9 p.m. EST",17243,17090,13975,-3268
ISNE,"1/6/2016 10 p.m. EST",16161,16080,12760,-3401
ISNE,"1/6/2016 11 p.m. EST",14792,14780,11071,-3721
ISNE,"1/7/2016 12 a.m. EST",13820,13580,10016,-3804
ISNE,"1/7/2016 1 a.m. EST",13172,12840,9273,-3899
ISNE,"1/7/2016 2 a.m. EST",13159,12540,9213,-3946
ISNE,"1/7/2016 3 a.m. EST",13094,12440,9097,-3997
ISNE,"1/7/2016 4 a.m. EST",13144,12390,9094,-4050
ISNE,"1/7/2016 5 a.m. EST",13541,12780,9510,-4031
ISNE,"1/7/2016 6 a.m. EST",14326,13940,10255,-4071
ISNE,"1/7/2016 7 a.m. EST",15785,15790,11988,-3797
ISNE,"1/7/2016 8 a.m. EST",16878,16710,13279,-3599
ISNE,"1/7/2016 9 a.m. EST",16727,16650,12979,-3748
ISNE,"1/7/2016 10 a.m. EST",16322,16350,12324,-3998
ISNE,"1/7/2016 11 a.m. EST",16134,16010,12148,-3986
ISNE,"1/7/2016 12 p.m. EST",15655,15710,11714,-3941
ISNE,"1/7/2016 1 p.m. EST",15350,15420,11557,-3793
ISNE,"1/7/2016 2 p.m. EST",15517,15310,11646,-3871
ISNE,"1/7/2016 3 p.m. EST",15508,15240,11655,-3853
ISNE,"1/7/2016 4 p.m. EST",15737,15510,12010,-3727
ISNE,"1/7/2016 5 p.m. EST",16426,16490,12960,-3466
ISNE,"1/7/2016 6 p.m. EST",17754,17700,14262,-3492
ISNE,"1/7/2016 7 p.m. EST",17830,17640,14159,-3671
ISNE,"1/7/2016 8 p.m. EST",17490,17310,13786,-3704
ISNE,"1/7/2016 9 p.m. EST",16917,16730,13063,-3854
ISNE,"1/7/2016 10 p.m. EST",15918,15700,12003,-3915
ISNE,"1/7/2016 11 p.m. EST",14589,14410,10685,-3904
ISNE,"1/8/2016 12 a.m. EST",13624,13290,9813,-3811
ISNE,"1/8/2016 1 a.m. EST",13034,12580,9366,-3668
ISNE,"1/8/2016 2 a.m. EST",12815,12160,9208,-3607
ISNE,"1/8/2016 3 a.m. EST",12894,11980,9156,-3738
ISNE,"1/8/2016 4 a.m. EST",13108,11950,9217,-3891
ISNE,"1/8/2016 5 a.m. EST",13390,12260,9556,-3834
ISNE,"1/8/2016 6 a.m. EST",13589,13240,10190,-3399
ISNE,"1/8/2016 7 a.m. EST",15283,14950,11694,-3589
ISNE,"1/8/2016 8 a.m. EST",16357,15960,12872,-3485
ISNE,"1/8/2016 9 a.m. EST",16359,16190,12791,-3568
ISNE,"1/8/2016 10 a.m. EST",16225,16240,12662,-3563
ISNE,"1/8/2016 11 a.m. EST",16148,16130,12692,-3456
ISNE,"1/8/2016 12 p.m. EST",16012,16080,12709,-3303
ISNE,"1/8/2016 1 p.m. EST",15810,15920,12768,-3042
ISNE,"1/8/2016 2 p.m. EST",15739,15840,12702,-3037
ISNE,"1/8/2016 3 p.m. EST",15700,15720,12194,-3506
ISNE,"1/8/2016 4 p.m. EST",16058,15990,12513,-3545
ISNE,"1/8/2016 5 p.m. EST",16562,16750,12990,-3572
ISNE,"1/8/2016 6 p.m. EST",17176,17520,13682,-3494
ISNE,"1/8/2016 7 p.m. EST",16899,17170,13247,-3652
ISNE,"1/8/2016 8 p.m. EST",16356,16600,12792,-3564
ISNE,"1/8/2016 9 p.m. EST",15742,15990,12130,-3612
ISNE,"1/8/2016 10 p.m. EST",14899,15100,11163,-3736
ISNE,"1/8/2016 11 p.m. EST",13841,13980,10390,-3451
ISNE,"1/9/2016 12 a.m. EST",13163,12930,9765,-3398
ISNE,"1/9/2016 1 a.m. EST",12677,12080,8968,-3709
ISNE,"1/9/2016 2 a.m. EST",12403,11690,8958,-3445
ISNE,"1/9/2016 3 a.m. EST",12106,11400,8904,-3202
ISNE,"1/9/2016 4 a.m. EST",11982,11240,8852,-3130
ISNE,"1/9/2016 5 a.m. EST",12062,10950,9252,-2810
ISNE,"1/9/2016 6 a.m. EST",12426,11370,9038,-3388
ISNE,"1/9/2016 7 a.m. EST",12671,12160,9393,-3278
ISNE,"1/9/2016 8 a.m. EST",13435,13070,9988,-3447
ISNE,"1/9/2016 9 a.m. EST",13865,14020,10342,-3523
ISNE,"1/9/2016 10 a.m. EST",14465,14650,10954,-3511
ISNE,"1/9/2016 11 a.m. EST",14727,14860,11578,-3149
ISNE,"1/9/2016 12 p.m. EST",14707,14880,11550,-3157
ISNE,"1/9/2016 1 p.m. EST",14541,14630,11338,-3203
ISNE,"1/9/2016 2 p.m. EST",14356,14490,11088,-3268
ISNE,"1/9/2016 3 p.m. EST",14196,14430,10841,-3355
ISNE,"1/9/2016 4 p.m. EST",14286,14660,10894,-3392
ISNE,"1/9/2016 5 p.m. EST",15085,15520,11711,-3374
ISNE,"1/9/2016 6 p.m. EST",15886,16260,12577,-3309
ISNE,"1/9/2016 7 p.m. EST",15699,16030,12213,-3486
ISNE,"1/9/2016 8 p.m. EST",15192,15470,11849,-3343
ISNE,"1/9/2016 9 p.m. EST",14678,14920,11220,-3458
ISNE,"1/9/2016 10 p.m. EST",13960,14080,10350,-3610
ISNE,"1/9/2016 11 p.m. EST",13230,13240,9659,-3571
ISNE,"1/10/2016 12 a.m. EST",12661,12310,9414,-3247
ISNE,"1/10/2016 1 a.m. EST",11832,11340,9159,-2673
ISNE,"1/10/2016 2 a.m. EST",11323,10830,8923,-2400
ISNE,"1/10/2016 3 a.m. EST",11268,10500,8676,-2592
ISNE,"1/10/2016 4 a.m. EST",11124,10360,8791,-2333
ISNE,"1/10/2016 5 a.m. EST",11218,10370,8498,-2720
ISNE,"1/10/2016 6 a.m. EST",11161,10580,8607,-2554
ISNE,"1/10/2016 7 a.m. EST",11361,11030,8912,-2449
ISNE,"1/10/2016 8 a.m. EST",12011,11670,9495,-2516
ISNE,"1/10/2016 9 a.m. EST",12702,12630,9882,-2820
ISNE,"1/10/2016 10 a.m. EST",13591,13380,10743,-2848
ISNE,"1/10/2016 11 a.m. EST",14232,13710,11313,-2919
ISNE,"1/10/2016 12 p.m. EST",14617,13950,11508,-3109
ISNE,"1/10/2016 1 p.m. EST",14783,14010,11286,-3497
ISNE,"1/10/2016 2 p.m. EST",14688,14050,11389,-3299
ISNE,"1/10/2016 3 p.m. EST",14600,14020,11480,-3120
ISNE,"1/10/2016 4 p.m. EST",14649,14230,11630,-3019
ISNE,"1/10/2016 5 p.m. EST",15252,15070,12404,-2848
ISNE,"1/10/2016 6 p.m. EST",15855,15820,12970,-2885
ISNE,"1/10/2016 7 p.m. EST",15606,15590,12702,-2904
ISNE,"1/10/2016 8 p.m. EST",15021,15020,11858,-3163
ISNE,"1/10/2016 9 p.m. EST",14302,14420,11289,-3013
ISNE,"1/10/2016 10 p.m. EST",13327,13470,10317,-3010
ISNE,"1/10/2016 11 p.m. EST",12465,12380,9714,-2751
ISNE,"1/11/2016 12 a.m. EST",11930,11390,9567,-2363
ISNE,"1/11/2016 1 a.m. EST",11644,10710,9238,-2406
ISNE,"1/11/2016 2 a.m. EST",11385,10350,9139,-2246
ISNE,"1/11/2016 3 a.m. EST",11325,10260,9259,-2066
ISNE,"1/11/2016 4 a.m. EST",11433,10400,9671,-1762
ISNE,"1/11/2016 5 a.m. EST",11784,10900,9511,-2273
ISNE,"1/11/2016 6 a.m. EST",12204,12080,10153,-2051
ISNE,"1/11/2016 7 a.m. EST",14177,14080,11834,-2343
ISNE,"1/11/2016 8 a.m. EST",15400,15150,12479,-2921
ISNE,"1/11/2016 9 a.m. EST",15455,15400,12749,-2706
ISNE,"1/11/2016 10 a.m. EST",15273,15410,12610,-2663
ISNE,"1/11/2016 11 a.m. EST",15242,15480,12626,-2616
ISNE,"1/11/2016 12 p.m. EST",15175,15500,12650,-2525
ISNE,"1/11/2016 1 p.m. EST",15110,15480,12456,-2654
ISNE,"1/11/2016 2 p.m. EST",15201,15510,12387,-2814
ISNE,"1/11/2016 3 p.m. EST",15291,15570,12611,-2680
ISNE,"1/11/2016 4 p.m. EST",15656,15820,12973,-2683
ISNE,"1/11/2016 5 p.m. EST",16645,16850,14014,-2631
ISNE,"1/11/2016 6 p.m. EST",18030,18100,15274,-2756
ISNE,"1/11/2016 7 p.m. EST",18101,18060,15232,-2869
ISNE,"1/11/2016 8 p.m. EST",17719,17720,14700,-3019
ISNE,"1/11/2016 9 p.m. EST",17080,17080,14247,-2833
ISNE,"1/11/2016 10 p.m. EST",16017,16020,12995,-3022
ISNE,"1/11/2016 11 p.m. EST",14663,14680,11669,-2994
ISNE,"1/12/2016 12 a.m. EST",13478,13520,10678,-2800
ISNE,"1/12/2016 1 a.m. EST",13326,12780,10421,-2905
ISNE,"1/12/2016 2 a.m. EST",13439,12400,10375,-3064
ISNE,"1/12/2016 3 a.m. EST",13274,12260,10246,-3028
ISNE,"1/12/2016 4 a.m. EST",13291,12300,10456,-2835
ISNE,"1/12/2016 5 a.m. EST",13647,12610,10617,-3030
ISNE,"1/12/2016 6 a.m. EST",13968,13810,11018,-2950
ISNE,"1/12/2016 7 a.m. EST",15764,15900,12716,-3048
ISNE,"1/12/2016 8 a.m. EST",16843,16920,13557,-3286
ISNE,"1/12/2016 9 a.m. EST",16713,16870,13573,-3140
ISNE,"1/12/2016 10 a.m. EST",16358,16770,13190,-3168
ISNE,"1/12/2016 11 a.m. EST",16131,16660,12859,-3272
ISNE,"1/12/2016 12 p.m. EST",15957,16370,12784,-3173
ISNE,"1/12/2016 1 p.m. EST",15856,16180,12572,-3284
ISNE,"1/12/2016 2 p.m. EST",15981,16170,12765,-3216
ISNE,"1/12/2016 3 p.m. EST",16028,16050,12849,-3179
ISNE,"1/12/2016 4 p.m. EST",16208,16400,13194,-3014
ISNE,"1/12/2016 5 p.m. EST",17065,17290,14155,-2910
ISNE,"1/12/2016 6 p.m. EST",18100,18350,14737,-3363
ISNE,"1/12/2016 7 p.m. EST",18046,18300,14534,-3512
ISNE,"1/12/2016 8 p.m. EST",17529,17790,14130,-3399
ISNE,"1/12/2016 9 p.m. EST",16799,17070,13490,-3309
ISNE,"1/12/2016 10 p.m. EST",15649,15990,12228,-3421
ISNE,"1/12/2016 11 p.m. EST",14327,14610,11006,-3321
ISNE,"1/13/2016 12 a.m. EST",13384,13390,10419,-2965
ISNE,"1/13/2016 1 a.m. EST",12869,12570,10087,-2782
ISNE,"1/13/2016 2 a.m. EST",12805,12180,9867,-2938
ISNE,"1/13/2016 3 a.m. EST",12738,12080,9715,-3023
ISNE,"1/13/2016 4 a.m. EST",12848,12260,9781,-3067
ISNE,"1/13/2016 5 a.m. EST",13230,12510,10139,-3091
ISNE,"1/13/2016 6 a.m. EST",13985,13670,10973,-3012
ISNE,"1/13/2016 7 a.m. EST",15602,15760,12550,-3052
ISNE,"1/13/2016 8 a.m. EST",16683,16820,13342,-3341
ISNE,"1/13/2016 9 a.m. EST",16763,16880,13233,-3530
ISNE,"1/13/2016 10 a.m. EST",16704,16810,13127,-3577
ISNE,"1/13/2016 11 a.m. EST",16686,16770,13402,-3284
ISNE,"1/13/2016 12 p.m. EST",16554,16760,13433,-3121
ISNE,"1/13/2016 1 p.m. EST",16338,16620,13296,-3042
ISNE,"1/13/2016 2 p.m. EST",16268,16600,13126,-3142
ISNE,"1/13/2016 3 p.m. EST",16249,16530,13134,-3115
ISNE,"1/13/2016 4 p.m. EST",16504,16710,13255,-3249
ISNE,"1/13/2016 5 p.m. EST",17460,17670,14401,-3059
ISNE,"1/13/2016 6 p.m. EST",18806,19000,15842,-2964
ISNE,"1/13/2016 7 p.m. EST",18827,18900,15669,-3158
ISNE,"1/13/2016 8 p.m. EST",18432,18410,15425,-3007
ISNE,"1/13/2016 9 p.m. EST",17793,17790,14745,-3048
ISNE,"1/13/2016 10 p.m. EST",16710,16770,13699,-3011
ISNE,"1/13/2016 11 p.m. EST",15305,15420,12429,-2876
ISNE,"1/14/2016 12 a.m. EST",14054,14240,11066,-2988
ISNE,"1/14/2016 1 a.m. EST",13511,13470,10251,-3260
ISNE,"1/14/2016 2 a.m. EST",13152,13070,10104,-3048
ISNE,"1/14/2016 3 a.m. EST",12990,12890,9981,-3009
ISNE,"1/14/2016 4 a.m. EST",13017,12930,9781,-3236
ISNE,"1/14/2016 5 a.m. EST",13576,13100,10347,-3229
ISNE,"1/14/2016 6 a.m. EST",14283,14210,11357,-2926
ISNE,"1/14/2016 7 a.m. EST",16083,16160,13312,-2771
ISNE,"1/14/2016 8 a.m. EST",17249,17260,14593,-2656
ISNE,"1/14/2016 9 a.m. EST",17357,17240,14792,-2565
ISNE,"1/14/2016 10 a.m. EST",17237,17020,14575,-2662
ISNE,"1/14/2016 11 a.m. EST",16842,16890,13762,-3080
ISNE,"1/14/2016 12 p.m. EST",16417,16780,13200,-3217
ISNE,"1/14/2016 1 p.m. EST",16096,16590,13075,-3021
ISNE,"1/14/2016 2 p.m. EST",16030,16530,13076,-2954
ISNE,"1/14/2016 3 p.m. EST",16020,16390,13168,-2852
ISNE,"1/14/2016 4 p.m. EST",16300,16600,13545,-2755
ISNE,"1/14/2016 5 p.m. EST",17134,17450,14384,-2750
ISNE,"1/14/2016 6 p.m. EST",18369,18650,15537,-2832
ISNE,"1/14/2016 7 p.m. EST",18357,18550,15416,-2941
ISNE,"1/14/2016 8 p.m. EST",17938,17990,14941,-2997
ISNE,"1/14/2016 9 p.m. EST",17314,17320,13916,-3398
ISNE,"1/14/2016 10 p.m. EST",16267,16230,12638,-3629
ISNE,"1/14/2016 11 p.m. EST",14909,14840,11244,-3665
ISNE,"1/15/2016 12 a.m. EST",13683,13620,10343,-3340
ISNE,"1/15/2016 1 a.m. EST",13326,12880,10123,-3203
ISNE,"1/15/2016 2 a.m. EST",13168,12420,9800,-3368
ISNE,"1/15/2016 3 a.m. EST",12993,12220,9823,-3170
ISNE,"1/15/2016 4 a.m. EST",12981,12180,9983,-2998
ISNE,"1/15/2016 5 a.m. EST",13052,12510,10151,-2901
ISNE,"1/15/2016 6 a.m. EST",13795,13530,10754,-3041
ISNE,"1/15/2016 7 a.m. EST",15376,15400,12150,-3226
ISNE,"1/15/2016 8 a.m. EST",16488,16450,13252,-3236
ISNE,"1/15/2016 9 a.m. EST",16645,16540,13498,-3147
ISNE,"1/15/2016 10 a.m. EST",16574,16480,13302,-3272
ISNE,"1/15/2016 11 a.m. EST",16338,16340,13005,-3333
ISNE,"1/15/2016 12 p.m. EST",16032,16200,12569,-3463
ISNE,"1/15/2016 1 p.m. EST",15843,15920,12472,-3371
ISNE,"1/15/2016 2 p.m. EST",15659,15850,12456,-3203
ISNE,"1/15/2016 3 p.m. EST",15532,15760,12437,-3095
ISNE,"1/15/2016 4 p.m. EST",15589,15870,12504,-3085
ISNE,"1/15/2016 5 p.m. EST",16252,16620,13020,-3232
ISNE,"1/15/2016 6 p.m. EST",17035,17500,13943,-3092
ISNE,"1/15/2016 7 p.m. EST",16781,17090,13654,-3127
ISNE,"1/15/2016 8 p.m. EST",16269,16540,13357,-2912
ISNE,"1/15/2016 9 p.m. EST",15670,15890,12667,-3003
ISNE,"1/15/2016 10 p.m. EST",14837,15010,11658,-3179
ISNE,"1/15/2016 11 p.m. EST",13755,13910,10671,-3084
ISNE,"1/16/2016 12 a.m. EST",12681,12840,10031,-2650
ISNE,"1/16/2016 1 a.m. EST",12344,12030,9582,-2762
ISNE,"1/16/2016 2 a.m. EST",11831,11530,9358,-2473
ISNE,"1/16/2016 3 a.m. EST",11536,11270,8966,-2570
ISNE,"1/16/2016 4 a.m. EST",11681,11180,9203,-2478
ISNE,"1/16/2016 5 a.m. EST",11828,11280,9327,-2501
ISNE,"1/16/2016 6 a.m. EST",12214,11460,9463,-2751
ISNE,"1/16/2016 7 a.m. EST",12416,12260,9580,-2836
ISNE,"1/16/2016 8 a.m. EST",13030,13100,10147,-2883
ISNE,"1/16/2016 9 a.m. EST",14013,14180,11103,-2910
ISNE,"1/16/2016 10 a.m. EST",14832,14700,12167,-2665
ISNE,"1/16/2016 11 a.m. EST",15243,14750,12524,-2719
ISNE,"1/16/2016 12 p.m. EST",15226,14760,12214,-3012
ISNE,"1/16/2016 1 p.m. EST",14971,14620,11888,-3083
ISNE,"1/16/2016 2 p.m. EST",14705,14430,11878,-2827
ISNE,"1/16/2016 3 p.m. EST",14523,14310,11844,-2679
ISNE,"1/16/2016 4 p.m. EST",14497,14450,11776,-2721
ISNE,"1/16/2016 5 p.m. EST",15090,15290,12344,-2746
ISNE,"1/16/2016 6 p.m. EST",15829,16350,13199,-2630
ISNE,"1/16/2016 7 p.m. EST",15691,16000,12887,-2804
ISNE,"1/16/2016 8 p.m. EST",15078,15540,12266,-2812
ISNE,"1/16/2016 9 p.m. EST",14774,14850,12001,-2773
ISNE,"1/16/2016 10 p.m. EST",14060,14190,11093,-2967
ISNE,"1/16/2016 11 p.m. EST",13165,13310,10218,-2947
ISNE,"1/17/2016 12 a.m. EST",12314,12420,9412,-2902
ISNE,"1/17/2016 1 a.m. EST",12384,11790,9198,-3186
ISNE,"1/17/2016 2 a.m. EST",12115,11360,9127,-2988
ISNE,"1/17/2016 3 a.m. EST",11876,11130,8957,-2919
ISNE,"1/17/2016 4 a.m. EST",11807,11100,8923,-2884
ISNE,"1/17/2016 5 a.m. EST",11892,10880,9032,-2860
ISNE,"1/17/2016 6 a.m. EST",12219,11190,9360,-2859
ISNE,"1/17/2016 7 a.m. EST",12572,11760,9726,-2846
ISNE,"1/17/2016 8 a.m. EST",12924,12450,10027,-2897
ISNE,"1/17/2016 9 a.m. EST",13298,13330,10351,-2947
ISNE,"1/17/2016 10 a.m. EST",13716,14000,10905,-2811
ISNE,"1/17/2016 11 a.m. EST",14217,14270,11434,-2783
ISNE,"1/17/2016 12 p.m. EST",14514,14420,11782,-2732
ISNE,"1/17/2016 1 p.m. EST",14706,14420,11885,-2821
ISNE,"1/17/2016 2 p.m. EST",14744,14390,11705,-3039
ISNE,"1/17/2016 3 p.m. EST",14757,14420,11658,-3099
ISNE,"1/17/2016 4 p.m. EST",14954,14750,11859,-3095
ISNE,"1/17/2016 5 p.m. EST",15755,15690,12777,-2978
ISNE,"1/17/2016 6 p.m. EST",16590,16850,13784,-2806
ISNE,"1/17/2016 7 p.m. EST",16485,16760,13480,-3005
ISNE,"1/17/2016 8 p.m. EST",15969,16140,12870,-3099
ISNE,"1/17/2016 9 p.m. EST",15492,15620,12365,-3127
ISNE,"1/17/2016 10 p.m. EST",14668,14590,11341,-3327
ISNE,"1/17/2016 11 p.m. EST",13707,13470,10174,-3533
ISNE,"1/18/2016 12 a.m. EST",12733,12490,9561,-3172
ISNE,"1/18/2016 1 a.m. EST",12451,12040,9090,-3361
ISNE,"1/18/2016 2 a.m. EST",12454,11630,8936,-3518
ISNE,"1/18/2016 3 a.m. EST",12320,11480,8923,-3397
ISNE,"1/18/2016 4 a.m. EST",12580,11500,9179,-3401
ISNE,"1/18/2016 5 a.m. EST",12912,11870,9603,-3309
ISNE,"1/18/2016 6 a.m. EST",13265,12740,10224,-3041
ISNE,"1/18/2016 7 a.m. EST",14041,14100,11426,-2615
ISNE,"1/18/2016 8 a.m. EST",15048,15130,12632,-2416
ISNE,"1/18/2016 9 a.m. EST",15858,15830,13414,-2444
ISNE,"1/18/2016 10 a.m. EST",16339,16300,13683,-2656
ISNE,"1/18/2016 11 a.m. EST",16590,16570,14309,-2281
ISNE,"1/18/2016 12 p.m. EST",16642,16620,14331,-2311
ISNE,"1/18/2016 1 p.m. EST",16522,16600,14229,-2293
ISNE,"1/18/2016 2 p.m. EST",16553,16600,14177,-2376
ISNE,"1/18/2016 3 p.m. EST",16539,16570,14047,-2492
ISNE,"1/18/2016 4 p.m. EST",16722,16570,14576,-2146
ISNE,"1/18/2016 5 p.m. EST",17548,17530,15596,-1952
ISNE,"1/18/2016 6 p.m. EST",18887,18750,17119,-1768
ISNE,"1/18/2016 7 p.m. EST",18875,18660,17206,-1669
ISNE,"1/18/2016 8 p.m. EST",18519,18150,16731,-1788
ISNE,"1/18/2016 9 p.m. EST",17870,17580,16209,-1661
ISNE,"1/18/2016 10 p.m. EST",16755,16480,14563,-2192
ISNE,"1/18/2016 11 p.m. EST",15421,15160,13144,-2277
ISNE,"1/19/2016 12 a.m. EST",14414,14040,11956,-2458
ISNE,"1/19/2016 1 a.m. EST",14136,13520,11336,-2800
ISNE,"1/19/2016 2 a.m. EST",14085,13150,11203,-2882
ISNE,"1/19/2016 3 a.m. EST",13886,13050,11255,-2631
ISNE,"1/19/2016 4 a.m. EST",13949,13110,11332,-2617
ISNE,"1/19/2016 5 a.m. EST",14305,13540,11743,-2562
ISNE,"1/19/2016 6 a.m. EST",14773,14610,12425,-2348
ISNE,"1/19/2016 7 a.m. EST",16718,16410,14619,-2099
ISNE,"1/19/2016 8 a.m. EST",17772,17440,15756,-2016
ISNE,"1/19/2016 9 a.m. EST",17749,17680,15603,-2146
ISNE,"1/19/2016 10 a.m. EST",17623,17540,15465,-2158
ISNE,"1/19/2016 11 a.m. EST",17571,17430,15390,-2181
ISNE,"1/19/2016 12 p.m. EST",17510,17430,15190,-2320
ISNE,"1/19/2016 1 p.m. EST",17372,17260,15313,-2059
ISNE,"1/19/2016 2 p.m. EST",17359,17210,15340,-2019
ISNE,"1/19/2016 3 p.m. EST",17391,17140,15236,-2155
ISNE,"1/19/2016 4 p.m. EST",17528,17410,15429,-2099
ISNE,"1/19/2016 5 p.m. EST",18170,18160,16263,-1907
ISNE,"1/19/2016 6 p.m. EST",19383,19350,17398,-1985
ISNE,"1/19/2016 7 p.m. EST",19443,19340,17413,-2030
ISNE,"1/19/2016 8 p.m. EST",19039,18870,17031,-2008
ISNE,"1/19/2016 9 p.m. EST",18388,18140,16367,-2021
ISNE,"1/19/2016 10 p.m. EST",17224,17000,15080,-2144
ISNE,"1/19/2016 11 p.m. EST",15769,15580,13315,-2454
ISNE,"1/20/2016 12 a.m. EST",14510,14400,11982,-2528
ISNE,"1/20/2016 1 a.m. EST",13986,13750,11878,-2108
ISNE,"1/20/2016 2 a.m. EST",13833,13220,11555,-2278
ISNE,"1/20/2016 3 a.m. EST",13687,13060,11292,-2395
ISNE,"1/20/2016 4 a.m. EST",13692,13130,11161,-2531
ISNE,"1/20/2016 5 a.m. EST",13990,13440,11609,-2381
ISNE,"1/20/2016 6 a.m. EST",14590,14590,12381,-2209
ISNE,"1/20/2016 7 a.m. EST",16462,16650,14279,-2183
ISNE,"1/20/2016 8 a.m. EST",17508,17650,15332,-2176
ISNE,"1/20/2016 9 a.m. EST",17416,17600,15462,-1954
ISNE,"1/20/2016 10 a.m. EST",17095,17340,15211,-1884
ISNE,"1/20/2016 11 a.m. EST",16799,17080,14592,-2207
ISNE,"1/20/2016 12 p.m. EST",16477,16850,14079,-2398
ISNE,"1/20/2016 1 p.m. EST",16170,16650,13702,-2468
ISNE,"1/20/2016 2 p.m. EST",16090,16560,13479,-2611
ISNE,"1/20/2016 3 p.m. EST",16314,16470,13674,-2640
ISNE,"1/20/2016 4 p.m. EST",16524,16610,13947,-2577
ISNE,"1/20/2016 5 p.m. EST",17259,17380,14745,-2514
ISNE,"1/20/2016 6 p.m. EST",18539,18620,16004,-2535
ISNE,"1/20/2016 7 p.m. EST",18606,18750,16318,-2288
ISNE,"1/20/2016 8 p.m. EST",18191,18330,15935,-2256
ISNE,"1/20/2016 9 p.m. EST",17561,17700,15114,-2447
ISNE,"1/20/2016 10 p.m. EST",16453,16640,13695,-2758
ISNE,"1/20/2016 11 p.m. EST",15026,15250,12037,-2989
ISNE,"1/21/2016 12 a.m. EST",13818,14030,10871,-2947
ISNE,"1/21/2016 1 a.m. EST",13367,13270,10580,-2787
ISNE,"1/21/2016 2 a.m. EST",13248,12710,10575,-2673
ISNE,"1/21/2016 3 a.m. EST",13349,12670,10560,-2789
ISNE,"1/21/2016 4 a.m. EST",13500,12750,10668,-2832
ISNE,"1/21/2016 5 a.m. EST",13813,13200,11025,-2788
ISNE,"1/21/2016 6 a.m. EST",14535,14200,11912,-2623
ISNE,"1/21/2016 7 a.m. EST",16099,16190,13389,-2710
ISNE,"1/21/2016 8 a.m. EST",17157,17110,14709,-2448
ISNE,"1/21/2016 9 a.m. EST",17001,17120,14642,-2359
ISNE,"1/21/2016 10 a.m. EST",16606,16900,13881,-2725
ISNE,"1/21/2016 11 a.m. EST",16311,16700,13498,-2813
ISNE,"1/21/2016 12 p.m. EST",16079,16430,13486,-2593
ISNE,"1/21/2016 1 p.m. EST",16044,16210,13412,-2632
ISNE,"1/21/2016 2 p.m. EST",16227,16180,13553,-2674
ISNE,"1/21/2016 3 p.m. EST",16255,16040,13648,-2607
ISNE,"1/21/2016 4 p.m. EST",16541,16190,13888,-2653
ISNE,"1/21/2016 5 p.m. EST",16937,17100,14561,-2376
ISNE,"1/21/2016 6 p.m. EST",18309,18410,15865,-2444
ISNE,"1/21/2016 7 p.m. EST",18460,18700,15682,-2778
ISNE,"1/21/2016 8 p.m. EST",18124,18300,15327,-2797
ISNE,"1/21/2016 9 p.m. EST",17534,17770,14549,-2985
ISNE,"1/21/2016 10 p.m. EST",16530,16780,13735,-2795
ISNE,"1/21/2016 11 p.m. EST",15213,15420,12080,-3133
ISNE,"1/22/2016 12 a.m. EST",14124,14250,10890,-3234
ISNE,"1/22/2016 1 a.m. EST",13772,13490,10497,-3275
ISNE,"1/22/2016 2 a.m. EST",13814,13090,10288,-3526
ISNE,"1/22/2016 3 a.m. EST",13697,12940,10201,-3496
ISNE,"1/22/2016 4 a.m. EST",13767,13020,10386,-3381
ISNE,"1/22/2016 5 a.m. EST",14147,13380,10749,-3398
ISNE,"1/22/2016 6 a.m. EST",14769,14500,11550,-3219
ISNE,"1/22/2016 7 a.m. EST",16285,16410,13395,-2890
ISNE,"1/22/2016 8 a.m. EST",17322,17380,14334,-2988
ISNE,"1/22/2016 9 a.m. EST",17199,17220,14323,-2876
ISNE,"1/22/2016 10 a.m. EST",16825,16960,14147,-2678
ISNE,"1/22/2016 11 a.m. EST",16442,16660,13696,-2746
ISNE,"1/22/2016 12 p.m. EST",16262,16340,13496,-2766
ISNE,"1/22/2016 1 p.m. EST",16048,16070,13386,-2662
ISNE,"1/22/2016 2 p.m. EST",16023,15970,13558,-2465
ISNE,"1/22/2016 3 p.m. EST",16186,15910,13747,-2439
ISNE,"1/22/2016 4 p.m. EST",16420,16190,13809,-2611
ISNE,"1/22/2016 5 p.m. EST",17086,17010,14371,-2715
ISNE,"1/22/2016 6 p.m. EST",18029,18150,15145,-2884
ISNE,"1/22/2016 7 p.m. EST",17883,18120,14884,-2999
ISNE,"1/22/2016 8 p.m. EST",17379,17640,14375,-3004
ISNE,"1/22/2016 9 p.m. EST",16820,17050,13748,-3072
ISNE,"1/22/2016 10 p.m. EST",16011,16220,13043,-2968
ISNE,"1/22/2016 11 p.m. EST",14962,15140,11939,-3023
ISNE,"1/23/2016 12 a.m. EST",13867,14090,10843,-3024
ISNE,"1/23/2016 1 a.m. EST",13346,13310,10183,-3163
ISNE,"1/23/2016 2 a.m. EST",13232,12860,10006,-3226
ISNE,"1/23/2016 3 a.m. EST",13437,12680,9961,-3476
ISNE,"1/23/2016 4 a.m. EST",13363,12630,9840,-3523
ISNE,"1/23/2016 5 a.m. EST",13425,12760,9817,-3608
ISNE,"1/23/2016 6 a.m. EST",13746,12690,10182,-3564
ISNE,"1/23/2016 7 a.m. EST",13804,13430,10837,-2967
ISNE,"1/23/2016 8 a.m. EST",14362,14300,11473,-2889
ISNE,"1/23/2016 9 a.m. EST",15351,15250,12343,-3008
ISNE,"1/23/2016 10 a.m. EST",16142,15970,12905,-3237
ISNE,"1/23/2016 11 a.m. EST",16543,16370,13448,-3095
ISNE,"1/23/2016 12 p.m. EST",16728,16370,13449,-3279
ISNE,"1/23/2016 1 p.m. EST",16760,16210,13706,-3054
ISNE,"1/23/2016 2 p.m. EST",16628,16460,13398,-3230
ISNE,"1/23/2016 3 p.m. EST",16513,16440,13253,-3260
ISNE,"1/23/2016 4 p.m. EST",16550,16620,13444,-3106
ISNE,"1/23/2016 5 p.m. EST",17092,16960,14111,-2981
ISNE,"1/23/2016 6 p.m. EST",17968,17900,15220,-2748
ISNE,"1/23/2016 7 p.m. EST",17813,17740,15013,-2800
ISNE,"1/23/2016 8 p.m. EST",17252,17080,14356,-2896
ISNE,"1/23/2016 9 p.m. EST",16609,16530,13687,-2922
ISNE,"1/23/2016 10 p.m. EST",15772,15840,12950,-2822
ISNE,"1/23/2016 11 p.m. EST",14774,14860,11942,-2832
ISNE,"1/24/2016 12 a.m. EST",13807,13930,10791,-3016
ISNE,"1/24/2016 1 a.m. EST",13305,13070,10308,-2997
ISNE,"1/24/2016 2 a.m. EST",13054,12630,10202,-2852
ISNE,"1/24/2016 3 a.m. EST",13128,12420,10122,-3006
ISNE,"1/24/2016 4 a.m. EST",13330,12360,10154,-3176
ISNE,"1/24/2016 5 a.m. EST",13447,12370,10171,-3276
ISNE,"1/24/2016 6 a.m. EST",13467,12690,10368,-3099
ISNE,"1/24/2016 7 a.m. EST",13549,13340,10639,-2910
ISNE,"1/24/2016 8 a.m. EST",13887,14020,11034,-2853
ISNE,"1/24/2016 9 a.m. EST",14588,14400,11464,-3124
ISNE,"1/24/2016 10 a.m. EST",15002,14750,11828,-3174
ISNE,"1/24/2016 11 a.m. EST",15108,14740,11898,-3210
ISNE,"1/24/2016 12 p.m. EST",15065,14820,11770,-3295
ISNE,"1/24/2016 1 p.m. EST",14926,14750,11657,-3269
ISNE,"1/24/2016 2 p.m. EST",14752,14690,11329,-3423
ISNE,"1/24/2016 3 p.m. EST",14749,14710,11388,-3361
ISNE,"1/24/2016 4 p.m. EST",14891,15120,11606,-3285
ISNE,"1/24/2016 5 p.m. EST",15524,16010,12404,-3120
ISNE,"1/24/2016 6 p.m. EST",16819,17500,13873,-2946
ISNE,"1/24/2016 7 p.m. EST",16708,17490,13820,-2888
ISNE,"1/24/2016 8 p.m. EST",16669,16930,13874,-2795
ISNE,"1/24/2016 9 p.m. EST",16042,16340,13220,-2822
ISNE,"1/24/2016 10 p.m. EST",15054,15340,12237,-2817
ISNE,"1/24/2016 11 p.m. EST",13887,14240,10834,-3053
ISNE,"1/25/2016 12 a.m. EST",13104,13220,9693,-3411
ISNE,"1/25/2016 1 a.m. EST",12967,12470,9639,-3328
ISNE,"1/25/2016 2 a.m. EST",12920,12130,9628,-3292
ISNE,"1/25/2016 3 a.m. EST",12852,12010,9143,-3709
ISNE,"1/25/2016 4 a.m. EST",12867,12090,8943,-3924
ISNE,"1/25/2016 5 a.m. EST",12958,12520,9137,-3821
ISNE,"1/25/2016 6 a.m. EST",14011,13540,10023,-3988
ISNE,"1/25/2016 7 a.m. EST",15469,15590,11632,-3837
ISNE,"1/25/2016 8 a.m. EST",16558,16670,12989,-3569
ISNE,"1/25/2016 9 a.m. EST",16514,16590,13054,-3460
ISNE,"1/25/2016 10 a.m. EST",16186,16320,12926,-3260
ISNE,"1/25/2016 11 a.m. EST",15935,16070,12625,-3310
ISNE,"1/25/2016 12 p.m. EST",15639,15880,12375,-3264
ISNE,"1/25/2016 1 p.m. EST",15334,15660,12118,-3216
ISNE,"1/25/2016 2 p.m. EST",15207,15640,11921,-3286
ISNE,"1/25/2016 3 p.m. EST",15216,15680,11953,-3263
ISNE,"1/25/2016 4 p.m. EST",15478,15800,12180,-3298
ISNE,"1/25/2016 5 p.m. EST",16224,16690,12914,-3310
ISNE,"1/25/2016 6 p.m. EST",17680,17990,14305,-3375
ISNE,"1/25/2016 7 p.m. EST",17827,18080,14539,-3288
ISNE,"1/25/2016 8 p.m. EST",17396,17670,14116,-3280
ISNE,"1/25/2016 9 p.m. EST",16722,17000,13407,-3315
ISNE,"1/25/2016 10 p.m. EST",15652,15880,12319,-3333
ISNE,"1/25/2016 11 p.m. EST",14315,14450,10846,-3469
ISNE,"1/26/2016 12 a.m. EST",13231,13220,9636,-3595
ISNE,"1/26/2016 1 a.m. EST",13137,12490,9518,-3619
ISNE,"1/26/2016 2 a.m. EST",13104,12010,9511,-3593
ISNE,"1/26/2016 3 a.m. EST",12927,11760,9485,-3442
ISNE,"1/26/2016 4 a.m. EST",12931,11780,9433,-3498
ISNE,"1/26/2016 5 a.m. EST",13311,12210,9790,-3521
ISNE,"1/26/2016 6 a.m. EST",14107,13290,10704,-3403
ISNE,"1/26/2016 7 a.m. EST",15256,15180,12150,-3106
ISNE,"1/26/2016 8 a.m. EST",16181,16180,13065,-3116
ISNE,"1/26/2016 9 a.m. EST",16106,16200,12980,-3126
ISNE,"1/26/2016 10 a.m. EST",15961,16090,12944,-3017
ISNE,"1/26/2016 11 a.m. EST",15854,15960,12805,-3049
ISNE,"1/26/2016 12 p.m. EST",15664,15920,12451,-3213
ISNE,"1/26/2016 1 p.m. EST",15371,15720,12211,-3160
ISNE,"1/26/2016 2 p.m. EST",15181,15670,12043,-3138
ISNE,"1/26/2016 3 p.m. EST",15061,15660,11927,-3134
ISNE,"1/26/2016 4 p.m. EST",15247,15830,12079,-3168
ISNE,"1/26/2016 5 p.m. EST",15994,16580,12626,-3368
ISNE,"1/26/2016 6 p.m. EST",17157,17650,13674,-3483
ISNE,"1/26/2016 7 p.m. EST",17138,17500,13724,-3414
ISNE,"1/26/2016 8 p.m. EST",16665,16940,13465,-3200
ISNE,"1/26/2016 9 p.m. EST",15982,16200,12737,-3245
ISNE,"1/26/2016 10 p.m. EST",14915,15060,11756,-3159
ISNE,"1/26/2016 11 p.m. EST",13652,13720,10498,-3154
ISNE,"1/27/2016 12 a.m. EST",12889,12540,9537,-3352
ISNE,"1/27/2016 1 a.m. EST",12649,11730,9110,-3539
ISNE,"1/27/2016 2 a.m. EST",12224,11290,8703,-3521
ISNE,"1/27/2016 3 a.m. EST",11801,11100,8764,-3037
ISNE,"1/27/2016 4 a.m. EST",11775,11120,8579,-3196
ISNE,"1/27/2016 5 a.m. EST",12112,11520,8807,-3305
ISNE,"1/27/2016 6 a.m. EST",12993,12420,9657,-3336
ISNE,"1/27/2016 7 a.m. EST",14338,14350,11220,-3118
ISNE,"1/27/2016 8 a.m. EST",15407,15400,11984,-3423
ISNE,"1/27/2016 9 a.m. EST",15519,15570,12084,-3435
ISNE,"1/27/2016 10 a.m. EST",15473,15550,12028,-3445
ISNE,"1/27/2016 11 a.m. EST",15416,15540,11999,-3417
ISNE,"1/27/2016 12 p.m. EST",15183,15330,11772,-3411
ISNE,"1/27/2016 1 p.m. EST",14859,15160,11553,-3306
ISNE,"1/27/2016 2 p.m. EST",14800,15090,11617,-3183
ISNE,"1/27/2016 3 p.m. EST",14849,15100,11639,-3210
ISNE,"1/27/2016 4 p.m. EST",15051,15310,11777,-3274
ISNE,"1/27/2016 5 p.m. EST",15741,16120,12204,-3537
ISNE,"1/27/2016 6 p.m. EST",17055,17320,13537,-3518
ISNE,"1/27/2016 7 p.m. EST",17257,17410,13808,-3449
ISNE,"1/27/2016 8 p.m. EST",16947,16850,13511,-3436
ISNE,"1/27/2016 9 p.m. EST",16384,16300,13000,-3384
ISNE,"1/27/2016 10 p.m. EST",15395,15270,11845,-3550
ISNE,"1/27/2016 11 p.m. EST",14086,13960,10502,-3584
ISNE,"1/28/2016 12 a.m. EST",12951,12850,9535,-3416
ISNE,"1/28/2016 1 a.m. EST",12428,12150,8791,-3637
ISNE,"1/28/2016 2 a.m. EST",12468,11700,8847,-3621
ISNE,"1/28/2016 3 a.m. EST",12143,11570,8546,-3597
ISNE,"1/28/2016 4 a.m. EST",12195,11650,8476,-3719
ISNE,"1/28/2016 5 a.m. EST",12619,12240,8796,-3823
ISNE,"1/28/2016 6 a.m. EST",13491,13400,9926,-3565
ISNE,"1/28/2016 7 a.m. EST",15505,15340,12141,-3364
ISNE,"1/28/2016 8 a.m. EST",16526,16230,12851,-3675
ISNE,"1/28/2016 9 a.m. EST",16294,15980,12781,-3513
ISNE,"1/28/2016 10 a.m. EST",15823,15630,12231,-3592
ISNE,"1/28/2016 11 a.m. EST",15425,15410,12209,-3216
ISNE,"1/28/2016 12 p.m. EST",15089,15160,11807,-3282
ISNE,"1/28/2016 1 p.m. EST",14850,14920,11560,-3290
ISNE,"1/28/2016 2 p.m. EST",14834,14910,11647,-3187
ISNE,"1/28/2016 3 p.m. EST",14772,14980,11548,-3224
ISNE,"1/28/2016 4 p.m. EST",15076,15270,11656,-3420
ISNE,"1/28/2016 5 p.m. EST",15807,16160,12187,-3620
ISNE,"1/28/2016 6 p.m. EST",17130,17300,13423,-3707
ISNE,"1/28/2016 7 p.m. EST",17319,17310,13720,-3599
ISNE,"1/28/2016 8 p.m. EST",16919,16860,13064,-3855
ISNE,"1/28/2016 9 p.m. EST",16332,16290,12800,-3532
ISNE,"1/28/2016 10 p.m. EST",15314,15270,11741,-3573
ISNE,"1/28/2016 11 p.m. EST",14000,13930,10346,-3654
ISNE,"1/29/2016 12 a.m. EST",12827,12770,9046,-3781
ISNE,"1/29/2016 1 a.m. EST",12148,12080,8655,-3493
ISNE,"1/29/2016 2 a.m. EST",12133,11690,8513,-3620
ISNE,"1/29/2016 3 a.m. EST",11933,11390,8183,-3750
ISNE,"1/29/2016 4 a.m. EST",11927,11390,8241,-3686
ISNE,"1/29/2016 5 a.m. EST",12516,11780,8781,-3735
ISNE,"1/29/2016 6 a.m. EST",13270,12820,9667,-3603
ISNE,"1/29/2016 7 a.m. EST",14605,14670,11386,-3219
ISNE,"1/29/2016 8 a.m. EST",15729,15740,12651,-3078
ISNE,"1/29/2016 9 a.m. EST",15832,15850,12815,-3017
ISNE,"1/29/2016 10 a.m. EST",15729,15820,12846,-2883
ISNE,"1/29/2016 11 a.m. EST",15637,15720,12862,-2775
ISNE,"1/29/2016 12 p.m. EST",15423,15690,12344,-3079
ISNE,"1/29/2016 1 p.m. EST",15372,15560,12388,-2984
ISNE,"1/29/2016 2 p.m. EST",15438,15520,12581,-2857
ISNE,"1/29/2016 3 p.m. EST",15304,15470,12359,-2945
ISNE,"1/29/2016 4 p.m. EST",15306,15610,12233,-3073
ISNE,"1/29/2016 5 p.m. EST",15791,16220,12740,-3051
ISNE,"1/29/2016 6 p.m. EST",16714,17120,13554,-3160
ISNE,"1/29/2016 7 p.m. EST",16685,16940,13689,-2996
ISNE,"1/29/2016 8 p.m. EST",16238,16380,13593,-2645
ISNE,"1/29/2016 9 p.m. EST",15696,15770,13152,-2544
ISNE,"1/29/2016 10 p.m. EST",14925,14940,12005,-2920
ISNE,"1/29/2016 11 p.m. EST",13873,13920,10871,-3002
ISNE,"1/30/2016 12 a.m. EST",12826,12900,10212,-2614
ISNE,"1/30/2016 1 a.m. EST",12461,12110,9388,-3073
ISNE,"1/30/2016 2 a.m. EST",12316,11670,9202,-3114
ISNE,"1/30/2016 3 a.m. EST",12228,11460,9134,-3094
ISNE,"1/30/2016 4 a.m. EST",12169,11410,9141,-3028
ISNE,"1/30/2016 5 a.m. EST",12296,11520,9316,-2980
ISNE,"1/30/2016 6 a.m. EST",12735,12020,9672,-3063
ISNE,"1/30/2016 7 a.m. EST",13282,12830,10209,-3073
ISNE,"1/30/2016 8 a.m. EST",13734,13630,10766,-2968
ISNE,"1/30/2016 9 a.m. EST",14098,14240,11102,-2996
ISNE,"1/30/2016 10 a.m. EST",14282,14360,11290,-2992
ISNE,"1/30/2016 11 a.m. EST",14366,14280,11467,-2899
ISNE,"1/30/2016 12 p.m. EST",14210,14110,11360,-2850
ISNE,"1/30/2016 1 p.m. EST",13958,14050,10961,-2997
ISNE,"1/30/2016 2 p.m. EST",13640,13920,10851,-2789
ISNE,"1/30/2016 3 p.m. EST",13556,13880,10656,-2900
ISNE,"1/30/2016 4 p.m. EST",13888,14190,10942,-2946
ISNE,"1/30/2016 5 p.m. EST",14407,14950,11360,-3047
ISNE,"1/30/2016 6 p.m. EST",15606,16090,12705,-2901
ISNE,"1/30/2016 7 p.m. EST",15741,16250,12910,-2831
ISNE,"1/30/2016 8 p.m. EST",15326,15580,12519,-2807
ISNE,"1/30/2016 9 p.m. EST",14942,15090,12330,-2612
ISNE,"1/30/2016 10 p.m. EST",14438,14380,11525,-2913
ISNE,"1/30/2016 11 p.m. EST",13317,13500,10486,-2831
ISNE,"1/31/2016 12 a.m. EST",12671,12590,9689,-2982
ISNE,"1/31/2016 1 a.m. EST",12147,11830,9123,-3024
ISNE,"1/31/2016 2 a.m. EST",11909,11360,8779,-3130
ISNE,"1/31/2016 3 a.m. EST",11773,11110,8791,-2982
ISNE,"1/31/2016 4 a.m. EST",11490,11000,8669,-2821
ISNE,"1/31/2016 5 a.m. EST",11520,11080,8645,-2875
ISNE,"1/31/2016 6 a.m. EST",11784,11120,9025,-2759
ISNE,"1/31/2016 7 a.m. EST",12064,11680,9052,-3012
ISNE,"1/31/2016 8 a.m. EST",12340,12330,9421,-2919
ISNE,"1/31/2016 9 a.m. EST",12828,12990,10138,-2690
ISNE,"1/31/2016 10 a.m. EST",13266,13440,10469,-2797
ISNE,"1/31/2016 11 a.m. EST",13245,13640,10491,-2754
ISNE,"1/31/2016 12 p.m. EST",13117,13620,10401,-2716
ISNE,"1/31/2016 1 p.m. EST",13014,13650,10474,-2540
ISNE,"1/31/2016 2 p.m. EST",12952,13650,10394,-2558
ISNE,"1/31/2016 3 p.m. EST",12871,13650,10215,-2656
ISNE,"1/31/2016 4 p.m. EST",13090,13820,10484,-2606
ISNE,"1/31/2016 5 p.m. EST",13777,14620,10942,-2835
ISNE,"1/31/2016 6 p.m. EST",15188,15800,12168,-3020
ISNE,"1/31/2016 7 p.m. EST",15475,15790,12486,-2989
ISNE,"1/31/2016 8 p.m. EST",15064,15320,12014,-3050
ISNE,"1/31/2016 9 p.m. EST",14467,14800,11539,-2928
ISNE,"1/31/2016 10 p.m. EST",13549,13730,10434,-3115
ISNE,"1/31/2016 11 p.m. EST",12476,12650,9536,-2940
ISNE,"2/1/2016 12 a.m. EST",11679,11650,9478,-2201
