"BA Code","Timestamp (Hour Ending)","Demand (MWh)","Demand Forecast (MWh)","Net Generation (MWh)","Total Interchange (MWh)"
ISNE,"11/1/2018 12 a.m. EDT",10825,10910,7972,-2853
ISNE,"11/1/2018 1 a.m. EDT",10580,10240,7551,-3029
ISNE,"11/1/2018 2 a.m. EDT",10521,9790,7300,-3221
ISNE,"11/1/2018 3 a.m. EDT",10178,9570,7192,-2986
ISNE,"11/1/2018 4 a.m. EDT",10289,9520,7107,-3182
ISNE,"11/1/2018 5 a.m. EDT",10542,9800,7374,-3168
ISNE,"11/1/2018 6 a.m. EDT",11118,10820,8014,-3104
ISNE,"11/1/2018 7 a.m. EDT",12426,12590,9904,-2522
ISNE,"11/1/2018 8 a.m. EDT",13493,13670,11242,-2251
ISNE,"11/1/2018 9 a.m. EDT",13683,13760,11033,-2650
ISNE,"11/1/2018 10 a.m. EDT",13685,13700,11641,-2044
ISNE,"11/1/2018 11 a.m. EDT",13754,13650,11756,-1998
ISNE,"11/1/2018 12 p.m. EDT",13607,13600,11650,-1957
ISNE,"11/1/2018 1 p.m. EDT",13275,13620,11361,-1914
ISNE,"11/1/2018 2 p.m. EDT",13400,13650,11289,-2111
ISNE,"11/1/2018 3 p.m. EDT",13457,13650,11262,-2195
ISNE,"11/1/2018 4 p.m. EDT",13549,13670,11523,-2026
ISNE,"11/1/2018 5 p.m. EDT",13899,14120,11589,-2310
ISNE,"11/1/2018 6 p.m. EDT",14539,14650,12025,-2514
ISNE,"11/1/2018 7 p.m. EDT",14904,14990,12608,-2296
ISNE,"11/1/2018 8 p.m. EDT",14555,14600,12145,-2410
ISNE,"11/1/2018 9 p.m. EDT",13923,13960,11419,-2504
ISNE,"11/1/2018 10 p.m. EDT",12982,12970,10262,-2720
ISNE,"11/1/2018 11 p.m. EDT",11784,11790,9003,-2781
ISNE,"11/2/2018 12 a.m. EDT",10960,10710,7742,-3218
ISNE,"11/2/2018 1 a.m. EDT",10290,10020,7062,-3228
ISNE,"11/2/2018 2 a.m. EDT",10115,9570,6923,-3192
ISNE,"11/2/2018 3 a.m. EDT",10147,9350,6906,-3241
ISNE,"11/2/2018 4 a.m. EDT",10137,9360,6902,-3235
ISNE,"11/2/2018 5 a.m. EDT",10415,9610,7177,-3238
ISNE,"11/2/2018 6 a.m. EDT",11041,10520,7970,-3071
ISNE,"11/2/2018 7 a.m. EDT",12587,12240,9818,-2769
ISNE,"11/2/2018 8 a.m. EDT",13787,13440,11269,-2518
ISNE,"11/2/2018 9 a.m. EDT",13991,13700,11860,-2131
ISNE,"11/2/2018 10 a.m. EDT",14261,14270,11848,-2413
ISNE,"11/2/2018 11 a.m. EDT",14413,14260,11765,-2648
ISNE,"11/2/2018 12 p.m. EDT",14451,14270,11853,-2598
ISNE,"11/2/2018 1 p.m. EDT",14326,14180,11848,-2478
ISNE,"11/2/2018 2 p.m. EDT",14278,14210,11624,-2654
ISNE,"11/2/2018 3 p.m. EDT",14080,14060,11316,-2764
ISNE,"11/2/2018 4 p.m. EDT",13994,14190,11359,-2635
ISNE,"11/2/2018 5 p.m. EDT",14128,14330,11512,-2616
ISNE,"11/2/2018 6 p.m. EDT",14520,14460,11886,-2634
ISNE,"11/2/2018 7 p.m. EDT",14613,14600,11793,-2820
ISNE,"11/2/2018 8 p.m. EDT",14112,14180,11451,-2661
ISNE,"11/2/2018 9 p.m. EDT",13524,13530,11020,-2504
ISNE,"11/2/2018 10 p.m. EDT",12765,12720,10272,-2493
ISNE,"11/2/2018 11 p.m. EDT",11817,11800,9191,-2626
ISNE,"11/3/2018 12 a.m. EDT",10859,10870,7857,-3002
ISNE,"11/3/2018 1 a.m. EDT",10153,10010,7514,-2639
ISNE,"11/3/2018 2 a.m. EDT",10303,9570,7437,-2866
ISNE,"11/3/2018 3 a.m. EDT",10487,9310,7529,-2958
ISNE,"11/3/2018 4 a.m. EDT",10325,9130,7439,-2886
ISNE,"11/3/2018 5 a.m. EDT",10494,9140,7418,-3076
ISNE,"11/3/2018 6 a.m. EDT",10893,9430,7713,-3180
ISNE,"11/3/2018 7 a.m. EDT",11431,10110,8246,-3185
ISNE,"11/3/2018 8 a.m. EDT",11927,10950,8936,-2991
ISNE,"11/3/2018 9 a.m. EDT",12435,11760,9581,-2854
ISNE,"11/3/2018 10 a.m. EDT",12652,12450,9723,-2929
ISNE,"11/3/2018 11 a.m. EDT",12978,12620,10241,-2737
ISNE,"11/3/2018 12 p.m. EDT",13007,13040,10119,-2888
ISNE,"11/3/2018 1 p.m. EDT",12796,13000,9780,-3016
ISNE,"11/3/2018 2 p.m. EDT",12237,12960,9270,-2967
ISNE,"11/3/2018 3 p.m. EDT",12025,12830,9254,-2771
ISNE,"11/3/2018 4 p.m. EDT",11914,12870,9261,-2653
ISNE,"11/3/2018 5 p.m. EDT",12222,12970,9537,-2685
ISNE,"11/3/2018 6 p.m. EDT",12922,13170,10173,-2749
ISNE,"11/3/2018 7 p.m. EDT",13470,13400,10827,-2643
ISNE,"11/3/2018 8 p.m. EDT",13171,13250,10629,-2542
ISNE,"11/3/2018 9 p.m. EDT",12751,12790,10005,-2746
ISNE,"11/3/2018 10 p.m. EDT",12211,12170,9579,-2632
ISNE,"11/3/2018 11 p.m. EDT",11509,11400,8999,-2510
ISNE,"11/4/2018 12 a.m. EDT",10722,10610,8043,-2679
ISNE,"11/4/2018 1 a.m. EDT",10487,9910,7385,-3102
ISNE,"11/4/2018 1 a.m. EST",10389,9500,7288,-3101
ISNE,"11/4/2018 2 a.m. EST",10389,9500,7331,-3058
ISNE,"11/4/2018 3 a.m. EST",10043,9320,7054,-2989
ISNE,"11/4/2018 4 a.m. EST",10373,9370,7293,-3080
ISNE,"11/4/2018 5 a.m. EST",10061,9410,7204,-2857
ISNE,"11/4/2018 6 a.m. EST",10187,9690,7453,-2734
ISNE,"11/4/2018 7 a.m. EST",10549,10180,7831,-2718
ISNE,"11/4/2018 8 a.m. EST",11095,10650,8424,-2671
ISNE,"11/4/2018 9 a.m. EST",11270,11040,8587,-2683
ISNE,"11/4/2018 10 a.m. EST",11160,11280,8523,-2637
ISNE,"11/4/2018 11 a.m. EST",10934,11240,8457,-2477
ISNE,"11/4/2018 12 p.m. EST",10761,11220,8209,-2552
ISNE,"11/4/2018 1 p.m. EST",10780,11220,8335,-2445
ISNE,"11/4/2018 2 p.m. EST",10930,11160,8352,-2578
ISNE,"11/4/2018 3 p.m. EST",11355,11310,8532,-2823
ISNE,"11/4/2018 4 p.m. EST",12141,11770,9221,-2920
ISNE,"11/4/2018 5 p.m. EST",13347,12760,10345,-3002
ISNE,"11/4/2018 6 p.m. EST",14500,13800,11509,-2991
ISNE,"11/4/2018 7 p.m. EST",14394,14200,11351,-3043
ISNE,"11/4/2018 8 p.m. EST",13950,13890,10912,-3038
ISNE,"11/4/2018 9 p.m. EST",13360,13390,10293,-3067
ISNE,"11/4/2018 10 p.m. EST",12456,12510,9699,-2757
ISNE,"11/4/2018 11 p.m. EST",11523,11530,8593,-2930
ISNE,"11/5/2018 12 a.m. EST",10972,10630,7826,-3146
ISNE,"11/5/2018 1 a.m. EST",10706,10150,7506,-3200
ISNE,"11/5/2018 2 a.m. EST",10437,9840,7252,-3185
ISNE,"11/5/2018 3 a.m. EST",10527,9730,7352,-3175
ISNE,"11/5/2018 4 a.m. EST",10580,9770,7327,-3253
ISNE,"11/5/2018 5 a.m. EST",10699,10210,7569,-3130
ISNE,"11/5/2018 6 a.m. EST",11547,11300,8654,-2893
ISNE,"11/5/2018 7 a.m. EST",13022,13330,10796,-2226
ISNE,"11/5/2018 8 a.m. EST",13991,14250,11589,-2402
ISNE,"11/5/2018 9 a.m. EST",14248,14230,11739,-2509
ISNE,"11/5/2018 10 a.m. EST",14397,14350,11818,-2579
ISNE,"11/5/2018 11 a.m. EST",14613,14210,12216,-2397
ISNE,"11/5/2018 12 p.m. EST",14665,14180,12451,-2214
ISNE,"11/5/2018 1 p.m. EST",14503,14040,11950,-2553
ISNE,"11/5/2018 2 p.m. EST",14470,14140,12000,-2470
ISNE,"11/5/2018 3 p.m. EST",14344,14250,12011,-2333
ISNE,"11/5/2018 4 p.m. EST",14439,14500,12149,-2290
ISNE,"11/5/2018 5 p.m. EST",15150,15110,13153,-1997
ISNE,"11/5/2018 6 p.m. EST",15863,15920,13576,-2287
ISNE,"11/5/2018 7 p.m. EST",15631,15610,13263,-2368
ISNE,"11/5/2018 8 p.m. EST",15070,15030,12508,-2562
ISNE,"11/5/2018 9 p.m. EST",14317,14240,11753,-2564
ISNE,"11/5/2018 10 p.m. EST",13279,13110,10689,-2590
ISNE,"11/5/2018 11 p.m. EST",12192,11880,9532,-2660
ISNE,"11/6/2018 12 a.m. EST",11571,10850,8766,-2805
ISNE,"11/6/2018 1 a.m. EST",10902,10180,8043,-2859
ISNE,"11/6/2018 2 a.m. EST",10723,9810,7876,-2847
ISNE,"11/6/2018 3 a.m. EST",10663,9620,7723,-2940
ISNE,"11/6/2018 4 a.m. EST",11010,9630,8043,-2967
ISNE,"11/6/2018 5 a.m. EST",11292,10000,8442,-2850
ISNE,"11/6/2018 6 a.m. EST",11744,11050,9116,-2628
ISNE,"11/6/2018 7 a.m. EST",12926,12800,10305,-2621
ISNE,"11/6/2018 8 a.m. EST",13489,13710,11153,-2336
ISNE,"11/6/2018 9 a.m. EST",13713,13810,11481,-2232
ISNE,"11/6/2018 10 a.m. EST",13810,13810,11617,-2193
ISNE,"11/6/2018 11 a.m. EST",13964,14040,11444,-2520
ISNE,"11/6/2018 12 p.m. EST",14247,14180,11969,-2278
ISNE,"11/6/2018 1 p.m. EST",14409,14190,12161,-2248
ISNE,"11/6/2018 2 p.m. EST",14469,14250,11948,-2521
ISNE,"11/6/2018 3 p.m. EST",14407,14210,11810,-2597
ISNE,"11/6/2018 4 p.m. EST",14433,14370,11873,-2560
ISNE,"11/6/2018 5 p.m. EST",14942,14990,12346,-2596
ISNE,"11/6/2018 6 p.m. EST",15471,15600,12889,-2582
ISNE,"11/6/2018 7 p.m. EST",15237,15350,12718,-2519
ISNE,"11/6/2018 8 p.m. EST",14738,14800,12285,-2453
ISNE,"11/6/2018 9 p.m. EST",14031,14050,11679,-2352
ISNE,"11/6/2018 10 p.m. EST",13001,12960,10621,-2380
ISNE,"11/6/2018 11 p.m. EST",11819,11720,9419,-2400
ISNE,"11/7/2018 12 a.m. EST",10946,10710,8732,-2214
ISNE,"11/7/2018 1 a.m. EST",10814,10040,8662,-2152
ISNE,"11/7/2018 2 a.m. EST",10725,9640,8312,-2413
ISNE,"11/7/2018 3 a.m. EST",10572,9440,8056,-2516
ISNE,"11/7/2018 4 a.m. EST",10641,9440,7969,-2672
ISNE,"11/7/2018 5 a.m. EST",11171,9810,8571,-2600
ISNE,"11/7/2018 6 a.m. EST",11746,10770,9315,-2431
ISNE,"11/7/2018 7 a.m. EST",12699,12410,10418,-2281
ISNE,"11/7/2018 8 a.m. EST",13140,13130,10542,-2598
ISNE,"11/7/2018 9 a.m. EST",12724,12930,10187,-2537
ISNE,"11/7/2018 10 a.m. EST",12337,12350,10140,-2197
ISNE,"11/7/2018 11 a.m. EST",12181,12070,10010,-2171
ISNE,"11/7/2018 12 p.m. EST",12047,11950,9908,-2139
ISNE,"11/7/2018 1 p.m. EST",12036,11840,9947,-2089
ISNE,"11/7/2018 2 p.m. EST",12301,11930,10286,-2015
ISNE,"11/7/2018 3 p.m. EST",12628,12140,10525,-2103
ISNE,"11/7/2018 4 p.m. EST",13226,12950,11027,-2199
ISNE,"11/7/2018 5 p.m. EST",14081,14140,11685,-2396
ISNE,"11/7/2018 6 p.m. EST",15039,15340,12885,-2154
ISNE,"11/7/2018 7 p.m. EST",14905,15150,12584,-2321
ISNE,"11/7/2018 8 p.m. EST",14457,14520,12005,-2452
ISNE,"11/7/2018 9 p.m. EST",13784,13760,11479,-2305
ISNE,"11/7/2018 10 p.m. EST",12823,12690,10542,-2281
ISNE,"11/7/2018 11 p.m. EST",11689,11350,9489,-2200
ISNE,"11/8/2018 12 a.m. EST",11205,10330,8948,-2257
ISNE,"11/8/2018 1 a.m. EST",10817,10010,8590,-2227
ISNE,"11/8/2018 2 a.m. EST",10469,9670,8072,-2397
ISNE,"11/8/2018 3 a.m. EST",10327,9530,7943,-2384
ISNE,"11/8/2018 4 a.m. EST",10567,9570,8015,-2552
ISNE,"11/8/2018 5 a.m. EST",10921,9960,8479,-2442
ISNE,"11/8/2018 6 a.m. EST",11629,11070,9449,-2180
ISNE,"11/8/2018 7 a.m. EST",12787,12770,11129,-1658
ISNE,"11/8/2018 8 a.m. EST",13505,13500,12111,-1394
ISNE,"11/8/2018 9 a.m. EST",13294,13270,11864,-1430
ISNE,"11/8/2018 10 a.m. EST",12810,12640,11401,-1409
ISNE,"11/8/2018 11 a.m. EST",12500,12270,10861,-1639
ISNE,"11/8/2018 12 p.m. EST",12337,12060,10595,-1742
ISNE,"11/8/2018 1 p.m. EST",12488,12060,10583,-1905
ISNE,"11/8/2018 2 p.m. EST",12721,12160,10899,-1822
ISNE,"11/8/2018 3 p.m. EST",13015,12320,11154,-1861
ISNE,"11/8/2018 4 p.m. EST",13306,12980,11688,-1618
ISNE,"11/8/2018 5 p.m. EST",14249,14180,12062,-2187
ISNE,"11/8/2018 6 p.m. EST",15213,15320,13244,-1969
ISNE,"11/8/2018 7 p.m. EST",15138,15240,12974,-2164
ISNE,"11/8/2018 8 p.m. EST",14763,14720,12490,-2273
ISNE,"11/8/2018 9 p.m. EST",14195,14130,12254,-1941
ISNE,"11/8/2018 10 p.m. EST",13300,13380,11672,-1628
ISNE,"11/8/2018 11 p.m. EST",12297,12030,10701,-1596
ISNE,"11/9/2018 12 a.m. EST",11463,11060,9926,-1537
ISNE,"11/9/2018 1 a.m. EST",11390,10470,9061,-2329
ISNE,"11/9/2018 2 a.m. EST",11326,10130,8669,-2657
ISNE,"11/9/2018 3 a.m. EST",11235,9990,8493,-2742
ISNE,"11/9/2018 4 a.m. EST",11487,10040,8910,-2577
ISNE,"11/9/2018 5 a.m. EST",11857,10440,9015,-2842
ISNE,"11/9/2018 6 a.m. EST",12619,11580,9697,-2922
ISNE,"11/9/2018 7 a.m. EST",13481,13260,10806,-2675
ISNE,"11/9/2018 8 a.m. EST",13887,13860,11015,-2872
ISNE,"11/9/2018 9 a.m. EST",13551,13580,10600,-2951
ISNE,"11/9/2018 10 a.m. EST",13376,13340,10837,-2539
ISNE,"11/9/2018 11 a.m. EST",13742,13300,11392,-2350
ISNE,"11/9/2018 12 p.m. EST",13982,13280,11676,-2306
ISNE,"11/9/2018 1 p.m. EST",13995,13290,11715,-2280
ISNE,"11/9/2018 2 p.m. EST",14142,13420,11852,-2290
ISNE,"11/9/2018 3 p.m. EST",14169,13670,11680,-2489
ISNE,"11/9/2018 4 p.m. EST",14333,14120,11673,-2660
ISNE,"11/9/2018 5 p.m. EST",14990,14860,12145,-2845
ISNE,"11/9/2018 6 p.m. EST",15364,15610,12861,-2503
ISNE,"11/9/2018 7 p.m. EST",15031,15220,12497,-2534
ISNE,"11/9/2018 8 p.m. EST",14500,14550,11789,-2711
ISNE,"11/9/2018 9 p.m. EST",13927,13920,11385,-2542
ISNE,"11/9/2018 10 p.m. EST",13167,13080,10659,-2508
ISNE,"11/9/2018 11 p.m. EST",12200,12130,9723,-2477
ISNE,"11/10/2018 12 a.m. EST",11504,11200,9063,-2441
ISNE,"11/10/2018 1 a.m. EST",11097,10530,8258,-2839
ISNE,"11/10/2018 2 a.m. EST",10628,10080,7977,-2651
ISNE,"11/10/2018 3 a.m. EST",10593,9810,7854,-2739
ISNE,"11/10/2018 4 a.m. EST",10489,9690,7859,-2630
ISNE,"11/10/2018 5 a.m. EST",10437,9790,7747,-2690
ISNE,"11/10/2018 6 a.m. EST",10497,10190,7746,-2751
ISNE,"11/10/2018 7 a.m. EST",11138,10900,8211,-2927
ISNE,"11/10/2018 8 a.m. EST",11651,11660,8869,-2782
ISNE,"11/10/2018 9 a.m. EST",12376,12380,9577,-2799
ISNE,"11/10/2018 10 a.m. EST",12730,12760,9859,-2871
ISNE,"11/10/2018 11 a.m. EST",12669,12730,9560,-3109
ISNE,"11/10/2018 12 p.m. EST",12572,12520,9373,-3199
ISNE,"11/10/2018 1 p.m. EST",12311,12320,9100,-3211
ISNE,"11/10/2018 2 p.m. EST",12273,12230,9117,-3156
ISNE,"11/10/2018 3 p.m. EST",12166,12330,9278,-2888
ISNE,"11/10/2018 4 p.m. EST",12798,12910,10116,-2682
ISNE,"11/10/2018 5 p.m. EST",13846,14120,11254,-2592
ISNE,"11/10/2018 6 p.m. EST",14774,15030,12398,-2376
ISNE,"11/10/2018 7 p.m. EST",14599,14870,12096,-2503
ISNE,"11/10/2018 8 p.m. EST",14190,14270,11584,-2606
ISNE,"11/10/2018 9 p.m. EST",13721,13620,11269,-2452
ISNE,"11/10/2018 10 p.m. EST",13122,12910,10753,-2369
ISNE,"11/10/2018 11 p.m. EST",12339,12090,9995,-2344
ISNE,"11/11/2018 12 a.m. EST",11827,11360,9384,-2443
ISNE,"11/11/2018 1 a.m. EST",11343,10960,9033,-2310
ISNE,"11/11/2018 2 a.m. EST",11312,10600,9101,-2211
ISNE,"11/11/2018 3 a.m. EST",11205,10410,9238,-1967
ISNE,"11/11/2018 4 a.m. EST",10993,10350,9193,-1800
ISNE,"11/11/2018 5 a.m. EST",10773,10460,8963,-1810
ISNE,"11/11/2018 6 a.m. EST",10947,10790,9005,-1942
ISNE,"11/11/2018 7 a.m. EST",11300,11310,9502,-1798
ISNE,"11/11/2018 8 a.m. EST",11755,11760,9781,-1974
ISNE,"11/11/2018 9 a.m. EST",11906,11910,9812,-2094
ISNE,"11/11/2018 10 a.m. EST",11839,11900,9619,-2220
ISNE,"11/11/2018 11 a.m. EST",11613,11770,9498,-2115
ISNE,"11/11/2018 12 p.m. EST",11430,11610,9538,-1892
ISNE,"11/11/2018 1 p.m. EST",11438,11680,9933,-1505
ISNE,"11/11/2018 2 p.m. EST",11580,11730,9928,-1652
ISNE,"11/11/2018 3 p.m. EST",12020,12000,10152,-1868
ISNE,"11/11/2018 4 p.m. EST",12851,12760,10623,-2228
ISNE,"11/11/2018 5 p.m. EST",14089,14260,11752,-2337
ISNE,"11/11/2018 6 p.m. EST",15141,15410,12982,-2159
ISNE,"11/11/2018 7 p.m. EST",14988,15200,12894,-2094
ISNE,"11/11/2018 8 p.m. EST",14561,14830,11966,-2595
ISNE,"11/11/2018 9 p.m. EST",14032,14220,11171,-2861
ISNE,"11/11/2018 10 p.m. EST",13285,13330,10390,-2895
ISNE,"11/11/2018 11 p.m. EST",12389,12360,9497,-2892
ISNE,"11/12/2018 12 a.m. EST",11670,11500,8679,-2991
ISNE,"11/12/2018 1 a.m. EST",11534,10910,8578,-2956
ISNE,"11/12/2018 2 a.m. EST",11283,10590,8405,-2878
ISNE,"11/12/2018 3 a.m. EST",11359,10470,8287,-3072
ISNE,"11/12/2018 4 a.m. EST",11513,10510,8383,-3130
ISNE,"11/12/2018 5 a.m. EST",11774,10900,8579,-3195
ISNE,"11/12/2018 6 a.m. EST",12583,11780,9412,-3171
ISNE,"11/12/2018 7 a.m. EST",13656,13100,10677,-2979
ISNE,"11/12/2018 8 a.m. EST",14093,13780,11421,-2672
ISNE,"11/12/2018 9 a.m. EST",13917,13700,11140,-2777
ISNE,"11/12/2018 10 a.m. EST",13473,13490,10408,-3065
ISNE,"11/12/2018 11 a.m. EST",13145,13240,10117,-3028
ISNE,"11/12/2018 12 p.m. EST",12897,13010,9866,-3031
ISNE,"11/12/2018 1 p.m. EST",12794,13020,10231,-2563
ISNE,"11/12/2018 2 p.m. EST",13150,13110,10408,-2742
ISNE,"11/12/2018 3 p.m. EST",13628,13400,10855,-2773
ISNE,"11/12/2018 4 p.m. EST",14179,14040,11304,-2875
ISNE,"11/12/2018 5 p.m. EST",15261,15110,12135,-3126
ISNE,"11/12/2018 6 p.m. EST",16189,16000,13158,-3031
ISNE,"11/12/2018 7 p.m. EST",15957,15830,13085,-2872
ISNE,"11/12/2018 8 p.m. EST",15435,15350,12291,-3144
ISNE,"11/12/2018 9 p.m. EST",14697,14670,11626,-3071
ISNE,"11/12/2018 10 p.m. EST",13777,13700,10714,-3063
ISNE,"11/12/2018 11 p.m. EST",12702,12560,9672,-3030
ISNE,"11/13/2018 12 a.m. EST",11944,11600,8855,-3089
ISNE,"11/13/2018 1 a.m. EST",11478,10880,8458,-3020
ISNE,"11/13/2018 2 a.m. EST",11097,10430,8230,-2867
ISNE,"11/13/2018 3 a.m. EST",10926,10230,8032,-2894
ISNE,"11/13/2018 4 a.m. EST",10934,10210,8068,-2866
ISNE,"11/13/2018 5 a.m. EST",11272,10520,8418,-2854
ISNE,"11/13/2018 6 a.m. EST",12081,11460,9229,-2852
ISNE,"11/13/2018 7 a.m. EST",13188,13110,10650,-2538
ISNE,"11/13/2018 8 a.m. EST",14202,14130,11678,-2524
ISNE,"11/13/2018 9 a.m. EST",14563,14540,12085,-2478
ISNE,"11/13/2018 10 a.m. EST",14791,14770,12110,-2681
ISNE,"11/13/2018 11 a.m. EST",14905,14840,12098,-2807
ISNE,"11/13/2018 12 p.m. EST",14871,14890,11960,-2911
ISNE,"11/13/2018 1 p.m. EST",14690,14790,11756,-2934
ISNE,"11/13/2018 2 p.m. EST",14612,14750,11590,-3022
ISNE,"11/13/2018 3 p.m. EST",14543,14680,11632,-2911
ISNE,"11/13/2018 4 p.m. EST",14690,14770,11809,-2881
ISNE,"11/13/2018 5 p.m. EST",15421,15510,12338,-3083
ISNE,"11/13/2018 6 p.m. EST",16087,16260,13042,-3045
ISNE,"11/13/2018 7 p.m. EST",15904,16070,12705,-3199
ISNE,"11/13/2018 8 p.m. EST",15411,15530,12303,-3108
ISNE,"11/13/2018 9 p.m. EST",14781,14900,11632,-3149
ISNE,"11/13/2018 10 p.m. EST",13836,13980,10947,-2889
ISNE,"11/13/2018 11 p.m. EST",12664,12880,9800,-2864
ISNE,"11/14/2018 12 a.m. EST",11943,11860,9066,-2877
ISNE,"11/14/2018 1 a.m. EST",11596,11100,8498,-3098
ISNE,"11/14/2018 2 a.m. EST",11561,10830,8351,-3210
ISNE,"11/14/2018 3 a.m. EST",11450,10610,8363,-3087
ISNE,"11/14/2018 4 a.m. EST",11513,10710,8511,-3002
ISNE,"11/14/2018 5 a.m. EST",11656,11220,8656,-3000
ISNE,"11/14/2018 6 a.m. EST",12405,12240,9183,-3222
ISNE,"11/14/2018 7 a.m. EST",14069,14050,11221,-2848
ISNE,"11/14/2018 8 a.m. EST",14870,14890,12234,-2636
ISNE,"11/14/2018 9 a.m. EST",14795,14740,11945,-2850
ISNE,"11/14/2018 10 a.m. EST",14364,14360,11026,-3338
ISNE,"11/14/2018 11 a.m. EST",13942,14090,10581,-3361
ISNE,"11/14/2018 12 p.m. EST",13698,13840,10392,-3306
ISNE,"11/14/2018 1 p.m. EST",13616,13790,10499,-3117
ISNE,"11/14/2018 2 p.m. EST",14033,13910,10904,-3129
ISNE,"11/14/2018 3 p.m. EST",14464,14170,11300,-3164
ISNE,"11/14/2018 4 p.m. EST",15185,14750,12154,-3031
ISNE,"11/14/2018 5 p.m. EST",16351,15950,13455,-2896
ISNE,"11/14/2018 6 p.m. EST",17214,17070,14454,-2760
ISNE,"11/14/2018 7 p.m. EST",17139,16940,14259,-2880
ISNE,"11/14/2018 8 p.m. EST",16871,16500,13999,-2872
ISNE,"11/14/2018 9 p.m. EST",16240,16030,13309,-2931
ISNE,"11/14/2018 10 p.m. EST",15310,15010,12169,-3141
ISNE,"11/14/2018 11 p.m. EST",14054,13820,10785,-3269
ISNE,"11/15/2018 12 a.m. EST",13280,12730,9765,-3515
ISNE,"11/15/2018 1 a.m. EST",12856,12280,9499,-3357
ISNE,"11/15/2018 2 a.m. EST",12498,11940,9191,-3307
ISNE,"11/15/2018 3 a.m. EST",12358,11810,9079,-3279
ISNE,"11/15/2018 4 a.m. EST",12389,11850,9062,-3327
ISNE,"11/15/2018 5 a.m. EST",12764,12260,9432,-3332
ISNE,"11/15/2018 6 a.m. EST",13568,13350,10231,-3337
ISNE,"11/15/2018 7 a.m. EST",15096,15120,11985,-3111
ISNE,"11/15/2018 8 a.m. EST",15896,15890,12956,-2940
ISNE,"11/15/2018 9 a.m. EST",15954,15930,12936,-3018
ISNE,"11/15/2018 10 a.m. EST",15917,15920,12912,-3005
ISNE,"11/15/2018 11 a.m. EST",15762,15640,12618,-3144
ISNE,"11/15/2018 12 p.m. EST",15549,15440,12150,-3399
ISNE,"11/15/2018 1 p.m. EST",15755,15250,12368,-3387
ISNE,"11/15/2018 2 p.m. EST",15916,15180,12638,-3278
ISNE,"11/15/2018 3 p.m. EST",15949,15370,12683,-3266
ISNE,"11/15/2018 4 p.m. EST",16162,15500,12991,-3171
ISNE,"11/15/2018 5 p.m. EST",16953,16480,13920,-3033
ISNE,"11/15/2018 6 p.m. EST",17465,17350,14618,-2847
ISNE,"11/15/2018 7 p.m. EST",17269,17050,14299,-2970
ISNE,"11/15/2018 8 p.m. EST",16883,16520,13644,-3239
ISNE,"11/15/2018 9 p.m. EST",16233,15750,12827,-3406
ISNE,"11/15/2018 10 p.m. EST",15248,14710,12039,-3209
ISNE,"11/15/2018 11 p.m. EST",14019,13490,10710,-3309
ISNE,"11/16/2018 12 a.m. EST",12992,12400,9456,-3536
ISNE,"11/16/2018 1 a.m. EST",12482,11860,9121,-3361
ISNE,"11/16/2018 2 a.m. EST",12044,11360,8741,-3303
ISNE,"11/16/2018 3 a.m. EST",12078,11220,8857,-3221
ISNE,"11/16/2018 4 a.m. EST",12040,11130,8851,-3189
ISNE,"11/16/2018 5 a.m. EST",12346,11350,9196,-3150
ISNE,"11/16/2018 6 a.m. EST",12947,12250,9853,-3094
ISNE,"11/16/2018 7 a.m. EST",14000,13890,10926,-3074
ISNE,"11/16/2018 8 a.m. EST",14990,14790,11668,-3322
ISNE,"11/16/2018 9 a.m. EST",15619,15020,12493,-3126
ISNE,"11/16/2018 10 a.m. EST",15783,15620,12574,-3209
ISNE,"11/16/2018 11 a.m. EST",15784,15500,12367,-3417
ISNE,"11/16/2018 12 p.m. EST",15785,15350,12416,-3369
ISNE,"11/16/2018 1 p.m. EST",15833,15220,12466,-3367
ISNE,"11/16/2018 2 p.m. EST",15626,15230,12279,-3347
ISNE,"11/16/2018 3 p.m. EST",15497,15280,12199,-3298
ISNE,"11/16/2018 4 p.m. EST",15559,15490,12289,-3270
ISNE,"11/16/2018 5 p.m. EST",16040,15850,12803,-3237
ISNE,"11/16/2018 6 p.m. EST",16581,16500,13277,-3304
ISNE,"11/16/2018 7 p.m. EST",16206,16130,12708,-3498
ISNE,"11/16/2018 8 p.m. EST",15651,15580,12388,-3263
ISNE,"11/16/2018 9 p.m. EST",15011,14900,11788,-3223
ISNE,"11/16/2018 10 p.m. EST",14232,14150,10886,-3346
ISNE,"11/16/2018 11 p.m. EST",13254,13180,9938,-3316
ISNE,"11/17/2018 12 a.m. EST",12594,12210,9263,-3331
ISNE,"11/17/2018 1 a.m. EST",12074,11530,8884,-3190
ISNE,"11/17/2018 2 a.m. EST",11631,11080,8502,-3129
ISNE,"11/17/2018 3 a.m. EST",11470,10860,8379,-3091
ISNE,"11/17/2018 4 a.m. EST",11592,10780,8473,-3119
ISNE,"11/17/2018 5 a.m. EST",11704,10920,8704,-3000
ISNE,"11/17/2018 6 a.m. EST",12123,11330,8994,-3129
ISNE,"11/17/2018 7 a.m. EST",12452,12020,9472,-2980
ISNE,"11/17/2018 8 a.m. EST",12747,12720,9764,-2983
ISNE,"11/17/2018 9 a.m. EST",13244,13180,10209,-3035
ISNE,"11/17/2018 10 a.m. EST",13243,13230,10126,-3117
ISNE,"11/17/2018 11 a.m. EST",13125,13080,10091,-3034
ISNE,"11/17/2018 12 p.m. EST",13441,13000,10322,-3119
ISNE,"11/17/2018 1 p.m. EST",13779,12710,10683,-3096
ISNE,"11/17/2018 2 p.m. EST",13605,13100,10550,-3055
ISNE,"11/17/2018 3 p.m. EST",13877,13210,10819,-3058
ISNE,"11/17/2018 4 p.m. EST",13946,13570,10920,-3026
ISNE,"11/17/2018 5 p.m. EST",14536,14400,11464,-3072
ISNE,"11/17/2018 6 p.m. EST",15098,15100,12073,-3025
ISNE,"11/17/2018 7 p.m. EST",14827,14960,11721,-3106
ISNE,"11/17/2018 8 p.m. EST",14368,14530,11228,-3140
ISNE,"11/17/2018 9 p.m. EST",13934,14020,10682,-3252
ISNE,"11/17/2018 10 p.m. EST",13532,13390,10245,-3287
ISNE,"11/17/2018 11 p.m. EST",12782,12610,9520,-3262
ISNE,"11/18/2018 12 a.m. EST",12273,11830,8962,-3311
ISNE,"11/18/2018 1 a.m. EST",12092,11120,8664,-3428
ISNE,"11/18/2018 2 a.m. EST",11701,10660,8487,-3214
ISNE,"11/18/2018 3 a.m. EST",11264,10420,7956,-3308
ISNE,"11/18/2018 4 a.m. EST",11211,10330,7995,-3216
ISNE,"11/18/2018 5 a.m. EST",11315,10440,8105,-3210
ISNE,"11/18/2018 6 a.m. EST",11374,10760,8214,-3160
ISNE,"11/18/2018 7 a.m. EST",11710,11370,8473,-3237
ISNE,"11/18/2018 8 a.m. EST",11999,12000,8928,-3071
ISNE,"11/18/2018 9 a.m. EST",12425,12650,9202,-3223
ISNE,"11/18/2018 10 a.m. EST",12610,12980,9329,-3281
ISNE,"11/18/2018 11 a.m. EST",12910,13100,9705,-3205
ISNE,"11/18/2018 12 p.m. EST",13210,13140,9978,-3232
ISNE,"11/18/2018 1 p.m. EST",13285,13250,10018,-3267
ISNE,"11/18/2018 2 p.m. EST",13480,13390,10244,-3236
ISNE,"11/18/2018 3 p.m. EST",13634,13590,10341,-3293
ISNE,"11/18/2018 4 p.m. EST",14029,14020,10752,-3277
ISNE,"11/18/2018 5 p.m. EST",15170,15280,11952,-3218
ISNE,"11/18/2018 6 p.m. EST",15897,15950,12639,-3258
ISNE,"11/18/2018 7 p.m. EST",15666,15790,12406,-3260
ISNE,"11/18/2018 8 p.m. EST",15181,15340,11897,-3284
ISNE,"11/18/2018 9 p.m. EST",14523,14780,11150,-3373
ISNE,"11/18/2018 10 p.m. EST",13638,13770,10213,-3425
ISNE,"11/18/2018 11 p.m. EST",12760,12570,9292,-3468
ISNE,"11/19/2018 12 a.m. EST",12163,11570,8809,-3354
ISNE,"11/19/2018 1 a.m. EST",11592,10990,8580,-3012
ISNE,"11/19/2018 2 a.m. EST",11522,10680,8362,-3160
ISNE,"11/19/2018 3 a.m. EST",11573,10560,8365,-3208
ISNE,"11/19/2018 4 a.m. EST",11695,10640,8414,-3281
ISNE,"11/19/2018 5 a.m. EST",12097,11050,8832,-3265
ISNE,"11/19/2018 6 a.m. EST",13115,12100,9810,-3305
ISNE,"11/19/2018 7 a.m. EST",14155,13840,11063,-3092
ISNE,"11/19/2018 8 a.m. EST",14890,14880,11809,-3081
ISNE,"11/19/2018 9 a.m. EST",15172,15170,11852,-3320
ISNE,"11/19/2018 10 a.m. EST",15293,15200,11831,-3462
ISNE,"11/19/2018 11 a.m. EST",15317,15320,11964,-3353
ISNE,"11/19/2018 12 p.m. EST",15188,15320,11773,-3415
ISNE,"11/19/2018 1 p.m. EST",14977,15250,11644,-3333
ISNE,"11/19/2018 2 p.m. EST",14920,15230,11485,-3435
ISNE,"11/19/2018 3 p.m. EST",14811,15160,11258,-3553
ISNE,"11/19/2018 4 p.m. EST",15001,15310,11543,-3458
ISNE,"11/19/2018 5 p.m. EST",15771,16020,12292,-3479
ISNE,"11/19/2018 6 p.m. EST",16447,16650,13081,-3366
ISNE,"11/19/2018 7 p.m. EST",16293,16450,12826,-3467
ISNE,"11/19/2018 8 p.m. EST",15836,16030,12248,-3588
ISNE,"11/19/2018 9 p.m. EST",15184,15370,11502,-3682
ISNE,"11/19/2018 10 p.m. EST",14201,14390,10523,-3678
ISNE,"11/19/2018 11 p.m. EST",13244,13100,9760,-3484
ISNE,"11/20/2018 12 a.m. EST",12406,11950,8895,-3511
ISNE,"11/20/2018 1 a.m. EST",11745,11200,8140,-3605
ISNE,"11/20/2018 2 a.m. EST",11592,10780,7943,-3649
ISNE,"11/20/2018 3 a.m. EST",11554,10600,7854,-3700
ISNE,"11/20/2018 4 a.m. EST",11671,10620,8115,-3556
ISNE,"11/20/2018 5 a.m. EST",11663,11010,8241,-3422
ISNE,"11/20/2018 6 a.m. EST",12231,12010,8953,-3278
ISNE,"11/20/2018 7 a.m. EST",13703,13720,10510,-3193
ISNE,"11/20/2018 8 a.m. EST",14824,14840,11589,-3235
ISNE,"11/20/2018 9 a.m. EST",15245,15240,11713,-3532
ISNE,"11/20/2018 10 a.m. EST",15496,15480,11912,-3584
ISNE,"11/20/2018 11 a.m. EST",15600,15400,11960,-3640
ISNE,"11/20/2018 12 p.m. EST",15678,15200,11981,-3697
ISNE,"11/20/2018 1 p.m. EST",15614,15130,11905,-3709
ISNE,"11/20/2018 2 p.m. EST",15596,15250,11830,-3766
ISNE,"11/20/2018 3 p.m. EST",15514,15340,11781,-3733
ISNE,"11/20/2018 4 p.m. EST",15630,15600,12077,-3553
ISNE,"11/20/2018 5 p.m. EST",16298,16520,12814,-3484
ISNE,"11/20/2018 6 p.m. EST",16866,17150,13384,-3482
ISNE,"11/20/2018 7 p.m. EST",16669,16970,13142,-3527
ISNE,"11/20/2018 8 p.m. EST",16236,16430,12593,-3643
ISNE,"11/20/2018 9 p.m. EST",15631,15610,11926,-3705
ISNE,"11/20/2018 10 p.m. EST",14757,14590,11146,-3611
ISNE,"11/20/2018 11 p.m. EST",13838,13360,10202,-3636
ISNE,"11/21/2018 12 a.m. EST",12808,12290,9211,-3597
ISNE,"11/21/2018 1 a.m. EST",12425,11810,8731,-3694
ISNE,"11/21/2018 2 a.m. EST",12491,11450,8778,-3713
ISNE,"11/21/2018 3 a.m. EST",12567,11260,8914,-3653
ISNE,"11/21/2018 4 a.m. EST",12656,11320,9046,-3610
ISNE,"11/21/2018 5 a.m. EST",12716,11680,9155,-3561
ISNE,"11/21/2018 6 a.m. EST",13130,12640,9606,-3524
ISNE,"11/21/2018 7 a.m. EST",14105,14140,10664,-3441
ISNE,"11/21/2018 8 a.m. EST",15005,15000,11609,-3396
ISNE,"11/21/2018 9 a.m. EST",15224,15230,11736,-3488
ISNE,"11/21/2018 10 a.m. EST",15281,15310,11511,-3770
ISNE,"11/21/2018 11 a.m. EST",15535,15200,11821,-3714
ISNE,"11/21/2018 12 p.m. EST",15552,14780,11832,-3720
ISNE,"11/21/2018 1 p.m. EST",15299,14510,11566,-3733
ISNE,"11/21/2018 2 p.m. EST",15126,14490,11568,-3558
ISNE,"11/21/2018 3 p.m. EST",14956,14660,11325,-3631
ISNE,"11/21/2018 4 p.m. EST",15208,15110,11597,-3611
ISNE,"11/21/2018 5 p.m. EST",16147,16180,12507,-3640
ISNE,"11/21/2018 6 p.m. EST",16808,17000,13223,-3585
ISNE,"11/21/2018 7 p.m. EST",16649,16880,13119,-3530
ISNE,"11/21/2018 8 p.m. EST",16361,16510,12701,-3660
ISNE,"11/21/2018 9 p.m. EST",15918,16040,12368,-3550
ISNE,"11/21/2018 10 p.m. EST",15307,15140,11824,-3483
ISNE,"11/21/2018 11 p.m. EST",14695,13960,11102,-3593
ISNE,"11/22/2018 12 a.m. EST",13854,12930,10266,-3588
ISNE,"11/22/2018 1 a.m. EST",13190,12610,9569,-3621
ISNE,"11/22/2018 2 a.m. EST",12842,12300,9233,-3609
ISNE,"11/22/2018 3 a.m. EST",12701,12110,8861,-3840
ISNE,"11/22/2018 4 a.m. EST",12719,12100,8870,-3849
ISNE,"11/22/2018 5 a.m. EST",12930,12350,9189,-3741
ISNE,"11/22/2018 6 a.m. EST",13276,12830,9611,-3665
ISNE,"11/22/2018 7 a.m. EST",13705,13420,10075,-3630
ISNE,"11/22/2018 8 a.m. EST",14451,14250,10692,-3759
ISNE,"11/22/2018 9 a.m. EST",15053,15040,11428,-3625
ISNE,"11/22/2018 10 a.m. EST",15359,15390,11208,-4151
ISNE,"11/22/2018 11 a.m. EST",15491,15850,11541,-3950
ISNE,"11/22/2018 12 p.m. EST",15526,15820,11597,-3929
ISNE,"11/22/2018 1 p.m. EST",15153,15500,11168,-3985
ISNE,"11/22/2018 2 p.m. EST",14657,14680,10708,-3949
ISNE,"11/22/2018 3 p.m. EST",14657,14290,10851,-3806
ISNE,"11/22/2018 4 p.m. EST",14945,14210,11354,-3591
ISNE,"11/22/2018 5 p.m. EST",15263,15080,11685,-3578
ISNE,"11/22/2018 6 p.m. EST",15619,15570,12116,-3503
ISNE,"11/22/2018 7 p.m. EST",15532,15570,11908,-3624
ISNE,"11/22/2018 8 p.m. EST",15475,15550,11811,-3664
ISNE,"11/22/2018 9 p.m. EST",15400,15400,11489,-3911
ISNE,"11/22/2018 10 p.m. EST",15065,14990,11179,-3886
ISNE,"11/22/2018 11 p.m. EST",14439,14400,10645,-3794
ISNE,"11/23/2018 12 a.m. EST",13779,13620,10211,-3568
ISNE,"11/23/2018 1 a.m. EST",13537,12950,9847,-3690
ISNE,"11/23/2018 2 a.m. EST",13316,12640,9774,-3542
ISNE,"11/23/2018 3 a.m. EST",13233,12570,9703,-3530
ISNE,"11/23/2018 4 a.m. EST",13498,12560,9930,-3568
ISNE,"11/23/2018 5 a.m. EST",13534,12820,9982,-3552
ISNE,"11/23/2018 6 a.m. EST",14066,13450,10566,-3500
ISNE,"11/23/2018 7 a.m. EST",14543,14070,11193,-3350
ISNE,"11/23/2018 8 a.m. EST",15013,14560,11512,-3501
ISNE,"11/23/2018 9 a.m. EST",14992,14840,11329,-3663
ISNE,"11/23/2018 10 a.m. EST",14673,14740,11195,-3478
ISNE,"11/23/2018 11 a.m. EST",14514,14490,11028,-3486
ISNE,"11/23/2018 12 p.m. EST",14342,14150,10827,-3515
ISNE,"11/23/2018 1 p.m. EST",14160,14010,10764,-3396
ISNE,"11/23/2018 2 p.m. EST",14433,13860,10969,-3464
ISNE,"11/23/2018 3 p.m. EST",14603,14040,11131,-3472
ISNE,"11/23/2018 4 p.m. EST",14961,14700,11535,-3426
ISNE,"11/23/2018 5 p.m. EST",16057,16140,12448,-3609
ISNE,"11/23/2018 6 p.m. EST",16743,17150,13229,-3514
ISNE,"11/23/2018 7 p.m. EST",16518,16790,12828,-3690
ISNE,"11/23/2018 8 p.m. EST",16130,16270,12379,-3751
ISNE,"11/23/2018 9 p.m. EST",15686,15740,12011,-3675
ISNE,"11/23/2018 10 p.m. EST",15039,15250,11397,-3642
ISNE,"11/23/2018 11 p.m. EST",14177,14510,10710,-3467
ISNE,"11/24/2018 12 a.m. EST",13414,13570,9905,-3509
ISNE,"11/24/2018 1 a.m. EST",12704,12570,9259,-3445
ISNE,"11/24/2018 2 a.m. EST",12563,12150,9013,-3550
ISNE,"11/24/2018 3 a.m. EST",12642,11920,9128,-3514
ISNE,"11/24/2018 4 a.m. EST",12640,11840,9091,-3549
ISNE,"11/24/2018 5 a.m. EST",12660,11940,9148,-3512
ISNE,"11/24/2018 6 a.m. EST",12565,12290,9170,-3395
ISNE,"11/24/2018 7 a.m. EST",13174,12910,9964,-3210
ISNE,"11/24/2018 8 a.m. EST",13889,13490,10730,-3159
ISNE,"11/24/2018 9 a.m. EST",14109,13850,10966,-3143
ISNE,"11/24/2018 10 a.m. EST",13968,13730,10775,-3193
ISNE,"11/24/2018 11 a.m. EST",13677,13630,10518,-3159
ISNE,"11/24/2018 12 p.m. EST",13601,13510,10507,-3094
ISNE,"11/24/2018 1 p.m. EST",13452,13360,10343,-3109
ISNE,"11/24/2018 2 p.m. EST",13512,13360,10425,-3087
ISNE,"11/24/2018 3 p.m. EST",13598,13450,10522,-3076
ISNE,"11/24/2018 4 p.m. EST",14001,13910,11011,-2990
ISNE,"11/24/2018 5 p.m. EST",14853,15070,11895,-2958
ISNE,"11/24/2018 6 p.m. EST",15340,15630,12290,-3050
ISNE,"11/24/2018 7 p.m. EST",15078,15260,12034,-3044
ISNE,"11/24/2018 8 p.m. EST",14661,14710,11526,-3135
ISNE,"11/24/2018 9 p.m. EST",14162,14160,10989,-3173
ISNE,"11/24/2018 10 p.m. EST",13532,13520,10384,-3148
ISNE,"11/24/2018 11 p.m. EST",12688,12690,9603,-3085
ISNE,"11/25/2018 12 a.m. EST",11828,11850,8700,-3128
ISNE,"11/25/2018 1 a.m. EST",11151,11140,8184,-2967
ISNE,"11/25/2018 2 a.m. EST",10706,10680,7824,-2882
ISNE,"11/25/2018 3 a.m. EST",10707,10430,7836,-2871
ISNE,"11/25/2018 4 a.m. EST",10874,10320,7888,-2986
ISNE,"11/25/2018 5 a.m. EST",10920,10360,7974,-2946
ISNE,"11/25/2018 6 a.m. EST",10876,10610,7894,-2982
ISNE,"11/25/2018 7 a.m. EST",11458,11100,8689,-2769
ISNE,"11/25/2018 8 a.m. EST",12165,11670,9586,-2579
ISNE,"11/25/2018 9 a.m. EST",12679,12440,9898,-2781
ISNE,"11/25/2018 10 a.m. EST",13301,13100,10187,-3114
ISNE,"11/25/2018 11 a.m. EST",13370,13370,10381,-2989
ISNE,"11/25/2018 12 p.m. EST",13535,13460,10356,-3179
ISNE,"11/25/2018 1 p.m. EST",13627,13450,10475,-3152
ISNE,"11/25/2018 2 p.m. EST",13609,13390,10499,-3110
ISNE,"11/25/2018 3 p.m. EST",13687,13370,10630,-3057
ISNE,"11/25/2018 4 p.m. EST",13956,13670,10907,-3049
ISNE,"11/25/2018 5 p.m. EST",14935,14930,11969,-2966
ISNE,"11/25/2018 6 p.m. EST",15529,15490,12587,-2942
ISNE,"11/25/2018 7 p.m. EST",15303,15270,12413,-2890
ISNE,"11/25/2018 8 p.m. EST",14823,14720,11891,-2932
ISNE,"11/25/2018 9 p.m. EST",14164,14090,11242,-2922
ISNE,"11/25/2018 10 p.m. EST",13236,13210,10101,-3135
ISNE,"11/25/2018 11 p.m. EST",12328,12220,8904,-3424
ISNE,"11/26/2018 12 a.m. EST",11497,11310,8292,-3205
ISNE,"11/26/2018 1 a.m. EST",11023,10590,8165,-2858
ISNE,"11/26/2018 2 a.m. EST",10566,10270,7773,-2793
ISNE,"11/26/2018 3 a.m. EST",10641,10160,7841,-2800
ISNE,"11/26/2018 4 a.m. EST",10789,10210,7975,-2814
ISNE,"11/26/2018 5 a.m. EST",11392,10680,8602,-2790
ISNE,"11/26/2018 6 a.m. EST",12154,11840,9587,-2567
ISNE,"11/26/2018 7 a.m. EST",13416,13530,11128,-2288
ISNE,"11/26/2018 8 a.m. EST",14472,14490,12352,-2120
ISNE,"11/26/2018 9 a.m. EST",14725,14890,12423,-2302
ISNE,"11/26/2018 10 a.m. EST",14822,14920,12347,-2475
ISNE,"11/26/2018 11 a.m. EST",14944,15040,12456,-2488
ISNE,"11/26/2018 12 p.m. EST",15010,15090,12567,-2443
ISNE,"11/26/2018 1 p.m. EST",15031,15080,12673,-2358
ISNE,"11/26/2018 2 p.m. EST",15050,15110,12835,-2215
ISNE,"11/26/2018 3 p.m. EST",15003,15190,12679,-2324
ISNE,"11/26/2018 4 p.m. EST",15314,15370,13066,-2248
ISNE,"11/26/2018 5 p.m. EST",16125,16080,13878,-2247
ISNE,"11/26/2018 6 p.m. EST",16650,16620,14465,-2185
ISNE,"11/26/2018 7 p.m. EST",16465,16400,14188,-2277
ISNE,"11/26/2018 8 p.m. EST",15979,15750,13617,-2362
ISNE,"11/26/2018 9 p.m. EST",15307,15000,12864,-2443
ISNE,"11/26/2018 10 p.m. EST",14299,13950,11798,-2501
ISNE,"11/26/2018 11 p.m. EST",13030,12720,10384,-2646
ISNE,"11/27/2018 12 a.m. EST",12234,11640,9563,-2671
ISNE,"11/27/2018 1 a.m. EST",12156,10720,9334,-2822
ISNE,"11/27/2018 2 a.m. EST",12100,10330,9363,-2737
ISNE,"11/27/2018 3 a.m. EST",11738,10170,8939,-2799
ISNE,"11/27/2018 4 a.m. EST",11688,10180,8909,-2779
ISNE,"11/27/2018 5 a.m. EST",12254,10590,9488,-2766
ISNE,"11/27/2018 6 a.m. EST",12872,11630,10279,-2593
ISNE,"11/27/2018 7 a.m. EST",13728,13350,11419,-2309
ISNE,"11/27/2018 8 a.m. EST",14459,14310,12229,-2230
ISNE,"11/27/2018 9 a.m. EST",14671,14610,12434,-2237
ISNE,"11/27/2018 10 a.m. EST",14669,14650,12300,-2369
ISNE,"11/27/2018 11 a.m. EST",14612,14670,12074,-2538
ISNE,"11/27/2018 12 p.m. EST",14539,14580,12143,-2396
ISNE,"11/27/2018 1 p.m. EST",14515,14470,12295,-2220
ISNE,"11/27/2018 2 p.m. EST",14646,14480,12289,-2357
ISNE,"11/27/2018 3 p.m. EST",14521,14600,12235,-2286
ISNE,"11/27/2018 4 p.m. EST",14902,14880,12637,-2265
ISNE,"11/27/2018 5 p.m. EST",15868,15970,13590,-2278
ISNE,"11/27/2018 6 p.m. EST",16663,16700,14211,-2452
ISNE,"11/27/2018 7 p.m. EST",16549,16450,13965,-2584
ISNE,"11/27/2018 8 p.m. EST",16134,16010,13388,-2746
ISNE,"11/27/2018 9 p.m. EST",15461,15320,12786,-2675
ISNE,"11/27/2018 10 p.m. EST",14609,14300,11856,-2753
ISNE,"11/27/2018 11 p.m. EST",13598,13040,10885,-2713
ISNE,"11/28/2018 12 a.m. EST",12706,11910,10247,-2459
ISNE,"11/28/2018 1 a.m. EST",12500,11410,9340,-3160
ISNE,"11/28/2018 2 a.m. EST",12122,11020,8969,-3153
ISNE,"11/28/2018 3 a.m. EST",11935,10870,8803,-3132
ISNE,"11/28/2018 4 a.m. EST",11944,10860,8834,-3110
ISNE,"11/28/2018 5 a.m. EST",12089,11240,9090,-2999
ISNE,"11/28/2018 6 a.m. EST",12708,12260,9747,-2961
ISNE,"11/28/2018 7 a.m. EST",14241,13890,11445,-2796
ISNE,"11/28/2018 8 a.m. EST",14852,14780,12223,-2629
ISNE,"11/28/2018 9 a.m. EST",14762,14780,11948,-2814
ISNE,"11/28/2018 10 a.m. EST",14442,14480,11675,-2767
ISNE,"11/28/2018 11 a.m. EST",14281,14410,11606,-2675
ISNE,"11/28/2018 12 p.m. EST",14504,14260,11792,-2712
ISNE,"11/28/2018 1 p.m. EST",14641,14220,11853,-2788
ISNE,"11/28/2018 2 p.m. EST",14752,14460,11977,-2775
ISNE,"11/28/2018 3 p.m. EST",14804,14620,12097,-2707
ISNE,"11/28/2018 4 p.m. EST",15155,15000,12530,-2625
ISNE,"11/28/2018 5 p.m. EST",16155,15990,13544,-2611
ISNE,"11/28/2018 6 p.m. EST",16912,16750,14082,-2830
ISNE,"11/28/2018 7 p.m. EST",16762,16440,13817,-2945
ISNE,"11/28/2018 8 p.m. EST",16329,15930,13332,-2997
ISNE,"11/28/2018 9 p.m. EST",15714,15290,12620,-3094
ISNE,"11/28/2018 10 p.m. EST",14698,14340,11638,-3060
ISNE,"11/28/2018 11 p.m. EST",13465,13130,10346,-3119
ISNE,"11/29/2018 12 a.m. EST",12670,12060,9939,-2731
ISNE,"11/29/2018 1 a.m. EST",12318,11500,9295,-3023
ISNE,"11/29/2018 2 a.m. EST",11956,11110,8930,-3026
ISNE,"11/29/2018 3 a.m. EST",11766,10920,8701,-3065
ISNE,"11/29/2018 4 a.m. EST",11937,10960,8856,-3081
ISNE,"11/29/2018 5 a.m. EST",12258,11340,9303,-2955
ISNE,"11/29/2018 6 a.m. EST",12822,12400,9912,-2910
ISNE,"11/29/2018 7 a.m. EST",14113,14150,11327,-2786
ISNE,"11/29/2018 8 a.m. EST",14937,14940,12356,-2581
ISNE,"11/29/2018 9 a.m. EST",14718,14690,11980,-2738
ISNE,"11/29/2018 10 a.m. EST",14268,14180,11606,-2662
ISNE,"11/29/2018 11 a.m. EST",14233,14020,11455,-2778
ISNE,"11/29/2018 12 p.m. EST",14305,13880,11580,-2725
ISNE,"11/29/2018 1 p.m. EST",14200,13930,11828,-2372
ISNE,"11/29/2018 2 p.m. EST",14266,14100,11964,-2302
ISNE,"11/29/2018 3 p.m. EST",14384,14220,11868,-2516
ISNE,"11/29/2018 4 p.m. EST",14808,14660,12147,-2661
ISNE,"11/29/2018 5 p.m. EST",15859,15810,13143,-2716
ISNE,"11/29/2018 6 p.m. EST",16701,16580,13969,-2732
ISNE,"11/29/2018 7 p.m. EST",16601,16340,13798,-2803
ISNE,"11/29/2018 8 p.m. EST",16227,15950,13390,-2837
ISNE,"11/29/2018 9 p.m. EST",15642,15370,12881,-2761
ISNE,"11/29/2018 10 p.m. EST",14716,14470,11872,-2844
ISNE,"11/29/2018 11 p.m. EST",13493,13290,10628,-2865
ISNE,"11/30/2018 12 a.m. EST",12441,12230,9625,-2816
ISNE,"11/30/2018 1 a.m. EST",12169,11660,9224,-2945
ISNE,"11/30/2018 2 a.m. EST",12076,11320,9079,-2997
ISNE,"11/30/2018 3 a.m. EST",12246,11190,9211,-3035
ISNE,"11/30/2018 4 a.m. EST",12337,11240,9396,-2941
ISNE,"11/30/2018 5 a.m. EST",12494,11630,9616,-2878
ISNE,"11/30/2018 6 a.m. EST",13009,12670,10237,-2772
ISNE,"11/30/2018 7 a.m. EST",14404,14430,11905,-2499
ISNE,"11/30/2018 8 a.m. EST",15262,15250,12907,-2355
ISNE,"11/30/2018 9 a.m. EST",15034,15000,12526,-2508
ISNE,"11/30/2018 10 a.m. EST",14552,14550,12436,-2116
ISNE,"11/30/2018 11 a.m. EST",14342,14320,12250,-2092
ISNE,"11/30/2018 12 p.m. EST",14518,14140,12387,-2131
ISNE,"11/30/2018 1 p.m. EST",14685,14060,12555,-2130
ISNE,"11/30/2018 2 p.m. EST",14884,14170,12707,-2177
ISNE,"11/30/2018 3 p.m. EST",14916,14450,12628,-2288
ISNE,"11/30/2018 4 p.m. EST",15132,14780,12900,-2232
ISNE,"11/30/2018 5 p.m. EST",16008,15700,13903,-2105
ISNE,"11/30/2018 6 p.m. EST",16502,16250,14343,-2159
ISNE,"11/30/2018 7 p.m. EST",16215,15790,14015,-2200
ISNE,"11/30/2018 8 p.m. EST",15733,15240,13059,-2674
ISNE,"11/30/2018 9 p.m. EST",15154,14680,12485,-2669
ISNE,"11/30/2018 10 p.m. EST",14538,13930,11939,-2599
ISNE,"11/30/2018 11 p.m. EST",13915,12980,11153,-2762
ISNE,"12/1/2018 12 a.m. EST",12888,12020,10241,-2647
