"BA Code","Timestamp (Hour Ending)","Demand (MWh)","Demand Forecast (MWh)","Net Generation (MWh)","Total Interchange (MWh)"
ISNE,"6/1/2017 12 a.m. EDT",11028,11200,9019,-2009
ISNE,"6/1/2017 1 a.m. EDT",10198,10170,7808,-2390
ISNE,"6/1/2017 2 a.m. EDT",9843,9670,7260,-2583
ISNE,"6/1/2017 3 a.m. EDT",9686,9410,7265,-2421
ISNE,"6/1/2017 4 a.m. EDT",9616,9380,7219,-2397
ISNE,"6/1/2017 5 a.m. EDT",9840,9630,7571,-2269
ISNE,"6/1/2017 6 a.m. EDT",10320,10420,8053,-2267
ISNE,"6/1/2017 7 a.m. EDT",11807,12080,9505,-2302
ISNE,"6/1/2017 8 a.m. EDT",12887,13120,10628,-2259
ISNE,"6/1/2017 9 a.m. EDT",13201,13590,11233,-1968
ISNE,"6/1/2017 10 a.m. EDT",13235,13700,11300,-1935
ISNE,"6/1/2017 11 a.m. EDT",13418,13860,11435,-1983
ISNE,"6/1/2017 12 p.m. EDT",13604,13960,11546,-2058
ISNE,"6/1/2017 1 p.m. EDT",13919,14000,12006,-1913
ISNE,"6/1/2017 2 p.m. EDT",14200,14080,12517,-1683
ISNE,"6/1/2017 3 p.m. EDT",14151,14150,12384,-1767
ISNE,"6/1/2017 4 p.m. EDT",14133,14300,12073,-2060
ISNE,"6/1/2017 5 p.m. EDT",14262,14480,12164,-2098
ISNE,"6/1/2017 6 p.m. EDT",14377,14700,12173,-2204
ISNE,"6/1/2017 7 p.m. EDT",14470,14580,12216,-2254
ISNE,"6/1/2017 8 p.m. EDT",14401,14510,12204,-2197
ISNE,"6/1/2017 9 p.m. EDT",14457,14430,12427,-2030
ISNE,"6/1/2017 10 p.m. EDT",13931,13690,12115,-1816
ISNE,"6/1/2017 11 p.m. EDT",12562,12320,10554,-2008
ISNE,"6/2/2017 12 a.m. EDT",11211,11070,9022,-2189
ISNE,"6/2/2017 1 a.m. EDT",10284,10140,7834,-2450
ISNE,"6/2/2017 2 a.m. EDT",10006,9640,7595,-2411
ISNE,"6/2/2017 3 a.m. EDT",9934,9370,7873,-2061
ISNE,"6/2/2017 4 a.m. EDT",9819,9310,7693,-2126
ISNE,"6/2/2017 5 a.m. EDT",9874,9560,7860,-2014
ISNE,"6/2/2017 6 a.m. EDT",10342,10290,8251,-2091
ISNE,"6/2/2017 7 a.m. EDT",11525,11590,9717,-1808
ISNE,"6/2/2017 8 a.m. EDT",12517,12700,10786,-1731
ISNE,"6/2/2017 9 a.m. EDT",12801,12950,11072,-1729
ISNE,"6/2/2017 10 a.m. EDT",12905,12940,11435,-1470
ISNE,"6/2/2017 11 a.m. EDT",13093,13010,11812,-1281
ISNE,"6/2/2017 12 p.m. EDT",13335,13200,11976,-1359
ISNE,"6/2/2017 1 p.m. EDT",13414,13280,11630,-1784
ISNE,"6/2/2017 2 p.m. EDT",13522,13340,11721,-1801
ISNE,"6/2/2017 3 p.m. EDT",13506,13370,11481,-2025
ISNE,"6/2/2017 4 p.m. EDT",13415,13560,11530,-1885
ISNE,"6/2/2017 5 p.m. EDT",13407,13630,11571,-1836
ISNE,"6/2/2017 6 p.m. EDT",13541,13690,11719,-1822
ISNE,"6/2/2017 7 p.m. EDT",13518,13680,11544,-1974
ISNE,"6/2/2017 8 p.m. EDT",13418,13540,11713,-1705
ISNE,"6/2/2017 9 p.m. EDT",13431,13540,11740,-1691
ISNE,"6/2/2017 10 p.m. EDT",13060,13120,11553,-1507
ISNE,"6/2/2017 11 p.m. EDT",11980,12100,10153,-1827
ISNE,"6/3/2017 12 a.m. EDT",10821,10950,8821,-2000
ISNE,"6/3/2017 1 a.m. EDT",9980,10030,7708,-2272
ISNE,"6/3/2017 2 a.m. EDT",9574,9540,7019,-2555
ISNE,"6/3/2017 3 a.m. EDT",9621,9230,6980,-2641
ISNE,"6/3/2017 4 a.m. EDT",9565,9120,6980,-2585
ISNE,"6/3/2017 5 a.m. EDT",9599,9170,7079,-2520
ISNE,"6/3/2017 6 a.m. EDT",9751,9350,6972,-2779
ISNE,"6/3/2017 7 a.m. EDT",10280,9720,7671,-2609
ISNE,"6/3/2017 8 a.m. EDT",10981,10420,8617,-2364
ISNE,"6/3/2017 9 a.m. EDT",11186,11140,9188,-1998
ISNE,"6/3/2017 10 a.m. EDT",11517,11560,9653,-1864
ISNE,"6/3/2017 11 a.m. EDT",11824,11590,9923,-1901
ISNE,"6/3/2017 12 p.m. EDT",11943,11480,9869,-2074
ISNE,"6/3/2017 1 p.m. EDT",11767,11390,9595,-2172
ISNE,"6/3/2017 2 p.m. EDT",11559,11240,9386,-2173
ISNE,"6/3/2017 3 p.m. EDT",11512,11210,9317,-2195
ISNE,"6/3/2017 4 p.m. EDT",11541,11440,9438,-2103
ISNE,"6/3/2017 5 p.m. EDT",11804,11670,9716,-2088
ISNE,"6/3/2017 6 p.m. EDT",12195,12000,10156,-2039
ISNE,"6/3/2017 7 p.m. EDT",12373,12140,10303,-2070
ISNE,"6/3/2017 8 p.m. EDT",12439,12220,10463,-1976
ISNE,"6/3/2017 9 p.m. EDT",12599,12490,10828,-1771
ISNE,"6/3/2017 10 p.m. EDT",12338,12220,10583,-1755
ISNE,"6/3/2017 11 p.m. EDT",11484,11360,9667,-1817
ISNE,"6/4/2017 12 a.m. EDT",10557,10400,8665,-1892
ISNE,"6/4/2017 1 a.m. EDT",10100,9820,7906,-2194
ISNE,"6/4/2017 2 a.m. EDT",9750,9330,7656,-2094
ISNE,"6/4/2017 3 a.m. EDT",9475,9050,7341,-2134
ISNE,"6/4/2017 4 a.m. EDT",9325,8930,7243,-2082
ISNE,"6/4/2017 5 a.m. EDT",9323,8940,7172,-2151
ISNE,"6/4/2017 6 a.m. EDT",9419,8980,7150,-2269
ISNE,"6/4/2017 7 a.m. EDT",9907,9270,7564,-2343
ISNE,"6/4/2017 8 a.m. EDT",10208,9730,7737,-2471
ISNE,"6/4/2017 9 a.m. EDT",10343,10430,8041,-2302
ISNE,"6/4/2017 10 a.m. EDT",10686,10720,8706,-1980
ISNE,"6/4/2017 11 a.m. EDT",10946,11140,8946,-2000
ISNE,"6/4/2017 12 p.m. EDT",11327,11400,9312,-2015
ISNE,"6/4/2017 1 p.m. EDT",11663,11590,9640,-2023
ISNE,"6/4/2017 2 p.m. EDT",11974,11650,9765,-2209
ISNE,"6/4/2017 3 p.m. EDT",12174,11720,9934,-2240
ISNE,"6/4/2017 4 p.m. EDT",12318,12090,9910,-2408
ISNE,"6/4/2017 5 p.m. EDT",12642,12500,10276,-2366
ISNE,"6/4/2017 6 p.m. EDT",13024,12870,10336,-2688
ISNE,"6/4/2017 7 p.m. EDT",13221,13040,10484,-2737
ISNE,"6/4/2017 8 p.m. EDT",13246,13200,10542,-2704
ISNE,"6/4/2017 9 p.m. EDT",13194,13090,10513,-2681
ISNE,"6/4/2017 10 p.m. EDT",12513,12590,9882,-2631
ISNE,"6/4/2017 11 p.m. EDT",11402,11470,8536,-2866
ISNE,"6/5/2017 12 a.m. EDT",10600,10430,7653,-2947
ISNE,"6/5/2017 1 a.m. EDT",10204,9750,7414,-2790
ISNE,"6/5/2017 2 a.m. EDT",10145,9350,7346,-2799
ISNE,"6/5/2017 3 a.m. EDT",10078,9190,7199,-2879
ISNE,"6/5/2017 4 a.m. EDT",10052,9220,7319,-2733
ISNE,"6/5/2017 5 a.m. EDT",10338,9480,7616,-2722
ISNE,"6/5/2017 6 a.m. EDT",10979,10310,8456,-2523
ISNE,"6/5/2017 7 a.m. EDT",12017,11910,9708,-2309
ISNE,"6/5/2017 8 a.m. EDT",13215,13230,10962,-2253
ISNE,"6/5/2017 9 a.m. EDT",13620,13630,11502,-2118
ISNE,"6/5/2017 10 a.m. EDT",13960,14080,12105,-1855
ISNE,"6/5/2017 11 a.m. EDT",14233,14210,12355,-1878
ISNE,"6/5/2017 12 p.m. EDT",14319,14260,12560,-1759
ISNE,"6/5/2017 1 p.m. EDT",14287,14230,12420,-1867
ISNE,"6/5/2017 2 p.m. EDT",14290,14250,12536,-1754
ISNE,"6/5/2017 3 p.m. EDT",14200,14200,12442,-1758
ISNE,"6/5/2017 4 p.m. EDT",14131,14190,12251,-1880
ISNE,"6/5/2017 5 p.m. EDT",14267,14320,12250,-2017
ISNE,"6/5/2017 6 p.m. EDT",14503,14540,12480,-2023
ISNE,"6/5/2017 7 p.m. EDT",14503,14510,12071,-2432
ISNE,"6/5/2017 8 p.m. EDT",14339,14360,11919,-2420
ISNE,"6/5/2017 9 p.m. EDT",14112,14180,11771,-2341
ISNE,"6/5/2017 10 p.m. EDT",13247,13510,11100,-2147
ISNE,"6/5/2017 11 p.m. EDT",11925,12160,9870,-2055
ISNE,"6/6/2017 12 a.m. EDT",10723,10950,8898,-1825
ISNE,"6/6/2017 1 a.m. EDT",10056,10080,7816,-2240
ISNE,"6/6/2017 2 a.m. EDT",10073,9610,7980,-2093
ISNE,"6/6/2017 3 a.m. EDT",10048,9380,7703,-2345
ISNE,"6/6/2017 4 a.m. EDT",10056,9270,8094,-1962
ISNE,"6/6/2017 5 a.m. EDT",10078,9570,8127,-1951
ISNE,"6/6/2017 6 a.m. EDT",10721,10410,8644,-2077
ISNE,"6/6/2017 7 a.m. EDT",12062,11980,9965,-2097
ISNE,"6/6/2017 8 a.m. EDT",13216,13200,11362,-1854
ISNE,"6/6/2017 9 a.m. EDT",13703,13590,11931,-1772
ISNE,"6/6/2017 10 a.m. EDT",13964,13880,12501,-1463
ISNE,"6/6/2017 11 a.m. EDT",14217,14050,12821,-1396
ISNE,"6/6/2017 12 p.m. EDT",14298,14140,12915,-1383
ISNE,"6/6/2017 1 p.m. EDT",14280,14120,12650,-1630
ISNE,"6/6/2017 2 p.m. EDT",14155,14170,12468,-1687
ISNE,"6/6/2017 3 p.m. EDT",14021,14070,12270,-1751
ISNE,"6/6/2017 4 p.m. EDT",14002,13950,12182,-1820
ISNE,"6/6/2017 5 p.m. EDT",14173,14110,12263,-1910
ISNE,"6/6/2017 6 p.m. EDT",14437,14320,12312,-2125
ISNE,"6/6/2017 7 p.m. EDT",14418,14350,12326,-2092
ISNE,"6/6/2017 8 p.m. EDT",14252,14280,12074,-2178
ISNE,"6/6/2017 9 p.m. EDT",14133,14140,12180,-1953
ISNE,"6/6/2017 10 p.m. EDT",13372,13410,11472,-1900
ISNE,"6/6/2017 11 p.m. EDT",12089,12140,9808,-2281
ISNE,"6/7/2017 12 a.m. EDT",10853,10960,8639,-2214
ISNE,"6/7/2017 1 a.m. EDT",10263,10040,7807,-2456
ISNE,"6/7/2017 2 a.m. EDT",10014,9600,7409,-2605
ISNE,"6/7/2017 3 a.m. EDT",9713,9380,7307,-2406
ISNE,"6/7/2017 4 a.m. EDT",9877,9360,7348,-2529
ISNE,"6/7/2017 5 a.m. EDT",10171,9580,7809,-2362
ISNE,"6/7/2017 6 a.m. EDT",10697,10300,8443,-2254
ISNE,"6/7/2017 7 a.m. EDT",11933,11800,9844,-2089
ISNE,"6/7/2017 8 a.m. EDT",12934,12930,10545,-2389
ISNE,"6/7/2017 9 a.m. EDT",13133,13260,10953,-2180
ISNE,"6/7/2017 10 a.m. EDT",13122,13290,11056,-2066
ISNE,"6/7/2017 11 a.m. EDT",13063,13180,11386,-1677
ISNE,"6/7/2017 12 p.m. EDT",12903,13050,11373,-1530
ISNE,"6/7/2017 1 p.m. EDT",12771,13050,11170,-1601
ISNE,"6/7/2017 2 p.m. EDT",12784,13030,11117,-1667
ISNE,"6/7/2017 3 p.m. EDT",12791,13190,11062,-1729
ISNE,"6/7/2017 4 p.m. EDT",12919,13370,11230,-1689
ISNE,"6/7/2017 5 p.m. EDT",13244,13530,11644,-1600
ISNE,"6/7/2017 6 p.m. EDT",13632,13690,11934,-1698
ISNE,"6/7/2017 7 p.m. EDT",13865,13730,12021,-1844
ISNE,"6/7/2017 8 p.m. EDT",13903,13830,12180,-1723
ISNE,"6/7/2017 9 p.m. EDT",13984,14020,12180,-1804
ISNE,"6/7/2017 10 p.m. EDT",13576,13490,11951,-1625
ISNE,"6/7/2017 11 p.m. EDT",12234,12160,10242,-1992
ISNE,"6/8/2017 12 a.m. EDT",10957,10890,8915,-2042
ISNE,"6/8/2017 1 a.m. EDT",10314,10020,8070,-2244
ISNE,"6/8/2017 2 a.m. EDT",9841,9560,7703,-2138
ISNE,"6/8/2017 3 a.m. EDT",9868,9320,7881,-1987
ISNE,"6/8/2017 4 a.m. EDT",9784,9240,7737,-2047
ISNE,"6/8/2017 5 a.m. EDT",10012,9560,7913,-2099
ISNE,"6/8/2017 6 a.m. EDT",10699,10370,8595,-2104
ISNE,"6/8/2017 7 a.m. EDT",11997,11960,9992,-2005
ISNE,"6/8/2017 8 a.m. EDT",12722,13140,10475,-2247
ISNE,"6/8/2017 9 a.m. EDT",12943,13530,10773,-2170
ISNE,"6/8/2017 10 a.m. EDT",13152,13710,11088,-2064
ISNE,"6/8/2017 11 a.m. EDT",13323,13930,11178,-2145
ISNE,"6/8/2017 12 p.m. EDT",13478,14110,11380,-2098
ISNE,"6/8/2017 1 p.m. EDT",13525,14150,11515,-2010
ISNE,"6/8/2017 2 p.m. EDT",13749,14260,11647,-2102
ISNE,"6/8/2017 3 p.m. EDT",13959,14380,11974,-1985
ISNE,"6/8/2017 4 p.m. EDT",14119,14550,12072,-2047
ISNE,"6/8/2017 5 p.m. EDT",14301,14610,12121,-2180
ISNE,"6/8/2017 6 p.m. EDT",14234,14750,11904,-2330
ISNE,"6/8/2017 7 p.m. EDT",14066,14570,11735,-2331
ISNE,"6/8/2017 8 p.m. EDT",14033,14390,11886,-2147
ISNE,"6/8/2017 9 p.m. EDT",14119,14390,12095,-2024
ISNE,"6/8/2017 10 p.m. EDT",13508,13840,11439,-2069
ISNE,"6/8/2017 11 p.m. EDT",12207,12520,10227,-1980
ISNE,"6/9/2017 12 a.m. EDT",11043,11220,9105,-1938
ISNE,"6/9/2017 1 a.m. EDT",10330,10050,8359,-1971
ISNE,"6/9/2017 2 a.m. EDT",9931,9570,7778,-2153
ISNE,"6/9/2017 3 a.m. EDT",9862,9320,7729,-2133
ISNE,"6/9/2017 4 a.m. EDT",9813,9290,7510,-2303
ISNE,"6/9/2017 5 a.m. EDT",10283,9530,7659,-2624
ISNE,"6/9/2017 6 a.m. EDT",10740,10270,8342,-2398
ISNE,"6/9/2017 7 a.m. EDT",11879,11650,9832,-2047
ISNE,"6/9/2017 8 a.m. EDT",12902,12840,10774,-2128
ISNE,"6/9/2017 9 a.m. EDT",13292,13230,10909,-2383
ISNE,"6/9/2017 10 a.m. EDT",13221,13490,11145,-2076
ISNE,"6/9/2017 11 a.m. EDT",13495,13690,11538,-1957
ISNE,"6/9/2017 12 p.m. EDT",13751,13820,11655,-2096
ISNE,"6/9/2017 1 p.m. EDT",13788,13920,11711,-2077
ISNE,"6/9/2017 2 p.m. EDT",13881,14030,11739,-2142
ISNE,"6/9/2017 3 p.m. EDT",14032,14010,11938,-2094
ISNE,"6/9/2017 4 p.m. EDT",14131,14080,12043,-2088
ISNE,"6/9/2017 5 p.m. EDT",14368,14200,12410,-1958
ISNE,"6/9/2017 6 p.m. EDT",14542,14240,12645,-1897
ISNE,"6/9/2017 7 p.m. EDT",14525,14050,12500,-2025
ISNE,"6/9/2017 8 p.m. EDT",14385,13880,12315,-2070
ISNE,"6/9/2017 9 p.m. EDT",14324,13960,12254,-2070
ISNE,"6/9/2017 10 p.m. EDT",13959,13570,12147,-1812
ISNE,"6/9/2017 11 p.m. EDT",12855,12470,10338,-2517
ISNE,"6/10/2017 12 a.m. EDT",11768,11300,9273,-2495
ISNE,"6/10/2017 1 a.m. EDT",10934,10820,8371,-2563
ISNE,"6/10/2017 2 a.m. EDT",10717,10220,7990,-2727
ISNE,"6/10/2017 3 a.m. EDT",10436,9870,7738,-2698
ISNE,"6/10/2017 4 a.m. EDT",10222,9420,7561,-2661
ISNE,"6/10/2017 5 a.m. EDT",10187,9450,7489,-2698
ISNE,"6/10/2017 6 a.m. EDT",10287,9590,7540,-2747
ISNE,"6/10/2017 7 a.m. EDT",10622,10210,8019,-2603
ISNE,"6/10/2017 8 a.m. EDT",11585,11080,8928,-2657
ISNE,"6/10/2017 9 a.m. EDT",12142,12020,9654,-2488
ISNE,"6/10/2017 10 a.m. EDT",12434,12660,10224,-2210
ISNE,"6/10/2017 11 a.m. EDT",12882,13120,10328,-2554
ISNE,"6/10/2017 12 p.m. EDT",13183,13420,10595,-2588
ISNE,"6/10/2017 1 p.m. EDT",13499,13580,11335,-2164
ISNE,"6/10/2017 2 p.m. EDT",13789,13730,11478,-2311
ISNE,"6/10/2017 3 p.m. EDT",13930,13850,11556,-2374
ISNE,"6/10/2017 4 p.m. EDT",14148,14160,11802,-2346
ISNE,"6/10/2017 5 p.m. EDT",14567,14480,12169,-2398
ISNE,"6/10/2017 6 p.m. EDT",14931,14800,12666,-2265
ISNE,"6/10/2017 7 p.m. EDT",15035,14900,12306,-2729
ISNE,"6/10/2017 8 p.m. EDT",14848,14760,11969,-2879
ISNE,"6/10/2017 9 p.m. EDT",14838,14910,11973,-2865
ISNE,"6/10/2017 10 p.m. EDT",14591,14600,12156,-2435
ISNE,"6/10/2017 11 p.m. EDT",13619,13540,11021,-2598
ISNE,"6/11/2017 12 a.m. EDT",12479,12420,9974,-2505
ISNE,"6/11/2017 1 a.m. EDT",11722,11670,8861,-2861
ISNE,"6/11/2017 2 a.m. EDT",11286,11000,8649,-2637
ISNE,"6/11/2017 3 a.m. EDT",11163,10580,8421,-2742
ISNE,"6/11/2017 4 a.m. EDT",10723,10100,8054,-2669
ISNE,"6/11/2017 5 a.m. EDT",10512,10000,8028,-2484
ISNE,"6/11/2017 6 a.m. EDT",10494,9960,8210,-2284
ISNE,"6/11/2017 7 a.m. EDT",10920,10530,8793,-2127
ISNE,"6/11/2017 8 a.m. EDT",11477,11450,9550,-1927
ISNE,"6/11/2017 9 a.m. EDT",12517,12780,10764,-1753
ISNE,"6/11/2017 10 a.m. EDT",13692,13950,11707,-1985
ISNE,"6/11/2017 11 a.m. EDT",14659,14750,12695,-1964
ISNE,"6/11/2017 12 p.m. EDT",15371,15830,13434,-1937
ISNE,"6/11/2017 1 p.m. EDT",15799,16470,13739,-2060
ISNE,"6/11/2017 2 p.m. EDT",16121,16820,13781,-2340
ISNE,"6/11/2017 3 p.m. EDT",16497,17390,14117,-2380
ISNE,"6/11/2017 4 p.m. EDT",17061,17990,14701,-2360
ISNE,"6/11/2017 5 p.m. EDT",17874,18640,15617,-2257
ISNE,"6/11/2017 6 p.m. EDT",18564,19000,16479,-2085
ISNE,"6/11/2017 7 p.m. EDT",18885,18920,16330,-2555
ISNE,"6/11/2017 8 p.m. EDT",18732,18420,15819,-2913
ISNE,"6/11/2017 9 p.m. EDT",18522,18390,15513,-3009
ISNE,"6/11/2017 10 p.m. EDT",17946,17780,15139,-2807
ISNE,"6/11/2017 11 p.m. EDT",16283,16190,13585,-2698
ISNE,"6/12/2017 12 a.m. EDT",14799,14650,11871,-2928
ISNE,"6/12/2017 1 a.m. EDT",13893,13540,11021,-2872
ISNE,"6/12/2017 2 a.m. EDT",13369,12720,10420,-2949
ISNE,"6/12/2017 3 a.m. EDT",13123,12280,10084,-3039
ISNE,"6/12/2017 4 a.m. EDT",12922,11950,9802,-3120
ISNE,"6/12/2017 5 a.m. EDT",13003,12000,10223,-2780
ISNE,"6/12/2017 6 a.m. EDT",13533,12710,10822,-2711
ISNE,"6/12/2017 7 a.m. EDT",14465,14310,12103,-2362
ISNE,"6/12/2017 8 a.m. EDT",15935,16170,13657,-2278
ISNE,"6/12/2017 9 a.m. EDT",17038,17330,14981,-2057
ISNE,"6/12/2017 10 a.m. EDT",17980,18500,15848,-2132
ISNE,"6/12/2017 11 a.m. EDT",18984,19670,16993,-1991
ISNE,"6/12/2017 12 p.m. EDT",19871,20540,17579,-2292
ISNE,"6/12/2017 1 p.m. EDT",20589,21140,17729,-2860
ISNE,"6/12/2017 2 p.m. EDT",21274,21870,18145,-3129
ISNE,"6/12/2017 3 p.m. EDT",21730,22430,18850,-2880
ISNE,"6/12/2017 4 p.m. EDT",22269,22870,19588,-2681
ISNE,"6/12/2017 5 p.m. EDT",22802,23400,20179,-2623
ISNE,"6/12/2017 6 p.m. EDT",23087,23210,20349,-2738
ISNE,"6/12/2017 7 p.m. EDT",22916,22870,20007,-2909
ISNE,"6/12/2017 8 p.m. EDT",22345,21830,19315,-3030
ISNE,"6/12/2017 9 p.m. EDT",21758,21650,18819,-2939
ISNE,"6/12/2017 10 p.m. EDT",20718,20510,18101,-2617
ISNE,"6/12/2017 11 p.m. EDT",18582,18440,16019,-2563
ISNE,"6/13/2017 12 a.m. EDT",16628,16440,14064,-2564
ISNE,"6/13/2017 1 a.m. EDT",15785,14880,13061,-2724
ISNE,"6/13/2017 2 a.m. EDT",15178,14090,12557,-2621
ISNE,"6/13/2017 3 a.m. EDT",14915,13450,12301,-2614
ISNE,"6/13/2017 4 a.m. EDT",14539,13080,11735,-2804
ISNE,"6/13/2017 5 a.m. EDT",14552,13180,11782,-2770
ISNE,"6/13/2017 6 a.m. EDT",14886,13720,12296,-2590
ISNE,"6/13/2017 7 a.m. EDT",15754,15370,13717,-2037
ISNE,"6/13/2017 8 a.m. EDT",17084,17010,14786,-2298
ISNE,"6/13/2017 9 a.m. EDT",18222,18310,15508,-2714
ISNE,"6/13/2017 10 a.m. EDT",19160,19200,16530,-2630
ISNE,"6/13/2017 11 a.m. EDT",20032,20190,17187,-2845
ISNE,"6/13/2017 12 p.m. EDT",20984,20900,17981,-3003
ISNE,"6/13/2017 1 p.m. EDT",21756,21270,18689,-3067
ISNE,"6/13/2017 2 p.m. EDT",22532,21820,19368,-3164
ISNE,"6/13/2017 3 p.m. EDT",23095,22290,19873,-3222
ISNE,"6/13/2017 4 p.m. EDT",23516,22470,20297,-3219
ISNE,"6/13/2017 5 p.m. EDT",23717,22500,20590,-3127
ISNE,"6/13/2017 6 p.m. EDT",23426,22330,20109,-3317
ISNE,"6/13/2017 7 p.m. EDT",22831,21880,19325,-3506
ISNE,"6/13/2017 8 p.m. EDT",22206,21150,19049,-3157
ISNE,"6/13/2017 9 p.m. EDT",21702,20540,18557,-3145
ISNE,"6/13/2017 10 p.m. EDT",20612,19500,17537,-3075
ISNE,"6/13/2017 11 p.m. EDT",18501,17540,15690,-2811
ISNE,"6/14/2017 12 a.m. EDT",16697,15520,14282,-2415
ISNE,"6/14/2017 1 a.m. EDT",15285,14540,12633,-2652
ISNE,"6/14/2017 2 a.m. EDT",14371,13580,11754,-2617
ISNE,"6/14/2017 3 a.m. EDT",13784,12870,11794,-1990
ISNE,"6/14/2017 4 a.m. EDT",13560,12480,11570,-1990
ISNE,"6/14/2017 5 a.m. EDT",13856,12870,11317,-2539
ISNE,"6/14/2017 6 a.m. EDT",13767,13220,11228,-2539
ISNE,"6/14/2017 7 a.m. EDT",14519,14370,12145,-2374
ISNE,"6/14/2017 8 a.m. EDT",15557,15570,13316,-2241
ISNE,"6/14/2017 9 a.m. EDT",15871,16000,13505,-2366
ISNE,"6/14/2017 10 a.m. EDT",16064,16260,14011,-2053
ISNE,"6/14/2017 11 a.m. EDT",16340,16440,14284,-2056
ISNE,"6/14/2017 12 p.m. EDT",16594,16430,14584,-2010
ISNE,"6/14/2017 1 p.m. EDT",16784,16600,14779,-2005
ISNE,"6/14/2017 2 p.m. EDT",17106,16950,15109,-1997
ISNE,"6/14/2017 3 p.m. EDT",17339,17190,15568,-1771
ISNE,"6/14/2017 4 p.m. EDT",17711,17340,16081,-1630
ISNE,"6/14/2017 5 p.m. EDT",18091,17450,16436,-1655
ISNE,"6/14/2017 6 p.m. EDT",18156,17600,16035,-2121
ISNE,"6/14/2017 7 p.m. EDT",17792,17270,15779,-2013
ISNE,"6/14/2017 8 p.m. EDT",17121,16900,15347,-1774
ISNE,"6/14/2017 9 p.m. EDT",16515,16690,14442,-2073
ISNE,"6/14/2017 10 p.m. EDT",15778,15900,13399,-2379
ISNE,"6/14/2017 11 p.m. EDT",14159,14240,11799,-2360
ISNE,"6/15/2017 12 a.m. EDT",12525,12620,10415,-2110
ISNE,"6/15/2017 1 a.m. EDT",11463,11500,9680,-1783
ISNE,"6/15/2017 2 a.m. EDT",11428,10780,9318,-2110
ISNE,"6/15/2017 3 a.m. EDT",11473,10330,9390,-2083
ISNE,"6/15/2017 4 a.m. EDT",11285,10100,9235,-2050
ISNE,"6/15/2017 5 a.m. EDT",11391,10190,8920,-2471
ISNE,"6/15/2017 6 a.m. EDT",11967,10720,9568,-2399
ISNE,"6/15/2017 7 a.m. EDT",12674,12130,10854,-1820
ISNE,"6/15/2017 8 a.m. EDT",13448,13230,11987,-1461
ISNE,"6/15/2017 9 a.m. EDT",13831,13640,12751,-1080
ISNE,"6/15/2017 10 a.m. EDT",14044,14060,12927,-1117
ISNE,"6/15/2017 11 a.m. EDT",14258,14280,13138,-1120
ISNE,"6/15/2017 12 p.m. EDT",14473,14450,13267,-1206
ISNE,"6/15/2017 1 p.m. EDT",14598,14550,13377,-1221
ISNE,"6/15/2017 2 p.m. EDT",14871,14790,13651,-1220
ISNE,"6/15/2017 3 p.m. EDT",15048,15010,13819,-1229
ISNE,"6/15/2017 4 p.m. EDT",15334,15310,14138,-1196
ISNE,"6/15/2017 5 p.m. EDT",15609,15650,14276,-1333
ISNE,"6/15/2017 6 p.m. EDT",15743,15830,14441,-1302
ISNE,"6/15/2017 7 p.m. EDT",15544,15620,14183,-1361
ISNE,"6/15/2017 8 p.m. EDT",15220,15390,13894,-1326
ISNE,"6/15/2017 9 p.m. EDT",15122,15330,13831,-1291
ISNE,"6/15/2017 10 p.m. EDT",14553,14710,13027,-1526
ISNE,"6/15/2017 11 p.m. EDT",13212,13200,11262,-1950
ISNE,"6/16/2017 12 a.m. EDT",11879,11750,10184,-1695
ISNE,"6/16/2017 1 a.m. EDT",11252,10840,9418,-1834
ISNE,"6/16/2017 2 a.m. EDT",11005,10320,9196,-1809
ISNE,"6/16/2017 3 a.m. EDT",10977,10020,9010,-1967
ISNE,"6/16/2017 4 a.m. EDT",10908,9960,8989,-1919
ISNE,"6/16/2017 5 a.m. EDT",11066,10190,9068,-1998
ISNE,"6/16/2017 6 a.m. EDT",11347,10920,9696,-1651
ISNE,"6/16/2017 7 a.m. EDT",12501,12330,11337,-1164
ISNE,"6/16/2017 8 a.m. EDT",13512,13500,12460,-1052
ISNE,"6/16/2017 9 a.m. EDT",14109,13940,13106,-1003
ISNE,"6/16/2017 10 a.m. EDT",14389,14210,13326,-1063
ISNE,"6/16/2017 11 a.m. EDT",14633,14480,13445,-1188
ISNE,"6/16/2017 12 p.m. EDT",14883,14650,13647,-1236
ISNE,"6/16/2017 1 p.m. EDT",14987,14640,13692,-1295
ISNE,"6/16/2017 2 p.m. EDT",15148,14740,13824,-1324
ISNE,"6/16/2017 3 p.m. EDT",15113,14700,13787,-1326
ISNE,"6/16/2017 4 p.m. EDT",14951,14620,13505,-1446
ISNE,"6/16/2017 5 p.m. EDT",14830,14610,13353,-1477
ISNE,"6/16/2017 6 p.m. EDT",14714,14590,13156,-1558
ISNE,"6/16/2017 7 p.m. EDT",14497,14420,12940,-1557
ISNE,"6/16/2017 8 p.m. EDT",14265,14210,12654,-1611
ISNE,"6/16/2017 9 p.m. EDT",14126,14160,12519,-1607
ISNE,"6/16/2017 10 p.m. EDT",13605,13810,11925,-1680
ISNE,"6/16/2017 11 p.m. EDT",12754,12820,10954,-1800
ISNE,"6/17/2017 12 a.m. EDT",11805,11710,10098,-1707
ISNE,"6/17/2017 1 a.m. EDT",11227,10680,8860,-2367
ISNE,"6/17/2017 2 a.m. EDT",10700,10160,8550,-2150
ISNE,"6/17/2017 3 a.m. EDT",10665,9890,8672,-1993
ISNE,"6/17/2017 4 a.m. EDT",10579,9760,8559,-2020
ISNE,"6/17/2017 5 a.m. EDT",10807,9850,8612,-2195
ISNE,"6/17/2017 6 a.m. EDT",11067,10060,8854,-2213
ISNE,"6/17/2017 7 a.m. EDT",11559,10680,9195,-2364
ISNE,"6/17/2017 8 a.m. EDT",11850,11670,9651,-2199
ISNE,"6/17/2017 9 a.m. EDT",12408,12730,10498,-1910
ISNE,"6/17/2017 10 a.m. EDT",13100,13430,11306,-1794
ISNE,"6/17/2017 11 a.m. EDT",13435,13940,11762,-1673
ISNE,"6/17/2017 12 p.m. EDT",13547,14230,11928,-1619
ISNE,"6/17/2017 1 p.m. EDT",13495,14540,11999,-1496
ISNE,"6/17/2017 2 p.m. EDT",13468,14680,12073,-1395
ISNE,"6/17/2017 3 p.m. EDT",13574,14730,11954,-1620
ISNE,"6/17/2017 4 p.m. EDT",13671,14840,12071,-1600
ISNE,"6/17/2017 5 p.m. EDT",13809,15110,12298,-1511
ISNE,"6/17/2017 6 p.m. EDT",14057,15270,12546,-1511
ISNE,"6/17/2017 7 p.m. EDT",14167,15360,12636,-1531
ISNE,"6/17/2017 8 p.m. EDT",14186,15140,12514,-1672
ISNE,"6/17/2017 9 p.m. EDT",14303,15170,12566,-1737
ISNE,"6/17/2017 10 p.m. EDT",14119,14990,12355,-1764
ISNE,"6/17/2017 11 p.m. EDT",13293,13960,11284,-2009
ISNE,"6/18/2017 12 a.m. EDT",12279,12790,10420,-1859
ISNE,"6/18/2017 1 a.m. EDT",11495,11430,9456,-2039
ISNE,"6/18/2017 2 a.m. EDT",11160,10880,8915,-2245
ISNE,"6/18/2017 3 a.m. EDT",11066,10550,8702,-2364
ISNE,"6/18/2017 4 a.m. EDT",11081,10380,8695,-2386
ISNE,"6/18/2017 5 a.m. EDT",11135,10370,8734,-2401
ISNE,"6/18/2017 6 a.m. EDT",11308,10490,8765,-2543
ISNE,"6/18/2017 7 a.m. EDT",11613,10950,9386,-2227
ISNE,"6/18/2017 8 a.m. EDT",12097,11780,9880,-2217
ISNE,"6/18/2017 9 a.m. EDT",12905,12870,10917,-1988
ISNE,"6/18/2017 10 a.m. EDT",13511,13670,11871,-1640
ISNE,"6/18/2017 11 a.m. EDT",14198,14370,12684,-1514
ISNE,"6/18/2017 12 p.m. EDT",14907,14890,13382,-1525
ISNE,"6/18/2017 1 p.m. EDT",15467,15250,14040,-1427
ISNE,"6/18/2017 2 p.m. EDT",15965,15470,14592,-1373
ISNE,"6/18/2017 3 p.m. EDT",16359,15630,14870,-1489
ISNE,"6/18/2017 4 p.m. EDT",16730,15950,15054,-1676
ISNE,"6/18/2017 5 p.m. EDT",17231,16280,15472,-1759
ISNE,"6/18/2017 6 p.m. EDT",17621,16750,15617,-2004
ISNE,"6/18/2017 7 p.m. EDT",17695,16900,15626,-2069
ISNE,"6/18/2017 8 p.m. EDT",17510,16730,15496,-2014
ISNE,"6/18/2017 9 p.m. EDT",17486,16740,15454,-2032
ISNE,"6/18/2017 10 p.m. EDT",17078,16410,14968,-2110
ISNE,"6/18/2017 11 p.m. EDT",15677,15080,13425,-2252
ISNE,"6/19/2017 12 a.m. EDT",14205,13750,11688,-2517
ISNE,"6/19/2017 1 a.m. EDT",13402,13180,10844,-2558
ISNE,"6/19/2017 2 a.m. EDT",13127,12600,10731,-2396
ISNE,"6/19/2017 3 a.m. EDT",12827,12270,10512,-2315
ISNE,"6/19/2017 4 a.m. EDT",12951,12190,10347,-2604
ISNE,"6/19/2017 5 a.m. EDT",13247,12520,10585,-2662
ISNE,"6/19/2017 6 a.m. EDT",13590,13050,11245,-2345
ISNE,"6/19/2017 7 a.m. EDT",14874,14490,12894,-1980
ISNE,"6/19/2017 8 a.m. EDT",16389,16080,14632,-1757
ISNE,"6/19/2017 9 a.m. EDT",17234,16970,15329,-1905
ISNE,"6/19/2017 10 a.m. EDT",17940,17760,15975,-1965
ISNE,"6/19/2017 11 a.m. EDT",18607,18450,16452,-2155
ISNE,"6/19/2017 12 p.m. EDT",19075,18890,16574,-2501
ISNE,"6/19/2017 1 p.m. EDT",19458,19460,17179,-2279
ISNE,"6/19/2017 2 p.m. EDT",19937,19900,17451,-2486
ISNE,"6/19/2017 3 p.m. EDT",20365,20210,17853,-2512
ISNE,"6/19/2017 4 p.m. EDT",20598,20370,18341,-2257
ISNE,"6/19/2017 5 p.m. EDT",20516,20560,18326,-2190
ISNE,"6/19/2017 6 p.m. EDT",20424,20750,18046,-2378
ISNE,"6/19/2017 7 p.m. EDT",19895,20370,17437,-2458
ISNE,"6/19/2017 8 p.m. EDT",19231,19580,16584,-2647
ISNE,"6/19/2017 9 p.m. EDT",18721,19250,16269,-2452
ISNE,"6/19/2017 10 p.m. EDT",17684,18420,15592,-2092
ISNE,"6/19/2017 11 p.m. EDT",16021,16550,14145,-1876
ISNE,"6/20/2017 12 a.m. EDT",14404,14750,12430,-1974
ISNE,"6/20/2017 1 a.m. EDT",13633,13470,11497,-2136
ISNE,"6/20/2017 2 a.m. EDT",13426,12760,10934,-2492
ISNE,"6/20/2017 3 a.m. EDT",13272,12310,10692,-2580
ISNE,"6/20/2017 4 a.m. EDT",13301,12000,10564,-2737
ISNE,"6/20/2017 5 a.m. EDT",13387,12160,10540,-2847
ISNE,"6/20/2017 6 a.m. EDT",13784,12890,11156,-2628
ISNE,"6/20/2017 7 a.m. EDT",14706,14400,12172,-2534
ISNE,"6/20/2017 8 a.m. EDT",15748,15930,13479,-2269
ISNE,"6/20/2017 9 a.m. EDT",16436,16700,14251,-2185
ISNE,"6/20/2017 10 a.m. EDT",16962,17270,15038,-1924
ISNE,"6/20/2017 11 a.m. EDT",17576,17940,15635,-1941
ISNE,"6/20/2017 12 p.m. EDT",18038,18520,15992,-2046
ISNE,"6/20/2017 1 p.m. EDT",18255,18870,16007,-2248
ISNE,"6/20/2017 2 p.m. EDT",18554,19260,16259,-2295
ISNE,"6/20/2017 3 p.m. EDT",18725,19540,16404,-2321
ISNE,"6/20/2017 4 p.m. EDT",19009,19830,16415,-2594
ISNE,"6/20/2017 5 p.m. EDT",19297,20000,16620,-2677
ISNE,"6/20/2017 6 p.m. EDT",19411,19820,16594,-2817
ISNE,"6/20/2017 7 p.m. EDT",19082,19320,16455,-2627
ISNE,"6/20/2017 8 p.m. EDT",18458,18650,16078,-2380
ISNE,"6/20/2017 9 p.m. EDT",17897,18340,15470,-2427
ISNE,"6/20/2017 10 p.m. EDT",17187,17580,14964,-2223
ISNE,"6/20/2017 11 p.m. EDT",15493,15870,13391,-2102
ISNE,"6/21/2017 12 a.m. EDT",13764,14180,11713,-2051
ISNE,"6/21/2017 1 a.m. EDT",12823,12710,10663,-2160
ISNE,"6/21/2017 2 a.m. EDT",12537,11930,10276,-2261
ISNE,"6/21/2017 3 a.m. EDT",12310,11450,10247,-2063
ISNE,"6/21/2017 4 a.m. EDT",12351,11090,10118,-2233
ISNE,"6/21/2017 5 a.m. EDT",12230,11240,9973,-2257
ISNE,"6/21/2017 6 a.m. EDT",12582,11780,10289,-2293
ISNE,"6/21/2017 7 a.m. EDT",13451,13200,11553,-1898
ISNE,"6/21/2017 8 a.m. EDT",14531,14600,12919,-1612
ISNE,"6/21/2017 9 a.m. EDT",15335,15470,13827,-1508
ISNE,"6/21/2017 10 a.m. EDT",15876,15840,14196,-1680
ISNE,"6/21/2017 11 a.m. EDT",16336,16530,14524,-1812
ISNE,"6/21/2017 12 p.m. EDT",16684,16910,14997,-1687
ISNE,"6/21/2017 1 p.m. EDT",16986,17120,15439,-1547
ISNE,"6/21/2017 2 p.m. EDT",17334,17540,15663,-1671
ISNE,"6/21/2017 3 p.m. EDT",17649,17850,15952,-1697
ISNE,"6/21/2017 4 p.m. EDT",17965,18100,16178,-1787
ISNE,"6/21/2017 5 p.m. EDT",18293,18600,16200,-2093
ISNE,"6/21/2017 6 p.m. EDT",18424,18390,16221,-2203
ISNE,"6/21/2017 7 p.m. EDT",18170,18000,16033,-2137
ISNE,"6/21/2017 8 p.m. EDT",17673,17390,15778,-1895
ISNE,"6/21/2017 9 p.m. EDT",17194,17130,15218,-1976
ISNE,"6/21/2017 10 p.m. EDT",16616,16540,14846,-1770
ISNE,"6/21/2017 11 p.m. EDT",15056,15000,13314,-1742
ISNE,"6/22/2017 12 a.m. EDT",13636,13440,11762,-1874
ISNE,"6/22/2017 1 a.m. EDT",12652,12100,10581,-2071
ISNE,"6/22/2017 2 a.m. EDT",11930,11390,9614,-2316
ISNE,"6/22/2017 3 a.m. EDT",11838,10940,9327,-2511
ISNE,"6/22/2017 4 a.m. EDT",11745,10690,9039,-2706
ISNE,"6/22/2017 5 a.m. EDT",11820,10770,9112,-2708
ISNE,"6/22/2017 6 a.m. EDT",12335,11340,9687,-2648
ISNE,"6/22/2017 7 a.m. EDT",13197,12720,10766,-2431
ISNE,"6/22/2017 8 a.m. EDT",14032,13980,11784,-2248
ISNE,"6/22/2017 9 a.m. EDT",14651,14660,12723,-1928
ISNE,"6/22/2017 10 a.m. EDT",15103,15120,12989,-2114
ISNE,"6/22/2017 11 a.m. EDT",15572,15730,13611,-1961
ISNE,"6/22/2017 12 p.m. EDT",16018,16120,13996,-2022
ISNE,"6/22/2017 1 p.m. EDT",16401,16520,14572,-1829
ISNE,"6/22/2017 2 p.m. EDT",16980,17000,15199,-1781
ISNE,"6/22/2017 3 p.m. EDT",17367,17200,15811,-1556
ISNE,"6/22/2017 4 p.m. EDT",17848,17750,16078,-1770
ISNE,"6/22/2017 5 p.m. EDT",18323,18140,16198,-2125
ISNE,"6/22/2017 6 p.m. EDT",18555,18240,16520,-2035
ISNE,"6/22/2017 7 p.m. EDT",18218,18030,15883,-2335
ISNE,"6/22/2017 8 p.m. EDT",17838,17470,15843,-1995
ISNE,"6/22/2017 9 p.m. EDT",17632,17320,15720,-1912
ISNE,"6/22/2017 10 p.m. EDT",17092,16710,14949,-2143
ISNE,"6/22/2017 11 p.m. EDT",15631,15200,13205,-2426
ISNE,"6/23/2017 12 a.m. EDT",14088,13700,11719,-2369
ISNE,"6/23/2017 1 a.m. EDT",13031,12930,10735,-2296
ISNE,"6/23/2017 2 a.m. EDT",12924,12190,10407,-2517
ISNE,"6/23/2017 3 a.m. EDT",12764,11770,10342,-2422
ISNE,"6/23/2017 4 a.m. EDT",12648,11580,10218,-2430
ISNE,"6/23/2017 5 a.m. EDT",12525,11760,9922,-2603
ISNE,"6/23/2017 6 a.m. EDT",12924,12420,10488,-2436
ISNE,"6/23/2017 7 a.m. EDT",13890,13870,11808,-2082
ISNE,"6/23/2017 8 a.m. EDT",15308,15330,13456,-1852
ISNE,"6/23/2017 9 a.m. EDT",16352,16360,14367,-1985
ISNE,"6/23/2017 10 a.m. EDT",17053,17050,15155,-1898
ISNE,"6/23/2017 11 a.m. EDT",17722,17910,15949,-1773
ISNE,"6/23/2017 12 p.m. EDT",18458,18630,16495,-1963
ISNE,"6/23/2017 1 p.m. EDT",19315,19240,17249,-2066
ISNE,"6/23/2017 2 p.m. EDT",20089,19570,17532,-2557
ISNE,"6/23/2017 3 p.m. EDT",20206,19790,17229,-2977
ISNE,"6/23/2017 4 p.m. EDT",20330,19930,17122,-3208
ISNE,"6/23/2017 5 p.m. EDT",20387,19990,17177,-3210
ISNE,"6/23/2017 6 p.m. EDT",20302,19560,17464,-2838
ISNE,"6/23/2017 7 p.m. EDT",19770,19040,17008,-2762
ISNE,"6/23/2017 8 p.m. EDT",19100,18520,16462,-2638
ISNE,"6/23/2017 9 p.m. EDT",18722,18310,16277,-2445
ISNE,"6/23/2017 10 p.m. EDT",18154,17840,15773,-2381
ISNE,"6/23/2017 11 p.m. EDT",16881,16480,14494,-2387
ISNE,"6/24/2017 12 a.m. EDT",15433,14980,12991,-2442
ISNE,"6/24/2017 1 a.m. EDT",14308,13840,11962,-2346
ISNE,"6/24/2017 2 a.m. EDT",13568,13120,11293,-2275
ISNE,"6/24/2017 3 a.m. EDT",13325,12640,10719,-2606
ISNE,"6/24/2017 4 a.m. EDT",13553,12350,10784,-2769
ISNE,"6/24/2017 5 a.m. EDT",13532,12710,10742,-2790
ISNE,"6/24/2017 6 a.m. EDT",13661,12730,10546,-3115
ISNE,"6/24/2017 7 a.m. EDT",14119,13250,11190,-2929
ISNE,"6/24/2017 8 a.m. EDT",14651,14220,12003,-2648
ISNE,"6/24/2017 9 a.m. EDT",15588,15140,13070,-2518
ISNE,"6/24/2017 10 a.m. EDT",16347,16160,13688,-2659
ISNE,"6/24/2017 11 a.m. EDT",16790,16840,14169,-2621
ISNE,"6/24/2017 12 p.m. EDT",16883,17160,14092,-2791
ISNE,"6/24/2017 1 p.m. EDT",16914,17410,14673,-2241
ISNE,"6/24/2017 2 p.m. EDT",17058,17640,15050,-2008
ISNE,"6/24/2017 3 p.m. EDT",17378,17750,15475,-1903
ISNE,"6/24/2017 4 p.m. EDT",17748,18080,15722,-2026
ISNE,"6/24/2017 5 p.m. EDT",18083,18220,16121,-1962
ISNE,"6/24/2017 6 p.m. EDT",18215,18500,15801,-2414
ISNE,"6/24/2017 7 p.m. EDT",18201,18130,15718,-2483
ISNE,"6/24/2017 8 p.m. EDT",17672,17470,15351,-2321
ISNE,"6/24/2017 9 p.m. EDT",16976,17030,14759,-2217
ISNE,"6/24/2017 10 p.m. EDT",16409,16660,14508,-1901
ISNE,"6/24/2017 11 p.m. EDT",15161,15350,13286,-1875
ISNE,"6/25/2017 12 a.m. EDT",13796,13920,12147,-1649
ISNE,"6/25/2017 1 a.m. EDT",12769,12920,10942,-1827
ISNE,"6/25/2017 2 a.m. EDT",12458,12120,10645,-1813
ISNE,"6/25/2017 3 a.m. EDT",12457,11560,10487,-1970
ISNE,"6/25/2017 4 a.m. EDT",12097,11150,9957,-2140
ISNE,"6/25/2017 5 a.m. EDT",11872,10980,9463,-2409
ISNE,"6/25/2017 6 a.m. EDT",11900,10880,9421,-2479
ISNE,"6/25/2017 7 a.m. EDT",12165,11190,9621,-2544
ISNE,"6/25/2017 8 a.m. EDT",12276,12060,10163,-2113
ISNE,"6/25/2017 9 a.m. EDT",12683,12970,10982,-1701
ISNE,"6/25/2017 10 a.m. EDT",13373,13870,11545,-1828
ISNE,"6/25/2017 11 a.m. EDT",13982,14760,11853,-2129
ISNE,"6/25/2017 12 p.m. EDT",14499,15270,12449,-2050
ISNE,"6/25/2017 1 p.m. EDT",15010,15630,13005,-2005
ISNE,"6/25/2017 2 p.m. EDT",15476,16180,13388,-2088
ISNE,"6/25/2017 3 p.m. EDT",15920,16520,13675,-2245
ISNE,"6/25/2017 4 p.m. EDT",16085,16940,13710,-2375
ISNE,"6/25/2017 5 p.m. EDT",16029,17440,13745,-2284
ISNE,"6/25/2017 6 p.m. EDT",16304,17750,14186,-2118
ISNE,"6/25/2017 7 p.m. EDT",16405,17440,14379,-2026
ISNE,"6/25/2017 8 p.m. EDT",16148,16770,13964,-2184
ISNE,"6/25/2017 9 p.m. EDT",15873,16710,13749,-2124
ISNE,"6/25/2017 10 p.m. EDT",15439,16120,13435,-2004
ISNE,"6/25/2017 11 p.m. EDT",14105,14760,12046,-2059
ISNE,"6/26/2017 12 a.m. EDT",12753,13300,10606,-2147
ISNE,"6/26/2017 1 a.m. EDT",11774,11950,9755,-2019
ISNE,"6/26/2017 2 a.m. EDT",11369,11300,9468,-1901
ISNE,"6/26/2017 3 a.m. EDT",11194,10870,9186,-2008
ISNE,"6/26/2017 4 a.m. EDT",11104,10620,8981,-2123
ISNE,"6/26/2017 5 a.m. EDT",11202,10650,8914,-2288
ISNE,"6/26/2017 6 a.m. EDT",11585,11310,9501,-2084
ISNE,"6/26/2017 7 a.m. EDT",12718,12800,10856,-1862
ISNE,"6/26/2017 8 a.m. EDT",13699,14270,11797,-1902
ISNE,"6/26/2017 9 a.m. EDT",14340,14940,12456,-1884
ISNE,"6/26/2017 10 a.m. EDT",14713,15380,13126,-1587
ISNE,"6/26/2017 11 a.m. EDT",15160,15910,13761,-1399
ISNE,"6/26/2017 12 p.m. EDT",15556,16240,14239,-1317
ISNE,"6/26/2017 1 p.m. EDT",15848,16520,14244,-1604
ISNE,"6/26/2017 2 p.m. EDT",16154,16880,14366,-1788
ISNE,"6/26/2017 3 p.m. EDT",16320,17190,14062,-2258
ISNE,"6/26/2017 4 p.m. EDT",16542,17420,14448,-2094
ISNE,"6/26/2017 5 p.m. EDT",16859,17750,14679,-2180
ISNE,"6/26/2017 6 p.m. EDT",17099,17610,14853,-2246
ISNE,"6/26/2017 7 p.m. EDT",16933,17280,14907,-2026
ISNE,"6/26/2017 8 p.m. EDT",16517,16670,14537,-1980
ISNE,"6/26/2017 9 p.m. EDT",16163,16510,14328,-1835
ISNE,"6/26/2017 10 p.m. EDT",15558,15820,13657,-1901
ISNE,"6/26/2017 11 p.m. EDT",14141,14290,12052,-2089
ISNE,"6/27/2017 12 a.m. EDT",12623,12840,10606,-2017
ISNE,"6/27/2017 1 a.m. EDT",11579,11570,9855,-1724
ISNE,"6/27/2017 2 a.m. EDT",11241,10920,9450,-1791
ISNE,"6/27/2017 3 a.m. EDT",11331,10570,9464,-1867
ISNE,"6/27/2017 4 a.m. EDT",11164,10420,9472,-1692
ISNE,"6/27/2017 5 a.m. EDT",11085,10600,9283,-1802
ISNE,"6/27/2017 6 a.m. EDT",11373,11230,9874,-1499
ISNE,"6/27/2017 7 a.m. EDT",12344,12590,10982,-1362
ISNE,"6/27/2017 8 a.m. EDT",13553,13820,12185,-1368
ISNE,"6/27/2017 9 a.m. EDT",14266,14490,13066,-1200
ISNE,"6/27/2017 10 a.m. EDT",14828,14860,13693,-1135
ISNE,"6/27/2017 11 a.m. EDT",15160,15330,13967,-1193
ISNE,"6/27/2017 12 p.m. EDT",15192,15680,13627,-1565
ISNE,"6/27/2017 1 p.m. EDT",15240,15910,13649,-1591
ISNE,"6/27/2017 2 p.m. EDT",15579,16300,13970,-1609
ISNE,"6/27/2017 3 p.m. EDT",15717,16500,14310,-1407
ISNE,"6/27/2017 4 p.m. EDT",15663,16630,14378,-1285
ISNE,"6/27/2017 5 p.m. EDT",15709,16850,14423,-1286
ISNE,"6/27/2017 6 p.m. EDT",15908,16820,14320,-1588
ISNE,"6/27/2017 7 p.m. EDT",15780,16410,14201,-1579
ISNE,"6/27/2017 8 p.m. EDT",15359,16150,13605,-1754
ISNE,"6/27/2017 9 p.m. EDT",15087,15870,13458,-1629
ISNE,"6/27/2017 10 p.m. EDT",14471,15220,12884,-1587
ISNE,"6/27/2017 11 p.m. EDT",13624,13760,11839,-1785
ISNE,"6/28/2017 12 a.m. EDT",12234,12350,10458,-1776
ISNE,"6/28/2017 1 a.m. EDT",11456,10830,9516,-1940
ISNE,"6/28/2017 2 a.m. EDT",10928,10250,8908,-2020
ISNE,"6/28/2017 3 a.m. EDT",11001,9930,8693,-2308
ISNE,"6/28/2017 4 a.m. EDT",10981,9800,8607,-2374
ISNE,"6/28/2017 5 a.m. EDT",11272,9980,9068,-2204
ISNE,"6/28/2017 6 a.m. EDT",11752,10550,9739,-2013
ISNE,"6/28/2017 7 a.m. EDT",12551,11790,10683,-1868
ISNE,"6/28/2017 8 a.m. EDT",13549,12950,11764,-1785
ISNE,"6/28/2017 9 a.m. EDT",13626,13450,12081,-1545
ISNE,"6/28/2017 10 a.m. EDT",13703,13660,12410,-1293
ISNE,"6/28/2017 11 a.m. EDT",13977,14080,12976,-1001
ISNE,"6/28/2017 12 p.m. EDT",14245,14250,13135,-1110
ISNE,"6/28/2017 1 p.m. EDT",14504,14510,13580,-924
ISNE,"6/28/2017 2 p.m. EDT",14816,15070,13627,-1189
ISNE,"6/28/2017 3 p.m. EDT",14979,15440,13649,-1330
ISNE,"6/28/2017 4 p.m. EDT",15142,15630,13742,-1400
ISNE,"6/28/2017 5 p.m. EDT",15510,15880,14413,-1097
ISNE,"6/28/2017 6 p.m. EDT",15900,16150,14622,-1278
ISNE,"6/28/2017 7 p.m. EDT",15917,15990,14471,-1446
ISNE,"6/28/2017 8 p.m. EDT",15648,15610,14107,-1541
ISNE,"6/28/2017 9 p.m. EDT",15413,15360,13954,-1459
ISNE,"6/28/2017 10 p.m. EDT",14966,14770,13574,-1392
ISNE,"6/28/2017 11 p.m. EDT",13621,13520,11909,-1712
ISNE,"6/29/2017 12 a.m. EDT",12225,12170,10566,-1659
ISNE,"6/29/2017 1 a.m. EDT",11733,10930,10068,-1665
ISNE,"6/29/2017 2 a.m. EDT",11469,10300,9570,-1899
ISNE,"6/29/2017 3 a.m. EDT",11144,10050,9086,-2058
ISNE,"6/29/2017 4 a.m. EDT",11267,9880,9117,-2150
ISNE,"6/29/2017 5 a.m. EDT",11235,10110,9131,-2104
ISNE,"6/29/2017 6 a.m. EDT",11544,10730,9745,-1799
ISNE,"6/29/2017 7 a.m. EDT",12323,12350,10594,-1729
ISNE,"6/29/2017 8 a.m. EDT",13488,13390,11621,-1867
ISNE,"6/29/2017 9 a.m. EDT",14235,14240,12379,-1856
ISNE,"6/29/2017 10 a.m. EDT",14627,14580,12768,-1859
ISNE,"6/29/2017 11 a.m. EDT",15136,15050,13334,-1802
ISNE,"6/29/2017 12 p.m. EDT",15604,15410,13754,-1850
ISNE,"6/29/2017 1 p.m. EDT",15921,15780,13990,-1931
ISNE,"6/29/2017 2 p.m. EDT",16147,16140,14096,-2051
ISNE,"6/29/2017 3 p.m. EDT",16396,16400,14478,-1918
ISNE,"6/29/2017 4 p.m. EDT",16489,16450,14735,-1754
ISNE,"6/29/2017 5 p.m. EDT",16507,16840,14708,-1799
ISNE,"6/29/2017 6 p.m. EDT",16417,16850,14714,-1703
ISNE,"6/29/2017 7 p.m. EDT",16146,16640,14302,-1844
ISNE,"6/29/2017 8 p.m. EDT",15900,16260,13779,-2121
ISNE,"6/29/2017 9 p.m. EDT",15841,16180,13561,-2280
ISNE,"6/29/2017 10 p.m. EDT",15353,15740,13505,-1848
ISNE,"6/29/2017 11 p.m. EDT",14137,14310,11825,-2312
ISNE,"6/30/2017 12 a.m. EDT",12832,12950,10681,-2151
ISNE,"6/30/2017 1 a.m. EDT",11953,12270,9758,-2195
ISNE,"6/30/2017 2 a.m. EDT",11823,11640,9867,-1956
ISNE,"6/30/2017 3 a.m. EDT",11768,11290,9860,-1908
ISNE,"6/30/2017 4 a.m. EDT",11682,10900,9655,-2027
ISNE,"6/30/2017 5 a.m. EDT",11787,11020,9651,-2136
ISNE,"6/30/2017 6 a.m. EDT",11995,11740,9956,-2039
ISNE,"6/30/2017 7 a.m. EDT",12924,13190,10999,-1925
ISNE,"6/30/2017 8 a.m. EDT",14307,14740,12446,-1861
ISNE,"6/30/2017 9 a.m. EDT",15223,15750,13381,-1842
ISNE,"6/30/2017 10 a.m. EDT",15828,16530,13997,-1831
ISNE,"6/30/2017 11 a.m. EDT",16361,17360,14410,-1951
ISNE,"6/30/2017 12 p.m. EDT",16704,18070,14640,-2064
ISNE,"6/30/2017 1 p.m. EDT",17158,18740,15102,-2056
ISNE,"6/30/2017 2 p.m. EDT",17805,19450,15684,-2121
ISNE,"6/30/2017 3 p.m. EDT",18467,19840,16711,-1756
ISNE,"6/30/2017 4 p.m. EDT",18966,20120,17110,-1856
ISNE,"6/30/2017 5 p.m. EDT",19536,20300,17589,-1947
ISNE,"6/30/2017 6 p.m. EDT",19662,20180,17524,-2138
ISNE,"6/30/2017 7 p.m. EDT",19072,19660,16546,-2526
ISNE,"6/30/2017 8 p.m. EDT",18364,19100,15803,-2561
ISNE,"6/30/2017 9 p.m. EDT",17783,18710,15078,-2705
ISNE,"6/30/2017 10 p.m. EDT",17022,18230,14572,-2450
ISNE,"6/30/2017 11 p.m. EDT",15798,16830,13236,-2562
ISNE,"7/1/2017 12 a.m. EDT",14338,15310,12089,-2249
