"BA Code","Timestamp (Hour Ending)","Demand (MWh)","Demand Forecast (MWh)","Net Generation (MWh)","Total Interchange (MWh)"
ISNE,"7/1/2020 12 a.m. EDT",12389,12210,10223,-2166
ISNE,"7/1/2020 1 a.m. EDT",11555,11530,9418,-2137
ISNE,"7/1/2020 2 a.m. EDT",11014,10970,8739,-2275
ISNE,"7/1/2020 3 a.m. EDT",10871,10620,8246,-2625
ISNE,"7/1/2020 4 a.m. EDT",10712,10470,8053,-2659
ISNE,"7/1/2020 5 a.m. EDT",10832,10620,8021,-2811
ISNE,"7/1/2020 6 a.m. EDT",11200,11160,8195,-3005
ISNE,"7/1/2020 7 a.m. EDT",11921,12230,8986,-2935
ISNE,"7/1/2020 8 a.m. EDT",12823,13190,10131,-2692
ISNE,"7/1/2020 9 a.m. EDT",13589,13790,11756,-1833
ISNE,"7/1/2020 10 a.m. EDT",14108,14130,12121,-1987
ISNE,"7/1/2020 11 a.m. EDT",14468,14410,12701,-1767
ISNE,"7/1/2020 12 p.m. EDT",14805,14760,12994,-1811
ISNE,"7/1/2020 1 p.m. EDT",15171,15040,13491,-1680
ISNE,"7/1/2020 2 p.m. EDT",15689,15340,14064,-1625
ISNE,"7/1/2020 3 p.m. EDT",16056,15670,14440,-1616
ISNE,"7/1/2020 4 p.m. EDT",16253,15900,14434,-1819
ISNE,"7/1/2020 5 p.m. EDT",16461,16160,14737,-1724
ISNE,"7/1/2020 6 p.m. EDT",16741,16590,15031,-1710
ISNE,"7/1/2020 7 p.m. EDT",16605,16550,14620,-1985
ISNE,"7/1/2020 8 p.m. EDT",16148,16300,14131,-2017
ISNE,"7/1/2020 9 p.m. EDT",15756,16040,13498,-2258
ISNE,"7/1/2020 10 p.m. EDT",15201,15320,13064,-2137
ISNE,"7/1/2020 11 p.m. EDT",14049,14050,11824,-2225
ISNE,"7/2/2020 12 a.m. EDT",12806,12770,10595,-2211
ISNE,"7/2/2020 1 a.m. EDT",11842,11820,9428,-2414
ISNE,"7/2/2020 2 a.m. EDT",11251,11180,8637,-2614
ISNE,"7/2/2020 3 a.m. EDT",11023,10770,8832,-2191
ISNE,"7/2/2020 4 a.m. EDT",10767,10570,8554,-2213
ISNE,"7/2/2020 5 a.m. EDT",10608,10630,8459,-2149
ISNE,"7/2/2020 6 a.m. EDT",11004,11020,8496,-2508
ISNE,"7/2/2020 7 a.m. EDT",11845,11900,9547,-2298
ISNE,"7/2/2020 8 a.m. EDT",12821,12860,10807,-2014
ISNE,"7/2/2020 9 a.m. EDT",13526,14160,11735,-1791
ISNE,"7/2/2020 10 a.m. EDT",14054,14480,12153,-1901
ISNE,"7/2/2020 11 a.m. EDT",14684,15140,13202,-1482
ISNE,"7/2/2020 12 p.m. EDT",15483,15780,14138,-1345
ISNE,"7/2/2020 1 p.m. EDT",16283,16480,14877,-1406
ISNE,"7/2/2020 2 p.m. EDT",17135,17390,15581,-1554
ISNE,"7/2/2020 3 p.m. EDT",17918,18050,16189,-1729
ISNE,"7/2/2020 4 p.m. EDT",18729,18630,17083,-1646
ISNE,"7/2/2020 5 p.m. EDT",19582,19370,17955,-1627
ISNE,"7/2/2020 6 p.m. EDT",20323,19910,18447,-1876
ISNE,"7/2/2020 7 p.m. EDT",20413,19840,17882,-2531
ISNE,"7/2/2020 8 p.m. EDT",19777,19280,17155,-2622
ISNE,"7/2/2020 9 p.m. EDT",19047,18710,16557,-2490
ISNE,"7/2/2020 10 p.m. EDT",18164,17900,15763,-2401
ISNE,"7/2/2020 11 p.m. EDT",16697,16420,14209,-2488
ISNE,"7/3/2020 12 a.m. EDT",15226,14870,12631,-2595
ISNE,"7/3/2020 1 a.m. EDT",14056,14030,11241,-2815
ISNE,"7/3/2020 2 a.m. EDT",13221,13210,10482,-2739
ISNE,"7/3/2020 3 a.m. EDT",12695,12690,9873,-2822
ISNE,"7/3/2020 4 a.m. EDT",12589,12360,9592,-2997
ISNE,"7/3/2020 5 a.m. EDT",12582,12290,9671,-2911
ISNE,"7/3/2020 6 a.m. EDT",12726,12440,9754,-2972
ISNE,"7/3/2020 7 a.m. EDT",13139,12920,10104,-3035
ISNE,"7/3/2020 8 a.m. EDT",13507,13450,10598,-2909
ISNE,"7/3/2020 9 a.m. EDT",14086,14120,11448,-2638
ISNE,"7/3/2020 10 a.m. EDT",14639,14680,12419,-2220
ISNE,"7/3/2020 11 a.m. EDT",15012,15100,13074,-1938
ISNE,"7/3/2020 12 p.m. EDT",15374,15270,13515,-1859
ISNE,"7/3/2020 1 p.m. EDT",15507,15180,13774,-1733
ISNE,"7/3/2020 2 p.m. EDT",15514,15160,13810,-1704
ISNE,"7/3/2020 3 p.m. EDT",15676,15300,13995,-1681
ISNE,"7/3/2020 4 p.m. EDT",15652,15640,14209,-1443
ISNE,"7/3/2020 5 p.m. EDT",15641,16040,14798,-843
ISNE,"7/3/2020 6 p.m. EDT",15638,16300,14509,-1129
ISNE,"7/3/2020 7 p.m. EDT",15358,15950,14044,-1314
ISNE,"7/3/2020 8 p.m. EDT",14881,15390,13440,-1441
ISNE,"7/3/2020 9 p.m. EDT",14542,14890,12929,-1613
ISNE,"7/3/2020 10 p.m. EDT",14092,14420,12508,-1584
ISNE,"7/3/2020 11 p.m. EDT",13197,13580,11645,-1552
ISNE,"7/4/2020 12 a.m. EDT",12220,12510,10354,-1866
ISNE,"7/4/2020 1 a.m. EDT",11570,11390,9577,-1993
ISNE,"7/4/2020 2 a.m. EDT",11168,10780,9152,-2016
ISNE,"7/4/2020 3 a.m. EDT",11145,10390,9161,-1984
ISNE,"7/4/2020 4 a.m. EDT",10997,10170,9462,-1535
ISNE,"7/4/2020 5 a.m. EDT",11159,10100,9239,-1920
ISNE,"7/4/2020 6 a.m. EDT",11182,10120,8886,-2296
ISNE,"7/4/2020 7 a.m. EDT",11191,10330,9117,-2074
ISNE,"7/4/2020 8 a.m. EDT",11593,10780,9391,-2202
ISNE,"7/4/2020 9 a.m. EDT",12112,11350,9895,-2217
ISNE,"7/4/2020 10 a.m. EDT",12052,11800,9961,-2091
ISNE,"7/4/2020 11 a.m. EDT",12351,12370,10528,-1823
ISNE,"7/4/2020 12 p.m. EDT",12583,12680,11077,-1506
ISNE,"7/4/2020 1 p.m. EDT",12902,12920,11603,-1299
ISNE,"7/4/2020 2 p.m. EDT",13234,12930,12188,-1046
ISNE,"7/4/2020 3 p.m. EDT",13660,13360,12583,-1077
ISNE,"7/4/2020 4 p.m. EDT",14206,14000,12923,-1283
ISNE,"7/4/2020 5 p.m. EDT",14876,14790,13648,-1228
ISNE,"7/4/2020 6 p.m. EDT",15589,15340,14318,-1271
ISNE,"7/4/2020 7 p.m. EDT",15918,15470,14376,-1542
ISNE,"7/4/2020 8 p.m. EDT",15574,15260,13878,-1696
ISNE,"7/4/2020 9 p.m. EDT",15114,14930,13126,-1988
ISNE,"7/4/2020 10 p.m. EDT",14657,14640,12605,-2052
ISNE,"7/4/2020 11 p.m. EDT",13924,13830,11702,-2222
ISNE,"7/5/2020 12 a.m. EDT",12982,12800,10658,-2324
ISNE,"7/5/2020 1 a.m. EDT",12078,12040,9959,-2119
ISNE,"7/5/2020 2 a.m. EDT",11670,11390,9229,-2441
ISNE,"7/5/2020 3 a.m. EDT",11510,10940,9072,-2438
ISNE,"7/5/2020 4 a.m. EDT",11488,10670,9003,-2485
ISNE,"7/5/2020 5 a.m. EDT",11365,10550,8895,-2470
ISNE,"7/5/2020 6 a.m. EDT",11328,10510,8879,-2449
ISNE,"7/5/2020 7 a.m. EDT",11591,10670,8861,-2730
ISNE,"7/5/2020 8 a.m. EDT",12020,11070,9511,-2509
ISNE,"7/5/2020 9 a.m. EDT",12430,11670,10056,-2374
ISNE,"7/5/2020 10 a.m. EDT",12597,12220,10201,-2396
ISNE,"7/5/2020 11 a.m. EDT",12965,12860,10833,-2132
ISNE,"7/5/2020 12 p.m. EDT",13439,13570,11803,-1636
ISNE,"7/5/2020 1 p.m. EDT",13988,14190,12557,-1431
ISNE,"7/5/2020 2 p.m. EDT",14639,14630,13034,-1605
ISNE,"7/5/2020 3 p.m. EDT",15343,15120,14052,-1291
ISNE,"7/5/2020 4 p.m. EDT",16168,16070,14566,-1602
ISNE,"7/5/2020 5 p.m. EDT",17015,16890,15663,-1352
ISNE,"7/5/2020 6 p.m. EDT",17754,17710,16093,-1661
ISNE,"7/5/2020 7 p.m. EDT",17979,18000,15982,-1997
ISNE,"7/5/2020 8 p.m. EDT",17607,17630,15491,-2116
ISNE,"7/5/2020 9 p.m. EDT",17203,17320,14911,-2292
ISNE,"7/5/2020 10 p.m. EDT",16614,16450,14356,-2258
ISNE,"7/5/2020 11 p.m. EDT",15374,15180,12998,-2376
ISNE,"7/6/2020 12 a.m. EDT",13987,13830,11586,-2401
ISNE,"7/6/2020 1 a.m. EDT",13083,12860,10534,-2549
ISNE,"7/6/2020 2 a.m. EDT",12452,12100,10022,-2430
ISNE,"7/6/2020 3 a.m. EDT",12210,11650,9681,-2529
ISNE,"7/6/2020 4 a.m. EDT",11945,11390,9427,-2518
ISNE,"7/6/2020 5 a.m. EDT",12010,11460,9541,-2469
ISNE,"7/6/2020 6 a.m. EDT",12410,11870,9698,-2712
ISNE,"7/6/2020 7 a.m. EDT",13284,12770,10866,-2418
ISNE,"7/6/2020 8 a.m. EDT",14001,13730,11451,-2550
ISNE,"7/6/2020 9 a.m. EDT",14710,14450,12835,-1875
ISNE,"7/6/2020 10 a.m. EDT",14955,14970,13442,-1513
ISNE,"7/6/2020 11 a.m. EDT",15449,15460,14194,-1255
ISNE,"7/6/2020 12 p.m. EDT",15922,15920,14987,-935
ISNE,"7/6/2020 1 p.m. EDT",16384,16390,15481,-903
ISNE,"7/6/2020 2 p.m. EDT",16791,16820,16035,-756
ISNE,"7/6/2020 3 p.m. EDT",17056,17060,16129,-927
ISNE,"7/6/2020 4 p.m. EDT",17454,17470,16942,-512
ISNE,"7/6/2020 5 p.m. EDT",17935,17940,17579,-356
ISNE,"7/6/2020 6 p.m. EDT",18355,18550,17543,-812
ISNE,"7/6/2020 7 p.m. EDT",18263,18210,17019,-1244
ISNE,"7/6/2020 8 p.m. EDT",17577,17700,16142,-1435
ISNE,"7/6/2020 9 p.m. EDT",16821,16990,15385,-1436
ISNE,"7/6/2020 10 p.m. EDT",16068,16250,14567,-1501
ISNE,"7/6/2020 11 p.m. EDT",14725,14720,13093,-1632
ISNE,"7/7/2020 12 a.m. EDT",13380,13350,11556,-1824
ISNE,"7/7/2020 1 a.m. EDT",12341,12310,10669,-1672
ISNE,"7/7/2020 2 a.m. EDT",12047,11640,10035,-2012
ISNE,"7/7/2020 3 a.m. EDT",11983,11200,9531,-2452
ISNE,"7/7/2020 4 a.m. EDT",11755,10960,9398,-2357
ISNE,"7/7/2020 5 a.m. EDT",11819,11030,9711,-2108
ISNE,"7/7/2020 6 a.m. EDT",12223,11480,10030,-2193
ISNE,"7/7/2020 7 a.m. EDT",12626,12340,10541,-2085
ISNE,"7/7/2020 8 a.m. EDT",13167,13170,11238,-1929
ISNE,"7/7/2020 9 a.m. EDT",13711,13730,12121,-1590
ISNE,"7/7/2020 10 a.m. EDT",13896,13900,12561,-1335
ISNE,"7/7/2020 11 a.m. EDT",14104,14080,13130,-974
ISNE,"7/7/2020 12 p.m. EDT",14422,14280,13373,-1049
ISNE,"7/7/2020 1 p.m. EDT",14811,14630,14003,-808
ISNE,"7/7/2020 2 p.m. EDT",15264,15160,14688,-576
ISNE,"7/7/2020 3 p.m. EDT",15513,15630,15123,-390
ISNE,"7/7/2020 4 p.m. EDT",15850,16370,15466,-384
ISNE,"7/7/2020 5 p.m. EDT",16306,16830,15912,-394
ISNE,"7/7/2020 6 p.m. EDT",16731,17400,15903,-828
ISNE,"7/7/2020 7 p.m. EDT",16706,17280,15585,-1121
ISNE,"7/7/2020 8 p.m. EDT",16298,16440,15104,-1194
ISNE,"7/7/2020 9 p.m. EDT",15967,16040,14707,-1260
ISNE,"7/7/2020 10 p.m. EDT",15421,15450,13899,-1522
ISNE,"7/7/2020 11 p.m. EDT",14319,14290,12792,-1527
ISNE,"7/8/2020 12 a.m. EDT",13159,12980,11297,-1862
ISNE,"7/8/2020 1 a.m. EDT",12300,12290,10435,-1865
ISNE,"7/8/2020 2 a.m. EDT",11910,11730,9939,-1971
ISNE,"7/8/2020 3 a.m. EDT",11679,11390,9710,-1969
ISNE,"7/8/2020 4 a.m. EDT",11764,11270,9624,-2140
ISNE,"7/8/2020 5 a.m. EDT",11739,11430,9487,-2252
ISNE,"7/8/2020 6 a.m. EDT",12295,12040,10171,-2124
ISNE,"7/8/2020 7 a.m. EDT",13273,13040,10859,-2414
ISNE,"7/8/2020 8 a.m. EDT",14173,14210,12073,-2100
ISNE,"7/8/2020 9 a.m. EDT",15111,15130,13482,-1629
ISNE,"7/8/2020 10 a.m. EDT",15768,15800,14198,-1570
ISNE,"7/8/2020 11 a.m. EDT",16423,16360,14875,-1548
ISNE,"7/8/2020 12 p.m. EDT",17093,16920,15832,-1261
ISNE,"7/8/2020 1 p.m. EDT",17681,17500,16412,-1269
ISNE,"7/8/2020 2 p.m. EDT",18399,18080,16613,-1786
ISNE,"7/8/2020 3 p.m. EDT",19057,18570,17551,-1506
ISNE,"7/8/2020 4 p.m. EDT",19214,18840,17265,-1949
ISNE,"7/8/2020 5 p.m. EDT",19370,19160,17592,-1778
ISNE,"7/8/2020 6 p.m. EDT",19780,19900,17803,-1977
ISNE,"7/8/2020 7 p.m. EDT",19574,19500,17325,-2249
ISNE,"7/8/2020 8 p.m. EDT",18920,19050,16527,-2393
ISNE,"7/8/2020 9 p.m. EDT",18340,18530,16096,-2244
ISNE,"7/8/2020 10 p.m. EDT",17655,17690,15331,-2324
ISNE,"7/8/2020 11 p.m. EDT",16266,16270,13760,-2506
ISNE,"7/9/2020 12 a.m. EDT",14862,14790,12295,-2567
ISNE,"7/9/2020 1 a.m. EDT",14152,14000,11597,-2555
ISNE,"7/9/2020 2 a.m. EDT",13630,13320,10813,-2817
ISNE,"7/9/2020 3 a.m. EDT",13165,12550,10314,-2851
ISNE,"7/9/2020 4 a.m. EDT",12930,12410,10144,-2786
ISNE,"7/9/2020 5 a.m. EDT",13004,12550,10320,-2684
ISNE,"7/9/2020 6 a.m. EDT",13372,13180,10758,-2614
ISNE,"7/9/2020 7 a.m. EDT",14103,14360,11794,-2309
ISNE,"7/9/2020 8 a.m. EDT",15244,15430,13056,-2188
ISNE,"7/9/2020 9 a.m. EDT",16255,16200,14225,-2030
ISNE,"7/9/2020 10 a.m. EDT",16963,16980,15195,-1768
ISNE,"7/9/2020 11 a.m. EDT",17768,17910,16170,-1598
ISNE,"7/9/2020 12 p.m. EDT",18692,18800,17340,-1352
ISNE,"7/9/2020 1 p.m. EDT",19625,19540,17967,-1658
ISNE,"7/9/2020 2 p.m. EDT",20418,20530,19257,-1161
ISNE,"7/9/2020 3 p.m. EDT",20963,20840,19531,-1432
ISNE,"7/9/2020 4 p.m. EDT",21414,21390,20089,-1325
ISNE,"7/9/2020 5 p.m. EDT",21766,21990,20529,-1237
ISNE,"7/9/2020 6 p.m. EDT",22231,22500,20779,-1452
ISNE,"7/9/2020 7 p.m. EDT",22230,22130,20405,-1825
ISNE,"7/9/2020 8 p.m. EDT",21710,21300,19756,-1954
ISNE,"7/9/2020 9 p.m. EDT",20878,20580,18906,-1972
ISNE,"7/9/2020 10 p.m. EDT",19926,19520,17807,-2119
ISNE,"7/9/2020 11 p.m. EDT",18229,17850,15896,-2333
ISNE,"7/10/2020 12 a.m. EDT",16526,16160,14166,-2360
ISNE,"7/10/2020 1 a.m. EDT",15418,14780,12806,-2612
ISNE,"7/10/2020 2 a.m. EDT",14771,13870,12197,-2574
ISNE,"7/10/2020 3 a.m. EDT",14408,13520,11694,-2714
ISNE,"7/10/2020 4 a.m. EDT",14104,13140,11519,-2585
ISNE,"7/10/2020 5 a.m. EDT",14099,13150,11395,-2704
ISNE,"7/10/2020 6 a.m. EDT",14224,13650,11632,-2592
ISNE,"7/10/2020 7 a.m. EDT",15100,14450,12572,-2528
ISNE,"7/10/2020 8 a.m. EDT",15943,15610,13628,-2315
ISNE,"7/10/2020 9 a.m. EDT",16525,16480,14583,-1942
ISNE,"7/10/2020 10 a.m. EDT",17167,17090,15518,-1649
ISNE,"7/10/2020 11 a.m. EDT",17883,17580,16350,-1533
ISNE,"7/10/2020 12 p.m. EDT",18658,18340,17042,-1616
ISNE,"7/10/2020 1 p.m. EDT",19250,18810,17790,-1460
ISNE,"7/10/2020 2 p.m. EDT",19642,19350,17903,-1739
ISNE,"7/10/2020 3 p.m. EDT",19646,19690,17886,-1760
ISNE,"7/10/2020 4 p.m. EDT",19595,19720,17764,-1831
ISNE,"7/10/2020 5 p.m. EDT",19580,19750,17761,-1819
ISNE,"7/10/2020 6 p.m. EDT",19514,19630,17461,-2053
ISNE,"7/10/2020 7 p.m. EDT",19193,19140,17190,-2003
ISNE,"7/10/2020 8 p.m. EDT",18726,18540,16503,-2223
ISNE,"7/10/2020 9 p.m. EDT",18319,17920,15761,-2558
ISNE,"7/10/2020 10 p.m. EDT",17682,17350,15355,-2327
ISNE,"7/10/2020 11 p.m. EDT",16817,16220,14376,-2441
ISNE,"7/11/2020 12 a.m. EDT",15606,14950,13006,-2600
ISNE,"7/11/2020 1 a.m. EDT",14624,14100,12033,-2591
ISNE,"7/11/2020 2 a.m. EDT",14112,13450,11351,-2761
ISNE,"7/11/2020 3 a.m. EDT",13905,12880,11182,-2723
ISNE,"7/11/2020 4 a.m. EDT",13657,12710,10874,-2783
ISNE,"7/11/2020 5 a.m. EDT",13571,12710,10802,-2769
ISNE,"7/11/2020 6 a.m. EDT",13683,12720,10927,-2756
ISNE,"7/11/2020 7 a.m. EDT",13997,13150,11024,-2973
ISNE,"7/11/2020 8 a.m. EDT",14704,13990,11750,-2954
ISNE,"7/11/2020 9 a.m. EDT",15119,14890,12433,-2686
ISNE,"7/11/2020 10 a.m. EDT",15833,15730,13819,-2014
ISNE,"7/11/2020 11 a.m. EDT",16561,16620,14772,-1789
ISNE,"7/11/2020 12 p.m. EDT",17516,17310,15714,-1802
ISNE,"7/11/2020 1 p.m. EDT",18294,17920,16316,-1978
ISNE,"7/11/2020 2 p.m. EDT",18776,18570,16493,-2283
ISNE,"7/11/2020 3 p.m. EDT",19235,19110,16663,-2572
ISNE,"7/11/2020 4 p.m. EDT",19630,19670,16546,-3084
ISNE,"7/11/2020 5 p.m. EDT",20084,20190,17177,-2907
ISNE,"7/11/2020 6 p.m. EDT",20352,20460,17450,-2902
ISNE,"7/11/2020 7 p.m. EDT",20287,20510,17223,-3064
ISNE,"7/11/2020 8 p.m. EDT",19744,19860,16505,-3239
ISNE,"7/11/2020 9 p.m. EDT",19256,19170,16154,-3102
ISNE,"7/11/2020 10 p.m. EDT",18621,18390,15597,-3024
ISNE,"7/11/2020 11 p.m. EDT",17421,17140,14381,-3040
ISNE,"7/12/2020 12 a.m. EDT",16142,15790,12841,-3301
ISNE,"7/12/2020 1 a.m. EDT",15072,14740,11514,-3558
ISNE,"7/12/2020 2 a.m. EDT",14473,13990,10965,-3508
ISNE,"7/12/2020 3 a.m. EDT",14011,13380,10585,-3426
ISNE,"7/12/2020 4 a.m. EDT",14003,13000,10632,-3371
ISNE,"7/12/2020 5 a.m. EDT",13947,12710,10608,-3339
ISNE,"7/12/2020 6 a.m. EDT",13774,12560,10472,-3302
ISNE,"7/12/2020 7 a.m. EDT",13929,12780,10704,-3225
ISNE,"7/12/2020 8 a.m. EDT",14059,13400,11320,-2739
ISNE,"7/12/2020 9 a.m. EDT",14336,14180,11596,-2740
ISNE,"7/12/2020 10 a.m. EDT",15158,14980,12631,-2527
ISNE,"7/12/2020 11 a.m. EDT",16028,15830,13560,-2468
ISNE,"7/12/2020 12 p.m. EDT",16694,16530,14518,-2176
ISNE,"7/12/2020 1 p.m. EDT",17314,17190,14908,-2406
ISNE,"7/12/2020 2 p.m. EDT",17677,17610,14993,-2684
ISNE,"7/12/2020 3 p.m. EDT",18057,18110,15693,-2364
ISNE,"7/12/2020 4 p.m. EDT",18668,18620,16143,-2525
ISNE,"7/12/2020 5 p.m. EDT",19474,19470,17121,-2353
ISNE,"7/12/2020 6 p.m. EDT",20412,20050,17801,-2611
ISNE,"7/12/2020 7 p.m. EDT",20773,20100,17867,-2906
ISNE,"7/12/2020 8 p.m. EDT",20348,19570,17324,-3024
ISNE,"7/12/2020 9 p.m. EDT",19689,19000,16772,-2917
ISNE,"7/12/2020 10 p.m. EDT",18894,18180,16090,-2804
ISNE,"7/12/2020 11 p.m. EDT",17371,16850,14545,-2826
ISNE,"7/13/2020 12 a.m. EDT",15838,15420,12721,-3117
ISNE,"7/13/2020 1 a.m. EDT",14885,14840,11565,-3320
ISNE,"7/13/2020 2 a.m. EDT",14319,14000,11238,-3081
ISNE,"7/13/2020 3 a.m. EDT",14058,13390,11315,-2743
ISNE,"7/13/2020 4 a.m. EDT",14019,13140,11100,-2919
ISNE,"7/13/2020 5 a.m. EDT",14034,13300,11060,-2974
ISNE,"7/13/2020 6 a.m. EDT",14080,13720,10971,-3109
ISNE,"7/13/2020 7 a.m. EDT",14404,14720,11621,-2783
ISNE,"7/13/2020 8 a.m. EDT",15430,15780,12428,-3002
ISNE,"7/13/2020 9 a.m. EDT",16283,16560,13567,-2716
ISNE,"7/13/2020 10 a.m. EDT",16816,17350,14016,-2800
ISNE,"7/13/2020 11 a.m. EDT",17268,17910,14877,-2391
ISNE,"7/13/2020 12 p.m. EDT",18034,18750,15589,-2445
ISNE,"7/13/2020 1 p.m. EDT",18947,19250,16580,-2367
ISNE,"7/13/2020 2 p.m. EDT",19540,19610,16527,-3013
ISNE,"7/13/2020 3 p.m. EDT",19526,20170,16441,-3085
ISNE,"7/13/2020 4 p.m. EDT",19671,20550,16729,-2942
ISNE,"7/13/2020 5 p.m. EDT",20152,20690,17626,-2526
ISNE,"7/13/2020 6 p.m. EDT",20632,20840,17744,-2888
ISNE,"7/13/2020 7 p.m. EDT",20479,20790,17394,-3085
ISNE,"7/13/2020 8 p.m. EDT",19757,20340,16542,-3215
ISNE,"7/13/2020 9 p.m. EDT",18982,19530,16002,-2980
ISNE,"7/13/2020 10 p.m. EDT",18063,18370,15214,-2849
ISNE,"7/13/2020 11 p.m. EDT",16560,16820,13904,-2656
ISNE,"7/14/2020 12 a.m. EDT",15076,15030,12056,-3020
ISNE,"7/14/2020 1 a.m. EDT",13918,13890,10597,-3321
ISNE,"7/14/2020 2 a.m. EDT",13569,13110,10209,-3360
ISNE,"7/14/2020 3 a.m. EDT",13370,12570,10106,-3264
ISNE,"7/14/2020 4 a.m. EDT",13288,12260,10042,-3246
ISNE,"7/14/2020 5 a.m. EDT",13311,12250,9798,-3513
ISNE,"7/14/2020 6 a.m. EDT",13690,12650,10268,-3422
ISNE,"7/14/2020 7 a.m. EDT",14530,13580,11189,-3341
ISNE,"7/14/2020 8 a.m. EDT",14779,14670,11947,-2832
ISNE,"7/14/2020 9 a.m. EDT",15399,15410,12785,-2614
ISNE,"7/14/2020 10 a.m. EDT",15814,15830,13596,-2218
ISNE,"7/14/2020 11 a.m. EDT",16210,16220,14184,-2026
ISNE,"7/14/2020 12 p.m. EDT",16610,16620,14303,-2307
ISNE,"7/14/2020 1 p.m. EDT",17216,17220,14829,-2387
ISNE,"7/14/2020 2 p.m. EDT",17747,17750,15168,-2579
ISNE,"7/14/2020 3 p.m. EDT",17823,17820,15288,-2535
ISNE,"7/14/2020 4 p.m. EDT",17981,18000,15573,-2408
ISNE,"7/14/2020 5 p.m. EDT",18251,18260,15839,-2412
ISNE,"7/14/2020 6 p.m. EDT",18278,18270,15939,-2339
ISNE,"7/14/2020 7 p.m. EDT",18036,18090,15288,-2748
ISNE,"7/14/2020 8 p.m. EDT",17463,17420,15075,-2388
ISNE,"7/14/2020 9 p.m. EDT",16913,16930,14475,-2438
ISNE,"7/14/2020 10 p.m. EDT",16173,16170,13894,-2279
ISNE,"7/14/2020 11 p.m. EDT",14892,14880,12230,-2662
ISNE,"7/15/2020 12 a.m. EDT",13883,13470,11191,-2692
ISNE,"7/15/2020 1 a.m. EDT",12932,12620,10373,-2559
ISNE,"7/15/2020 2 a.m. EDT",12278,11960,9769,-2509
ISNE,"7/15/2020 3 a.m. EDT",12324,11530,9689,-2635
ISNE,"7/15/2020 4 a.m. EDT",12122,11320,9787,-2335
ISNE,"7/15/2020 5 a.m. EDT",11968,11390,9889,-2079
ISNE,"7/15/2020 6 a.m. EDT",12177,11850,10048,-2129
ISNE,"7/15/2020 7 a.m. EDT",12951,12710,10834,-2117
ISNE,"7/15/2020 8 a.m. EDT",13634,13600,11677,-1957
ISNE,"7/15/2020 9 a.m. EDT",14238,14250,12382,-1856
ISNE,"7/15/2020 10 a.m. EDT",14562,14570,12766,-1796
ISNE,"7/15/2020 11 a.m. EDT",14786,14800,13098,-1688
ISNE,"7/15/2020 12 p.m. EDT",14978,14980,13314,-1664
ISNE,"7/15/2020 1 p.m. EDT",15125,15130,13785,-1340
ISNE,"7/15/2020 2 p.m. EDT",15365,15370,13890,-1475
ISNE,"7/15/2020 3 p.m. EDT",15399,15400,14131,-1268
ISNE,"7/15/2020 4 p.m. EDT",15516,15530,14591,-925
ISNE,"7/15/2020 5 p.m. EDT",15986,15990,14890,-1096
ISNE,"7/15/2020 6 p.m. EDT",16614,16540,15105,-1509
ISNE,"7/15/2020 7 p.m. EDT",16823,16560,14868,-1955
ISNE,"7/15/2020 8 p.m. EDT",16406,16240,14274,-2132
ISNE,"7/15/2020 9 p.m. EDT",15913,15810,13918,-1995
ISNE,"7/15/2020 10 p.m. EDT",15302,15170,13013,-2289
ISNE,"7/15/2020 11 p.m. EDT",14135,14000,11836,-2299
ISNE,"7/16/2020 12 a.m. EDT",13125,12810,10631,-2494
ISNE,"7/16/2020 1 a.m. EDT",12419,11910,9850,-2569
ISNE,"7/16/2020 2 a.m. EDT",12342,11280,9648,-2694
ISNE,"7/16/2020 3 a.m. EDT",11928,10870,9028,-2900
ISNE,"7/16/2020 4 a.m. EDT",11703,10650,9267,-2436
ISNE,"7/16/2020 5 a.m. EDT",11762,10750,9104,-2658
ISNE,"7/16/2020 6 a.m. EDT",11925,11170,9241,-2684
ISNE,"7/16/2020 7 a.m. EDT",12455,12050,9708,-2747
ISNE,"7/16/2020 8 a.m. EDT",13047,12910,10571,-2476
ISNE,"7/16/2020 9 a.m. EDT",13298,13310,10948,-2350
ISNE,"7/16/2020 10 a.m. EDT",13435,13440,11802,-1633
ISNE,"7/16/2020 11 a.m. EDT",13607,13730,12134,-1473
ISNE,"7/16/2020 12 p.m. EDT",13854,14020,12391,-1463
ISNE,"7/16/2020 1 p.m. EDT",14277,14390,13021,-1256
ISNE,"7/16/2020 2 p.m. EDT",14691,14800,13348,-1343
ISNE,"7/16/2020 3 p.m. EDT",15092,14990,13277,-1815
ISNE,"7/16/2020 4 p.m. EDT",15449,15210,13832,-1617
ISNE,"7/16/2020 5 p.m. EDT",15922,15470,14102,-1820
ISNE,"7/16/2020 6 p.m. EDT",16215,15900,14343,-1872
ISNE,"7/16/2020 7 p.m. EDT",16096,15740,13995,-2101
ISNE,"7/16/2020 8 p.m. EDT",15586,15620,13380,-2206
ISNE,"7/16/2020 9 p.m. EDT",15228,15420,13038,-2190
ISNE,"7/16/2020 10 p.m. EDT",14631,14850,12115,-2516
ISNE,"7/16/2020 11 p.m. EDT",13476,13620,10807,-2669
ISNE,"7/17/2020 12 a.m. EDT",12331,12420,9935,-2396
ISNE,"7/17/2020 1 a.m. EDT",11455,11390,9415,-2040
ISNE,"7/17/2020 2 a.m. EDT",11056,10860,8910,-2146
ISNE,"7/17/2020 3 a.m. EDT",10750,10520,8712,-2038
ISNE,"7/17/2020 4 a.m. EDT",10594,10360,8728,-1866
ISNE,"7/17/2020 5 a.m. EDT",10636,10450,8584,-2052
ISNE,"7/17/2020 6 a.m. EDT",10987,11070,8931,-2056
ISNE,"7/17/2020 7 a.m. EDT",11867,11910,9873,-1994
ISNE,"7/17/2020 8 a.m. EDT",12844,12800,10516,-2328
ISNE,"7/17/2020 9 a.m. EDT",13631,13490,11396,-2235
ISNE,"7/17/2020 10 a.m. EDT",14110,14150,12040,-2070
ISNE,"7/17/2020 11 a.m. EDT",14468,14350,12266,-2202
ISNE,"7/17/2020 12 p.m. EDT",14678,14610,12638,-2040
ISNE,"7/17/2020 1 p.m. EDT",14744,14770,12690,-2054
ISNE,"7/17/2020 2 p.m. EDT",14729,15000,12745,-1984
ISNE,"7/17/2020 3 p.m. EDT",14664,15190,12819,-1845
ISNE,"7/17/2020 4 p.m. EDT",14664,15300,12670,-1994
ISNE,"7/17/2020 5 p.m. EDT",14838,15550,13450,-1388
ISNE,"7/17/2020 6 p.m. EDT",15256,16100,13842,-1414
ISNE,"7/17/2020 7 p.m. EDT",15550,15970,13783,-1767
ISNE,"7/17/2020 8 p.m. EDT",15515,15880,13636,-1879
ISNE,"7/17/2020 9 p.m. EDT",15401,15700,13257,-2144
ISNE,"7/17/2020 10 p.m. EDT",15078,15290,12784,-2294
ISNE,"7/17/2020 11 p.m. EDT",14128,14530,11748,-2380
ISNE,"7/18/2020 12 a.m. EDT",13074,13700,10616,-2458
ISNE,"7/18/2020 1 a.m. EDT",12340,12180,9702,-2638
ISNE,"7/18/2020 2 a.m. EDT",11941,11580,9845,-2096
ISNE,"7/18/2020 3 a.m. EDT",11620,11200,9815,-1805
ISNE,"7/18/2020 4 a.m. EDT",10956,10950,9559,-1397
ISNE,"7/18/2020 5 a.m. EDT",10960,10900,9436,-1524
ISNE,"7/18/2020 6 a.m. EDT",11215,10970,9581,-1634
ISNE,"7/18/2020 7 a.m. EDT",11469,11340,9739,-1730
ISNE,"7/18/2020 8 a.m. EDT",12033,12050,10209,-1824
ISNE,"7/18/2020 9 a.m. EDT",12891,12900,11212,-1679
ISNE,"7/18/2020 10 a.m. EDT",13770,13800,12165,-1605
ISNE,"7/18/2020 11 a.m. EDT",14679,14610,12960,-1719
ISNE,"7/18/2020 12 p.m. EDT",15625,15450,14221,-1404
ISNE,"7/18/2020 1 p.m. EDT",16399,16590,14976,-1423
ISNE,"7/18/2020 2 p.m. EDT",17032,17240,15477,-1555
ISNE,"7/18/2020 3 p.m. EDT",17630,18160,15801,-1829
ISNE,"7/18/2020 4 p.m. EDT",18369,18750,16341,-2028
ISNE,"7/18/2020 5 p.m. EDT",19208,19490,17146,-2062
ISNE,"7/18/2020 6 p.m. EDT",20012,20080,17830,-2182
ISNE,"7/18/2020 7 p.m. EDT",20269,20250,17850,-2419
ISNE,"7/18/2020 8 p.m. EDT",19698,19630,17023,-2675
ISNE,"7/18/2020 9 p.m. EDT",18977,19270,16149,-2828
ISNE,"7/18/2020 10 p.m. EDT",18236,18480,15559,-2677
ISNE,"7/18/2020 11 p.m. EDT",16892,17140,14215,-2677
ISNE,"7/19/2020 12 a.m. EDT",15485,15690,12449,-3036
ISNE,"7/19/2020 1 a.m. EDT",14296,13940,11075,-3221
ISNE,"7/19/2020 2 a.m. EDT",13639,13390,10684,-2955
ISNE,"7/19/2020 3 a.m. EDT",13243,12740,10400,-2843
ISNE,"7/19/2020 4 a.m. EDT",12803,12230,10326,-2477
ISNE,"7/19/2020 5 a.m. EDT",12561,11930,10146,-2415
ISNE,"7/19/2020 6 a.m. EDT",12196,11870,10093,-2103
ISNE,"7/19/2020 7 a.m. EDT",12625,12050,10317,-2308
ISNE,"7/19/2020 8 a.m. EDT",13338,12720,10926,-2412
ISNE,"7/19/2020 9 a.m. EDT",13892,13920,11445,-2447
ISNE,"7/19/2020 10 a.m. EDT",14974,15270,13142,-1832
ISNE,"7/19/2020 11 a.m. EDT",16200,16630,14345,-1855
ISNE,"7/19/2020 12 p.m. EDT",17469,17540,15658,-1811
ISNE,"7/19/2020 1 p.m. EDT",18539,18640,16654,-1885
ISNE,"7/19/2020 2 p.m. EDT",19328,19490,17395,-1933
ISNE,"7/19/2020 3 p.m. EDT",19991,20110,17891,-2100
ISNE,"7/19/2020 4 p.m. EDT",20749,20730,18322,-2427
ISNE,"7/19/2020 5 p.m. EDT",21570,21460,18846,-2724
ISNE,"7/19/2020 6 p.m. EDT",22339,22000,19443,-2896
ISNE,"7/19/2020 7 p.m. EDT",22340,22150,18937,-3403
ISNE,"7/19/2020 8 p.m. EDT",21757,21510,18553,-3204
ISNE,"7/19/2020 9 p.m. EDT",21215,20970,18047,-3168
ISNE,"7/19/2020 10 p.m. EDT",20293,20160,17344,-2949
ISNE,"7/19/2020 11 p.m. EDT",18688,18490,15545,-3143
ISNE,"7/20/2020 12 a.m. EDT",17398,16810,14269,-3129
ISNE,"7/20/2020 1 a.m. EDT",16230,15860,12989,-3241
ISNE,"7/20/2020 2 a.m. EDT",15878,15060,12566,-3312
ISNE,"7/20/2020 3 a.m. EDT",15644,14530,12309,-3335
ISNE,"7/20/2020 4 a.m. EDT",15377,14300,11979,-3398
ISNE,"7/20/2020 5 a.m. EDT",15456,14390,12101,-3355
ISNE,"7/20/2020 6 a.m. EDT",15687,14910,12494,-3193
ISNE,"7/20/2020 7 a.m. EDT",16113,15990,13140,-2973
ISNE,"7/20/2020 8 a.m. EDT",17252,17260,14287,-2965
ISNE,"7/20/2020 9 a.m. EDT",18346,18370,15826,-2520
ISNE,"7/20/2020 10 a.m. EDT",18941,18940,16373,-2568
ISNE,"7/20/2020 11 a.m. EDT",19556,19550,17435,-2121
ISNE,"7/20/2020 12 p.m. EDT",20378,20360,17824,-2554
ISNE,"7/20/2020 1 p.m. EDT",21301,20940,18783,-2518
ISNE,"7/20/2020 2 p.m. EDT",22225,21880,19389,-2836
ISNE,"7/20/2020 3 p.m. EDT",22783,22440,19640,-3143
ISNE,"7/20/2020 4 p.m. EDT",23105,22810,19754,-3351
ISNE,"7/20/2020 5 p.m. EDT",23357,23350,19797,-3560
ISNE,"7/20/2020 6 p.m. EDT",23838,24500,20320,-3518
ISNE,"7/20/2020 7 p.m. EDT",23824,24080,20641,-3183
ISNE,"7/20/2020 8 p.m. EDT",23283,23350,20103,-3180
ISNE,"7/20/2020 9 p.m. EDT",22373,22530,19225,-3148
ISNE,"7/20/2020 10 p.m. EDT",21122,21310,17909,-3213
ISNE,"7/20/2020 11 p.m. EDT",19211,19300,16021,-3190
ISNE,"7/21/2020 12 a.m. EDT",17358,17430,14000,-3358
ISNE,"7/21/2020 1 a.m. EDT",15969,15880,12990,-2979
ISNE,"7/21/2020 2 a.m. EDT",15321,14820,12361,-2960
ISNE,"7/21/2020 3 a.m. EDT",14774,14060,11862,-2912
ISNE,"7/21/2020 4 a.m. EDT",14575,13600,11697,-2878
ISNE,"7/21/2020 5 a.m. EDT",14508,13470,11480,-3028
ISNE,"7/21/2020 6 a.m. EDT",14518,13750,11472,-3046
ISNE,"7/21/2020 7 a.m. EDT",15286,14670,12366,-2920
ISNE,"7/21/2020 8 a.m. EDT",16182,15820,13151,-3031
ISNE,"7/21/2020 9 a.m. EDT",16696,16710,14116,-2580
ISNE,"7/21/2020 10 a.m. EDT",17339,17520,15046,-2293
ISNE,"7/21/2020 11 a.m. EDT",18324,18290,16628,-1696
ISNE,"7/21/2020 12 p.m. EDT",19027,18940,17187,-1840
ISNE,"7/21/2020 1 p.m. EDT",19750,19700,18001,-1749
ISNE,"7/21/2020 2 p.m. EDT",20519,20460,18743,-1776
ISNE,"7/21/2020 3 p.m. EDT",20956,20790,18715,-2241
ISNE,"7/21/2020 4 p.m. EDT",21446,21030,19261,-2185
ISNE,"7/21/2020 5 p.m. EDT",21983,21610,20091,-1892
ISNE,"7/21/2020 6 p.m. EDT",22556,21710,20316,-2240
ISNE,"7/21/2020 7 p.m. EDT",22561,21540,19425,-3136
ISNE,"7/21/2020 8 p.m. EDT",21855,20820,18391,-3464
ISNE,"7/21/2020 9 p.m. EDT",20906,20350,17558,-3348
ISNE,"7/21/2020 10 p.m. EDT",19725,19230,16935,-2790
ISNE,"7/21/2020 11 p.m. EDT",17918,17670,14901,-3017
ISNE,"7/22/2020 12 a.m. EDT",16238,15770,12955,-3283
ISNE,"7/22/2020 1 a.m. EDT",14960,14940,11990,-2970
ISNE,"7/22/2020 2 a.m. EDT",14262,14050,11295,-2967
ISNE,"7/22/2020 3 a.m. EDT",13997,13430,11214,-2783
ISNE,"7/22/2020 4 a.m. EDT",13893,13120,11377,-2516
ISNE,"7/22/2020 5 a.m. EDT",14145,13140,11333,-2812
ISNE,"7/22/2020 6 a.m. EDT",14642,13680,11815,-2827
ISNE,"7/22/2020 7 a.m. EDT",15340,14750,12492,-2848
ISNE,"7/22/2020 8 a.m. EDT",16322,15800,13193,-3129
ISNE,"7/22/2020 9 a.m. EDT",16587,16300,13769,-2818
ISNE,"7/22/2020 10 a.m. EDT",16674,17000,14210,-2464
ISNE,"7/22/2020 11 a.m. EDT",17085,17340,14825,-2260
ISNE,"7/22/2020 12 p.m. EDT",17559,17940,15244,-2315
ISNE,"7/22/2020 1 p.m. EDT",18026,18500,15849,-2177
ISNE,"7/22/2020 2 p.m. EDT",18539,19020,16246,-2293
ISNE,"7/22/2020 3 p.m. EDT",19044,19440,16893,-2151
ISNE,"7/22/2020 4 p.m. EDT",19773,19840,17705,-2068
ISNE,"7/22/2020 5 p.m. EDT",20445,20250,18299,-2146
ISNE,"7/22/2020 6 p.m. EDT",20960,20550,18671,-2289
ISNE,"7/22/2020 7 p.m. EDT",20656,20350,17881,-2775
ISNE,"7/22/2020 8 p.m. EDT",20062,19950,17208,-2854
ISNE,"7/22/2020 9 p.m. EDT",19487,19380,16323,-3164
ISNE,"7/22/2020 10 p.m. EDT",18418,18460,15424,-2994
ISNE,"7/22/2020 11 p.m. EDT",16953,17000,14080,-2873
ISNE,"7/23/2020 12 a.m. EDT",15744,15550,12875,-2869
ISNE,"7/23/2020 1 a.m. EDT",15074,14530,12075,-2999
ISNE,"7/23/2020 2 a.m. EDT",14460,13830,11715,-2745
ISNE,"7/23/2020 3 a.m. EDT",14146,13390,11139,-3007
ISNE,"7/23/2020 4 a.m. EDT",14165,13170,11524,-2641
ISNE,"7/23/2020 5 a.m. EDT",14305,13260,11808,-2497
ISNE,"7/23/2020 6 a.m. EDT",14868,13990,11926,-2942
ISNE,"7/23/2020 7 a.m. EDT",15642,15040,12848,-2794
ISNE,"7/23/2020 8 a.m. EDT",16137,16040,13289,-2848
ISNE,"7/23/2020 9 a.m. EDT",16807,16720,13922,-2885
ISNE,"7/23/2020 10 a.m. EDT",17384,17510,14778,-2606
ISNE,"7/23/2020 11 a.m. EDT",18294,18240,15824,-2470
ISNE,"7/23/2020 12 p.m. EDT",19585,19760,17088,-2497
ISNE,"7/23/2020 1 p.m. EDT",20616,20530,17375,-3241
ISNE,"7/23/2020 2 p.m. EDT",21312,21070,17660,-3652
ISNE,"7/23/2020 3 p.m. EDT",21335,21380,17845,-3490
ISNE,"7/23/2020 4 p.m. EDT",21617,21730,18506,-3111
ISNE,"7/23/2020 5 p.m. EDT",21481,21950,18875,-2606
ISNE,"7/23/2020 6 p.m. EDT",21130,22010,18244,-2886
ISNE,"7/23/2020 7 p.m. EDT",20700,21710,17489,-3211
ISNE,"7/23/2020 8 p.m. EDT",20119,20930,16941,-3178
ISNE,"7/23/2020 9 p.m. EDT",19584,20280,16697,-2887
ISNE,"7/23/2020 10 p.m. EDT",18642,19250,15829,-2813
ISNE,"7/23/2020 11 p.m. EDT",17197,17660,14379,-2818
ISNE,"7/24/2020 12 a.m. EDT",15995,16080,13053,-2942
ISNE,"7/24/2020 1 a.m. EDT",15140,14610,12313,-2827
ISNE,"7/24/2020 2 a.m. EDT",14557,13820,11847,-2710
ISNE,"7/24/2020 3 a.m. EDT",14351,13280,11735,-2616
ISNE,"7/24/2020 4 a.m. EDT",14043,13000,11411,-2632
ISNE,"7/24/2020 5 a.m. EDT",14035,12960,11531,-2504
ISNE,"7/24/2020 6 a.m. EDT",14255,13600,11936,-2319
ISNE,"7/24/2020 7 a.m. EDT",14645,14620,12346,-2299
ISNE,"7/24/2020 8 a.m. EDT",15329,15710,13086,-2243
ISNE,"7/24/2020 9 a.m. EDT",15774,16530,13748,-2026
ISNE,"7/24/2020 10 a.m. EDT",16250,16190,14310,-1940
ISNE,"7/24/2020 11 a.m. EDT",16583,16630,14532,-2051
ISNE,"7/24/2020 12 p.m. EDT",17461,17130,15133,-2328
ISNE,"7/24/2020 1 p.m. EDT",18001,17730,15659,-2342
ISNE,"7/24/2020 2 p.m. EDT",18291,18140,15876,-2415
ISNE,"7/24/2020 3 p.m. EDT",18663,18580,16183,-2480
ISNE,"7/24/2020 4 p.m. EDT",18985,19030,16607,-2378
ISNE,"7/24/2020 5 p.m. EDT",19265,19330,16754,-2511
ISNE,"7/24/2020 6 p.m. EDT",19501,19700,16827,-2674
ISNE,"7/24/2020 7 p.m. EDT",19315,19530,16496,-2819
ISNE,"7/24/2020 8 p.m. EDT",18817,18930,15956,-2861
ISNE,"7/24/2020 9 p.m. EDT",18303,18170,15685,-2618
ISNE,"7/24/2020 10 p.m. EDT",17561,17420,15144,-2417
ISNE,"7/24/2020 11 p.m. EDT",16219,16070,13529,-2690
ISNE,"7/25/2020 12 a.m. EDT",14819,14700,12314,-2505
ISNE,"7/25/2020 1 a.m. EDT",13932,13660,11052,-2880
ISNE,"7/25/2020 2 a.m. EDT",13471,12850,10833,-2638
ISNE,"7/25/2020 3 a.m. EDT",13299,12280,10529,-2770
ISNE,"7/25/2020 4 a.m. EDT",12973,11910,10299,-2674
ISNE,"7/25/2020 5 a.m. EDT",12792,11750,10187,-2605
ISNE,"7/25/2020 6 a.m. EDT",12786,11750,10204,-2582
ISNE,"7/25/2020 7 a.m. EDT",13105,12080,10322,-2783
ISNE,"7/25/2020 8 a.m. EDT",13564,12840,11181,-2383
ISNE,"7/25/2020 9 a.m. EDT",13988,13760,11748,-2240
ISNE,"7/25/2020 10 a.m. EDT",14603,14640,12485,-2118
ISNE,"7/25/2020 11 a.m. EDT",15508,15520,13381,-2127
ISNE,"7/25/2020 12 p.m. EDT",16486,16520,14361,-2125
ISNE,"7/25/2020 1 p.m. EDT",17316,17330,15088,-2228
ISNE,"7/25/2020 2 p.m. EDT",17824,17830,15436,-2388
ISNE,"7/25/2020 3 p.m. EDT",18332,18330,16163,-2169
ISNE,"7/25/2020 4 p.m. EDT",18896,18910,16347,-2549
ISNE,"7/25/2020 5 p.m. EDT",19537,19550,16827,-2710
ISNE,"7/25/2020 6 p.m. EDT",20180,20170,17350,-2830
ISNE,"7/25/2020 7 p.m. EDT",20251,20090,17195,-3056
ISNE,"7/25/2020 8 p.m. EDT",19788,19370,16551,-3237
ISNE,"7/25/2020 9 p.m. EDT",19211,18630,16301,-2910
ISNE,"7/25/2020 10 p.m. EDT",18425,17930,15772,-2653
ISNE,"7/25/2020 11 p.m. EDT",17095,16670,14646,-2449
ISNE,"7/26/2020 12 a.m. EDT",15717,15390,13013,-2704
ISNE,"7/26/2020 1 a.m. EDT",14612,14590,11651,-2961
ISNE,"7/26/2020 2 a.m. EDT",13937,13800,11116,-2821
ISNE,"7/26/2020 3 a.m. EDT",14001,13250,11031,-2970
ISNE,"7/26/2020 4 a.m. EDT",13687,12890,10784,-2903
ISNE,"7/26/2020 5 a.m. EDT",13688,12670,10615,-3073
ISNE,"7/26/2020 6 a.m. EDT",13615,12590,10504,-3111
ISNE,"7/26/2020 7 a.m. EDT",13542,12760,10391,-3151
ISNE,"7/26/2020 8 a.m. EDT",13914,13400,10957,-2957
ISNE,"7/26/2020 9 a.m. EDT",14430,14350,11602,-2828
ISNE,"7/26/2020 10 a.m. EDT",15267,15290,12578,-2689
ISNE,"7/26/2020 11 a.m. EDT",16261,16290,13726,-2535
ISNE,"7/26/2020 12 p.m. EDT",17209,17240,14927,-2282
ISNE,"7/26/2020 1 p.m. EDT",17904,17920,15361,-2543
ISNE,"7/26/2020 2 p.m. EDT",18536,18550,15776,-2760
ISNE,"7/26/2020 3 p.m. EDT",19220,19220,16193,-3027
ISNE,"7/26/2020 4 p.m. EDT",20141,20170,16984,-3157
ISNE,"7/26/2020 5 p.m. EDT",20899,20920,17611,-3288
ISNE,"7/26/2020 6 p.m. EDT",21342,21550,17793,-3549
ISNE,"7/26/2020 7 p.m. EDT",21424,21600,17787,-3637
ISNE,"7/26/2020 8 p.m. EDT",20991,21080,17409,-3582
ISNE,"7/26/2020 9 p.m. EDT",20557,20480,17189,-3368
ISNE,"7/26/2020 10 p.m. EDT",19686,19530,16518,-3168
ISNE,"7/26/2020 11 p.m. EDT",18110,17960,14738,-3372
ISNE,"7/27/2020 12 a.m. EDT",16582,16420,13258,-3324
ISNE,"7/27/2020 1 a.m. EDT",15554,15340,12487,-3067
ISNE,"7/27/2020 2 a.m. EDT",15052,14530,12324,-2728
ISNE,"7/27/2020 3 a.m. EDT",14524,13980,11788,-2736
ISNE,"7/27/2020 4 a.m. EDT",14369,13690,11419,-2950
ISNE,"7/27/2020 5 a.m. EDT",14509,13730,11467,-3042
ISNE,"7/27/2020 6 a.m. EDT",14712,14400,11862,-2850
ISNE,"7/27/2020 7 a.m. EDT",15492,15430,12623,-2869
ISNE,"7/27/2020 8 a.m. EDT",16608,16750,13678,-2930
ISNE,"7/27/2020 9 a.m. EDT",17765,17980,15006,-2759
ISNE,"7/27/2020 10 a.m. EDT",18740,18830,16185,-2555
ISNE,"7/27/2020 11 a.m. EDT",19769,19990,17040,-2729
ISNE,"7/27/2020 12 p.m. EDT",20831,21480,17665,-3166
ISNE,"7/27/2020 1 p.m. EDT",21870,22490,18349,-3521
ISNE,"7/27/2020 2 p.m. EDT",22761,23420,19093,-3668
ISNE,"7/27/2020 3 p.m. EDT",23413,23980,19954,-3459
ISNE,"7/27/2020 4 p.m. EDT",23897,24540,20338,-3559
ISNE,"7/27/2020 5 p.m. EDT",24125,24930,20678,-3447
ISNE,"7/27/2020 6 p.m. EDT",24697,25350,21524,-3173
ISNE,"7/27/2020 7 p.m. EDT",24659,25500,21452,-3207
ISNE,"7/27/2020 8 p.m. EDT",24158,24330,20865,-3293
ISNE,"7/27/2020 9 p.m. EDT",23412,23630,19582,-3830
ISNE,"7/27/2020 10 p.m. EDT",22295,22320,18486,-3809
ISNE,"7/27/2020 11 p.m. EDT",20573,20330,16801,-3772
ISNE,"7/28/2020 12 a.m. EDT",19078,18500,15795,-3283
ISNE,"7/28/2020 1 a.m. EDT",18052,17480,14543,-3509
ISNE,"7/28/2020 2 a.m. EDT",17616,16570,14233,-3383
ISNE,"7/28/2020 3 a.m. EDT",17012,15930,13892,-3120
ISNE,"7/28/2020 4 a.m. EDT",16616,15580,13473,-3143
ISNE,"7/28/2020 5 a.m. EDT",16569,15530,13488,-3081
ISNE,"7/28/2020 6 a.m. EDT",16974,15950,13891,-3083
ISNE,"7/28/2020 7 a.m. EDT",17963,16970,14771,-3192
ISNE,"7/28/2020 8 a.m. EDT",19015,18430,15833,-3182
ISNE,"7/28/2020 9 a.m. EDT",19796,19710,16519,-3277
ISNE,"7/28/2020 10 a.m. EDT",20757,20520,17500,-3257
ISNE,"7/28/2020 11 a.m. EDT",21731,21590,18347,-3384
ISNE,"7/28/2020 12 p.m. EDT",22538,22580,19234,-3304
ISNE,"7/28/2020 1 p.m. EDT",23198,23290,19848,-3350
ISNE,"7/28/2020 2 p.m. EDT",23766,23890,20404,-3362
ISNE,"7/28/2020 3 p.m. EDT",23946,24090,20619,-3327
ISNE,"7/28/2020 4 p.m. EDT",23992,24180,20476,-3516
ISNE,"7/28/2020 5 p.m. EDT",24049,24300,20696,-3353
ISNE,"7/28/2020 6 p.m. EDT",24174,24140,20420,-3754
ISNE,"7/28/2020 7 p.m. EDT",23961,23840,20137,-3824
ISNE,"7/28/2020 8 p.m. EDT",23072,23010,19189,-3883
ISNE,"7/28/2020 9 p.m. EDT",22020,22270,18083,-3937
ISNE,"7/28/2020 10 p.m. EDT",20737,21120,17120,-3617
ISNE,"7/28/2020 11 p.m. EDT",19140,19080,15653,-3487
ISNE,"7/29/2020 12 a.m. EDT",17813,17290,14461,-3352
ISNE,"7/29/2020 1 a.m. EDT",16553,15710,13284,-3269
ISNE,"7/29/2020 2 a.m. EDT",15541,14710,12617,-2924
ISNE,"7/29/2020 3 a.m. EDT",14820,14000,12036,-2784
ISNE,"7/29/2020 4 a.m. EDT",14455,13530,11501,-2954
ISNE,"7/29/2020 5 a.m. EDT",14428,13380,11596,-2832
ISNE,"7/29/2020 6 a.m. EDT",14716,13690,11921,-2795
ISNE,"7/29/2020 7 a.m. EDT",15050,14460,12252,-2798
ISNE,"7/29/2020 8 a.m. EDT",15989,15530,13174,-2815
ISNE,"7/29/2020 9 a.m. EDT",16376,16390,13755,-2621
ISNE,"7/29/2020 10 a.m. EDT",17090,17080,14444,-2646
ISNE,"7/29/2020 11 a.m. EDT",17863,18090,15667,-2196
ISNE,"7/29/2020 12 p.m. EDT",18913,18860,16984,-1929
ISNE,"7/29/2020 1 p.m. EDT",19834,19770,17944,-1890
ISNE,"7/29/2020 2 p.m. EDT",20571,20510,17989,-2582
ISNE,"7/29/2020 3 p.m. EDT",21143,21230,18698,-2445
ISNE,"7/29/2020 4 p.m. EDT",21474,21870,18680,-2794
ISNE,"7/29/2020 5 p.m. EDT",22011,22280,19419,-2592
ISNE,"7/29/2020 6 p.m. EDT",22592,22620,19814,-2778
ISNE,"7/29/2020 7 p.m. EDT",22550,22800,19147,-3403
ISNE,"7/29/2020 8 p.m. EDT",21775,21760,18334,-3441
ISNE,"7/29/2020 9 p.m. EDT",21028,21310,17876,-3152
ISNE,"7/29/2020 10 p.m. EDT",19963,20130,17189,-2774
ISNE,"7/29/2020 11 p.m. EDT",18337,18300,15475,-2862
ISNE,"7/30/2020 12 a.m. EDT",16781,16620,13851,-2930
ISNE,"7/30/2020 1 a.m. EDT",15624,15310,12862,-2762
ISNE,"7/30/2020 2 a.m. EDT",15104,14440,12479,-2625
ISNE,"7/30/2020 3 a.m. EDT",14811,13850,11934,-2877
ISNE,"7/30/2020 4 a.m. EDT",14687,13880,11878,-2809
ISNE,"7/30/2020 5 a.m. EDT",14696,13880,11961,-2735
ISNE,"7/30/2020 6 a.m. EDT",15186,14330,12234,-2952
ISNE,"7/30/2020 7 a.m. EDT",15555,15240,12942,-2613
ISNE,"7/30/2020 8 a.m. EDT",16391,16340,13464,-2927
ISNE,"7/30/2020 9 a.m. EDT",17095,17070,14240,-2855
ISNE,"7/30/2020 10 a.m. EDT",17624,17820,14970,-2654
ISNE,"7/30/2020 11 a.m. EDT",18481,18510,16171,-2310
ISNE,"7/30/2020 12 p.m. EDT",19538,19170,16896,-2642
ISNE,"7/30/2020 1 p.m. EDT",20563,19910,17856,-2707
ISNE,"7/30/2020 2 p.m. EDT",21106,20750,18456,-2650
ISNE,"7/30/2020 3 p.m. EDT",21647,21130,18566,-3081
ISNE,"7/30/2020 4 p.m. EDT",22013,21760,18746,-3267
ISNE,"7/30/2020 5 p.m. EDT",22078,22030,18917,-3161
ISNE,"7/30/2020 6 p.m. EDT",22033,22240,18724,-3309
ISNE,"7/30/2020 7 p.m. EDT",21457,22020,18069,-3388
ISNE,"7/30/2020 8 p.m. EDT",20727,21220,17359,-3368
ISNE,"7/30/2020 9 p.m. EDT",20215,20430,17127,-3088
ISNE,"7/30/2020 10 p.m. EDT",19222,19380,16291,-2931
ISNE,"7/30/2020 11 p.m. EDT",17681,17760,14569,-3112
ISNE,"7/31/2020 12 a.m. EDT",16159,16180,12925,-3234
ISNE,"7/31/2020 1 a.m. EDT",15038,14850,11911,-3127
ISNE,"7/31/2020 2 a.m. EDT",14730,14040,11522,-3208
ISNE,"7/31/2020 3 a.m. EDT",14394,13370,11162,-3232
ISNE,"7/31/2020 4 a.m. EDT",14258,13190,11251,-3007
ISNE,"7/31/2020 5 a.m. EDT",14196,13150,11292,-2904
ISNE,"7/31/2020 6 a.m. EDT",14317,13530,11114,-3203
ISNE,"7/31/2020 7 a.m. EDT",14868,14320,11734,-3134
ISNE,"7/31/2020 8 a.m. EDT",15384,15290,12286,-3098
ISNE,"7/31/2020 9 a.m. EDT",15811,15860,12993,-2818
ISNE,"7/31/2020 10 a.m. EDT",16160,16470,13346,-2814
ISNE,"7/31/2020 11 a.m. EDT",16467,16910,13563,-2904
ISNE,"7/31/2020 12 p.m. EDT",16939,17480,14260,-2679
ISNE,"7/31/2020 1 p.m. EDT",17353,18070,14828,-2525
ISNE,"7/31/2020 2 p.m. EDT",17949,18610,15317,-2632
ISNE,"7/31/2020 3 p.m. EDT",18444,18990,15994,-2450
ISNE,"7/31/2020 4 p.m. EDT",19035,19320,16410,-2625
ISNE,"7/31/2020 5 p.m. EDT",19713,19550,17124,-2589
ISNE,"7/31/2020 6 p.m. EDT",20283,19800,17651,-2632
ISNE,"7/31/2020 7 p.m. EDT",20271,19650,17211,-3060
ISNE,"7/31/2020 8 p.m. EDT",19563,19130,16430,-3133
ISNE,"7/31/2020 9 p.m. EDT",18848,18510,15724,-3124
ISNE,"7/31/2020 10 p.m. EDT",17958,17670,14893,-3065
ISNE,"7/31/2020 11 p.m. EDT",16548,16310,13397,-3151
ISNE,"8/1/2020 12 a.m. EDT",15113,14940,12014,-3099
