"BA Code","Timestamp (Hour Ending)","Demand (MWh)","Demand Forecast (MWh)","Net Generation (MWh)","Total Interchange (MWh)"
ISNE,"1/1/2019 12 a.m. EST",12132,12350,9667,-2465
ISNE,"1/1/2019 1 a.m. EST",11614,11500,8902,-2712
ISNE,"1/1/2019 2 a.m. EST",11497,10960,8809,-2688
ISNE,"1/1/2019 3 a.m. EST",11369,10560,8538,-2831
ISNE,"1/1/2019 4 a.m. EST",11270,10300,8433,-2837
ISNE,"1/1/2019 5 a.m. EST",11310,10250,8245,-3065
ISNE,"1/1/2019 6 a.m. EST",11516,10480,8386,-3130
ISNE,"1/1/2019 7 a.m. EST",11849,10800,8526,-3323
ISNE,"1/1/2019 8 a.m. EST",11539,11060,8355,-3184
ISNE,"1/1/2019 9 a.m. EST",11729,11430,8770,-2959
ISNE,"1/1/2019 10 a.m. EST",12187,11820,9170,-3017
ISNE,"1/1/2019 11 a.m. EST",12331,12030,9222,-3109
ISNE,"1/1/2019 12 p.m. EST",12149,12070,8918,-3231
ISNE,"1/1/2019 1 p.m. EST",12082,12310,9033,-3049
ISNE,"1/1/2019 2 p.m. EST",12154,12380,9433,-2721
ISNE,"1/1/2019 3 p.m. EST",12349,12540,9750,-2599
ISNE,"1/1/2019 4 p.m. EST",13037,13140,10209,-2828
ISNE,"1/1/2019 5 p.m. EST",14316,14510,11391,-2925
ISNE,"1/1/2019 6 p.m. EST",15392,15680,12469,-2923
ISNE,"1/1/2019 7 p.m. EST",15287,15500,12623,-2664
ISNE,"1/1/2019 8 p.m. EST",14862,14950,12137,-2725
ISNE,"1/1/2019 9 p.m. EST",14305,14350,11640,-2665
ISNE,"1/1/2019 10 p.m. EST",13503,13660,10553,-2950
ISNE,"1/1/2019 11 p.m. EST",12504,12780,9754,-2750
ISNE,"1/2/2019 12 a.m. EST",11894,12030,9211,-2683
ISNE,"1/2/2019 1 a.m. EST",11614,11610,8555,-3059
ISNE,"1/2/2019 2 a.m. EST",11124,11270,8174,-2950
ISNE,"1/2/2019 3 a.m. EST",11046,11100,8269,-2777
ISNE,"1/2/2019 4 a.m. EST",11164,11090,8389,-2775
ISNE,"1/2/2019 5 a.m. EST",11593,11460,8828,-2765
ISNE,"1/2/2019 6 a.m. EST",12692,12560,9864,-2828
ISNE,"1/2/2019 7 a.m. EST",14279,14400,11616,-2663
ISNE,"1/2/2019 8 a.m. EST",15390,15240,12457,-2933
ISNE,"1/2/2019 9 a.m. EST",15296,14910,12039,-3257
ISNE,"1/2/2019 10 a.m. EST",14725,14470,11748,-2977
ISNE,"1/2/2019 11 a.m. EST",14298,14200,11579,-2719
ISNE,"1/2/2019 12 p.m. EST",14062,13990,11553,-2509
ISNE,"1/2/2019 1 p.m. EST",13877,13930,11327,-2550
ISNE,"1/2/2019 2 p.m. EST",14127,14130,11589,-2538
ISNE,"1/2/2019 3 p.m. EST",14611,14300,11849,-2762
ISNE,"1/2/2019 4 p.m. EST",15287,14910,12607,-2680
ISNE,"1/2/2019 5 p.m. EST",16423,16180,13387,-3036
ISNE,"1/2/2019 6 p.m. EST",17416,17340,14598,-2818
ISNE,"1/2/2019 7 p.m. EST",17351,17090,14567,-2784
ISNE,"1/2/2019 8 p.m. EST",16943,16700,14149,-2794
ISNE,"1/2/2019 9 p.m. EST",16268,15980,13408,-2860
ISNE,"1/2/2019 10 p.m. EST",15240,14950,12671,-2569
ISNE,"1/2/2019 11 p.m. EST",13913,13740,11371,-2542
ISNE,"1/3/2019 12 a.m. EST",12869,12660,10153,-2716
ISNE,"1/3/2019 1 a.m. EST",12558,11990,9718,-2840
ISNE,"1/3/2019 2 a.m. EST",12233,11590,9501,-2732
ISNE,"1/3/2019 3 a.m. EST",12196,11390,9375,-2821
ISNE,"1/3/2019 4 a.m. EST",12178,11370,9407,-2771
ISNE,"1/3/2019 5 a.m. EST",12325,11700,9496,-2829
ISNE,"1/3/2019 6 a.m. EST",13177,12670,10333,-2844
ISNE,"1/3/2019 7 a.m. EST",14314,14280,11581,-2733
ISNE,"1/3/2019 8 a.m. EST",15340,15340,12545,-2795
ISNE,"1/3/2019 9 a.m. EST",15458,15440,12649,-2809
ISNE,"1/3/2019 10 a.m. EST",15238,15270,12581,-2657
ISNE,"1/3/2019 11 a.m. EST",14621,15050,12047,-2574
ISNE,"1/3/2019 12 p.m. EST",14108,14720,11478,-2630
ISNE,"1/3/2019 1 p.m. EST",13995,14570,11315,-2680
ISNE,"1/3/2019 2 p.m. EST",14075,14400,11275,-2800
ISNE,"1/3/2019 3 p.m. EST",14334,14470,11726,-2608
ISNE,"1/3/2019 4 p.m. EST",14810,14820,12102,-2708
ISNE,"1/3/2019 5 p.m. EST",15803,15910,12601,-3202
ISNE,"1/3/2019 6 p.m. EST",16766,16900,13457,-3309
ISNE,"1/3/2019 7 p.m. EST",16695,16600,13495,-3200
ISNE,"1/3/2019 8 p.m. EST",16275,16200,13038,-3237
ISNE,"1/3/2019 9 p.m. EST",15637,15630,12555,-3082
ISNE,"1/3/2019 10 p.m. EST",14654,14720,11650,-3004
ISNE,"1/3/2019 11 p.m. EST",13420,13530,10321,-3099
ISNE,"1/4/2019 12 a.m. EST",12372,12470,9298,-3074
ISNE,"1/4/2019 1 a.m. EST",11892,11600,8731,-3161
ISNE,"1/4/2019 2 a.m. EST",11725,11200,8703,-3022
ISNE,"1/4/2019 3 a.m. EST",11543,11020,8589,-2954
ISNE,"1/4/2019 4 a.m. EST",11534,11040,8638,-2896
ISNE,"1/4/2019 5 a.m. EST",11660,11410,8857,-2803
ISNE,"1/4/2019 6 a.m. EST",12626,12410,9746,-2880
ISNE,"1/4/2019 7 a.m. EST",14091,14130,11254,-2837
ISNE,"1/4/2019 8 a.m. EST",15067,15060,12181,-2886
ISNE,"1/4/2019 9 a.m. EST",14887,14870,11947,-2940
ISNE,"1/4/2019 10 a.m. EST",14311,14300,11396,-2915
ISNE,"1/4/2019 11 a.m. EST",13924,13810,11056,-2868
ISNE,"1/4/2019 12 p.m. EST",13641,13410,10740,-2901
ISNE,"1/4/2019 1 p.m. EST",13408,13300,10562,-2846
ISNE,"1/4/2019 2 p.m. EST",13644,13340,10753,-2891
ISNE,"1/4/2019 3 p.m. EST",13964,13590,11090,-2874
ISNE,"1/4/2019 4 p.m. EST",14379,14310,11318,-3061
ISNE,"1/4/2019 5 p.m. EST",15321,15440,12247,-3074
ISNE,"1/4/2019 6 p.m. EST",16057,16500,12794,-3263
ISNE,"1/4/2019 7 p.m. EST",15835,16090,12413,-3422
ISNE,"1/4/2019 8 p.m. EST",15369,15530,11758,-3611
ISNE,"1/4/2019 9 p.m. EST",14804,14900,11259,-3545
ISNE,"1/4/2019 10 p.m. EST",14060,14200,10964,-3096
ISNE,"1/4/2019 11 p.m. EST",13077,13100,9849,-3228
ISNE,"1/5/2019 12 a.m. EST",12289,12160,9542,-2747
ISNE,"1/5/2019 1 a.m. EST",11585,11300,8352,-3233
ISNE,"1/5/2019 2 a.m. EST",11105,10840,7931,-3174
ISNE,"1/5/2019 3 a.m. EST",10831,10570,7719,-3112
ISNE,"1/5/2019 4 a.m. EST",10746,10490,7786,-2960
ISNE,"1/5/2019 5 a.m. EST",11115,10610,7722,-3393
ISNE,"1/5/2019 6 a.m. EST",11251,10990,7960,-3291
ISNE,"1/5/2019 7 a.m. EST",11863,11650,8391,-3472
ISNE,"1/5/2019 8 a.m. EST",12382,12400,8992,-3390
ISNE,"1/5/2019 9 a.m. EST",13147,13150,9843,-3304
ISNE,"1/5/2019 10 a.m. EST",13784,13820,10569,-3215
ISNE,"1/5/2019 11 a.m. EST",14092,14090,11106,-2986
ISNE,"1/5/2019 12 p.m. EST",14194,14130,11227,-2967
ISNE,"1/5/2019 1 p.m. EST",14184,14160,11169,-3015
ISNE,"1/5/2019 2 p.m. EST",14128,14100,11226,-2902
ISNE,"1/5/2019 3 p.m. EST",14169,14230,11288,-2881
ISNE,"1/5/2019 4 p.m. EST",14362,14410,11326,-3036
ISNE,"1/5/2019 5 p.m. EST",15047,15220,12199,-2848
ISNE,"1/5/2019 6 p.m. EST",15516,16000,12412,-3104
ISNE,"1/5/2019 7 p.m. EST",15264,15660,11886,-3378
ISNE,"1/5/2019 8 p.m. EST",14738,15100,11339,-3399
ISNE,"1/5/2019 9 p.m. EST",14218,14560,10874,-3344
ISNE,"1/5/2019 10 p.m. EST",13569,13880,10344,-3225
ISNE,"1/5/2019 11 p.m. EST",12777,13000,9690,-3087
ISNE,"1/6/2019 12 a.m. EST",11943,12150,9054,-2889
ISNE,"1/6/2019 1 a.m. EST",11261,11230,8562,-2699
ISNE,"1/6/2019 2 a.m. EST",11039,10790,8431,-2608
ISNE,"1/6/2019 3 a.m. EST",11195,10580,8598,-2597
ISNE,"1/6/2019 4 a.m. EST",11350,10510,8747,-2603
ISNE,"1/6/2019 5 a.m. EST",11433,10610,8687,-2746
ISNE,"1/6/2019 6 a.m. EST",11703,10900,8759,-2944
ISNE,"1/6/2019 7 a.m. EST",11951,11430,8908,-3043
ISNE,"1/6/2019 8 a.m. EST",12012,11990,9313,-2699
ISNE,"1/6/2019 9 a.m. EST",12633,12640,9716,-2917
ISNE,"1/6/2019 10 a.m. EST",12977,13000,10076,-2901
ISNE,"1/6/2019 11 a.m. EST",13118,12990,9812,-3306
ISNE,"1/6/2019 12 p.m. EST",13133,12840,9864,-3269
ISNE,"1/6/2019 1 p.m. EST",13050,12820,9727,-3323
ISNE,"1/6/2019 2 p.m. EST",13134,12910,9894,-3240
ISNE,"1/6/2019 3 p.m. EST",13372,13180,10207,-3165
ISNE,"1/6/2019 4 p.m. EST",13923,13810,10713,-3210
ISNE,"1/6/2019 5 p.m. EST",15078,15040,11770,-3308
ISNE,"1/6/2019 6 p.m. EST",16211,16200,13289,-2922
ISNE,"1/6/2019 7 p.m. EST",16203,16040,13249,-2954
ISNE,"1/6/2019 8 p.m. EST",15829,15750,12902,-2927
ISNE,"1/6/2019 9 p.m. EST",15376,15410,12585,-2791
ISNE,"1/6/2019 10 p.m. EST",14557,14660,11609,-2948
ISNE,"1/6/2019 11 p.m. EST",13560,13660,10773,-2787
ISNE,"1/7/2019 12 a.m. EST",12934,12780,10002,-2932
ISNE,"1/7/2019 1 a.m. EST",12423,12110,9227,-3196
ISNE,"1/7/2019 2 a.m. EST",12230,11830,9223,-3007
ISNE,"1/7/2019 3 a.m. EST",12316,11710,9249,-3067
ISNE,"1/7/2019 4 a.m. EST",12280,11880,9228,-3052
ISNE,"1/7/2019 5 a.m. EST",12756,12420,9603,-3153
ISNE,"1/7/2019 6 a.m. EST",13619,13610,10199,-3420
ISNE,"1/7/2019 7 a.m. EST",15459,15370,12131,-3328
ISNE,"1/7/2019 8 a.m. EST",16503,16260,13066,-3437
ISNE,"1/7/2019 9 a.m. EST",16324,15930,12479,-3845
ISNE,"1/7/2019 10 a.m. EST",15746,15700,11999,-3747
ISNE,"1/7/2019 11 a.m. EST",15324,15450,11770,-3554
ISNE,"1/7/2019 12 p.m. EST",14967,15220,11543,-3424
ISNE,"1/7/2019 1 p.m. EST",14882,14950,11955,-2927
ISNE,"1/7/2019 2 p.m. EST",15046,15060,12018,-3028
ISNE,"1/7/2019 3 p.m. EST",15332,15250,12085,-3247
ISNE,"1/7/2019 4 p.m. EST",15957,15900,12666,-3291
ISNE,"1/7/2019 5 p.m. EST",17014,17030,13454,-3560
ISNE,"1/7/2019 6 p.m. EST",17941,18200,14261,-3680
ISNE,"1/7/2019 7 p.m. EST",17843,18050,14069,-3774
ISNE,"1/7/2019 8 p.m. EST",17385,17520,13956,-3429
ISNE,"1/7/2019 9 p.m. EST",16679,16840,13208,-3471
ISNE,"1/7/2019 10 p.m. EST",15626,15800,12647,-2979
ISNE,"1/7/2019 11 p.m. EST",14338,14500,11600,-2738
ISNE,"1/8/2019 12 a.m. EST",13217,13400,10376,-2841
ISNE,"1/8/2019 1 a.m. EST",12459,12620,9365,-3094
ISNE,"1/8/2019 2 a.m. EST",12022,12120,9122,-2900
ISNE,"1/8/2019 3 a.m. EST",11828,12000,8907,-2921
ISNE,"1/8/2019 4 a.m. EST",12082,11960,9142,-2940
ISNE,"1/8/2019 5 a.m. EST",12452,12250,9398,-3054
ISNE,"1/8/2019 6 a.m. EST",13178,13250,10113,-3065
ISNE,"1/8/2019 7 a.m. EST",14817,15040,11934,-2883
ISNE,"1/8/2019 8 a.m. EST",15851,15960,12695,-3156
ISNE,"1/8/2019 9 a.m. EST",16109,16010,12969,-3140
ISNE,"1/8/2019 10 a.m. EST",16168,16160,13232,-2936
ISNE,"1/8/2019 11 a.m. EST",16221,16090,13330,-2891
ISNE,"1/8/2019 12 p.m. EST",16139,15980,13049,-3090
ISNE,"1/8/2019 1 p.m. EST",15961,15950,12638,-3323
ISNE,"1/8/2019 2 p.m. EST",15846,15910,12458,-3388
ISNE,"1/8/2019 3 p.m. EST",15684,15950,12238,-3446
ISNE,"1/8/2019 4 p.m. EST",15739,16180,12415,-3324
ISNE,"1/8/2019 5 p.m. EST",16392,16770,13148,-3244
ISNE,"1/8/2019 6 p.m. EST",17033,17500,13568,-3465
ISNE,"1/8/2019 7 p.m. EST",16828,17140,13188,-3640
ISNE,"1/8/2019 8 p.m. EST",16313,16530,12732,-3581
ISNE,"1/8/2019 9 p.m. EST",15584,15800,12131,-3453
ISNE,"1/8/2019 10 p.m. EST",14562,14680,11019,-3543
ISNE,"1/8/2019 11 p.m. EST",13280,13410,9870,-3410
ISNE,"1/9/2019 12 a.m. EST",12385,12310,9203,-3182
ISNE,"1/9/2019 1 a.m. EST",12225,11450,8715,-3510
ISNE,"1/9/2019 2 a.m. EST",12038,11050,8805,-3233
ISNE,"1/9/2019 3 a.m. EST",12189,10870,8695,-3494
ISNE,"1/9/2019 4 a.m. EST",12192,10870,8804,-3388
ISNE,"1/9/2019 5 a.m. EST",12473,11200,8951,-3522
ISNE,"1/9/2019 6 a.m. EST",12822,12250,9288,-3534
ISNE,"1/9/2019 7 a.m. EST",13875,13930,10426,-3449
ISNE,"1/9/2019 8 a.m. EST",14784,14960,11543,-3241
ISNE,"1/9/2019 9 a.m. EST",14816,15000,11313,-3503
ISNE,"1/9/2019 10 a.m. EST",14670,14610,11166,-3504
ISNE,"1/9/2019 11 a.m. EST",14530,14470,11069,-3461
ISNE,"1/9/2019 12 p.m. EST",14562,14320,11055,-3507
ISNE,"1/9/2019 1 p.m. EST",14632,14250,11301,-3331
ISNE,"1/9/2019 2 p.m. EST",14780,14310,11308,-3472
ISNE,"1/9/2019 3 p.m. EST",14776,14460,11229,-3547
ISNE,"1/9/2019 4 p.m. EST",15012,14820,11617,-3395
ISNE,"1/9/2019 5 p.m. EST",15863,15900,12430,-3433
ISNE,"1/9/2019 6 p.m. EST",16828,17070,13567,-3261
ISNE,"1/9/2019 7 p.m. EST",16698,17020,13622,-3076
ISNE,"1/9/2019 8 p.m. EST",16257,16570,13229,-3028
ISNE,"1/9/2019 9 p.m. EST",15647,15940,12657,-2990
ISNE,"1/9/2019 10 p.m. EST",14762,14990,11929,-2833
ISNE,"1/9/2019 11 p.m. EST",13693,13690,10871,-2822
ISNE,"1/10/2019 12 a.m. EST",12639,12600,10002,-2637
ISNE,"1/10/2019 1 a.m. EST",12448,11690,9319,-3129
ISNE,"1/10/2019 2 a.m. EST",12584,11340,9418,-3166
ISNE,"1/10/2019 3 a.m. EST",12244,11160,9229,-3015
ISNE,"1/10/2019 4 a.m. EST",12203,11160,9482,-2721
ISNE,"1/10/2019 5 a.m. EST",12153,11500,9380,-2773
ISNE,"1/10/2019 6 a.m. EST",12754,12590,9560,-3194
ISNE,"1/10/2019 7 a.m. EST",14321,14320,11198,-3123
ISNE,"1/10/2019 8 a.m. EST",15328,15260,12274,-3054
ISNE,"1/10/2019 9 a.m. EST",15334,15260,12317,-3017
ISNE,"1/10/2019 10 a.m. EST",15288,15090,12319,-2969
ISNE,"1/10/2019 11 a.m. EST",15454,14900,12306,-3148
ISNE,"1/10/2019 12 p.m. EST",15413,15270,11984,-3429
ISNE,"1/10/2019 1 p.m. EST",15234,15140,11779,-3455
ISNE,"1/10/2019 2 p.m. EST",15214,15280,11837,-3377
ISNE,"1/10/2019 3 p.m. EST",15198,15430,11761,-3437
ISNE,"1/10/2019 4 p.m. EST",15530,15760,12115,-3415
ISNE,"1/10/2019 5 p.m. EST",16476,16620,12867,-3609
ISNE,"1/10/2019 6 p.m. EST",17496,17700,13861,-3635
ISNE,"1/10/2019 7 p.m. EST",17496,17690,13763,-3733
ISNE,"1/10/2019 8 p.m. EST",17137,17460,13475,-3662
ISNE,"1/10/2019 9 p.m. EST",16575,16900,12830,-3745
ISNE,"1/10/2019 10 p.m. EST",15666,15960,11802,-3864
ISNE,"1/10/2019 11 p.m. EST",14452,14730,10747,-3705
ISNE,"1/11/2019 12 a.m. EST",13405,13650,9996,-3409
ISNE,"1/11/2019 1 a.m. EST",13075,12750,9660,-3415
ISNE,"1/11/2019 2 a.m. EST",13046,12390,9489,-3557
ISNE,"1/11/2019 3 a.m. EST",13071,12250,9585,-3486
ISNE,"1/11/2019 4 a.m. EST",13118,12310,9755,-3363
ISNE,"1/11/2019 5 a.m. EST",12918,12640,9652,-3266
ISNE,"1/11/2019 6 a.m. EST",13724,13810,10689,-3035
ISNE,"1/11/2019 7 a.m. EST",15515,15530,12295,-3220
ISNE,"1/11/2019 8 a.m. EST",16522,16500,13112,-3410
ISNE,"1/11/2019 9 a.m. EST",16329,16310,13112,-3217
ISNE,"1/11/2019 10 a.m. EST",15723,15860,12579,-3144
ISNE,"1/11/2019 11 a.m. EST",15177,15580,11781,-3396
ISNE,"1/11/2019 12 p.m. EST",15058,15320,11784,-3274
ISNE,"1/11/2019 1 p.m. EST",14969,14570,11856,-3113
ISNE,"1/11/2019 2 p.m. EST",15243,14850,12062,-3181
ISNE,"1/11/2019 3 p.m. EST",15516,15190,12335,-3181
ISNE,"1/11/2019 4 p.m. EST",15964,15800,12585,-3379
ISNE,"1/11/2019 5 p.m. EST",16892,17080,13326,-3566
ISNE,"1/11/2019 6 p.m. EST",17748,18150,14208,-3540
ISNE,"1/11/2019 7 p.m. EST",17658,18050,14170,-3488
ISNE,"1/11/2019 8 p.m. EST",17363,17570,13755,-3608
ISNE,"1/11/2019 9 p.m. EST",16903,17060,13229,-3674
ISNE,"1/11/2019 10 p.m. EST",16234,16300,12601,-3633
ISNE,"1/11/2019 11 p.m. EST",15310,15310,11809,-3501
ISNE,"1/12/2019 12 a.m. EST",14382,14360,10942,-3440
ISNE,"1/12/2019 1 a.m. EST",13707,13610,10360,-3347
ISNE,"1/12/2019 2 a.m. EST",13485,13200,10301,-3184
ISNE,"1/12/2019 3 a.m. EST",13415,12990,10034,-3381
ISNE,"1/12/2019 4 a.m. EST",13322,12950,9904,-3418
ISNE,"1/12/2019 5 a.m. EST",13466,13060,9912,-3554
ISNE,"1/12/2019 6 a.m. EST",13856,13500,10339,-3517
ISNE,"1/12/2019 7 a.m. EST",14304,14240,10855,-3449
ISNE,"1/12/2019 8 a.m. EST",15021,14900,11678,-3343
ISNE,"1/12/2019 9 a.m. EST",15552,15300,12155,-3397
ISNE,"1/12/2019 10 a.m. EST",15561,15650,12248,-3313
ISNE,"1/12/2019 11 a.m. EST",15377,15400,12067,-3310
ISNE,"1/12/2019 12 p.m. EST",15163,15080,11754,-3409
ISNE,"1/12/2019 1 p.m. EST",15130,14850,11654,-3476
ISNE,"1/12/2019 2 p.m. EST",15066,14800,11439,-3627
ISNE,"1/12/2019 3 p.m. EST",15339,14970,11684,-3655
ISNE,"1/12/2019 4 p.m. EST",15782,15400,12246,-3536
ISNE,"1/12/2019 5 p.m. EST",16285,16410,12725,-3560
ISNE,"1/12/2019 6 p.m. EST",17186,17300,13734,-3452
ISNE,"1/12/2019 7 p.m. EST",17051,17250,13448,-3603
ISNE,"1/12/2019 8 p.m. EST",16615,16740,12978,-3637
ISNE,"1/12/2019 9 p.m. EST",16145,16260,12563,-3582
ISNE,"1/12/2019 10 p.m. EST",15517,15560,11867,-3650
ISNE,"1/12/2019 11 p.m. EST",14700,14700,11007,-3693
ISNE,"1/13/2019 12 a.m. EST",13848,13870,10274,-3574
ISNE,"1/13/2019 1 a.m. EST",13592,13300,9992,-3600
ISNE,"1/13/2019 2 a.m. EST",13423,12960,9970,-3453
ISNE,"1/13/2019 3 a.m. EST",13379,12720,9903,-3476
ISNE,"1/13/2019 4 a.m. EST",13303,12650,9828,-3475
ISNE,"1/13/2019 5 a.m. EST",13111,12750,9590,-3521
ISNE,"1/13/2019 6 a.m. EST",13655,13030,10123,-3532
ISNE,"1/13/2019 7 a.m. EST",14078,13570,10515,-3563
ISNE,"1/13/2019 8 a.m. EST",14408,14170,10898,-3510
ISNE,"1/13/2019 9 a.m. EST",14999,14640,11547,-3452
ISNE,"1/13/2019 10 a.m. EST",14861,14870,11429,-3432
ISNE,"1/13/2019 11 a.m. EST",14564,14640,11152,-3412
ISNE,"1/13/2019 12 p.m. EST",14280,14250,10913,-3367
ISNE,"1/13/2019 1 p.m. EST",14208,14160,10788,-3420
ISNE,"1/13/2019 2 p.m. EST",14129,14140,10593,-3536
ISNE,"1/13/2019 3 p.m. EST",14413,14300,10898,-3515
ISNE,"1/13/2019 4 p.m. EST",15091,15010,11622,-3469
ISNE,"1/13/2019 5 p.m. EST",16086,16250,12608,-3478
ISNE,"1/13/2019 6 p.m. EST",17360,17450,14046,-3314
ISNE,"1/13/2019 7 p.m. EST",17301,17430,13994,-3307
ISNE,"1/13/2019 8 p.m. EST",16878,16990,13477,-3401
ISNE,"1/13/2019 9 p.m. EST",16308,16410,12700,-3608
ISNE,"1/13/2019 10 p.m. EST",15378,15530,11711,-3667
ISNE,"1/13/2019 11 p.m. EST",14249,14500,10790,-3459
ISNE,"1/14/2019 12 a.m. EST",13345,13590,9896,-3449
ISNE,"1/14/2019 1 a.m. EST",12789,12770,9436,-3353
ISNE,"1/14/2019 2 a.m. EST",12843,12490,9473,-3370
ISNE,"1/14/2019 3 a.m. EST",12963,12410,9743,-3220
ISNE,"1/14/2019 4 a.m. EST",13002,12480,9816,-3186
ISNE,"1/14/2019 5 a.m. EST",13155,12890,9988,-3167
ISNE,"1/14/2019 6 a.m. EST",14178,14000,11009,-3169
ISNE,"1/14/2019 7 a.m. EST",15770,15800,12593,-3177
ISNE,"1/14/2019 8 a.m. EST",16840,16830,13740,-3100
ISNE,"1/14/2019 9 a.m. EST",16877,16860,13631,-3246
ISNE,"1/14/2019 10 a.m. EST",16611,16600,13454,-3157
ISNE,"1/14/2019 11 a.m. EST",16183,16180,12936,-3247
ISNE,"1/14/2019 12 p.m. EST",15684,15800,12156,-3528
ISNE,"1/14/2019 1 p.m. EST",15661,15550,12183,-3478
ISNE,"1/14/2019 2 p.m. EST",15913,15440,12387,-3526
ISNE,"1/14/2019 3 p.m. EST",15749,15520,12390,-3359
ISNE,"1/14/2019 4 p.m. EST",16027,15820,12565,-3462
ISNE,"1/14/2019 5 p.m. EST",16912,16880,13743,-3169
ISNE,"1/14/2019 6 p.m. EST",17880,18100,14794,-3086
ISNE,"1/14/2019 7 p.m. EST",17888,18070,14693,-3195
ISNE,"1/14/2019 8 p.m. EST",17523,17620,14217,-3306
ISNE,"1/14/2019 9 p.m. EST",16865,16980,13420,-3445
ISNE,"1/14/2019 10 p.m. EST",15874,15920,12291,-3583
ISNE,"1/14/2019 11 p.m. EST",14635,14640,11103,-3532
ISNE,"1/15/2019 12 a.m. EST",13667,13560,10030,-3637
ISNE,"1/15/2019 1 a.m. EST",13243,12950,9824,-3419
ISNE,"1/15/2019 2 a.m. EST",13144,12660,9682,-3462
ISNE,"1/15/2019 3 a.m. EST",13082,12560,9643,-3439
ISNE,"1/15/2019 4 a.m. EST",13149,12620,9658,-3491
ISNE,"1/15/2019 5 a.m. EST",13488,13040,10057,-3431
ISNE,"1/15/2019 6 a.m. EST",14088,14120,10906,-3182
ISNE,"1/15/2019 7 a.m. EST",15913,15950,12834,-3079
ISNE,"1/15/2019 8 a.m. EST",16828,16820,13678,-3150
ISNE,"1/15/2019 9 a.m. EST",16486,16450,13303,-3183
ISNE,"1/15/2019 10 a.m. EST",15820,15780,12398,-3422
ISNE,"1/15/2019 11 a.m. EST",15489,15260,12121,-3368
ISNE,"1/15/2019 12 p.m. EST",15446,14890,12209,-3237
ISNE,"1/15/2019 1 p.m. EST",15266,14650,11881,-3385
ISNE,"1/15/2019 2 p.m. EST",15326,14600,11886,-3440
ISNE,"1/15/2019 3 p.m. EST",15340,14900,11934,-3406
ISNE,"1/15/2019 4 p.m. EST",15563,15470,12262,-3301
ISNE,"1/15/2019 5 p.m. EST",16449,16480,12966,-3483
ISNE,"1/15/2019 6 p.m. EST",17573,17500,14130,-3443
ISNE,"1/15/2019 7 p.m. EST",17563,17400,14056,-3507
ISNE,"1/15/2019 8 p.m. EST",17158,17090,13503,-3655
ISNE,"1/15/2019 9 p.m. EST",16521,16510,12897,-3624
ISNE,"1/15/2019 10 p.m. EST",15541,15610,12039,-3502
ISNE,"1/15/2019 11 p.m. EST",14301,14370,10702,-3599
ISNE,"1/16/2019 12 a.m. EST",13321,13270,9831,-3490
ISNE,"1/16/2019 1 a.m. EST",13303,12590,9801,-3502
ISNE,"1/16/2019 2 a.m. EST",13285,12240,9859,-3426
ISNE,"1/16/2019 3 a.m. EST",13236,12100,9817,-3419
ISNE,"1/16/2019 4 a.m. EST",13267,12130,9921,-3346
ISNE,"1/16/2019 5 a.m. EST",13540,12520,10277,-3263
ISNE,"1/16/2019 6 a.m. EST",14273,13540,11105,-3168
ISNE,"1/16/2019 7 a.m. EST",15441,15280,12189,-3252
ISNE,"1/16/2019 8 a.m. EST",16296,16160,13025,-3271
ISNE,"1/16/2019 9 a.m. EST",16105,15850,12741,-3364
ISNE,"1/16/2019 10 a.m. EST",15709,15700,12307,-3402
ISNE,"1/16/2019 11 a.m. EST",16092,15170,12683,-3409
ISNE,"1/16/2019 12 p.m. EST",16112,14750,12693,-3419
ISNE,"1/16/2019 1 p.m. EST",16175,14430,12805,-3370
ISNE,"1/16/2019 2 p.m. EST",16233,14270,12734,-3499
ISNE,"1/16/2019 3 p.m. EST",16156,14460,12519,-3637
ISNE,"1/16/2019 4 p.m. EST",16040,14930,12546,-3494
ISNE,"1/16/2019 5 p.m. EST",16522,15910,12987,-3535
ISNE,"1/16/2019 6 p.m. EST",17308,17150,13753,-3555
ISNE,"1/16/2019 7 p.m. EST",17264,17130,13624,-3640
ISNE,"1/16/2019 8 p.m. EST",16817,16780,13061,-3756
ISNE,"1/16/2019 9 p.m. EST",16432,16240,12641,-3791
ISNE,"1/16/2019 10 p.m. EST",15526,15310,11863,-3663
ISNE,"1/16/2019 11 p.m. EST",14393,14190,10615,-3778
ISNE,"1/17/2019 12 a.m. EST",13618,13230,9763,-3855
ISNE,"1/17/2019 1 a.m. EST",13278,12620,9339,-3939
ISNE,"1/17/2019 2 a.m. EST",13011,12320,9110,-3901
ISNE,"1/17/2019 3 a.m. EST",12849,12270,8956,-3893
ISNE,"1/17/2019 4 a.m. EST",12765,12330,9082,-3683
ISNE,"1/17/2019 5 a.m. EST",13053,12640,9628,-3425
ISNE,"1/17/2019 6 a.m. EST",13864,13780,10287,-3577
ISNE,"1/17/2019 7 a.m. EST",15719,15790,12458,-3261
ISNE,"1/17/2019 8 a.m. EST",16758,16700,13393,-3365
ISNE,"1/17/2019 9 a.m. EST",16508,16570,13000,-3508
ISNE,"1/17/2019 10 a.m. EST",15754,16060,12075,-3679
ISNE,"1/17/2019 11 a.m. EST",15174,15560,11329,-3845
ISNE,"1/17/2019 12 p.m. EST",15082,15090,11167,-3915
ISNE,"1/17/2019 1 p.m. EST",14928,14890,11092,-3836
ISNE,"1/17/2019 2 p.m. EST",15003,15120,11358,-3645
ISNE,"1/17/2019 3 p.m. EST",15281,15380,11743,-3538
ISNE,"1/17/2019 4 p.m. EST",15717,15850,12423,-3294
ISNE,"1/17/2019 5 p.m. EST",16717,16960,13406,-3311
ISNE,"1/17/2019 6 p.m. EST",17816,18090,14433,-3383
ISNE,"1/17/2019 7 p.m. EST",17825,18200,14421,-3404
ISNE,"1/17/2019 8 p.m. EST",17444,17690,14102,-3342
ISNE,"1/17/2019 9 p.m. EST",16819,16950,13423,-3396
ISNE,"1/17/2019 10 p.m. EST",15852,15950,12388,-3464
ISNE,"1/17/2019 11 p.m. EST",14616,14710,11386,-3230
ISNE,"1/18/2019 12 a.m. EST",13754,13590,10530,-3224
ISNE,"1/18/2019 1 a.m. EST",12803,12800,9645,-3158
ISNE,"1/18/2019 2 a.m. EST",12401,12330,9265,-3136
ISNE,"1/18/2019 3 a.m. EST",12205,12190,9255,-2950
ISNE,"1/18/2019 4 a.m. EST",12199,12170,9369,-2830
ISNE,"1/18/2019 5 a.m. EST",12537,12560,9589,-2948
ISNE,"1/18/2019 6 a.m. EST",13539,13520,10540,-2999
ISNE,"1/18/2019 7 a.m. EST",15227,15250,12219,-3008
ISNE,"1/18/2019 8 a.m. EST",16244,16100,13337,-2907
ISNE,"1/18/2019 9 a.m. EST",16354,16200,13301,-3053
ISNE,"1/18/2019 10 a.m. EST",16262,16270,13242,-3020
ISNE,"1/18/2019 11 a.m. EST",16125,16130,12999,-3126
ISNE,"1/18/2019 12 p.m. EST",15691,15810,12431,-3260
ISNE,"1/18/2019 1 p.m. EST",15289,15440,11957,-3332
ISNE,"1/18/2019 2 p.m. EST",15122,15350,11671,-3451
ISNE,"1/18/2019 3 p.m. EST",15180,15410,11721,-3459
ISNE,"1/18/2019 4 p.m. EST",15367,15550,11912,-3455
ISNE,"1/18/2019 5 p.m. EST",16065,16050,12489,-3576
ISNE,"1/18/2019 6 p.m. EST",16756,16850,13097,-3659
ISNE,"1/18/2019 7 p.m. EST",16563,16610,12805,-3758
ISNE,"1/18/2019 8 p.m. EST",16058,16100,12174,-3884
ISNE,"1/18/2019 9 p.m. EST",15519,15490,11562,-3957
ISNE,"1/18/2019 10 p.m. EST",14806,14720,10794,-4012
ISNE,"1/18/2019 11 p.m. EST",13820,13790,9978,-3842
ISNE,"1/19/2019 12 a.m. EST",12964,12850,9557,-3407
ISNE,"1/19/2019 1 a.m. EST",12697,12090,8886,-3811
ISNE,"1/19/2019 2 a.m. EST",12554,11730,8719,-3835
ISNE,"1/19/2019 3 a.m. EST",12664,11510,8709,-3955
ISNE,"1/19/2019 4 a.m. EST",12913,11480,8915,-3998
ISNE,"1/19/2019 5 a.m. EST",12706,11660,8746,-3960
ISNE,"1/19/2019 6 a.m. EST",12334,12120,8583,-3751
ISNE,"1/19/2019 7 a.m. EST",13016,12890,9425,-3591
ISNE,"1/19/2019 8 a.m. EST",13796,13610,10087,-3709
ISNE,"1/19/2019 9 a.m. EST",14303,14210,10340,-3963
ISNE,"1/19/2019 10 a.m. EST",14319,14360,10562,-3757
ISNE,"1/19/2019 11 a.m. EST",14396,14460,10612,-3784
ISNE,"1/19/2019 12 p.m. EST",14593,14480,11082,-3511
ISNE,"1/19/2019 1 p.m. EST",14559,14350,11157,-3402
ISNE,"1/19/2019 2 p.m. EST",14663,14400,11181,-3482
ISNE,"1/19/2019 3 p.m. EST",14917,14510,11436,-3481
ISNE,"1/19/2019 4 p.m. EST",15247,14920,12259,-2988
ISNE,"1/19/2019 5 p.m. EST",15972,15900,13837,-2135
ISNE,"1/19/2019 6 p.m. EST",16702,16800,14395,-2307
ISNE,"1/19/2019 7 p.m. EST",16536,16310,13748,-2788
ISNE,"1/19/2019 8 p.m. EST",16088,15820,13033,-3055
ISNE,"1/19/2019 9 p.m. EST",15528,15150,12429,-3099
ISNE,"1/19/2019 10 p.m. EST",14848,14460,11738,-3110
ISNE,"1/19/2019 11 p.m. EST",14206,13640,10992,-3214
ISNE,"1/20/2019 12 a.m. EST",13210,12900,10171,-3039
ISNE,"1/20/2019 1 a.m. EST",12434,12330,9365,-3069
ISNE,"1/20/2019 2 a.m. EST",12156,11920,9303,-2853
ISNE,"1/20/2019 3 a.m. EST",12336,11660,9353,-2983
ISNE,"1/20/2019 4 a.m. EST",12527,11550,9388,-3139
ISNE,"1/20/2019 5 a.m. EST",12620,11620,9428,-3192
ISNE,"1/20/2019 6 a.m. EST",12705,11850,9671,-3034
ISNE,"1/20/2019 7 a.m. EST",13150,12300,10220,-2930
ISNE,"1/20/2019 8 a.m. EST",13461,12890,10508,-2953
ISNE,"1/20/2019 9 a.m. EST",14306,13800,11209,-3097
ISNE,"1/20/2019 10 a.m. EST",15004,14560,12007,-2997
ISNE,"1/20/2019 11 a.m. EST",15678,15430,12860,-2818
ISNE,"1/20/2019 12 p.m. EST",16195,16090,13218,-2977
ISNE,"1/20/2019 1 p.m. EST",16507,16120,13790,-2717
ISNE,"1/20/2019 2 p.m. EST",16443,16120,13493,-2950
ISNE,"1/20/2019 3 p.m. EST",16334,16130,13318,-3016
ISNE,"1/20/2019 4 p.m. EST",16326,16290,13158,-3168
ISNE,"1/20/2019 5 p.m. EST",16727,16800,13628,-3099
ISNE,"1/20/2019 6 p.m. EST",17597,18100,14504,-3093
ISNE,"1/20/2019 7 p.m. EST",17380,17820,14290,-3090
ISNE,"1/20/2019 8 p.m. EST",16761,17380,13632,-3129
ISNE,"1/20/2019 9 p.m. EST",16554,16890,13497,-3057
ISNE,"1/20/2019 10 p.m. EST",15961,15960,12976,-2985
ISNE,"1/20/2019 11 p.m. EST",15464,14980,12548,-2916
ISNE,"1/21/2019 12 a.m. EST",14558,14060,11591,-2967
ISNE,"1/21/2019 1 a.m. EST",14161,13790,11163,-2998
ISNE,"1/21/2019 2 a.m. EST",14274,13550,11142,-3132
ISNE,"1/21/2019 3 a.m. EST",13973,13460,10888,-3085
ISNE,"1/21/2019 4 a.m. EST",14044,13540,10941,-3103
ISNE,"1/21/2019 5 a.m. EST",14384,13990,11425,-2959
ISNE,"1/21/2019 6 a.m. EST",14915,14770,12152,-2763
ISNE,"1/21/2019 7 a.m. EST",16047,15810,13151,-2896
ISNE,"1/21/2019 8 a.m. EST",17040,16820,14115,-2925
ISNE,"1/21/2019 9 a.m. EST",17827,17600,15106,-2721
ISNE,"1/21/2019 10 a.m. EST",18371,18370,15862,-2509
ISNE,"1/21/2019 11 a.m. EST",18762,18540,16116,-2646
ISNE,"1/21/2019 12 p.m. EST",18961,18580,16341,-2620
ISNE,"1/21/2019 1 p.m. EST",18957,18550,16420,-2537
ISNE,"1/21/2019 2 p.m. EST",18949,18340,16575,-2374
ISNE,"1/21/2019 3 p.m. EST",18990,18290,16621,-2369
ISNE,"1/21/2019 4 p.m. EST",19127,18530,17091,-2036
ISNE,"1/21/2019 5 p.m. EST",19721,19410,17546,-2175
ISNE,"1/21/2019 6 p.m. EST",20709,20700,18298,-2411
ISNE,"1/21/2019 7 p.m. EST",20610,20390,18272,-2338
ISNE,"1/21/2019 8 p.m. EST",20142,19880,18187,-1955
ISNE,"1/21/2019 9 p.m. EST",19397,19120,17330,-2067
ISNE,"1/21/2019 10 p.m. EST",18347,17970,16089,-2258
ISNE,"1/21/2019 11 p.m. EST",17059,16740,15149,-1910
ISNE,"1/22/2019 12 a.m. EST",15959,15720,13935,-2024
ISNE,"1/22/2019 1 a.m. EST",15271,15130,12995,-2276
ISNE,"1/22/2019 2 a.m. EST",15191,14850,12974,-2217
ISNE,"1/22/2019 3 a.m. EST",15034,14790,12849,-2185
ISNE,"1/22/2019 4 a.m. EST",15042,14820,12744,-2298
ISNE,"1/22/2019 5 a.m. EST",15355,15110,12863,-2492
ISNE,"1/22/2019 6 a.m. EST",16007,16100,13584,-2423
ISNE,"1/22/2019 7 a.m. EST",17587,17820,15516,-2071
ISNE,"1/22/2019 8 a.m. EST",18563,18870,16099,-2464
ISNE,"1/22/2019 9 a.m. EST",18638,18710,16218,-2420
ISNE,"1/22/2019 10 a.m. EST",18300,18280,15470,-2830
ISNE,"1/22/2019 11 a.m. EST",17959,17850,15249,-2710
ISNE,"1/22/2019 12 p.m. EST",17651,17640,14824,-2827
ISNE,"1/22/2019 1 p.m. EST",17495,17310,14428,-3067
ISNE,"1/22/2019 2 p.m. EST",17369,17280,14390,-2979
ISNE,"1/22/2019 3 p.m. EST",17509,17370,14337,-3172
ISNE,"1/22/2019 4 p.m. EST",17508,17500,14479,-3029
ISNE,"1/22/2019 5 p.m. EST",17951,18340,14807,-3144
ISNE,"1/22/2019 6 p.m. EST",19027,19410,15763,-3264
ISNE,"1/22/2019 7 p.m. EST",19060,19470,15796,-3264
ISNE,"1/22/2019 8 p.m. EST",18612,19070,15381,-3231
ISNE,"1/22/2019 9 p.m. EST",17944,18370,14900,-3044
ISNE,"1/22/2019 10 p.m. EST",16898,17230,14150,-2748
ISNE,"1/22/2019 11 p.m. EST",15853,15900,13201,-2652
ISNE,"1/23/2019 12 a.m. EST",14835,14760,12257,-2578
ISNE,"1/23/2019 1 a.m. EST",14649,13840,11798,-2851
ISNE,"1/23/2019 2 a.m. EST",14346,13500,11704,-2642
ISNE,"1/23/2019 3 a.m. EST",14428,13350,11739,-2689
ISNE,"1/23/2019 4 a.m. EST",14416,13330,11826,-2590
ISNE,"1/23/2019 5 a.m. EST",14276,13640,11584,-2692
ISNE,"1/23/2019 6 a.m. EST",14620,14590,12021,-2599
ISNE,"1/23/2019 7 a.m. EST",16209,16230,13546,-2663
ISNE,"1/23/2019 8 a.m. EST",17082,17060,14181,-2901
ISNE,"1/23/2019 9 a.m. EST",17176,17310,14148,-3028
ISNE,"1/23/2019 10 a.m. EST",17144,17150,14157,-2987
ISNE,"1/23/2019 11 a.m. EST",17091,16870,13904,-3187
ISNE,"1/23/2019 12 p.m. EST",16915,16560,13616,-3299
ISNE,"1/23/2019 1 p.m. EST",16661,16200,13268,-3393
ISNE,"1/23/2019 2 p.m. EST",16789,16060,13387,-3402
ISNE,"1/23/2019 3 p.m. EST",16655,16200,13286,-3369
ISNE,"1/23/2019 4 p.m. EST",16665,16530,13442,-3223
ISNE,"1/23/2019 5 p.m. EST",16895,17100,13687,-3208
ISNE,"1/23/2019 6 p.m. EST",17633,17700,14397,-3236
ISNE,"1/23/2019 7 p.m. EST",17454,17500,14101,-3353
ISNE,"1/23/2019 8 p.m. EST",16919,16930,13451,-3468
ISNE,"1/23/2019 9 p.m. EST",16153,15960,12664,-3489
ISNE,"1/23/2019 10 p.m. EST",15094,14810,11616,-3478
ISNE,"1/23/2019 11 p.m. EST",14007,13590,10396,-3611
ISNE,"1/24/2019 12 a.m. EST",13191,12550,9588,-3603
ISNE,"1/24/2019 1 a.m. EST",13127,11880,9534,-3593
ISNE,"1/24/2019 2 a.m. EST",12838,11480,9307,-3531
ISNE,"1/24/2019 3 a.m. EST",12591,11230,9323,-3268
ISNE,"1/24/2019 4 a.m. EST",12495,11180,9259,-3236
ISNE,"1/24/2019 5 a.m. EST",12502,11440,9307,-3195
ISNE,"1/24/2019 6 a.m. EST",13236,12370,9710,-3526
ISNE,"1/24/2019 7 a.m. EST",14306,13970,10424,-3882
ISNE,"1/24/2019 8 a.m. EST",14887,14890,11046,-3841
ISNE,"1/24/2019 9 a.m. EST",15107,15090,11446,-3661
ISNE,"1/24/2019 10 a.m. EST",15230,15230,11454,-3776
ISNE,"1/24/2019 11 a.m. EST",15322,15300,11620,-3702
ISNE,"1/24/2019 12 p.m. EST",15430,15400,11926,-3504
ISNE,"1/24/2019 1 p.m. EST",15675,15450,12002,-3673
ISNE,"1/24/2019 2 p.m. EST",15687,15430,12061,-3626
ISNE,"1/24/2019 3 p.m. EST",15588,15630,11883,-3705
ISNE,"1/24/2019 4 p.m. EST",15425,15670,11644,-3781
ISNE,"1/24/2019 5 p.m. EST",15803,16130,11922,-3881
ISNE,"1/24/2019 6 p.m. EST",16361,16800,12331,-4030
ISNE,"1/24/2019 7 p.m. EST",16199,16560,12209,-3990
ISNE,"1/24/2019 8 p.m. EST",15724,16170,11756,-3968
ISNE,"1/24/2019 9 p.m. EST",15184,15500,11350,-3834
ISNE,"1/24/2019 10 p.m. EST",14512,14540,10774,-3738
ISNE,"1/24/2019 11 p.m. EST",13477,13340,9834,-3643
ISNE,"1/25/2019 12 a.m. EST",12950,12360,9366,-3584
ISNE,"1/25/2019 1 a.m. EST",12363,11710,8940,-3423
ISNE,"1/25/2019 2 a.m. EST",11945,11410,8656,-3289
ISNE,"1/25/2019 3 a.m. EST",11827,11290,8673,-3154
ISNE,"1/25/2019 4 a.m. EST",11889,11360,8818,-3071
ISNE,"1/25/2019 5 a.m. EST",11910,11800,8932,-2978
ISNE,"1/25/2019 6 a.m. EST",12776,12760,9529,-3247
ISNE,"1/25/2019 7 a.m. EST",14514,14420,10714,-3800
ISNE,"1/25/2019 8 a.m. EST",15481,15500,11680,-3801
ISNE,"1/25/2019 9 a.m. EST",15403,15340,11668,-3735
ISNE,"1/25/2019 10 a.m. EST",14781,14730,11124,-3657
ISNE,"1/25/2019 11 a.m. EST",14433,14200,10587,-3846
ISNE,"1/25/2019 12 p.m. EST",14375,13870,10550,-3825
ISNE,"1/25/2019 1 p.m. EST",14201,13840,10383,-3818
ISNE,"1/25/2019 2 p.m. EST",14414,14020,10504,-3910
ISNE,"1/25/2019 3 p.m. EST",14407,14370,10594,-3813
ISNE,"1/25/2019 4 p.m. EST",14791,14680,10780,-4011
ISNE,"1/25/2019 5 p.m. EST",15561,15510,11557,-4004
ISNE,"1/25/2019 6 p.m. EST",16604,16600,12703,-3901
ISNE,"1/25/2019 7 p.m. EST",16612,16560,12655,-3957
ISNE,"1/25/2019 8 p.m. EST",16256,16120,12200,-4056
ISNE,"1/25/2019 9 p.m. EST",15803,15580,11634,-4169
ISNE,"1/25/2019 10 p.m. EST",15159,14950,11010,-4149
ISNE,"1/25/2019 11 p.m. EST",14443,14050,10385,-4058
ISNE,"1/26/2019 12 a.m. EST",13553,13120,9735,-3818
ISNE,"1/26/2019 1 a.m. EST",12915,12630,9195,-3720
ISNE,"1/26/2019 2 a.m. EST",12530,12250,8932,-3598
ISNE,"1/26/2019 3 a.m. EST",12608,12100,8794,-3814
ISNE,"1/26/2019 4 a.m. EST",12538,12100,8954,-3584
ISNE,"1/26/2019 5 a.m. EST",12396,12280,8872,-3524
ISNE,"1/26/2019 6 a.m. EST",12758,12760,9040,-3718
ISNE,"1/26/2019 7 a.m. EST",13534,13540,9759,-3775
ISNE,"1/26/2019 8 a.m. EST",14245,14230,10587,-3658
ISNE,"1/26/2019 9 a.m. EST",14587,14580,11008,-3579
ISNE,"1/26/2019 10 a.m. EST",14349,14360,10824,-3525
ISNE,"1/26/2019 11 a.m. EST",13937,14150,10515,-3422
ISNE,"1/26/2019 12 p.m. EST",13563,14000,10096,-3467
ISNE,"1/26/2019 1 p.m. EST",13523,13800,10003,-3520
ISNE,"1/26/2019 2 p.m. EST",13625,13680,10467,-3158
ISNE,"1/26/2019 3 p.m. EST",13747,13890,10650,-3097
ISNE,"1/26/2019 4 p.m. EST",14138,14240,10967,-3171
ISNE,"1/26/2019 5 p.m. EST",15126,15080,11834,-3292
ISNE,"1/26/2019 6 p.m. EST",16224,16180,12742,-3482
ISNE,"1/26/2019 7 p.m. EST",16211,16250,12545,-3666
ISNE,"1/26/2019 8 p.m. EST",15799,15770,12114,-3685
ISNE,"1/26/2019 9 p.m. EST",15349,15100,11574,-3775
ISNE,"1/26/2019 10 p.m. EST",14778,14500,10978,-3800
ISNE,"1/26/2019 11 p.m. EST",14012,13750,10496,-3516
ISNE,"1/27/2019 12 a.m. EST",13224,12960,9795,-3429
ISNE,"1/27/2019 1 a.m. EST",12600,12330,9174,-3426
ISNE,"1/27/2019 2 a.m. EST",12209,11960,9022,-3187
ISNE,"1/27/2019 3 a.m. EST",12256,11750,8979,-3277
ISNE,"1/27/2019 4 a.m. EST",12250,11670,9145,-3105
ISNE,"1/27/2019 5 a.m. EST",12358,12080,9573,-2785
ISNE,"1/27/2019 6 a.m. EST",12672,12340,9641,-3031
ISNE,"1/27/2019 7 a.m. EST",13004,12810,9860,-3144
ISNE,"1/27/2019 8 a.m. EST",13501,13340,10116,-3385
ISNE,"1/27/2019 9 a.m. EST",13872,13740,10573,-3299
ISNE,"1/27/2019 10 a.m. EST",13847,13840,10405,-3442
ISNE,"1/27/2019 11 a.m. EST",13925,13670,10429,-3496
ISNE,"1/27/2019 12 p.m. EST",13942,13530,10196,-3746
ISNE,"1/27/2019 1 p.m. EST",14246,13420,10597,-3649
ISNE,"1/27/2019 2 p.m. EST",14204,13440,10760,-3444
ISNE,"1/27/2019 3 p.m. EST",14020,13670,10562,-3458
ISNE,"1/27/2019 4 p.m. EST",14494,13990,10833,-3661
ISNE,"1/27/2019 5 p.m. EST",15041,14760,11510,-3531
ISNE,"1/27/2019 6 p.m. EST",16101,15810,12574,-3527
ISNE,"1/27/2019 7 p.m. EST",16089,15750,12536,-3553
ISNE,"1/27/2019 8 p.m. EST",15588,15220,12137,-3451
ISNE,"1/27/2019 9 p.m. EST",14920,14800,11272,-3648
ISNE,"1/27/2019 10 p.m. EST",13972,14170,10239,-3733
ISNE,"1/27/2019 11 p.m. EST",13086,13260,9465,-3621
ISNE,"1/28/2019 12 a.m. EST",12518,12430,9168,-3350
ISNE,"1/28/2019 1 a.m. EST",12142,11410,8778,-3364
ISNE,"1/28/2019 2 a.m. EST",11561,11190,8718,-2843
ISNE,"1/28/2019 3 a.m. EST",11432,11140,8573,-2859
ISNE,"1/28/2019 4 a.m. EST",11578,11300,8241,-3337
ISNE,"1/28/2019 5 a.m. EST",11897,11810,8624,-3273
ISNE,"1/28/2019 6 a.m. EST",12989,13020,9994,-2995
ISNE,"1/28/2019 7 a.m. EST",14886,14920,11532,-3354
ISNE,"1/28/2019 8 a.m. EST",15983,15980,12167,-3816
ISNE,"1/28/2019 9 a.m. EST",15962,15940,12177,-3785
ISNE,"1/28/2019 10 a.m. EST",15312,15200,11224,-4088
ISNE,"1/28/2019 11 a.m. EST",14854,14880,10662,-4192
ISNE,"1/28/2019 12 p.m. EST",14533,14700,10487,-4046
ISNE,"1/28/2019 1 p.m. EST",14662,14580,10712,-3950
ISNE,"1/28/2019 2 p.m. EST",14861,14570,10922,-3939
ISNE,"1/28/2019 3 p.m. EST",15101,14730,11044,-4057
ISNE,"1/28/2019 4 p.m. EST",15601,15220,11329,-4272
ISNE,"1/28/2019 5 p.m. EST",16454,16140,12412,-4042
ISNE,"1/28/2019 6 p.m. EST",17703,17410,13478,-4225
ISNE,"1/28/2019 7 p.m. EST",17900,17600,13586,-4314
ISNE,"1/28/2019 8 p.m. EST",17498,17140,13246,-4252
ISNE,"1/28/2019 9 p.m. EST",16869,16400,12598,-4271
ISNE,"1/28/2019 10 p.m. EST",15888,15420,11943,-3945
ISNE,"1/28/2019 11 p.m. EST",14676,14200,10785,-3891
ISNE,"1/29/2019 12 a.m. EST",13666,13170,9785,-3881
ISNE,"1/29/2019 1 a.m. EST",13269,13020,9494,-3775
ISNE,"1/29/2019 2 a.m. EST",13182,12680,9469,-3713
ISNE,"1/29/2019 3 a.m. EST",13251,12550,9377,-3874
ISNE,"1/29/2019 4 a.m. EST",13379,12610,9692,-3687
ISNE,"1/29/2019 5 a.m. EST",13598,12990,10027,-3571
ISNE,"1/29/2019 6 a.m. EST",14275,14040,10689,-3586
ISNE,"1/29/2019 7 a.m. EST",15822,15860,12155,-3667
ISNE,"1/29/2019 8 a.m. EST",16716,16710,13044,-3672
ISNE,"1/29/2019 9 a.m. EST",16686,16670,12833,-3853
ISNE,"1/29/2019 10 a.m. EST",16568,16560,12633,-3935
ISNE,"1/29/2019 11 a.m. EST",16457,16480,12611,-3846
ISNE,"1/29/2019 12 p.m. EST",16439,16340,12615,-3824
ISNE,"1/29/2019 1 p.m. EST",16472,16280,13019,-3453
ISNE,"1/29/2019 2 p.m. EST",16340,16240,12911,-3429
ISNE,"1/29/2019 3 p.m. EST",16363,16470,12892,-3471
ISNE,"1/29/2019 4 p.m. EST",16496,16770,13001,-3495
ISNE,"1/29/2019 5 p.m. EST",17050,17350,13577,-3473
ISNE,"1/29/2019 6 p.m. EST",17928,18100,14430,-3498
ISNE,"1/29/2019 7 p.m. EST",17850,17950,14201,-3649
ISNE,"1/29/2019 8 p.m. EST",17360,17310,13603,-3757
ISNE,"1/29/2019 9 p.m. EST",16668,16440,12871,-3797
ISNE,"1/29/2019 10 p.m. EST",15603,15320,11862,-3741
ISNE,"1/29/2019 11 p.m. EST",14550,13940,10677,-3873
ISNE,"1/30/2019 12 a.m. EST",13758,12810,9983,-3775
ISNE,"1/30/2019 1 a.m. EST",13685,12590,9866,-3819
ISNE,"1/30/2019 2 a.m. EST",13179,12080,9434,-3745
ISNE,"1/30/2019 3 a.m. EST",12967,11880,9527,-3440
ISNE,"1/30/2019 4 a.m. EST",12823,11910,9432,-3391
ISNE,"1/30/2019 5 a.m. EST",12828,12290,9536,-3292
ISNE,"1/30/2019 6 a.m. EST",13418,13320,9987,-3431
ISNE,"1/30/2019 7 a.m. EST",14937,14960,11490,-3447
ISNE,"1/30/2019 8 a.m. EST",15949,15950,12309,-3640
ISNE,"1/30/2019 9 a.m. EST",16200,16180,12313,-3887
ISNE,"1/30/2019 10 a.m. EST",15889,15850,11967,-3922
ISNE,"1/30/2019 11 a.m. EST",15498,15490,11848,-3650
ISNE,"1/30/2019 12 p.m. EST",15181,15150,11745,-3436
ISNE,"1/30/2019 1 p.m. EST",14903,15100,11461,-3442
ISNE,"1/30/2019 2 p.m. EST",14849,15230,11340,-3509
ISNE,"1/30/2019 3 p.m. EST",14961,15630,11409,-3552
ISNE,"1/30/2019 4 p.m. EST",15574,16110,12262,-3312
ISNE,"1/30/2019 5 p.m. EST",16588,16900,13516,-3072
ISNE,"1/30/2019 6 p.m. EST",17925,18050,15049,-2876
ISNE,"1/30/2019 7 p.m. EST",18198,18500,15289,-2909
ISNE,"1/30/2019 8 p.m. EST",18034,18210,15200,-2834
ISNE,"1/30/2019 9 p.m. EST",17650,17800,15316,-2334
ISNE,"1/30/2019 10 p.m. EST",16950,17030,14508,-2442
ISNE,"1/30/2019 11 p.m. EST",16180,15760,13676,-2504
ISNE,"1/31/2019 12 a.m. EST",15326,14760,12838,-2488
ISNE,"1/31/2019 1 a.m. EST",14937,14480,12300,-2637
ISNE,"1/31/2019 2 a.m. EST",15068,14260,12257,-2811
ISNE,"1/31/2019 3 a.m. EST",15010,14200,12189,-2821
ISNE,"1/31/2019 4 a.m. EST",14758,14290,11787,-2971
ISNE,"1/31/2019 5 a.m. EST",14957,14700,11951,-3006
ISNE,"1/31/2019 6 a.m. EST",15756,15780,12852,-2904
ISNE,"1/31/2019 7 a.m. EST",17448,17480,14731,-2717
ISNE,"1/31/2019 8 a.m. EST",18514,18500,16255,-2259
ISNE,"1/31/2019 9 a.m. EST",18559,18540,15990,-2569
ISNE,"1/31/2019 10 a.m. EST",18127,18100,15444,-2683
ISNE,"1/31/2019 11 a.m. EST",17707,17800,15015,-2692
ISNE,"1/31/2019 12 p.m. EST",17373,17560,14695,-2678
ISNE,"1/31/2019 1 p.m. EST",17064,17480,14629,-2435
ISNE,"1/31/2019 2 p.m. EST",16928,17420,14567,-2361
ISNE,"1/31/2019 3 p.m. EST",16940,17580,14599,-2341
ISNE,"1/31/2019 4 p.m. EST",17366,18120,14922,-2444
ISNE,"1/31/2019 5 p.m. EST",18238,18930,15234,-3004
ISNE,"1/31/2019 6 p.m. EST",19379,19910,16459,-2920
ISNE,"1/31/2019 7 p.m. EST",19651,20110,16857,-2794
ISNE,"1/31/2019 8 p.m. EST",19351,19600,16570,-2781
ISNE,"1/31/2019 9 p.m. EST",18776,18810,16334,-2442
ISNE,"1/31/2019 10 p.m. EST",17855,17790,15058,-2797
ISNE,"1/31/2019 11 p.m. EST",16630,16500,13964,-2666
ISNE,"2/1/2019 12 a.m. EST",15562,15440,13185,-2377
