"BA Code","Timestamp (Hour Ending)","Demand (MWh)","Demand Forecast (MWh)","Net Generation (MWh)","Total Interchange (MWh)"
ISNE,"12/1/2020 12 a.m. EST",11014,10710,8549,-2465
ISNE,"12/1/2020 1 a.m. EST",10611,10210,7371,-3240
ISNE,"12/1/2020 2 a.m. EST",10235,9670,7310,-2925
ISNE,"12/1/2020 3 a.m. EST",10250,9470,7247,-3003
ISNE,"12/1/2020 4 a.m. EST",10226,9460,7243,-2983
ISNE,"12/1/2020 5 a.m. EST",10308,9850,7454,-2854
ISNE,"12/1/2020 6 a.m. EST",10622,10670,7777,-2845
ISNE,"12/1/2020 7 a.m. EST",11631,11980,8904,-2727
ISNE,"12/1/2020 8 a.m. EST",12608,12950,9505,-3103
ISNE,"12/1/2020 9 a.m. EST",13107,13290,9799,-3308
ISNE,"12/1/2020 10 a.m. EST",13159,13180,9868,-3291
ISNE,"12/1/2020 11 a.m. EST",13083,13130,9705,-3378
ISNE,"12/1/2020 12 p.m. EST",13168,13070,10035,-3133
ISNE,"12/1/2020 1 p.m. EST",13142,13010,10044,-3098
ISNE,"12/1/2020 2 p.m. EST",13021,12940,9986,-3035
ISNE,"12/1/2020 3 p.m. EST",13302,13230,10298,-3004
ISNE,"12/1/2020 4 p.m. EST",13439,13590,10414,-3025
ISNE,"12/1/2020 5 p.m. EST",14515,14720,11341,-3174
ISNE,"12/1/2020 6 p.m. EST",15437,15750,12266,-3171
ISNE,"12/1/2020 7 p.m. EST",15216,15480,11674,-3542
ISNE,"12/1/2020 8 p.m. EST",14662,14930,11161,-3501
ISNE,"12/1/2020 9 p.m. EST",13940,14220,10794,-3146
ISNE,"12/1/2020 10 p.m. EST",13081,13330,9870,-3211
ISNE,"12/1/2020 11 p.m. EST",12031,12150,8802,-3229
ISNE,"12/2/2020 12 a.m. EST",11115,11160,8154,-2961
ISNE,"12/2/2020 1 a.m. EST",10807,10460,7765,-3042
ISNE,"12/2/2020 2 a.m. EST",10693,10140,7864,-2829
ISNE,"12/2/2020 3 a.m. EST",10646,10020,7569,-3077
ISNE,"12/2/2020 4 a.m. EST",10854,10050,7777,-3077
ISNE,"12/2/2020 5 a.m. EST",10991,10480,7956,-3035
ISNE,"12/2/2020 6 a.m. EST",11461,11510,8268,-3193
ISNE,"12/2/2020 7 a.m. EST",12629,13050,9546,-3083
ISNE,"12/2/2020 8 a.m. EST",13661,13910,10468,-3193
ISNE,"12/2/2020 9 a.m. EST",13827,13840,10752,-3075
ISNE,"12/2/2020 10 a.m. EST",13483,13640,10523,-2960
ISNE,"12/2/2020 11 a.m. EST",13380,13590,10563,-2817
ISNE,"12/2/2020 12 p.m. EST",13898,13530,10802,-3096
ISNE,"12/2/2020 1 p.m. EST",14076,13560,11058,-3018
ISNE,"12/2/2020 2 p.m. EST",14230,13750,11103,-3127
ISNE,"12/2/2020 3 p.m. EST",14441,14160,11075,-3366
ISNE,"12/2/2020 4 p.m. EST",14781,14780,11492,-3289
ISNE,"12/2/2020 5 p.m. EST",15783,15770,12591,-3192
ISNE,"12/2/2020 6 p.m. EST",16511,16450,13209,-3302
ISNE,"12/2/2020 7 p.m. EST",16231,16080,12859,-3372
ISNE,"12/2/2020 8 p.m. EST",15631,15610,12251,-3380
ISNE,"12/2/2020 9 p.m. EST",14892,15080,11625,-3267
ISNE,"12/2/2020 10 p.m. EST",13939,14160,10637,-3302
ISNE,"12/2/2020 11 p.m. EST",12804,12970,9346,-3458
ISNE,"12/3/2020 12 a.m. EST",11962,11940,8652,-3310
ISNE,"12/3/2020 1 a.m. EST",11417,11110,8510,-2907
ISNE,"12/3/2020 2 a.m. EST",11072,10770,8445,-2627
ISNE,"12/3/2020 3 a.m. EST",10947,10640,8258,-2689
ISNE,"12/3/2020 4 a.m. EST",10981,10700,8297,-2684
ISNE,"12/3/2020 5 a.m. EST",11348,11080,8628,-2720
ISNE,"12/3/2020 6 a.m. EST",12231,12000,9396,-2835
ISNE,"12/3/2020 7 a.m. EST",13339,13360,10677,-2662
ISNE,"12/3/2020 8 a.m. EST",14282,14290,11667,-2615
ISNE,"12/3/2020 9 a.m. EST",14088,14050,11280,-2808
ISNE,"12/3/2020 10 a.m. EST",13263,13270,10513,-2750
ISNE,"12/3/2020 11 a.m. EST",12854,12890,10248,-2606
ISNE,"12/3/2020 12 p.m. EST",12633,12600,9886,-2747
ISNE,"12/3/2020 1 p.m. EST",12666,12530,9664,-3002
ISNE,"12/3/2020 2 p.m. EST",12865,12630,9942,-2923
ISNE,"12/3/2020 3 p.m. EST",13543,13070,10540,-3003
ISNE,"12/3/2020 4 p.m. EST",13940,13800,10895,-3045
ISNE,"12/3/2020 5 p.m. EST",15178,14980,12148,-3030
ISNE,"12/3/2020 6 p.m. EST",16126,15950,13091,-3035
ISNE,"12/3/2020 7 p.m. EST",15959,15760,12799,-3160
ISNE,"12/3/2020 8 p.m. EST",15382,15340,12313,-3069
ISNE,"12/3/2020 9 p.m. EST",14667,14840,11523,-3144
ISNE,"12/3/2020 10 p.m. EST",13697,13930,10683,-3014
ISNE,"12/3/2020 11 p.m. EST",12536,12800,9760,-2776
ISNE,"12/4/2020 12 a.m. EST",11817,11740,9232,-2585
ISNE,"12/4/2020 1 a.m. EST",11605,10820,8818,-2787
ISNE,"12/4/2020 2 a.m. EST",11498,10410,8721,-2777
ISNE,"12/4/2020 3 a.m. EST",11306,10250,8457,-2849
ISNE,"12/4/2020 4 a.m. EST",11283,10240,8462,-2821
ISNE,"12/4/2020 5 a.m. EST",11589,10550,8663,-2926
ISNE,"12/4/2020 6 a.m. EST",11909,11350,8798,-3111
ISNE,"12/4/2020 7 a.m. EST",12843,12620,9689,-3154
ISNE,"12/4/2020 8 a.m. EST",13738,13580,10653,-3085
ISNE,"12/4/2020 9 a.m. EST",13877,13870,10780,-3097
ISNE,"12/4/2020 10 a.m. EST",13642,13550,10488,-3154
ISNE,"12/4/2020 11 a.m. EST",13333,13500,10178,-3155
ISNE,"12/4/2020 12 p.m. EST",13416,13500,10241,-3175
ISNE,"12/4/2020 1 p.m. EST",12736,13570,9705,-3031
ISNE,"12/4/2020 2 p.m. EST",12934,13710,10012,-2922
ISNE,"12/4/2020 3 p.m. EST",13360,14080,10422,-2938
ISNE,"12/4/2020 4 p.m. EST",13840,14690,10792,-3048
ISNE,"12/4/2020 5 p.m. EST",14803,15620,11514,-3289
ISNE,"12/4/2020 6 p.m. EST",15411,16000,12054,-3357
ISNE,"12/4/2020 7 p.m. EST",15115,15540,11692,-3423
ISNE,"12/4/2020 8 p.m. EST",14566,14970,11155,-3411
ISNE,"12/4/2020 9 p.m. EST",13929,14390,10707,-3222
ISNE,"12/4/2020 10 p.m. EST",13140,13660,10153,-2987
ISNE,"12/4/2020 11 p.m. EST",12141,12700,9237,-2904
ISNE,"12/5/2020 12 a.m. EST",11536,11760,8661,-2875
ISNE,"12/5/2020 1 a.m. EST",11266,10480,7947,-3319
ISNE,"12/5/2020 2 a.m. EST",10891,10050,7735,-3156
ISNE,"12/5/2020 3 a.m. EST",10861,9800,7736,-3125
ISNE,"12/5/2020 4 a.m. EST",10764,9720,7681,-3083
ISNE,"12/5/2020 5 a.m. EST",10827,9820,7873,-2954
ISNE,"12/5/2020 6 a.m. EST",10875,10180,7883,-2992
ISNE,"12/5/2020 7 a.m. EST",11372,10870,8302,-3070
ISNE,"12/5/2020 8 a.m. EST",11917,11690,9086,-2831
ISNE,"12/5/2020 9 a.m. EST",12878,12660,9874,-3004
ISNE,"12/5/2020 10 a.m. EST",13504,13520,10334,-3170
ISNE,"12/5/2020 11 a.m. EST",14149,14160,10911,-3238
ISNE,"12/5/2020 12 p.m. EST",14623,14630,11392,-3231
ISNE,"12/5/2020 1 p.m. EST",14941,14950,11686,-3255
ISNE,"12/5/2020 2 p.m. EST",15009,15070,11719,-3290
ISNE,"12/5/2020 3 p.m. EST",15018,14970,11654,-3364
ISNE,"12/5/2020 4 p.m. EST",15170,15190,11868,-3302
ISNE,"12/5/2020 5 p.m. EST",15857,15880,12543,-3314
ISNE,"12/5/2020 6 p.m. EST",16231,16250,12833,-3398
ISNE,"12/5/2020 7 p.m. EST",15766,15750,12308,-3458
ISNE,"12/5/2020 8 p.m. EST",15055,15200,11498,-3557
ISNE,"12/5/2020 9 p.m. EST",14371,14480,10794,-3577
ISNE,"12/5/2020 10 p.m. EST",13614,13670,9937,-3677
ISNE,"12/5/2020 11 p.m. EST",12893,12860,9267,-3626
ISNE,"12/6/2020 12 a.m. EST",12299,12030,8838,-3461
ISNE,"12/6/2020 1 a.m. EST",11686,11130,8284,-3402
ISNE,"12/6/2020 2 a.m. EST",11278,10730,8117,-3161
ISNE,"12/6/2020 3 a.m. EST",11048,10520,8055,-2993
ISNE,"12/6/2020 4 a.m. EST",11036,10460,7966,-3070
ISNE,"12/6/2020 5 a.m. EST",11344,10580,8237,-3107
ISNE,"12/6/2020 6 a.m. EST",11390,10860,8216,-3174
ISNE,"12/6/2020 7 a.m. EST",11706,11390,8495,-3211
ISNE,"12/6/2020 8 a.m. EST",12101,11920,8683,-3418
ISNE,"12/6/2020 9 a.m. EST",12399,12420,8855,-3544
ISNE,"12/6/2020 10 a.m. EST",12611,12650,9104,-3507
ISNE,"12/6/2020 11 a.m. EST",12563,12430,9205,-3358
ISNE,"12/6/2020 12 p.m. EST",12575,12270,9100,-3475
ISNE,"12/6/2020 1 p.m. EST",12689,12280,9138,-3551
ISNE,"12/6/2020 2 p.m. EST",12918,12400,9440,-3478
ISNE,"12/6/2020 3 p.m. EST",13381,12780,10004,-3377
ISNE,"12/6/2020 4 p.m. EST",14133,13600,10865,-3268
ISNE,"12/6/2020 5 p.m. EST",15473,15020,12053,-3420
ISNE,"12/6/2020 6 p.m. EST",16336,16000,12911,-3425
ISNE,"12/6/2020 7 p.m. EST",16167,15880,12804,-3363
ISNE,"12/6/2020 8 p.m. EST",15668,15510,12280,-3388
ISNE,"12/6/2020 9 p.m. EST",15051,15000,11639,-3412
ISNE,"12/6/2020 10 p.m. EST",14182,14290,10743,-3439
ISNE,"12/6/2020 11 p.m. EST",13153,13320,9679,-3474
ISNE,"12/7/2020 12 a.m. EST",12564,12410,9032,-3532
ISNE,"12/7/2020 1 a.m. EST",12200,11660,8847,-3353
ISNE,"12/7/2020 2 a.m. EST",12044,11280,8808,-3236
ISNE,"12/7/2020 3 a.m. EST",11926,11200,8807,-3119
ISNE,"12/7/2020 4 a.m. EST",11994,11270,9029,-2965
ISNE,"12/7/2020 5 a.m. EST",12579,11660,9497,-3082
ISNE,"12/7/2020 6 a.m. EST",13225,12730,9819,-3406
ISNE,"12/7/2020 7 a.m. EST",14151,14380,10954,-3197
ISNE,"12/7/2020 8 a.m. EST",14928,15240,11615,-3313
ISNE,"12/7/2020 9 a.m. EST",15097,15000,11837,-3260
ISNE,"12/7/2020 10 a.m. EST",14813,14790,11746,-3067
ISNE,"12/7/2020 11 a.m. EST",14637,14370,11142,-3495
ISNE,"12/7/2020 12 p.m. EST",14746,14100,11208,-3538
ISNE,"12/7/2020 1 p.m. EST",14889,13970,11321,-3568
ISNE,"12/7/2020 2 p.m. EST",14892,14160,11305,-3587
ISNE,"12/7/2020 3 p.m. EST",14966,14470,11360,-3606
ISNE,"12/7/2020 4 p.m. EST",15457,15060,11997,-3460
ISNE,"12/7/2020 5 p.m. EST",16639,16290,13252,-3387
ISNE,"12/7/2020 6 p.m. EST",17506,17250,14109,-3397
ISNE,"12/7/2020 7 p.m. EST",17241,17060,13742,-3499
ISNE,"12/7/2020 8 p.m. EST",16701,16630,13149,-3552
ISNE,"12/7/2020 9 p.m. EST",15970,16020,12380,-3590
ISNE,"12/7/2020 10 p.m. EST",14983,15080,11475,-3508
ISNE,"12/7/2020 11 p.m. EST",13746,13900,10088,-3658
ISNE,"12/8/2020 12 a.m. EST",12780,12810,9420,-3360
ISNE,"12/8/2020 1 a.m. EST",12230,11980,9142,-3088
ISNE,"12/8/2020 2 a.m. EST",12204,11580,9116,-3088
ISNE,"12/8/2020 3 a.m. EST",12392,11420,9301,-3091
ISNE,"12/8/2020 4 a.m. EST",12509,11480,9408,-3101
ISNE,"12/8/2020 5 a.m. EST",12583,11810,9686,-2897
ISNE,"12/8/2020 6 a.m. EST",13268,12660,10292,-2976
ISNE,"12/8/2020 7 a.m. EST",14177,14080,11253,-2924
ISNE,"12/8/2020 8 a.m. EST",15157,14810,12735,-2422
ISNE,"12/8/2020 9 a.m. EST",15716,15730,13240,-2476
ISNE,"12/8/2020 10 a.m. EST",15850,15770,13332,-2518
ISNE,"12/8/2020 11 a.m. EST",15903,15560,13293,-2610
ISNE,"12/8/2020 12 p.m. EST",15887,15320,13218,-2669
ISNE,"12/8/2020 1 p.m. EST",15769,15080,13050,-2719
ISNE,"12/8/2020 2 p.m. EST",15819,15150,13079,-2740
ISNE,"12/8/2020 3 p.m. EST",15957,15300,13231,-2726
ISNE,"12/8/2020 4 p.m. EST",16200,15700,13535,-2665
ISNE,"12/8/2020 5 p.m. EST",17048,16780,14427,-2621
ISNE,"12/8/2020 6 p.m. EST",17747,17500,15073,-2674
ISNE,"12/8/2020 7 p.m. EST",17535,17350,14716,-2819
ISNE,"12/8/2020 8 p.m. EST",17017,16920,14161,-2856
ISNE,"12/8/2020 9 p.m. EST",16295,16310,13416,-2879
ISNE,"12/8/2020 10 p.m. EST",15287,15390,12315,-2972
ISNE,"12/8/2020 11 p.m. EST",14083,14150,11211,-2872
ISNE,"12/9/2020 12 a.m. EST",13261,13090,10564,-2697
ISNE,"12/9/2020 1 a.m. EST",12895,12370,10247,-2648
ISNE,"12/9/2020 2 a.m. EST",12786,12000,10045,-2741
ISNE,"12/9/2020 3 a.m. EST",12666,11870,9985,-2681
ISNE,"12/9/2020 4 a.m. EST",12692,11900,9992,-2700
ISNE,"12/9/2020 5 a.m. EST",12776,12250,10156,-2620
ISNE,"12/9/2020 6 a.m. EST",13497,13270,10941,-2556
ISNE,"12/9/2020 7 a.m. EST",14428,14780,12054,-2374
ISNE,"12/9/2020 8 a.m. EST",15473,15670,13040,-2433
ISNE,"12/9/2020 9 a.m. EST",15924,15700,13323,-2601
ISNE,"12/9/2020 10 a.m. EST",15890,15790,13318,-2572
ISNE,"12/9/2020 11 a.m. EST",15805,15660,13275,-2530
ISNE,"12/9/2020 12 p.m. EST",15701,15470,13178,-2523
ISNE,"12/9/2020 1 p.m. EST",15648,15310,13040,-2608
ISNE,"12/9/2020 2 p.m. EST",15635,15360,13002,-2633
ISNE,"12/9/2020 3 p.m. EST",15763,15500,13311,-2452
ISNE,"12/9/2020 4 p.m. EST",15985,15720,13628,-2357
ISNE,"12/9/2020 5 p.m. EST",16867,16780,14506,-2361
ISNE,"12/9/2020 6 p.m. EST",17477,17400,15249,-2228
ISNE,"12/9/2020 7 p.m. EST",17189,17170,15014,-2175
ISNE,"12/9/2020 8 p.m. EST",16587,16730,14321,-2266
ISNE,"12/9/2020 9 p.m. EST",15811,16100,13486,-2325
ISNE,"12/9/2020 10 p.m. EST",14777,15130,12195,-2582
ISNE,"12/9/2020 11 p.m. EST",13517,13880,10996,-2521
ISNE,"12/10/2020 12 a.m. EST",12747,12760,10508,-2239
ISNE,"12/10/2020 1 a.m. EST",12512,11710,10127,-2385
ISNE,"12/10/2020 2 a.m. EST",12123,11320,9779,-2344
ISNE,"12/10/2020 3 a.m. EST",11904,11100,9429,-2475
ISNE,"12/10/2020 4 a.m. EST",11883,11090,9584,-2299
ISNE,"12/10/2020 5 a.m. EST",11938,11380,9669,-2269
ISNE,"12/10/2020 6 a.m. EST",12218,12280,9928,-2290
ISNE,"12/10/2020 7 a.m. EST",13601,14240,11394,-2207
ISNE,"12/10/2020 8 a.m. EST",14619,15030,12361,-2258
ISNE,"12/10/2020 9 a.m. EST",14795,14710,12446,-2349
ISNE,"12/10/2020 10 a.m. EST",14469,14190,12184,-2285
ISNE,"12/10/2020 11 a.m. EST",14100,13960,11744,-2356
ISNE,"12/10/2020 12 p.m. EST",13934,13840,11415,-2519
ISNE,"12/10/2020 1 p.m. EST",13864,13810,11301,-2563
ISNE,"12/10/2020 2 p.m. EST",13840,13930,11303,-2537
ISNE,"12/10/2020 3 p.m. EST",14269,14210,11759,-2510
ISNE,"12/10/2020 4 p.m. EST",14675,14810,12354,-2321
ISNE,"12/10/2020 5 p.m. EST",15810,15710,13601,-2209
ISNE,"12/10/2020 6 p.m. EST",16825,16660,14614,-2211
ISNE,"12/10/2020 7 p.m. EST",16607,16530,14254,-2353
ISNE,"12/10/2020 8 p.m. EST",16110,16100,13571,-2539
ISNE,"12/10/2020 9 p.m. EST",15492,15460,12827,-2665
ISNE,"12/10/2020 10 p.m. EST",14582,14640,11830,-2752
ISNE,"12/10/2020 11 p.m. EST",13475,13490,10564,-2911
ISNE,"12/11/2020 12 a.m. EST",12680,12430,9645,-3035
ISNE,"12/11/2020 1 a.m. EST",12240,11720,9382,-2858
ISNE,"12/11/2020 2 a.m. EST",11907,11340,9347,-2560
ISNE,"12/11/2020 3 a.m. EST",11761,11200,9280,-2481
ISNE,"12/11/2020 4 a.m. EST",11805,11250,9346,-2459
ISNE,"12/11/2020 5 a.m. EST",12143,11560,9704,-2439
ISNE,"12/11/2020 6 a.m. EST",12572,12370,10091,-2481
ISNE,"12/11/2020 7 a.m. EST",13823,13800,10987,-2836
ISNE,"12/11/2020 8 a.m. EST",14827,14680,11782,-3045
ISNE,"12/11/2020 9 a.m. EST",14863,14560,11748,-3115
ISNE,"12/11/2020 10 a.m. EST",14214,14140,11177,-3037
ISNE,"12/11/2020 11 a.m. EST",13655,13850,10761,-2894
ISNE,"12/11/2020 12 p.m. EST",13500,13610,10597,-2903
ISNE,"12/11/2020 1 p.m. EST",13547,13510,10657,-2890
ISNE,"12/11/2020 2 p.m. EST",13760,13630,10774,-2986
ISNE,"12/11/2020 3 p.m. EST",14082,13870,11045,-3037
ISNE,"12/11/2020 4 p.m. EST",14243,14310,11313,-2930
ISNE,"12/11/2020 5 p.m. EST",15345,15250,12439,-2906
ISNE,"12/11/2020 6 p.m. EST",16091,15900,13083,-3008
ISNE,"12/11/2020 7 p.m. EST",15800,15500,12678,-3122
ISNE,"12/11/2020 8 p.m. EST",15253,14990,12170,-3083
ISNE,"12/11/2020 9 p.m. EST",14616,14430,11654,-2962
ISNE,"12/11/2020 10 p.m. EST",13807,13720,10696,-3111
ISNE,"12/11/2020 11 p.m. EST",12820,12740,10021,-2799
ISNE,"12/12/2020 12 a.m. EST",12321,11770,9489,-2832
ISNE,"12/12/2020 1 a.m. EST",11634,11180,9084,-2550
ISNE,"12/12/2020 2 a.m. EST",11681,10750,9046,-2635
ISNE,"12/12/2020 3 a.m. EST",11537,10540,9088,-2449
ISNE,"12/12/2020 4 a.m. EST",11480,10490,9115,-2365
ISNE,"12/12/2020 5 a.m. EST",11623,10650,9202,-2421
ISNE,"12/12/2020 6 a.m. EST",11752,11100,9280,-2472
ISNE,"12/12/2020 7 a.m. EST",11995,11680,9572,-2423
ISNE,"12/12/2020 8 a.m. EST",12797,12440,10118,-2679
ISNE,"12/12/2020 9 a.m. EST",12975,13130,10226,-2749
ISNE,"12/12/2020 10 a.m. EST",13461,13420,10799,-2662
ISNE,"12/12/2020 11 a.m. EST",13858,13560,11279,-2579
ISNE,"12/12/2020 12 p.m. EST",14184,13610,11679,-2505
ISNE,"12/12/2020 1 p.m. EST",14353,14260,11870,-2483
ISNE,"12/12/2020 2 p.m. EST",14407,14320,11739,-2668
ISNE,"12/12/2020 3 p.m. EST",14434,14350,11610,-2824
ISNE,"12/12/2020 4 p.m. EST",14612,14500,11895,-2717
ISNE,"12/12/2020 5 p.m. EST",15350,15000,12711,-2639
ISNE,"12/12/2020 6 p.m. EST",15723,15500,12899,-2824
ISNE,"12/12/2020 7 p.m. EST",15358,14910,12594,-2764
ISNE,"12/12/2020 8 p.m. EST",14773,14340,12067,-2706
ISNE,"12/12/2020 9 p.m. EST",14106,13760,11263,-2843
ISNE,"12/12/2020 10 p.m. EST",13338,13090,10349,-2989
ISNE,"12/12/2020 11 p.m. EST",12435,12240,9482,-2953
ISNE,"12/13/2020 12 a.m. EST",11955,11340,9020,-2935
ISNE,"12/13/2020 1 a.m. EST",11240,10610,8429,-2811
ISNE,"12/13/2020 2 a.m. EST",10795,10210,8062,-2733
ISNE,"12/13/2020 3 a.m. EST",10626,9960,7746,-2880
ISNE,"12/13/2020 4 a.m. EST",10709,9850,7634,-3075
ISNE,"12/13/2020 5 a.m. EST",10752,9920,8051,-2701
ISNE,"12/13/2020 6 a.m. EST",10762,10060,7979,-2783
ISNE,"12/13/2020 7 a.m. EST",11258,10470,8241,-3017
ISNE,"12/13/2020 8 a.m. EST",11819,11020,8633,-3186
ISNE,"12/13/2020 9 a.m. EST",11950,11540,8608,-3342
ISNE,"12/13/2020 10 a.m. EST",12022,12130,8730,-3292
ISNE,"12/13/2020 11 a.m. EST",11814,12300,8537,-3277
ISNE,"12/13/2020 12 p.m. EST",11860,12290,8677,-3183
ISNE,"12/13/2020 1 p.m. EST",12124,12360,8908,-3216
ISNE,"12/13/2020 2 p.m. EST",12367,12490,9077,-3290
ISNE,"12/13/2020 3 p.m. EST",12582,12770,9324,-3258
ISNE,"12/13/2020 4 p.m. EST",13100,13300,9883,-3217
ISNE,"12/13/2020 5 p.m. EST",14503,14170,11403,-3100
ISNE,"12/13/2020 6 p.m. EST",15344,14950,12090,-3254
ISNE,"12/13/2020 7 p.m. EST",15107,14770,11761,-3346
ISNE,"12/13/2020 8 p.m. EST",14582,14320,11297,-3285
ISNE,"12/13/2020 9 p.m. EST",13975,13710,10750,-3225
ISNE,"12/13/2020 10 p.m. EST",13161,12920,9818,-3343
ISNE,"12/13/2020 11 p.m. EST",12135,11950,8843,-3292
ISNE,"12/14/2020 12 a.m. EST",11691,11090,8370,-3321
ISNE,"12/14/2020 1 a.m. EST",11056,10650,7913,-3143
ISNE,"12/14/2020 2 a.m. EST",10877,10360,7608,-3269
ISNE,"12/14/2020 3 a.m. EST",10813,10270,7648,-3165
ISNE,"12/14/2020 4 a.m. EST",11104,10370,7825,-3279
ISNE,"12/14/2020 5 a.m. EST",11310,10730,8136,-3174
ISNE,"12/14/2020 6 a.m. EST",12134,11620,8834,-3300
ISNE,"12/14/2020 7 a.m. EST",13492,13090,10289,-3203
ISNE,"12/14/2020 8 a.m. EST",14614,14360,11398,-3216
ISNE,"12/14/2020 9 a.m. EST",15122,15110,11728,-3394
ISNE,"12/14/2020 10 a.m. EST",15498,15480,12202,-3296
ISNE,"12/14/2020 11 a.m. EST",15579,15710,12365,-3214
ISNE,"12/14/2020 12 p.m. EST",15673,15810,12301,-3372
ISNE,"12/14/2020 1 p.m. EST",15702,15820,12297,-3405
ISNE,"12/14/2020 2 p.m. EST",15768,15920,12381,-3387
ISNE,"12/14/2020 3 p.m. EST",15768,15940,12422,-3346
ISNE,"12/14/2020 4 p.m. EST",15929,16180,12628,-3301
ISNE,"12/14/2020 5 p.m. EST",16777,16870,13415,-3362
ISNE,"12/14/2020 6 p.m. EST",17443,17430,14066,-3377
ISNE,"12/14/2020 7 p.m. EST",17117,17040,13700,-3417
ISNE,"12/14/2020 8 p.m. EST",16487,16540,13155,-3332
ISNE,"12/14/2020 9 p.m. EST",15755,15870,12454,-3301
ISNE,"12/14/2020 10 p.m. EST",14774,14880,11595,-3179
ISNE,"12/14/2020 11 p.m. EST",13582,13670,10304,-3278
ISNE,"12/15/2020 12 a.m. EST",12675,12570,9368,-3307
ISNE,"12/15/2020 1 a.m. EST",12521,11800,9499,-3022
ISNE,"12/15/2020 2 a.m. EST",12413,11440,9712,-2701
ISNE,"12/15/2020 3 a.m. EST",12377,11320,9604,-2773
ISNE,"12/15/2020 4 a.m. EST",12425,11390,9722,-2703
ISNE,"12/15/2020 5 a.m. EST",12785,11760,9964,-2821
ISNE,"12/15/2020 6 a.m. EST",13377,12660,10316,-3061
ISNE,"12/15/2020 7 a.m. EST",14283,14140,11138,-3145
ISNE,"12/15/2020 8 a.m. EST",15189,15200,12115,-3074
ISNE,"12/15/2020 9 a.m. EST",15210,15190,11922,-3288
ISNE,"12/15/2020 10 a.m. EST",14600,14450,11479,-3121
ISNE,"12/15/2020 11 a.m. EST",14062,14050,10987,-3075
ISNE,"12/15/2020 12 p.m. EST",13936,13870,10686,-3250
ISNE,"12/15/2020 1 p.m. EST",13748,13780,10239,-3509
ISNE,"12/15/2020 2 p.m. EST",13885,13940,10470,-3415
ISNE,"12/15/2020 3 p.m. EST",14578,14420,11166,-3412
ISNE,"12/15/2020 4 p.m. EST",15487,15170,12092,-3395
ISNE,"12/15/2020 5 p.m. EST",16921,16610,13479,-3442
ISNE,"12/15/2020 6 p.m. EST",17961,17700,14648,-3313
ISNE,"12/15/2020 7 p.m. EST",17835,17550,14449,-3386
ISNE,"12/15/2020 8 p.m. EST",17372,17180,13904,-3468
ISNE,"12/15/2020 9 p.m. EST",16711,16590,13183,-3528
ISNE,"12/15/2020 10 p.m. EST",15779,15690,12392,-3387
ISNE,"12/15/2020 11 p.m. EST",14593,14530,11113,-3480
ISNE,"12/16/2020 12 a.m. EST",13687,13460,10287,-3400
ISNE,"12/16/2020 1 a.m. EST",13128,12860,10152,-2976
ISNE,"12/16/2020 2 a.m. EST",12986,12520,10047,-2939
ISNE,"12/16/2020 3 a.m. EST",12897,12380,10130,-2767
ISNE,"12/16/2020 4 a.m. EST",12935,12460,10177,-2758
ISNE,"12/16/2020 5 a.m. EST",13080,12840,10480,-2600
ISNE,"12/16/2020 6 a.m. EST",13727,13750,10986,-2741
ISNE,"12/16/2020 7 a.m. EST",15166,15200,12628,-2538
ISNE,"12/16/2020 8 a.m. EST",16251,16260,13743,-2508
ISNE,"12/16/2020 9 a.m. EST",16361,16350,13960,-2401
ISNE,"12/16/2020 10 a.m. EST",16246,16230,13780,-2466
ISNE,"12/16/2020 11 a.m. EST",16339,16330,13704,-2635
ISNE,"12/16/2020 12 p.m. EST",16270,16300,13391,-2879
ISNE,"12/16/2020 1 p.m. EST",16249,16390,13528,-2721
ISNE,"12/16/2020 2 p.m. EST",16459,16370,13712,-2747
ISNE,"12/16/2020 3 p.m. EST",16767,16380,13867,-2900
ISNE,"12/16/2020 4 p.m. EST",17112,16540,13974,-3138
ISNE,"12/16/2020 5 p.m. EST",18119,17580,15154,-2965
ISNE,"12/16/2020 6 p.m. EST",18648,18360,15655,-2993
ISNE,"12/16/2020 7 p.m. EST",18424,18090,15237,-3187
ISNE,"12/16/2020 8 p.m. EST",17916,17680,14783,-3133
ISNE,"12/16/2020 9 p.m. EST",17142,16990,14050,-3092
ISNE,"12/16/2020 10 p.m. EST",16177,16010,13175,-3002
ISNE,"12/16/2020 11 p.m. EST",14983,14710,11799,-3184
ISNE,"12/17/2020 12 a.m. EST",14098,13570,11072,-3026
ISNE,"12/17/2020 1 a.m. EST",13864,13170,10744,-3120
ISNE,"12/17/2020 2 a.m. EST",13385,12750,10568,-2817
ISNE,"12/17/2020 3 a.m. EST",13310,12530,10301,-3009
ISNE,"12/17/2020 4 a.m. EST",13288,12500,10222,-3066
ISNE,"12/17/2020 5 a.m. EST",13500,12660,10726,-2774
ISNE,"12/17/2020 6 a.m. EST",13594,13530,10994,-2600
ISNE,"12/17/2020 7 a.m. EST",14266,14640,11554,-2712
ISNE,"12/17/2020 8 a.m. EST",15210,15450,12596,-2614
ISNE,"12/17/2020 9 a.m. EST",16054,16300,13646,-2408
ISNE,"12/17/2020 10 a.m. EST",16605,16630,14029,-2576
ISNE,"12/17/2020 11 a.m. EST",16973,16990,14825,-2148
ISNE,"12/17/2020 12 p.m. EST",17190,17080,15080,-2110
ISNE,"12/17/2020 1 p.m. EST",17261,17000,14383,-2878
ISNE,"12/17/2020 2 p.m. EST",17082,16930,14444,-2638
ISNE,"12/17/2020 3 p.m. EST",16876,16910,13977,-2899
ISNE,"12/17/2020 4 p.m. EST",16919,17040,13957,-2962
ISNE,"12/17/2020 5 p.m. EST",17855,17940,14800,-3055
ISNE,"12/17/2020 6 p.m. EST",18740,18600,16122,-2618
ISNE,"12/17/2020 7 p.m. EST",18394,18300,15509,-2885
ISNE,"12/17/2020 8 p.m. EST",17758,17990,14649,-3109
ISNE,"12/17/2020 9 p.m. EST",16941,17310,13956,-2985
ISNE,"12/17/2020 10 p.m. EST",15897,16320,13282,-2615
ISNE,"12/17/2020 11 p.m. EST",14811,14990,11857,-2954
ISNE,"12/18/2020 12 a.m. EST",13929,13960,10783,-3146
ISNE,"12/18/2020 1 a.m. EST",13203,13060,10458,-2745
ISNE,"12/18/2020 2 a.m. EST",12983,12650,10433,-2550
ISNE,"12/18/2020 3 a.m. EST",13436,12460,10858,-2578
ISNE,"12/18/2020 4 a.m. EST",13481,12450,10995,-2486
ISNE,"12/18/2020 5 a.m. EST",13792,12710,11381,-2411
ISNE,"12/18/2020 6 a.m. EST",14333,13570,11850,-2483
ISNE,"12/18/2020 7 a.m. EST",15114,14970,13203,-1911
ISNE,"12/18/2020 8 a.m. EST",15933,15990,13939,-1994
ISNE,"12/18/2020 9 a.m. EST",16653,16470,14453,-2200
ISNE,"12/18/2020 10 a.m. EST",16907,16830,14502,-2405
ISNE,"12/18/2020 11 a.m. EST",17001,16610,14562,-2439
ISNE,"12/18/2020 12 p.m. EST",16956,16290,14484,-2472
ISNE,"12/18/2020 1 p.m. EST",16707,15890,13882,-2825
ISNE,"12/18/2020 2 p.m. EST",16441,15640,13663,-2778
ISNE,"12/18/2020 3 p.m. EST",16197,15600,13432,-2765
ISNE,"12/18/2020 4 p.m. EST",16290,15850,13528,-2762
ISNE,"12/18/2020 5 p.m. EST",17293,16910,14626,-2667
ISNE,"12/18/2020 6 p.m. EST",18178,17850,15346,-2832
ISNE,"12/18/2020 7 p.m. EST",17961,17400,14927,-3034
ISNE,"12/18/2020 8 p.m. EST",17497,17030,14722,-2775
ISNE,"12/18/2020 9 p.m. EST",16909,16540,14395,-2514
ISNE,"12/18/2020 10 p.m. EST",16115,15880,13719,-2396
ISNE,"12/18/2020 11 p.m. EST",15094,14960,12426,-2668
ISNE,"12/19/2020 12 a.m. EST",14094,13980,11318,-2776
ISNE,"12/19/2020 1 a.m. EST",13664,13420,10721,-2943
ISNE,"12/19/2020 2 a.m. EST",13112,13000,10343,-2769
ISNE,"12/19/2020 3 a.m. EST",12814,12800,9927,-2887
ISNE,"12/19/2020 4 a.m. EST",12789,12830,9937,-2852
ISNE,"12/19/2020 5 a.m. EST",12972,12980,10076,-2896
ISNE,"12/19/2020 6 a.m. EST",13415,13380,10580,-2835
ISNE,"12/19/2020 7 a.m. EST",14174,14090,11333,-2841
ISNE,"12/19/2020 8 a.m. EST",15008,14850,12294,-2714
ISNE,"12/19/2020 9 a.m. EST",15697,15700,13021,-2676
ISNE,"12/19/2020 10 a.m. EST",15845,15890,13212,-2633
ISNE,"12/19/2020 11 a.m. EST",15705,15800,12955,-2750
ISNE,"12/19/2020 12 p.m. EST",15423,15580,12501,-2922
ISNE,"12/19/2020 1 p.m. EST",15145,15400,12379,-2766
ISNE,"12/19/2020 2 p.m. EST",15139,15220,12356,-2783
ISNE,"12/19/2020 3 p.m. EST",15309,15270,12482,-2827
ISNE,"12/19/2020 4 p.m. EST",15470,15580,12574,-2896
ISNE,"12/19/2020 5 p.m. EST",16614,16560,13595,-3019
ISNE,"12/19/2020 6 p.m. EST",17417,17180,14320,-3097
ISNE,"12/19/2020 7 p.m. EST",17176,16850,14048,-3128
ISNE,"12/19/2020 8 p.m. EST",16681,16330,13585,-3096
ISNE,"12/19/2020 9 p.m. EST",16152,15850,13066,-3086
ISNE,"12/19/2020 10 p.m. EST",15448,15240,12404,-3044
ISNE,"12/19/2020 11 p.m. EST",14478,14390,11427,-3051
ISNE,"12/20/2020 12 a.m. EST",13525,13460,10430,-3095
ISNE,"12/20/2020 1 a.m. EST",13009,12770,10195,-2814
ISNE,"12/20/2020 2 a.m. EST",12611,12270,9795,-2816
ISNE,"12/20/2020 3 a.m. EST",12565,12010,9634,-2931
ISNE,"12/20/2020 4 a.m. EST",12452,11920,9466,-2986
ISNE,"12/20/2020 5 a.m. EST",12505,11940,9379,-3126
ISNE,"12/20/2020 6 a.m. EST",12546,12250,9544,-3002
ISNE,"12/20/2020 7 a.m. EST",12832,12770,10084,-2748
ISNE,"12/20/2020 8 a.m. EST",13466,13430,10796,-2670
ISNE,"12/20/2020 9 a.m. EST",14249,14250,11717,-2532
ISNE,"12/20/2020 10 a.m. EST",14908,14890,12404,-2504
ISNE,"12/20/2020 11 a.m. EST",15295,15240,12565,-2730
ISNE,"12/20/2020 12 p.m. EST",15483,15540,12579,-2904
ISNE,"12/20/2020 1 p.m. EST",15544,15510,12903,-2641
ISNE,"12/20/2020 2 p.m. EST",15511,15420,12843,-2668
ISNE,"12/20/2020 3 p.m. EST",15544,15410,12873,-2671
ISNE,"12/20/2020 4 p.m. EST",15804,15910,13195,-2609
ISNE,"12/20/2020 5 p.m. EST",16751,16970,14102,-2649
ISNE,"12/20/2020 6 p.m. EST",17393,17460,14625,-2768
ISNE,"12/20/2020 7 p.m. EST",17069,17070,14215,-2854
ISNE,"12/20/2020 8 p.m. EST",16451,16630,13672,-2779
ISNE,"12/20/2020 9 p.m. EST",15760,15850,12769,-2991
ISNE,"12/20/2020 10 p.m. EST",14830,14820,11895,-2935
ISNE,"12/20/2020 11 p.m. EST",13722,13660,10486,-3236
ISNE,"12/21/2020 12 a.m. EST",13083,12640,9673,-3410
ISNE,"12/21/2020 1 a.m. EST",12799,11950,9462,-3337
ISNE,"12/21/2020 2 a.m. EST",12418,11600,8949,-3469
ISNE,"12/21/2020 3 a.m. EST",12260,11440,8864,-3396
ISNE,"12/21/2020 4 a.m. EST",12261,11460,8644,-3617
ISNE,"12/21/2020 5 a.m. EST",12573,11780,9017,-3556
ISNE,"12/21/2020 6 a.m. EST",12887,12590,9804,-3083
ISNE,"12/21/2020 7 a.m. EST",13872,13900,10873,-2999
ISNE,"12/21/2020 8 a.m. EST",15023,15020,11907,-3116
ISNE,"12/21/2020 9 a.m. EST",15690,15520,12532,-3158
ISNE,"12/21/2020 10 a.m. EST",15960,15930,12817,-3143
ISNE,"12/21/2020 11 a.m. EST",16027,16010,12855,-3172
ISNE,"12/21/2020 12 p.m. EST",16031,15900,12775,-3256
ISNE,"12/21/2020 1 p.m. EST",15872,15730,12776,-3096
ISNE,"12/21/2020 2 p.m. EST",15636,15650,12625,-3011
ISNE,"12/21/2020 3 p.m. EST",15409,15660,12471,-2938
ISNE,"12/21/2020 4 p.m. EST",15553,15910,12687,-2866
ISNE,"12/21/2020 5 p.m. EST",16554,16920,13537,-3017
ISNE,"12/21/2020 6 p.m. EST",17479,17740,14346,-3133
ISNE,"12/21/2020 7 p.m. EST",17255,17450,14051,-3204
ISNE,"12/21/2020 8 p.m. EST",16672,16870,13552,-3120
ISNE,"12/21/2020 9 p.m. EST",15979,16160,12782,-3197
ISNE,"12/21/2020 10 p.m. EST",15041,15160,11693,-3348
ISNE,"12/21/2020 11 p.m. EST",13849,13880,10378,-3471
ISNE,"12/22/2020 12 a.m. EST",12718,12770,9463,-3255
ISNE,"12/22/2020 1 a.m. EST",12364,11920,8886,-3478
ISNE,"12/22/2020 2 a.m. EST",12301,11530,8817,-3484
ISNE,"12/22/2020 3 a.m. EST",12326,11330,8794,-3532
ISNE,"12/22/2020 4 a.m. EST",12087,11350,8490,-3597
ISNE,"12/22/2020 5 a.m. EST",12404,11670,8965,-3439
ISNE,"12/22/2020 6 a.m. EST",12718,12570,9395,-3323
ISNE,"12/22/2020 7 a.m. EST",13818,14010,10611,-3207
ISNE,"12/22/2020 8 a.m. EST",14908,15020,11740,-3168
ISNE,"12/22/2020 9 a.m. EST",15316,15340,12079,-3237
ISNE,"12/22/2020 10 a.m. EST",15075,15070,11813,-3262
ISNE,"12/22/2020 11 a.m. EST",14738,14750,11519,-3219
ISNE,"12/22/2020 12 p.m. EST",14435,14340,11120,-3315
ISNE,"12/22/2020 1 p.m. EST",14262,14130,10963,-3299
ISNE,"12/22/2020 2 p.m. EST",14469,14240,11205,-3264
ISNE,"12/22/2020 3 p.m. EST",14845,14480,11582,-3263
ISNE,"12/22/2020 4 p.m. EST",15231,15030,12118,-3113
ISNE,"12/22/2020 5 p.m. EST",16251,16490,13160,-3091
ISNE,"12/22/2020 6 p.m. EST",17091,17400,13835,-3256
ISNE,"12/22/2020 7 p.m. EST",16911,17040,13639,-3272
ISNE,"12/22/2020 8 p.m. EST",16400,16430,13082,-3318
ISNE,"12/22/2020 9 p.m. EST",15756,15680,12494,-3262
ISNE,"12/22/2020 10 p.m. EST",14898,14750,11451,-3447
ISNE,"12/22/2020 11 p.m. EST",13768,13580,10074,-3694
ISNE,"12/23/2020 12 a.m. EST",12904,12550,9560,-3344
ISNE,"12/23/2020 1 a.m. EST",12498,11960,9407,-3091
ISNE,"12/23/2020 2 a.m. EST",12292,11590,9350,-2942
ISNE,"12/23/2020 3 a.m. EST",12215,11430,9203,-3012
ISNE,"12/23/2020 4 a.m. EST",12231,11470,9328,-2903
ISNE,"12/23/2020 5 a.m. EST",12324,11870,9400,-2924
ISNE,"12/23/2020 6 a.m. EST",12946,12850,9882,-3064
ISNE,"12/23/2020 7 a.m. EST",13954,14440,10950,-3004
ISNE,"12/23/2020 8 a.m. EST",14946,15330,11731,-3215
ISNE,"12/23/2020 9 a.m. EST",15200,15190,12001,-3199
ISNE,"12/23/2020 10 a.m. EST",14748,14710,11582,-3166
ISNE,"12/23/2020 11 a.m. EST",14304,14340,11290,-3014
ISNE,"12/23/2020 12 p.m. EST",14159,14140,11097,-3062
ISNE,"12/23/2020 1 p.m. EST",14136,14110,11029,-3107
ISNE,"12/23/2020 2 p.m. EST",14203,14310,11089,-3114
ISNE,"12/23/2020 3 p.m. EST",14531,14820,11491,-3040
ISNE,"12/23/2020 4 p.m. EST",15045,15460,12001,-3044
ISNE,"12/23/2020 5 p.m. EST",16187,16740,13041,-3146
ISNE,"12/23/2020 6 p.m. EST",17085,17500,14037,-3048
ISNE,"12/23/2020 7 p.m. EST",16935,17240,13871,-3064
ISNE,"12/23/2020 8 p.m. EST",16497,16500,13481,-3016
ISNE,"12/23/2020 9 p.m. EST",15920,15880,12993,-2927
ISNE,"12/23/2020 10 p.m. EST",15103,14960,12196,-2907
ISNE,"12/23/2020 11 p.m. EST",13980,13740,10784,-3196
ISNE,"12/24/2020 12 a.m. EST",12868,12610,9739,-3129
ISNE,"12/24/2020 1 a.m. EST",12061,12040,9142,-2919
ISNE,"12/24/2020 2 a.m. EST",11529,11520,8724,-2805
ISNE,"12/24/2020 3 a.m. EST",11517,11230,8745,-2772
ISNE,"12/24/2020 4 a.m. EST",11456,11150,8651,-2805
ISNE,"12/24/2020 5 a.m. EST",11602,11310,8836,-2766
ISNE,"12/24/2020 6 a.m. EST",11878,11830,8941,-2937
ISNE,"12/24/2020 7 a.m. EST",12662,12670,9665,-2997
ISNE,"12/24/2020 8 a.m. EST",13413,13420,10399,-3014
ISNE,"12/24/2020 9 a.m. EST",13810,13800,10636,-3174
ISNE,"12/24/2020 10 a.m. EST",13680,13800,10401,-3279
ISNE,"12/24/2020 11 a.m. EST",13393,13870,10058,-3335
ISNE,"12/24/2020 12 p.m. EST",13343,13880,9794,-3549
ISNE,"12/24/2020 1 p.m. EST",13450,13890,9896,-3554
ISNE,"12/24/2020 2 p.m. EST",13664,13970,10177,-3487
ISNE,"12/24/2020 3 p.m. EST",13966,14110,10546,-3420
ISNE,"12/24/2020 4 p.m. EST",14280,14300,10872,-3408
ISNE,"12/24/2020 5 p.m. EST",15150,15060,11741,-3409
ISNE,"12/24/2020 6 p.m. EST",15468,15230,11935,-3533
ISNE,"12/24/2020 7 p.m. EST",14828,14390,11411,-3417
ISNE,"12/24/2020 8 p.m. EST",14087,13650,10853,-3234
ISNE,"12/24/2020 9 p.m. EST",13481,13090,10089,-3392
ISNE,"12/24/2020 10 p.m. EST",13101,12570,9727,-3374
ISNE,"12/24/2020 11 p.m. EST",12581,11950,9390,-3191
ISNE,"12/25/2020 12 a.m. EST",11973,11240,9014,-2959
ISNE,"12/25/2020 1 a.m. EST",11257,10440,8566,-2691
ISNE,"12/25/2020 2 a.m. EST",10749,9940,8368,-2381
ISNE,"12/25/2020 3 a.m. EST",10431,9650,7723,-2708
ISNE,"12/25/2020 4 a.m. EST",10313,9520,7657,-2656
ISNE,"12/25/2020 5 a.m. EST",10326,9550,7672,-2654
ISNE,"12/25/2020 6 a.m. EST",10542,9810,7718,-2824
ISNE,"12/25/2020 7 a.m. EST",10656,10300,7648,-3008
ISNE,"12/25/2020 8 a.m. EST",11169,11020,8074,-3095
ISNE,"12/25/2020 9 a.m. EST",11825,11840,8791,-3034
ISNE,"12/25/2020 10 a.m. EST",12490,12510,9339,-3151
ISNE,"12/25/2020 11 a.m. EST",12857,12860,9798,-3059
ISNE,"12/25/2020 12 p.m. EST",13088,13080,10173,-2915
ISNE,"12/25/2020 1 p.m. EST",13277,13270,10642,-2635
ISNE,"12/25/2020 2 p.m. EST",13315,13290,10561,-2754
ISNE,"12/25/2020 3 p.m. EST",13267,13270,10358,-2909
ISNE,"12/25/2020 4 p.m. EST",13333,13330,10276,-3057
ISNE,"12/25/2020 5 p.m. EST",13741,13710,10774,-2967
ISNE,"12/25/2020 6 p.m. EST",13909,14070,11066,-2843
ISNE,"12/25/2020 7 p.m. EST",13581,13980,10597,-2984
ISNE,"12/25/2020 8 p.m. EST",13164,13670,10398,-2766
ISNE,"12/25/2020 9 p.m. EST",12795,13250,10077,-2718
ISNE,"12/25/2020 10 p.m. EST",12353,12720,9809,-2544
ISNE,"12/25/2020 11 p.m. EST",11880,12040,9405,-2475
ISNE,"12/26/2020 12 a.m. EST",11324,11180,8686,-2638
ISNE,"12/26/2020 1 a.m. EST",10829,10640,8162,-2667
ISNE,"12/26/2020 2 a.m. EST",10642,10320,8180,-2462
ISNE,"12/26/2020 3 a.m. EST",10933,10210,8316,-2617
ISNE,"12/26/2020 4 a.m. EST",10845,10180,8205,-2640
ISNE,"12/26/2020 5 a.m. EST",10893,10450,8325,-2568
ISNE,"12/26/2020 6 a.m. EST",11017,10910,8143,-2874
ISNE,"12/26/2020 7 a.m. EST",11474,11470,8454,-3020
ISNE,"12/26/2020 8 a.m. EST",12198,12230,9203,-2995
ISNE,"12/26/2020 9 a.m. EST",12657,12770,9390,-3267
ISNE,"12/26/2020 10 a.m. EST",12733,12730,9332,-3401
ISNE,"12/26/2020 11 a.m. EST",12754,12650,9569,-3185
ISNE,"12/26/2020 12 p.m. EST",12695,12580,9398,-3297
ISNE,"12/26/2020 1 p.m. EST",12677,12530,9395,-3282
ISNE,"12/26/2020 2 p.m. EST",12750,12680,9727,-3023
ISNE,"12/26/2020 3 p.m. EST",13279,13130,10265,-3014
ISNE,"12/26/2020 4 p.m. EST",14129,14150,11010,-3119
ISNE,"12/26/2020 5 p.m. EST",15420,15530,12131,-3289
ISNE,"12/26/2020 6 p.m. EST",16359,16370,12911,-3448
ISNE,"12/26/2020 7 p.m. EST",16233,15920,12720,-3513
ISNE,"12/26/2020 8 p.m. EST",15811,15240,12200,-3611
ISNE,"12/26/2020 9 p.m. EST",15303,14680,11665,-3638
ISNE,"12/26/2020 10 p.m. EST",14570,14160,11078,-3492
ISNE,"12/26/2020 11 p.m. EST",13705,13290,10340,-3365
ISNE,"12/27/2020 12 a.m. EST",12861,12420,9419,-3442
ISNE,"12/27/2020 1 a.m. EST",12316,12190,8921,-3395
ISNE,"12/27/2020 2 a.m. EST",12356,11800,9006,-3350
ISNE,"12/27/2020 3 a.m. EST",12404,11600,9023,-3381
ISNE,"12/27/2020 4 a.m. EST",12327,11530,8986,-3341
ISNE,"12/27/2020 5 a.m. EST",12644,11640,9399,-3245
ISNE,"12/27/2020 6 a.m. EST",12788,11940,9565,-3223
ISNE,"12/27/2020 7 a.m. EST",12773,12450,9559,-3214
ISNE,"12/27/2020 8 a.m. EST",12905,12910,9579,-3326
ISNE,"12/27/2020 9 a.m. EST",13123,13120,9881,-3242
ISNE,"12/27/2020 10 a.m. EST",12922,12910,9555,-3367
ISNE,"12/27/2020 11 a.m. EST",12816,12780,9418,-3398
ISNE,"12/27/2020 12 p.m. EST",12681,12720,9297,-3384
ISNE,"12/27/2020 1 p.m. EST",12463,12790,9091,-3372
ISNE,"12/27/2020 2 p.m. EST",12617,12920,9319,-3298
ISNE,"12/27/2020 3 p.m. EST",13184,13370,9875,-3309
ISNE,"12/27/2020 4 p.m. EST",14048,14110,10735,-3313
ISNE,"12/27/2020 5 p.m. EST",15414,15540,12158,-3256
ISNE,"12/27/2020 6 p.m. EST",16437,16410,13134,-3303
ISNE,"12/27/2020 7 p.m. EST",16292,16310,12938,-3354
ISNE,"12/27/2020 8 p.m. EST",15821,15780,12476,-3345
ISNE,"12/27/2020 9 p.m. EST",15243,15230,12115,-3128
ISNE,"12/27/2020 10 p.m. EST",14453,14410,11116,-3337
ISNE,"12/27/2020 11 p.m. EST",13498,13430,10204,-3294
ISNE,"12/28/2020 12 a.m. EST",12911,12490,9581,-3330
ISNE,"12/28/2020 1 a.m. EST",12524,12010,9305,-3219
ISNE,"12/28/2020 2 a.m. EST",12594,11640,9509,-3085
ISNE,"12/28/2020 3 a.m. EST",12523,11460,9284,-3239
ISNE,"12/28/2020 4 a.m. EST",12521,11490,9252,-3269
ISNE,"12/28/2020 5 a.m. EST",12494,11740,9372,-3122
ISNE,"12/28/2020 6 a.m. EST",12688,12390,9742,-2946
ISNE,"12/28/2020 7 a.m. EST",13666,13410,11098,-2568
ISNE,"12/28/2020 8 a.m. EST",14417,14280,11903,-2514
ISNE,"12/28/2020 9 a.m. EST",14764,14780,11930,-2834
ISNE,"12/28/2020 10 a.m. EST",15020,15050,12168,-2852
ISNE,"12/28/2020 11 a.m. EST",15273,15010,12472,-2801
ISNE,"12/28/2020 12 p.m. EST",15295,14910,12427,-2868
ISNE,"12/28/2020 1 p.m. EST",15118,14840,12204,-2914
ISNE,"12/28/2020 2 p.m. EST",14726,14820,11827,-2899
ISNE,"12/28/2020 3 p.m. EST",14424,14810,11360,-3064
ISNE,"12/28/2020 4 p.m. EST",14656,15070,11493,-3163
ISNE,"12/28/2020 5 p.m. EST",15650,16170,12361,-3289
ISNE,"12/28/2020 6 p.m. EST",16573,17200,13385,-3188
ISNE,"12/28/2020 7 p.m. EST",16318,17100,12787,-3531
ISNE,"12/28/2020 8 p.m. EST",15687,16640,12149,-3538
ISNE,"12/28/2020 9 p.m. EST",14969,15630,11262,-3707
ISNE,"12/28/2020 10 p.m. EST",14089,14680,10354,-3735
ISNE,"12/28/2020 11 p.m. EST",13123,13400,9343,-3780
ISNE,"12/29/2020 12 a.m. EST",12262,12320,8580,-3682
ISNE,"12/29/2020 1 a.m. EST",11825,11300,8106,-3719
ISNE,"12/29/2020 2 a.m. EST",11449,10910,7912,-3537
ISNE,"12/29/2020 3 a.m. EST",11326,10800,7745,-3581
ISNE,"12/29/2020 4 a.m. EST",11369,10840,7931,-3438
ISNE,"12/29/2020 5 a.m. EST",11689,11200,8390,-3299
ISNE,"12/29/2020 6 a.m. EST",11974,11950,8719,-3255
ISNE,"12/29/2020 7 a.m. EST",13047,13080,9793,-3254
ISNE,"12/29/2020 8 a.m. EST",13978,14000,10444,-3534
ISNE,"12/29/2020 9 a.m. EST",14224,14220,10619,-3605
ISNE,"12/29/2020 10 a.m. EST",13905,13840,10262,-3643
ISNE,"12/29/2020 11 a.m. EST",13733,13620,10151,-3582
ISNE,"12/29/2020 12 p.m. EST",13726,13590,10140,-3586
ISNE,"12/29/2020 1 p.m. EST",13739,13670,10089,-3650
ISNE,"12/29/2020 2 p.m. EST",13953,13960,10221,-3732
ISNE,"12/29/2020 3 p.m. EST",14543,14590,10815,-3728
ISNE,"12/29/2020 4 p.m. EST",15344,15540,11754,-3590
ISNE,"12/29/2020 5 p.m. EST",16613,17040,13086,-3527
ISNE,"12/29/2020 6 p.m. EST",17655,18250,14220,-3435
ISNE,"12/29/2020 7 p.m. EST",17487,17970,14064,-3423
ISNE,"12/29/2020 8 p.m. EST",16959,17230,13494,-3465
ISNE,"12/29/2020 9 p.m. EST",16269,16480,12777,-3492
ISNE,"12/29/2020 10 p.m. EST",15415,15440,11821,-3594
ISNE,"12/29/2020 11 p.m. EST",14337,14270,10740,-3597
ISNE,"12/30/2020 12 a.m. EST",13371,13230,9972,-3399
ISNE,"12/30/2020 1 a.m. EST",12744,12730,9302,-3442
ISNE,"12/30/2020 2 a.m. EST",12385,12380,8863,-3522
ISNE,"12/30/2020 3 a.m. EST",12216,12210,8692,-3524
ISNE,"12/30/2020 4 a.m. EST",12238,12240,8809,-3429
ISNE,"12/30/2020 5 a.m. EST",12498,12510,9128,-3370
ISNE,"12/30/2020 6 a.m. EST",13178,13200,9894,-3284
ISNE,"12/30/2020 7 a.m. EST",14232,14260,11399,-2833
ISNE,"12/30/2020 8 a.m. EST",15090,15110,12214,-2876
ISNE,"12/30/2020 9 a.m. EST",15444,15460,12314,-3130
ISNE,"12/30/2020 10 a.m. EST",15513,15550,12322,-3191
ISNE,"12/30/2020 11 a.m. EST",15424,15370,12145,-3279
ISNE,"12/30/2020 12 p.m. EST",15276,15110,11968,-3308
ISNE,"12/30/2020 1 p.m. EST",15257,14960,11994,-3263
ISNE,"12/30/2020 2 p.m. EST",15145,14970,11981,-3164
ISNE,"12/30/2020 3 p.m. EST",15212,15140,12119,-3093
ISNE,"12/30/2020 4 p.m. EST",15569,15680,12512,-3057
ISNE,"12/30/2020 5 p.m. EST",16534,16870,13359,-3175
ISNE,"12/30/2020 6 p.m. EST",17340,17500,14163,-3177
ISNE,"12/30/2020 7 p.m. EST",16986,17170,13792,-3194
ISNE,"12/30/2020 8 p.m. EST",16336,16580,13117,-3219
ISNE,"12/30/2020 9 p.m. EST",15573,15750,12147,-3426
ISNE,"12/30/2020 10 p.m. EST",14623,14670,11147,-3476
ISNE,"12/30/2020 11 p.m. EST",13700,13440,10297,-3403
ISNE,"12/31/2020 12 a.m. EST",12654,12330,9176,-3478
ISNE,"12/31/2020 1 a.m. EST",12141,11600,8573,-3568
ISNE,"12/31/2020 2 a.m. EST",11675,11110,8151,-3524
ISNE,"12/31/2020 3 a.m. EST",11475,10830,7911,-3564
ISNE,"12/31/2020 4 a.m. EST",11530,10740,7839,-3691
ISNE,"12/31/2020 5 a.m. EST",11602,10950,7946,-3656
ISNE,"12/31/2020 6 a.m. EST",12024,11500,8437,-3587
ISNE,"12/31/2020 7 a.m. EST",12704,12390,9445,-3259
ISNE,"12/31/2020 8 a.m. EST",13234,13180,9900,-3334
ISNE,"12/31/2020 9 a.m. EST",13802,13820,10368,-3434
ISNE,"12/31/2020 10 a.m. EST",14181,14180,10718,-3463
ISNE,"12/31/2020 11 a.m. EST",14426,14210,11036,-3390
ISNE,"12/31/2020 12 p.m. EST",14480,14180,10991,-3489
ISNE,"12/31/2020 1 p.m. EST",14430,14200,10827,-3603
ISNE,"12/31/2020 2 p.m. EST",14496,14300,10857,-3639
ISNE,"12/31/2020 3 p.m. EST",14569,14380,10899,-3670
ISNE,"12/31/2020 4 p.m. EST",14841,14640,11274,-3567
ISNE,"12/31/2020 5 p.m. EST",15749,15580,12256,-3493
ISNE,"12/31/2020 6 p.m. EST",16348,16200,12878,-3470
ISNE,"12/31/2020 7 p.m. EST",15907,15630,12464,-3443
ISNE,"12/31/2020 8 p.m. EST",15211,14840,11748,-3463
ISNE,"12/31/2020 9 p.m. EST",14544,14050,11002,-3542
ISNE,"12/31/2020 10 p.m. EST",13928,13490,10436,-3492
ISNE,"12/31/2020 11 p.m. EST",13237,12930,9944,-3293
ISNE,"1/1/2021 12 a.m. EST",12571,12350,9528,-3043
