"BA Code","Timestamp (Hour Ending)","Demand (MWh)","Demand Forecast (MWh)","Net Generation (MWh)","Total Interchange (MWh)"
ISNE,"10/1/2019 12 a.m. EDT",10435,10460,9622,-813
ISNE,"10/1/2019 1 a.m. EDT",9766,9770,8723,-1043
ISNE,"10/1/2019 2 a.m. EDT",9657,9360,8610,-1047
ISNE,"10/1/2019 3 a.m. EDT",9469,9170,8326,-1143
ISNE,"10/1/2019 4 a.m. EDT",9437,9140,8292,-1145
ISNE,"10/1/2019 5 a.m. EDT",9706,9430,8592,-1114
ISNE,"10/1/2019 6 a.m. EDT",10621,10360,9539,-1082
ISNE,"10/1/2019 7 a.m. EDT",11946,11990,10915,-1031
ISNE,"10/1/2019 8 a.m. EDT",13015,13030,11997,-1018
ISNE,"10/1/2019 9 a.m. EDT",13454,13440,12556,-898
ISNE,"10/1/2019 10 a.m. EDT",13620,13620,12763,-857
ISNE,"10/1/2019 11 a.m. EDT",13698,13620,12858,-840
ISNE,"10/1/2019 12 p.m. EDT",13777,13600,12924,-853
ISNE,"10/1/2019 1 p.m. EDT",13616,13600,12881,-735
ISNE,"10/1/2019 2 p.m. EDT",13591,13600,13069,-522
ISNE,"10/1/2019 3 p.m. EDT",13607,13600,13316,-291
ISNE,"10/1/2019 4 p.m. EDT",13799,13660,13683,-116
ISNE,"10/1/2019 5 p.m. EDT",14140,14050,14375,235
ISNE,"10/1/2019 6 p.m. EDT",14667,14550,14880,213
ISNE,"10/1/2019 7 p.m. EDT",15053,15150,14863,-190
ISNE,"10/1/2019 8 p.m. EDT",15153,15100,14821,-332
ISNE,"10/1/2019 9 p.m. EDT",14575,14540,13763,-812
ISNE,"10/1/2019 10 p.m. EDT",13609,13560,12959,-650
ISNE,"10/1/2019 11 p.m. EDT",12644,12330,11823,-821
ISNE,"10/2/2019 12 a.m. EDT",11798,11310,10940,-858
ISNE,"10/2/2019 1 a.m. EDT",10806,10680,9959,-847
ISNE,"10/2/2019 2 a.m. EDT",10852,10300,9782,-1070
ISNE,"10/2/2019 3 a.m. EDT",10669,10110,9405,-1264
ISNE,"10/2/2019 4 a.m. EDT",10679,10130,9386,-1293
ISNE,"10/2/2019 5 a.m. EDT",10975,10440,9694,-1281
ISNE,"10/2/2019 6 a.m. EDT",11677,11420,10446,-1231
ISNE,"10/2/2019 7 a.m. EDT",13103,13150,11949,-1154
ISNE,"10/2/2019 8 a.m. EDT",14151,14170,12894,-1257
ISNE,"10/2/2019 9 a.m. EDT",14443,14450,13665,-778
ISNE,"10/2/2019 10 a.m. EDT",14884,14890,14185,-699
ISNE,"10/2/2019 11 a.m. EDT",15335,15320,14665,-670
ISNE,"10/2/2019 12 p.m. EDT",15510,15520,14891,-619
ISNE,"10/2/2019 1 p.m. EDT",15483,15480,14979,-504
ISNE,"10/2/2019 2 p.m. EDT",15691,15680,15718,27
ISNE,"10/2/2019 3 p.m. EDT",15950,15950,16111,161
ISNE,"10/2/2019 4 p.m. EDT",15825,15880,15662,-163
ISNE,"10/2/2019 5 p.m. EDT",15826,15900,15519,-307
ISNE,"10/2/2019 6 p.m. EDT",15877,15710,15416,-461
ISNE,"10/2/2019 7 p.m. EDT",15860,15520,15151,-709
ISNE,"10/2/2019 8 p.m. EDT",15552,15120,14663,-889
ISNE,"10/2/2019 9 p.m. EDT",14725,14230,13752,-973
ISNE,"10/2/2019 10 p.m. EDT",13581,13060,12585,-996
ISNE,"10/2/2019 11 p.m. EDT",12182,11760,11143,-1039
ISNE,"10/3/2019 12 a.m. EDT",10953,10540,9851,-1102
ISNE,"10/3/2019 1 a.m. EDT",10397,10080,9272,-1125
ISNE,"10/3/2019 2 a.m. EDT",10312,9630,9310,-1002
ISNE,"10/3/2019 3 a.m. EDT",10195,9440,8946,-1249
ISNE,"10/3/2019 4 a.m. EDT",10109,9390,8779,-1330
ISNE,"10/3/2019 5 a.m. EDT",10258,9690,8856,-1402
ISNE,"10/3/2019 6 a.m. EDT",10936,10610,9607,-1329
ISNE,"10/3/2019 7 a.m. EDT",11949,12280,10858,-1091
ISNE,"10/3/2019 8 a.m. EDT",12834,13110,11779,-1055
ISNE,"10/3/2019 9 a.m. EDT",12966,12980,12078,-888
ISNE,"10/3/2019 10 a.m. EDT",12862,12880,11972,-890
ISNE,"10/3/2019 11 a.m. EDT",12805,12870,12076,-729
ISNE,"10/3/2019 12 p.m. EDT",12827,12930,12114,-713
ISNE,"10/3/2019 1 p.m. EDT",12930,12990,12222,-708
ISNE,"10/3/2019 2 p.m. EDT",12985,13200,12407,-578
ISNE,"10/3/2019 3 p.m. EDT",12932,13140,12166,-766
ISNE,"10/3/2019 4 p.m. EDT",12938,13260,12404,-534
ISNE,"10/3/2019 5 p.m. EDT",13161,13550,12636,-525
ISNE,"10/3/2019 6 p.m. EDT",13681,13990,12944,-737
ISNE,"10/3/2019 7 p.m. EDT",14183,14550,13358,-825
ISNE,"10/3/2019 8 p.m. EDT",14108,14410,13316,-792
ISNE,"10/3/2019 9 p.m. EDT",13547,13750,12712,-835
ISNE,"10/3/2019 10 p.m. EDT",12661,12860,11664,-997
ISNE,"10/3/2019 11 p.m. EDT",11515,11700,10474,-1041
ISNE,"10/4/2019 12 a.m. EDT",10505,10680,9570,-935
ISNE,"10/4/2019 1 a.m. EDT",9825,9820,8868,-957
ISNE,"10/4/2019 2 a.m. EDT",9697,9410,8738,-959
ISNE,"10/4/2019 3 a.m. EDT",9747,9190,8763,-984
ISNE,"10/4/2019 4 a.m. EDT",9728,9150,8781,-947
ISNE,"10/4/2019 5 a.m. EDT",9964,9400,9015,-949
ISNE,"10/4/2019 6 a.m. EDT",10788,10270,9941,-847
ISNE,"10/4/2019 7 a.m. EDT",11902,11840,11134,-768
ISNE,"10/4/2019 8 a.m. EDT",12745,12690,11794,-951
ISNE,"10/4/2019 9 a.m. EDT",12720,12580,11641,-1079
ISNE,"10/4/2019 10 a.m. EDT",12532,12520,11537,-995
ISNE,"10/4/2019 11 a.m. EDT",12489,12250,11690,-799
ISNE,"10/4/2019 12 p.m. EDT",12425,11970,11634,-791
ISNE,"10/4/2019 1 p.m. EDT",12316,11730,11533,-783
ISNE,"10/4/2019 2 p.m. EDT",12195,11680,11565,-630
ISNE,"10/4/2019 3 p.m. EDT",11882,11600,11227,-655
ISNE,"10/4/2019 4 p.m. EDT",11769,11770,11052,-717
ISNE,"10/4/2019 5 p.m. EDT",12270,12250,11417,-853
ISNE,"10/4/2019 6 p.m. EDT",13004,12930,11929,-1075
ISNE,"10/4/2019 7 p.m. EDT",13532,13550,12335,-1197
ISNE,"10/4/2019 8 p.m. EDT",13587,13580,12464,-1123
ISNE,"10/4/2019 9 p.m. EDT",13076,13020,12177,-899
ISNE,"10/4/2019 10 p.m. EDT",12384,12330,11440,-944
ISNE,"10/4/2019 11 p.m. EDT",11450,11430,10617,-833
ISNE,"10/5/2019 12 a.m. EDT",10748,10490,9591,-1157
ISNE,"10/5/2019 1 a.m. EDT",9884,9890,8765,-1119
ISNE,"10/5/2019 2 a.m. EDT",9441,9470,8457,-984
ISNE,"10/5/2019 3 a.m. EDT",9516,9280,8420,-1096
ISNE,"10/5/2019 4 a.m. EDT",9469,9220,8360,-1109
ISNE,"10/5/2019 5 a.m. EDT",9569,9340,8439,-1130
ISNE,"10/5/2019 6 a.m. EDT",9965,9730,8824,-1141
ISNE,"10/5/2019 7 a.m. EDT",10373,10370,9313,-1060
ISNE,"10/5/2019 8 a.m. EDT",11044,10910,9769,-1275
ISNE,"10/5/2019 9 a.m. EDT",11206,11220,9944,-1262
ISNE,"10/5/2019 10 a.m. EDT",10835,10820,9612,-1223
ISNE,"10/5/2019 11 a.m. EDT",10553,10300,9552,-1001
ISNE,"10/5/2019 12 p.m. EDT",10320,9930,9515,-805
ISNE,"10/5/2019 1 p.m. EDT",10034,9700,9264,-770
ISNE,"10/5/2019 2 p.m. EDT",10055,9550,9266,-789
ISNE,"10/5/2019 3 p.m. EDT",10191,9610,9616,-575
ISNE,"10/5/2019 4 p.m. EDT",10503,10070,9880,-623
ISNE,"10/5/2019 5 p.m. EDT",11147,10840,10395,-752
ISNE,"10/5/2019 6 p.m. EDT",12090,11860,11044,-1046
ISNE,"10/5/2019 7 p.m. EDT",12630,12560,11435,-1195
ISNE,"10/5/2019 8 p.m. EDT",12789,12770,11690,-1099
ISNE,"10/5/2019 9 p.m. EDT",12377,12370,11060,-1317
ISNE,"10/5/2019 10 p.m. EDT",11808,11810,10336,-1472
ISNE,"10/5/2019 11 p.m. EDT",11057,11080,9739,-1318
ISNE,"10/6/2019 12 a.m. EDT",10268,10290,8694,-1574
ISNE,"10/6/2019 1 a.m. EDT",9667,9570,8493,-1174
ISNE,"10/6/2019 2 a.m. EDT",9301,9220,8164,-1137
ISNE,"10/6/2019 3 a.m. EDT",9346,9020,8209,-1137
ISNE,"10/6/2019 4 a.m. EDT",9271,8930,7942,-1329
ISNE,"10/6/2019 5 a.m. EDT",9439,8990,8012,-1427
ISNE,"10/6/2019 6 a.m. EDT",9775,9210,8287,-1488
ISNE,"10/6/2019 7 a.m. EDT",10107,9620,8420,-1687
ISNE,"10/6/2019 8 a.m. EDT",10648,10110,9366,-1282
ISNE,"10/6/2019 9 a.m. EDT",11075,10810,9950,-1125
ISNE,"10/6/2019 10 a.m. EDT",11042,11020,9843,-1199
ISNE,"10/6/2019 11 a.m. EDT",11379,11230,9991,-1388
ISNE,"10/6/2019 12 p.m. EDT",11871,11470,10775,-1096
ISNE,"10/6/2019 1 p.m. EDT",11990,11650,10950,-1040
ISNE,"10/6/2019 2 p.m. EDT",12183,11780,11143,-1040
ISNE,"10/6/2019 3 p.m. EDT",12250,11800,11116,-1134
ISNE,"10/6/2019 4 p.m. EDT",12425,11900,10971,-1454
ISNE,"10/6/2019 5 p.m. EDT",12835,12270,11026,-1809
ISNE,"10/6/2019 6 p.m. EDT",13324,12920,11375,-1949
ISNE,"10/6/2019 7 p.m. EDT",13755,13520,11698,-2057
ISNE,"10/6/2019 8 p.m. EDT",13673,13350,11709,-1964
ISNE,"10/6/2019 9 p.m. EDT",13091,12770,11290,-1801
ISNE,"10/6/2019 10 p.m. EDT",12194,11960,10792,-1402
ISNE,"10/6/2019 11 p.m. EDT",11265,10950,9805,-1460
ISNE,"10/7/2019 12 a.m. EDT",10538,10090,9093,-1445
ISNE,"10/7/2019 1 a.m. EDT",9996,9670,8526,-1470
ISNE,"10/7/2019 2 a.m. EDT",9872,9360,8598,-1274
ISNE,"10/7/2019 3 a.m. EDT",9730,9210,8411,-1319
ISNE,"10/7/2019 4 a.m. EDT",9745,9240,8519,-1226
ISNE,"10/7/2019 5 a.m. EDT",9811,9540,8664,-1147
ISNE,"10/7/2019 6 a.m. EDT",10622,10530,9380,-1242
ISNE,"10/7/2019 7 a.m. EDT",12160,12370,10900,-1260
ISNE,"10/7/2019 8 a.m. EDT",13230,13420,11846,-1384
ISNE,"10/7/2019 9 a.m. EDT",13473,13680,11914,-1559
ISNE,"10/7/2019 10 a.m. EDT",13561,13600,12242,-1319
ISNE,"10/7/2019 11 a.m. EDT",13604,13830,12683,-921
ISNE,"10/7/2019 12 p.m. EDT",13655,14040,12589,-1066
ISNE,"10/7/2019 1 p.m. EDT",13694,14140,12725,-969
ISNE,"10/7/2019 2 p.m. EDT",13927,14210,12999,-928
ISNE,"10/7/2019 3 p.m. EDT",13997,14250,13024,-973
ISNE,"10/7/2019 4 p.m. EDT",14173,14360,12942,-1231
ISNE,"10/7/2019 5 p.m. EDT",14499,14580,12990,-1509
ISNE,"10/7/2019 6 p.m. EDT",14928,15000,13419,-1509
ISNE,"10/7/2019 7 p.m. EDT",15311,15430,13649,-1662
ISNE,"10/7/2019 8 p.m. EDT",15081,15320,13521,-1560
ISNE,"10/7/2019 9 p.m. EDT",14280,14330,12719,-1561
ISNE,"10/7/2019 10 p.m. EDT",13192,13060,11389,-1803
ISNE,"10/7/2019 11 p.m. EDT",11941,11820,10309,-1632
ISNE,"10/8/2019 12 a.m. EDT",11004,10710,9285,-1719
ISNE,"10/8/2019 1 a.m. EDT",10636,10090,8979,-1657
ISNE,"10/8/2019 2 a.m. EDT",10067,9690,8738,-1329
ISNE,"10/8/2019 3 a.m. EDT",10111,9430,8526,-1585
ISNE,"10/8/2019 4 a.m. EDT",10112,9360,8410,-1702
ISNE,"10/8/2019 5 a.m. EDT",10325,9530,8663,-1662
ISNE,"10/8/2019 6 a.m. EDT",10578,10450,8737,-1841
ISNE,"10/8/2019 7 a.m. EDT",11999,12130,10115,-1884
ISNE,"10/8/2019 8 a.m. EDT",13006,13080,11066,-1940
ISNE,"10/8/2019 9 a.m. EDT",13230,13060,11353,-1877
ISNE,"10/8/2019 10 a.m. EDT",13158,13130,11388,-1770
ISNE,"10/8/2019 11 a.m. EDT",13070,13000,11362,-1708
ISNE,"10/8/2019 12 p.m. EDT",12987,12850,11357,-1630
ISNE,"10/8/2019 1 p.m. EDT",12758,12780,11378,-1380
ISNE,"10/8/2019 2 p.m. EDT",12678,12870,11146,-1532
ISNE,"10/8/2019 3 p.m. EDT",12712,13000,11255,-1457
ISNE,"10/8/2019 4 p.m. EDT",12872,13240,11367,-1505
ISNE,"10/8/2019 5 p.m. EDT",13214,13510,11697,-1517
ISNE,"10/8/2019 6 p.m. EDT",13705,14090,12109,-1596
ISNE,"10/8/2019 7 p.m. EDT",14275,14690,12439,-1836
ISNE,"10/8/2019 8 p.m. EDT",14194,14610,12400,-1794
ISNE,"10/8/2019 9 p.m. EDT",13523,13870,11813,-1710
ISNE,"10/8/2019 10 p.m. EDT",12590,12880,10900,-1690
ISNE,"10/8/2019 11 p.m. EDT",11450,11640,9569,-1881
ISNE,"10/9/2019 12 a.m. EDT",10689,10600,8796,-1893
ISNE,"10/9/2019 1 a.m. EDT",10023,9810,8123,-1900
ISNE,"10/9/2019 2 a.m. EDT",9880,9380,7990,-1890
ISNE,"10/9/2019 3 a.m. EDT",9671,9210,7902,-1769
ISNE,"10/9/2019 4 a.m. EDT",9635,9120,7800,-1835
ISNE,"10/9/2019 5 a.m. EDT",9912,9440,8087,-1825
ISNE,"10/9/2019 6 a.m. EDT",10333,10370,8835,-1498
ISNE,"10/9/2019 7 a.m. EDT",11853,12050,10329,-1524
ISNE,"10/9/2019 8 a.m. EDT",12820,12910,11106,-1714
ISNE,"10/9/2019 9 a.m. EDT",13059,12920,11279,-1780
ISNE,"10/9/2019 10 a.m. EDT",13126,13000,11325,-1801
ISNE,"10/9/2019 11 a.m. EDT",13266,12980,11777,-1489
ISNE,"10/9/2019 12 p.m. EDT",13357,12930,11643,-1714
ISNE,"10/9/2019 1 p.m. EDT",13366,12910,11918,-1448
ISNE,"10/9/2019 2 p.m. EDT",13381,12980,11952,-1429
ISNE,"10/9/2019 3 p.m. EDT",13329,12970,11738,-1591
ISNE,"10/9/2019 4 p.m. EDT",13353,13050,11846,-1507
ISNE,"10/9/2019 5 p.m. EDT",13652,13500,12207,-1445
ISNE,"10/9/2019 6 p.m. EDT",14099,14040,12434,-1665
ISNE,"10/9/2019 7 p.m. EDT",14544,14550,12989,-1555
ISNE,"10/9/2019 8 p.m. EDT",14345,14410,12770,-1575
ISNE,"10/9/2019 9 p.m. EDT",13702,13680,12298,-1404
ISNE,"10/9/2019 10 p.m. EDT",12775,12730,11206,-1569
ISNE,"10/9/2019 11 p.m. EDT",11573,11560,10057,-1516
ISNE,"10/10/2019 12 a.m. EDT",10532,10550,8929,-1603
ISNE,"10/10/2019 1 a.m. EDT",9980,9840,8613,-1367
ISNE,"10/10/2019 2 a.m. EDT",9867,9450,8491,-1376
ISNE,"10/10/2019 3 a.m. EDT",10005,9270,8516,-1489
ISNE,"10/10/2019 4 a.m. EDT",10030,9260,8501,-1529
ISNE,"10/10/2019 5 a.m. EDT",10113,9530,8741,-1372
ISNE,"10/10/2019 6 a.m. EDT",10575,10460,9252,-1323
ISNE,"10/10/2019 7 a.m. EDT",12088,12130,10614,-1474
ISNE,"10/10/2019 8 a.m. EDT",13059,13060,11648,-1411
ISNE,"10/10/2019 9 a.m. EDT",13181,13180,11835,-1346
ISNE,"10/10/2019 10 a.m. EDT",13095,13090,11782,-1313
ISNE,"10/10/2019 11 a.m. EDT",12981,13190,11504,-1477
ISNE,"10/10/2019 12 p.m. EDT",12857,13280,11357,-1500
ISNE,"10/10/2019 1 p.m. EDT",12759,13330,11135,-1624
ISNE,"10/10/2019 2 p.m. EDT",12821,13430,11193,-1628
ISNE,"10/10/2019 3 p.m. EDT",12854,13470,11174,-1680
ISNE,"10/10/2019 4 p.m. EDT",13016,13500,11450,-1566
ISNE,"10/10/2019 5 p.m. EDT",13345,13740,11812,-1533
ISNE,"10/10/2019 6 p.m. EDT",13835,14150,12341,-1494
ISNE,"10/10/2019 7 p.m. EDT",14371,14590,12717,-1654
ISNE,"10/10/2019 8 p.m. EDT",14300,14420,12663,-1637
ISNE,"10/10/2019 9 p.m. EDT",13684,13700,12075,-1609
ISNE,"10/10/2019 10 p.m. EDT",12773,12770,11093,-1680
ISNE,"10/10/2019 11 p.m. EDT",11708,11690,9990,-1718
ISNE,"10/11/2019 12 a.m. EDT",10717,10680,8961,-1756
ISNE,"10/11/2019 1 a.m. EDT",10171,9820,8299,-1872
ISNE,"10/11/2019 2 a.m. EDT",9870,9420,7889,-1981
ISNE,"10/11/2019 3 a.m. EDT",10075,9200,8155,-1920
ISNE,"10/11/2019 4 a.m. EDT",10034,9120,8131,-1903
ISNE,"10/11/2019 5 a.m. EDT",10297,9450,8315,-1982
ISNE,"10/11/2019 6 a.m. EDT",10700,10310,8880,-1820
ISNE,"10/11/2019 7 a.m. EDT",11924,11900,10366,-1558
ISNE,"10/11/2019 8 a.m. EDT",12913,12780,11498,-1415
ISNE,"10/11/2019 9 a.m. EDT",13156,13040,11701,-1455
ISNE,"10/11/2019 10 a.m. EDT",13084,13070,11572,-1512
ISNE,"10/11/2019 11 a.m. EDT",12970,12860,11538,-1432
ISNE,"10/11/2019 12 p.m. EDT",12970,12890,11787,-1183
ISNE,"10/11/2019 1 p.m. EDT",13221,12860,11859,-1362
ISNE,"10/11/2019 2 p.m. EDT",12950,12930,11612,-1338
ISNE,"10/11/2019 3 p.m. EDT",12874,12870,11421,-1453
ISNE,"10/11/2019 4 p.m. EDT",12888,12960,11425,-1463
ISNE,"10/11/2019 5 p.m. EDT",13091,13260,11860,-1231
ISNE,"10/11/2019 6 p.m. EDT",13504,13670,11927,-1577
ISNE,"10/11/2019 7 p.m. EDT",13936,13950,12318,-1618
ISNE,"10/11/2019 8 p.m. EDT",13766,13800,12158,-1608
ISNE,"10/11/2019 9 p.m. EDT",13245,13120,11529,-1716
ISNE,"10/11/2019 10 p.m. EDT",12520,12380,10646,-1874
ISNE,"10/11/2019 11 p.m. EDT",11568,11460,9675,-1893
ISNE,"10/12/2019 12 a.m. EDT",10611,10530,8723,-1888
ISNE,"10/12/2019 1 a.m. EDT",9928,9880,7716,-2212
ISNE,"10/12/2019 2 a.m. EDT",9759,9440,7765,-1994
ISNE,"10/12/2019 3 a.m. EDT",9757,9210,7795,-1962
ISNE,"10/12/2019 4 a.m. EDT",9639,9120,7676,-1963
ISNE,"10/12/2019 5 a.m. EDT",9707,9190,7812,-1895
ISNE,"10/12/2019 6 a.m. EDT",9777,9510,8105,-1672
ISNE,"10/12/2019 7 a.m. EDT",10424,10180,9040,-1384
ISNE,"10/12/2019 8 a.m. EDT",11141,10880,9641,-1500
ISNE,"10/12/2019 9 a.m. EDT",11935,11590,10225,-1710
ISNE,"10/12/2019 10 a.m. EDT",11953,11980,10283,-1670
ISNE,"10/12/2019 11 a.m. EDT",12063,11990,10458,-1605
ISNE,"10/12/2019 12 p.m. EDT",11917,11820,10248,-1669
ISNE,"10/12/2019 1 p.m. EDT",11697,11600,10103,-1594
ISNE,"10/12/2019 2 p.m. EDT",11827,11280,10295,-1532
ISNE,"10/12/2019 3 p.m. EDT",11522,11180,10247,-1275
ISNE,"10/12/2019 4 p.m. EDT",11512,11310,10276,-1236
ISNE,"10/12/2019 5 p.m. EDT",11901,11810,10512,-1389
ISNE,"10/12/2019 6 p.m. EDT",12431,12410,10895,-1536
ISNE,"10/12/2019 7 p.m. EDT",12945,13000,11369,-1576
ISNE,"10/12/2019 8 p.m. EDT",12831,12870,11333,-1498
ISNE,"10/12/2019 9 p.m. EDT",12412,12370,10916,-1496
ISNE,"10/12/2019 10 p.m. EDT",11806,11750,10340,-1466
ISNE,"10/12/2019 11 p.m. EDT",11038,10980,9719,-1319
ISNE,"10/13/2019 12 a.m. EDT",10221,10190,8775,-1446
ISNE,"10/13/2019 1 a.m. EDT",9937,9560,8357,-1580
ISNE,"10/13/2019 2 a.m. EDT",10046,9220,8355,-1691
ISNE,"10/13/2019 3 a.m. EDT",9788,8960,8292,-1496
ISNE,"10/13/2019 4 a.m. EDT",9689,8870,8379,-1310
ISNE,"10/13/2019 5 a.m. EDT",9915,8900,8663,-1252
ISNE,"10/13/2019 6 a.m. EDT",10099,9120,8742,-1357
ISNE,"10/13/2019 7 a.m. EDT",10104,9530,8900,-1204
ISNE,"10/13/2019 8 a.m. EDT",10532,10090,9488,-1044
ISNE,"10/13/2019 9 a.m. EDT",10615,10440,9332,-1283
ISNE,"10/13/2019 10 a.m. EDT",10483,10470,9337,-1146
ISNE,"10/13/2019 11 a.m. EDT",10587,10330,9213,-1374
ISNE,"10/13/2019 12 p.m. EDT",10142,10180,9114,-1028
ISNE,"10/13/2019 1 p.m. EDT",10143,10150,9315,-828
ISNE,"10/13/2019 2 p.m. EDT",10152,10220,9262,-890
ISNE,"10/13/2019 3 p.m. EDT",10317,10470,9336,-981
ISNE,"10/13/2019 4 p.m. EDT",10796,10950,9817,-979
ISNE,"10/13/2019 5 p.m. EDT",11386,11650,10348,-1038
ISNE,"10/13/2019 6 p.m. EDT",12241,12590,10560,-1681
ISNE,"10/13/2019 7 p.m. EDT",12964,13250,10879,-2085
ISNE,"10/13/2019 8 p.m. EDT",12883,13170,10788,-2095
ISNE,"10/13/2019 9 p.m. EDT",12365,12690,10404,-1961
ISNE,"10/13/2019 10 p.m. EDT",11744,11820,9648,-2096
ISNE,"10/13/2019 11 p.m. EDT",11059,10850,9076,-1983
ISNE,"10/14/2019 12 a.m. EDT",10270,9940,8315,-1955
ISNE,"10/14/2019 1 a.m. EDT",9713,9410,7962,-1751
ISNE,"10/14/2019 2 a.m. EDT",9338,9040,7702,-1636
ISNE,"10/14/2019 3 a.m. EDT",9368,8890,7869,-1499
ISNE,"10/14/2019 4 a.m. EDT",9439,8900,8064,-1375
ISNE,"10/14/2019 5 a.m. EDT",9692,9170,8250,-1442
ISNE,"10/14/2019 6 a.m. EDT",10109,9950,8534,-1575
ISNE,"10/14/2019 7 a.m. EDT",11231,11220,9507,-1724
ISNE,"10/14/2019 8 a.m. EDT",12193,12330,10443,-1750
ISNE,"10/14/2019 9 a.m. EDT",12427,12310,11036,-1391
ISNE,"10/14/2019 10 a.m. EDT",12355,12110,10996,-1359
ISNE,"10/14/2019 11 a.m. EDT",12264,12050,10853,-1411
ISNE,"10/14/2019 12 p.m. EDT",12104,11910,10720,-1384
ISNE,"10/14/2019 1 p.m. EDT",12066,11860,10775,-1291
ISNE,"10/14/2019 2 p.m. EDT",11992,12090,10654,-1338
ISNE,"10/14/2019 3 p.m. EDT",11996,12240,10843,-1153
ISNE,"10/14/2019 4 p.m. EDT",12372,12550,11341,-1031
ISNE,"10/14/2019 5 p.m. EDT",13026,13140,11753,-1273
ISNE,"10/14/2019 6 p.m. EDT",13851,13910,12514,-1337
ISNE,"10/14/2019 7 p.m. EDT",14408,14500,12605,-1803
ISNE,"10/14/2019 8 p.m. EDT",14206,14330,12651,-1555
ISNE,"10/14/2019 9 p.m. EDT",13527,13620,11800,-1727
ISNE,"10/14/2019 10 p.m. EDT",12532,12630,10648,-1884
ISNE,"10/14/2019 11 p.m. EDT",11341,11430,9496,-1845
ISNE,"10/15/2019 12 a.m. EDT",10330,10400,8288,-2042
ISNE,"10/15/2019 1 a.m. EDT",9624,9670,7471,-2153
ISNE,"10/15/2019 2 a.m. EDT",9480,9290,7449,-2031
ISNE,"10/15/2019 3 a.m. EDT",9328,9090,7156,-2172
ISNE,"10/15/2019 4 a.m. EDT",9290,9080,7197,-2093
ISNE,"10/15/2019 5 a.m. EDT",9584,9390,7661,-1923
ISNE,"10/15/2019 6 a.m. EDT",10227,10340,8404,-1823
ISNE,"10/15/2019 7 a.m. EDT",11929,12020,9981,-1948
ISNE,"10/15/2019 8 a.m. EDT",12820,12780,10935,-1885
ISNE,"10/15/2019 9 a.m. EDT",12549,12390,10756,-1793
ISNE,"10/15/2019 10 a.m. EDT",11951,11830,10289,-1662
ISNE,"10/15/2019 11 a.m. EDT",11453,11510,10077,-1376
ISNE,"10/15/2019 12 p.m. EDT",11288,11330,9673,-1615
ISNE,"10/15/2019 1 p.m. EDT",11156,11190,9541,-1615
ISNE,"10/15/2019 2 p.m. EDT",11233,11300,9509,-1724
ISNE,"10/15/2019 3 p.m. EDT",11398,11450,9731,-1667
ISNE,"10/15/2019 4 p.m. EDT",11795,11850,9975,-1820
ISNE,"10/15/2019 5 p.m. EDT",12502,12620,10638,-1864
ISNE,"10/15/2019 6 p.m. EDT",13447,13520,11602,-1845
ISNE,"10/15/2019 7 p.m. EDT",14234,14210,12123,-2111
ISNE,"10/15/2019 8 p.m. EDT",14162,14240,12247,-1915
ISNE,"10/15/2019 9 p.m. EDT",13512,13610,11529,-1983
ISNE,"10/15/2019 10 p.m. EDT",12573,12650,10689,-1884
ISNE,"10/15/2019 11 p.m. EDT",11413,11490,9134,-2279
ISNE,"10/16/2019 12 a.m. EDT",10504,10480,7874,-2630
ISNE,"10/16/2019 1 a.m. EDT",10111,9810,7884,-2227
ISNE,"10/16/2019 2 a.m. EDT",10020,9440,8022,-1998
ISNE,"10/16/2019 3 a.m. EDT",9854,9270,7874,-1980
ISNE,"10/16/2019 4 a.m. EDT",9855,9280,7950,-1905
ISNE,"10/16/2019 5 a.m. EDT",10164,9610,8171,-1993
ISNE,"10/16/2019 6 a.m. EDT",10754,10600,8861,-1893
ISNE,"10/16/2019 7 a.m. EDT",12342,12320,10331,-2011
ISNE,"10/16/2019 8 a.m. EDT",13238,13120,11183,-2055
ISNE,"10/16/2019 9 a.m. EDT",12942,12840,10926,-2016
ISNE,"10/16/2019 10 a.m. EDT",12424,12410,10458,-1966
ISNE,"10/16/2019 11 a.m. EDT",12161,12160,10453,-1708
ISNE,"10/16/2019 12 p.m. EDT",12296,12030,10827,-1469
ISNE,"10/16/2019 1 p.m. EDT",12485,11980,11281,-1204
ISNE,"10/16/2019 2 p.m. EDT",12635,12110,11308,-1327
ISNE,"10/16/2019 3 p.m. EDT",12922,12250,11540,-1382
ISNE,"10/16/2019 4 p.m. EDT",13213,13080,11713,-1500
ISNE,"10/16/2019 5 p.m. EDT",13667,13450,12021,-1646
ISNE,"10/16/2019 6 p.m. EDT",14284,13990,12424,-1860
ISNE,"10/16/2019 7 p.m. EDT",14736,14490,12800,-1936
ISNE,"10/16/2019 8 p.m. EDT",14427,14220,12565,-1862
ISNE,"10/16/2019 9 p.m. EDT",13772,13590,12041,-1731
ISNE,"10/16/2019 10 p.m. EDT",12807,12660,11007,-1800
ISNE,"10/16/2019 11 p.m. EDT",11631,11490,9653,-1978
ISNE,"10/17/2019 12 a.m. EDT",10574,10420,8691,-1883
ISNE,"10/17/2019 1 a.m. EDT",9948,9750,8005,-1943
ISNE,"10/17/2019 2 a.m. EDT",9705,9340,7776,-1929
ISNE,"10/17/2019 3 a.m. EDT",9660,9130,7664,-1996
ISNE,"10/17/2019 4 a.m. EDT",9684,9040,7702,-1982
ISNE,"10/17/2019 5 a.m. EDT",10008,9230,7961,-2047
ISNE,"10/17/2019 6 a.m. EDT",10280,10210,8251,-2029
ISNE,"10/17/2019 7 a.m. EDT",11672,11890,9581,-2091
ISNE,"10/17/2019 8 a.m. EDT",12302,12820,10290,-2012
ISNE,"10/17/2019 9 a.m. EDT",12512,12900,10771,-1741
ISNE,"10/17/2019 10 a.m. EDT",12453,12450,10876,-1577
ISNE,"10/17/2019 11 a.m. EDT",12432,12600,10939,-1493
ISNE,"10/17/2019 12 p.m. EDT",12623,12710,11180,-1443
ISNE,"10/17/2019 1 p.m. EDT",12696,12690,11142,-1554
ISNE,"10/17/2019 2 p.m. EDT",12807,12650,11189,-1618
ISNE,"10/17/2019 3 p.m. EDT",12828,12560,11313,-1515
ISNE,"10/17/2019 4 p.m. EDT",12848,13000,11296,-1552
ISNE,"10/17/2019 5 p.m. EDT",13101,13400,11373,-1728
ISNE,"10/17/2019 6 p.m. EDT",13628,14060,11619,-2009
ISNE,"10/17/2019 7 p.m. EDT",14178,14590,12088,-2090
ISNE,"10/17/2019 8 p.m. EDT",14000,14290,12215,-1785
ISNE,"10/17/2019 9 p.m. EDT",13434,13640,11571,-1863
ISNE,"10/17/2019 10 p.m. EDT",12532,12780,10594,-1938
ISNE,"10/17/2019 11 p.m. EDT",11664,11660,9274,-2390
ISNE,"10/18/2019 12 a.m. EDT",10708,10620,8292,-2416
ISNE,"10/18/2019 1 a.m. EDT",10084,9980,7573,-2511
ISNE,"10/18/2019 2 a.m. EDT",9928,9570,7710,-2218
ISNE,"10/18/2019 3 a.m. EDT",9853,9370,7669,-2184
ISNE,"10/18/2019 4 a.m. EDT",9978,9320,7868,-2110
ISNE,"10/18/2019 5 a.m. EDT",10218,9590,8092,-2126
ISNE,"10/18/2019 6 a.m. EDT",10355,10510,8689,-1666
ISNE,"10/18/2019 7 a.m. EDT",11924,12220,9979,-1945
ISNE,"10/18/2019 8 a.m. EDT",12890,13140,11112,-1778
ISNE,"10/18/2019 9 a.m. EDT",12957,12930,11198,-1759
ISNE,"10/18/2019 10 a.m. EDT",12834,12800,11051,-1783
ISNE,"10/18/2019 11 a.m. EDT",12623,12690,11234,-1389
ISNE,"10/18/2019 12 p.m. EDT",12347,12560,10934,-1413
ISNE,"10/18/2019 1 p.m. EDT",12044,12400,10572,-1472
ISNE,"10/18/2019 2 p.m. EDT",11937,12340,10529,-1408
ISNE,"10/18/2019 3 p.m. EDT",11907,12350,10672,-1235
ISNE,"10/18/2019 4 p.m. EDT",12079,12590,10779,-1300
ISNE,"10/18/2019 5 p.m. EDT",12558,13010,10801,-1757
ISNE,"10/18/2019 6 p.m. EDT",13184,13640,11498,-1686
ISNE,"10/18/2019 7 p.m. EDT",13767,13920,12134,-1633
ISNE,"10/18/2019 8 p.m. EDT",13573,13900,11820,-1753
ISNE,"10/18/2019 9 p.m. EDT",13060,13430,11395,-1665
ISNE,"10/18/2019 10 p.m. EDT",12394,12730,10733,-1661
ISNE,"10/18/2019 11 p.m. EDT",11463,11750,9682,-1781
ISNE,"10/19/2019 12 a.m. EDT",10534,10760,8709,-1825
ISNE,"10/19/2019 1 a.m. EDT",10034,9930,8410,-1624
ISNE,"10/19/2019 2 a.m. EDT",9782,9510,8511,-1271
ISNE,"10/19/2019 3 a.m. EDT",9568,9300,8236,-1332
ISNE,"10/19/2019 4 a.m. EDT",9914,9250,8249,-1665
ISNE,"10/19/2019 5 a.m. EDT",10142,9350,8689,-1453
ISNE,"10/19/2019 6 a.m. EDT",10085,9750,8816,-1269
ISNE,"10/19/2019 7 a.m. EDT",10536,10420,9364,-1172
ISNE,"10/19/2019 8 a.m. EDT",11249,11070,10321,-928
ISNE,"10/19/2019 9 a.m. EDT",11458,11200,10273,-1185
ISNE,"10/19/2019 10 a.m. EDT",11085,11050,9798,-1287
ISNE,"10/19/2019 11 a.m. EDT",10621,10600,9648,-973
ISNE,"10/19/2019 12 p.m. EDT",10632,10240,9506,-1126
ISNE,"10/19/2019 1 p.m. EDT",10602,9900,9620,-982
ISNE,"10/19/2019 2 p.m. EDT",10590,9760,9508,-1082
ISNE,"10/19/2019 3 p.m. EDT",10659,9810,9482,-1177
ISNE,"10/19/2019 4 p.m. EDT",10803,10310,9636,-1167
ISNE,"10/19/2019 5 p.m. EDT",11144,11100,9957,-1187
ISNE,"10/19/2019 6 p.m. EDT",12105,12070,10694,-1411
ISNE,"10/19/2019 7 p.m. EDT",12822,12830,11324,-1498
ISNE,"10/19/2019 8 p.m. EDT",12712,12760,11321,-1391
ISNE,"10/19/2019 9 p.m. EDT",12310,12350,10726,-1584
ISNE,"10/19/2019 10 p.m. EDT",11771,11770,10168,-1603
ISNE,"10/19/2019 11 p.m. EDT",11045,11090,9505,-1540
ISNE,"10/20/2019 12 a.m. EDT",10456,10330,8649,-1807
ISNE,"10/20/2019 1 a.m. EDT",10189,9710,8115,-2074
ISNE,"10/20/2019 2 a.m. EDT",10312,9320,8261,-2051
ISNE,"10/20/2019 3 a.m. EDT",10225,9140,8491,-1734
ISNE,"10/20/2019 4 a.m. EDT",10158,9060,8286,-1872
ISNE,"10/20/2019 5 a.m. EDT",10241,9150,8203,-2038
ISNE,"10/20/2019 6 a.m. EDT",10287,9410,8259,-2028
ISNE,"10/20/2019 7 a.m. EDT",10509,9950,8673,-1836
ISNE,"10/20/2019 8 a.m. EDT",10949,10440,9032,-1917
ISNE,"10/20/2019 9 a.m. EDT",11304,10880,9393,-1911
ISNE,"10/20/2019 10 a.m. EDT",11330,10940,10024,-1306
ISNE,"10/20/2019 11 a.m. EDT",11074,10970,9958,-1116
ISNE,"10/20/2019 12 p.m. EDT",10972,10910,9906,-1066
ISNE,"10/20/2019 1 p.m. EDT",10884,10960,10019,-865
ISNE,"10/20/2019 2 p.m. EDT",11185,11060,10161,-1024
ISNE,"10/20/2019 3 p.m. EDT",11495,11220,10424,-1071
ISNE,"10/20/2019 4 p.m. EDT",11857,11510,10397,-1460
ISNE,"10/20/2019 5 p.m. EDT",12435,12070,10775,-1660
ISNE,"10/20/2019 6 p.m. EDT",13163,12900,11311,-1852
ISNE,"10/20/2019 7 p.m. EDT",13745,13520,11820,-1925
ISNE,"10/20/2019 8 p.m. EDT",13446,13310,11573,-1873
ISNE,"10/20/2019 9 p.m. EDT",12822,12770,10915,-1907
ISNE,"10/20/2019 10 p.m. EDT",11946,11930,10249,-1697
ISNE,"10/20/2019 11 p.m. EDT",11152,10950,9168,-1984
ISNE,"10/21/2019 12 a.m. EDT",10218,10080,8339,-1879
ISNE,"10/21/2019 1 a.m. EDT",9377,9370,7418,-1959
ISNE,"10/21/2019 2 a.m. EDT",9630,9060,7676,-1954
ISNE,"10/21/2019 3 a.m. EDT",9732,8930,7761,-1971
ISNE,"10/21/2019 4 a.m. EDT",9727,8950,7780,-1947
ISNE,"10/21/2019 5 a.m. EDT",9816,9280,7919,-1897
ISNE,"10/21/2019 6 a.m. EDT",10284,10270,8567,-1717
ISNE,"10/21/2019 7 a.m. EDT",12010,12030,10666,-1344
ISNE,"10/21/2019 8 a.m. EDT",13007,13020,11507,-1500
ISNE,"10/21/2019 9 a.m. EDT",13003,12980,11464,-1539
ISNE,"10/21/2019 10 a.m. EDT",12586,12550,11129,-1457
ISNE,"10/21/2019 11 a.m. EDT",12029,12100,10476,-1553
ISNE,"10/21/2019 12 p.m. EDT",11655,11850,10436,-1219
ISNE,"10/21/2019 1 p.m. EDT",11446,11670,10543,-903
ISNE,"10/21/2019 2 p.m. EDT",11433,11710,10572,-861
ISNE,"10/21/2019 3 p.m. EDT",11520,11830,10112,-1408
ISNE,"10/21/2019 4 p.m. EDT",11947,12240,10267,-1680
ISNE,"10/21/2019 5 p.m. EDT",12714,12970,10667,-2047
ISNE,"10/21/2019 6 p.m. EDT",13593,13860,11316,-2277
ISNE,"10/21/2019 7 p.m. EDT",14332,14580,12102,-2230
ISNE,"10/21/2019 8 p.m. EDT",14105,14400,11991,-2114
ISNE,"10/21/2019 9 p.m. EDT",13452,13660,11035,-2417
ISNE,"10/21/2019 10 p.m. EDT",12492,12660,10356,-2136
ISNE,"10/21/2019 11 p.m. EDT",11664,11480,9338,-2326
ISNE,"10/22/2019 12 a.m. EDT",10920,10430,8493,-2427
ISNE,"10/22/2019 1 a.m. EDT",10205,9670,7475,-2730
ISNE,"10/22/2019 2 a.m. EDT",9932,9310,7302,-2630
ISNE,"10/22/2019 3 a.m. EDT",9911,9140,7376,-2535
ISNE,"10/22/2019 4 a.m. EDT",9905,9140,7460,-2445
ISNE,"10/22/2019 5 a.m. EDT",10197,9440,7705,-2492
ISNE,"10/22/2019 6 a.m. EDT",11143,10400,8499,-2644
ISNE,"10/22/2019 7 a.m. EDT",12307,12110,9848,-2459
ISNE,"10/22/2019 8 a.m. EDT",13079,13090,10858,-2221
ISNE,"10/22/2019 9 a.m. EDT",13206,13190,11092,-2114
ISNE,"10/22/2019 10 a.m. EDT",13060,13030,11136,-1924
ISNE,"10/22/2019 11 a.m. EDT",12913,12950,11340,-1573
ISNE,"10/22/2019 12 p.m. EDT",13025,12910,11342,-1683
ISNE,"10/22/2019 1 p.m. EDT",13146,12870,11446,-1700
ISNE,"10/22/2019 2 p.m. EDT",13314,12950,11586,-1728
ISNE,"10/22/2019 3 p.m. EDT",13313,13030,11595,-1718
ISNE,"10/22/2019 4 p.m. EDT",13381,13210,11528,-1853
ISNE,"10/22/2019 5 p.m. EDT",13680,13640,11739,-1941
ISNE,"10/22/2019 6 p.m. EDT",14305,14250,11944,-2361
ISNE,"10/22/2019 7 p.m. EDT",14682,14760,12844,-1838
ISNE,"10/22/2019 8 p.m. EDT",14333,14410,12744,-1589
ISNE,"10/22/2019 9 p.m. EDT",13673,13660,11944,-1729
ISNE,"10/22/2019 10 p.m. EDT",12694,12680,10872,-1822
ISNE,"10/22/2019 11 p.m. EDT",11553,11510,9223,-2330
ISNE,"10/23/2019 12 a.m. EDT",10717,10480,8329,-2388
ISNE,"10/23/2019 1 a.m. EDT",10284,9770,7555,-2729
ISNE,"10/23/2019 2 a.m. EDT",9869,9410,7604,-2265
ISNE,"10/23/2019 3 a.m. EDT",9489,9220,7496,-1993
ISNE,"10/23/2019 4 a.m. EDT",9450,9200,7375,-2075
ISNE,"10/23/2019 5 a.m. EDT",9711,9470,7681,-2030
ISNE,"10/23/2019 6 a.m. EDT",10501,10410,8302,-2199
ISNE,"10/23/2019 7 a.m. EDT",12049,12080,9977,-2072
ISNE,"10/23/2019 8 a.m. EDT",13119,13130,10596,-2523
ISNE,"10/23/2019 9 a.m. EDT",13197,13180,10725,-2472
ISNE,"10/23/2019 10 a.m. EDT",12763,12640,10217,-2546
ISNE,"10/23/2019 11 a.m. EDT",12312,12240,9603,-2709
ISNE,"10/23/2019 12 p.m. EDT",12122,11900,9618,-2504
ISNE,"10/23/2019 1 p.m. EDT",11829,11640,9358,-2471
ISNE,"10/23/2019 2 p.m. EDT",11836,11640,9385,-2451
ISNE,"10/23/2019 3 p.m. EDT",12083,11750,9246,-2837
ISNE,"10/23/2019 4 p.m. EDT",12144,12180,9922,-2222
ISNE,"10/23/2019 5 p.m. EDT",12766,12840,9925,-2841
ISNE,"10/23/2019 6 p.m. EDT",13563,13650,10654,-2909
ISNE,"10/23/2019 7 p.m. EDT",14213,14280,11765,-2448
ISNE,"10/23/2019 8 p.m. EDT",14026,14120,11424,-2602
ISNE,"10/23/2019 9 p.m. EDT",13406,13530,10733,-2673
ISNE,"10/23/2019 10 p.m. EDT",12494,12590,9761,-2733
ISNE,"10/23/2019 11 p.m. EDT",11333,11430,8645,-2688
ISNE,"10/24/2019 12 a.m. EDT",10328,10390,8072,-2256
ISNE,"10/24/2019 1 a.m. EDT",10016,9740,7745,-2271
ISNE,"10/24/2019 2 a.m. EDT",9852,9400,7815,-2037
ISNE,"10/24/2019 3 a.m. EDT",9648,9180,7745,-1903
ISNE,"10/24/2019 4 a.m. EDT",9426,9200,7623,-1803
ISNE,"10/24/2019 5 a.m. EDT",9493,9500,7630,-1863
ISNE,"10/24/2019 6 a.m. EDT",10479,10480,8352,-2127
ISNE,"10/24/2019 7 a.m. EDT",12272,12180,9941,-2331
ISNE,"10/24/2019 8 a.m. EDT",13209,12990,10668,-2541
ISNE,"10/24/2019 9 a.m. EDT",12924,12510,10305,-2619
ISNE,"10/24/2019 10 a.m. EDT",12263,11880,9701,-2562
ISNE,"10/24/2019 11 a.m. EDT",11821,11580,9265,-2556
ISNE,"10/24/2019 12 p.m. EDT",11475,11400,9086,-2389
ISNE,"10/24/2019 1 p.m. EDT",11290,11280,9044,-2246
ISNE,"10/24/2019 2 p.m. EDT",11417,11430,9365,-2052
ISNE,"10/24/2019 3 p.m. EDT",11619,11570,9427,-2192
ISNE,"10/24/2019 4 p.m. EDT",12054,11980,9624,-2430
ISNE,"10/24/2019 5 p.m. EDT",12767,12680,10186,-2581
ISNE,"10/24/2019 6 p.m. EDT",13524,13580,10844,-2680
ISNE,"10/24/2019 7 p.m. EDT",14199,14290,11489,-2710
ISNE,"10/24/2019 8 p.m. EDT",13993,14090,11337,-2656
ISNE,"10/24/2019 9 p.m. EDT",13403,13450,10795,-2608
ISNE,"10/24/2019 10 p.m. EDT",12503,12520,9688,-2815
ISNE,"10/24/2019 11 p.m. EDT",11381,11430,8434,-2947
ISNE,"10/25/2019 12 a.m. EDT",10486,10400,7544,-2942
ISNE,"10/25/2019 1 a.m. EDT",10313,9730,7599,-2714
ISNE,"10/25/2019 2 a.m. EDT",10082,9340,7752,-2330
ISNE,"10/25/2019 3 a.m. EDT",9903,9140,7682,-2221
ISNE,"10/25/2019 4 a.m. EDT",9878,9120,7656,-2222
ISNE,"10/25/2019 5 a.m. EDT",10151,9430,7931,-2220
ISNE,"10/25/2019 6 a.m. EDT",10853,10320,8127,-2726
ISNE,"10/25/2019 7 a.m. EDT",11917,11980,9198,-2719
ISNE,"10/25/2019 8 a.m. EDT",12898,12840,10004,-2894
ISNE,"10/25/2019 9 a.m. EDT",12952,12750,10315,-2637
ISNE,"10/25/2019 10 a.m. EDT",12797,12500,10376,-2421
ISNE,"10/25/2019 11 a.m. EDT",12679,12470,10597,-2082
ISNE,"10/25/2019 12 p.m. EDT",12414,12250,10246,-2168
ISNE,"10/25/2019 1 p.m. EDT",12355,12190,10303,-2052
ISNE,"10/25/2019 2 p.m. EDT",12519,12250,10415,-2104
ISNE,"10/25/2019 3 p.m. EDT",12516,12320,10574,-1942
ISNE,"10/25/2019 4 p.m. EDT",12634,12550,10467,-2167
ISNE,"10/25/2019 5 p.m. EDT",12970,12910,10498,-2472
ISNE,"10/25/2019 6 p.m. EDT",13464,13380,10472,-2992
ISNE,"10/25/2019 7 p.m. EDT",13761,13770,11200,-2561
ISNE,"10/25/2019 8 p.m. EDT",13397,13440,10336,-3061
ISNE,"10/25/2019 9 p.m. EDT",12873,12880,10154,-2719
ISNE,"10/25/2019 10 p.m. EDT",12202,12180,9592,-2610
ISNE,"10/25/2019 11 p.m. EDT",11283,11250,8391,-2892
ISNE,"10/26/2019 12 a.m. EDT",10370,10340,7697,-2673
ISNE,"10/26/2019 1 a.m. EDT",9691,9640,6900,-2791
ISNE,"10/26/2019 2 a.m. EDT",9615,9200,6696,-2919
ISNE,"10/26/2019 3 a.m. EDT",9475,8940,6561,-2914
ISNE,"10/26/2019 4 a.m. EDT",9384,8850,6633,-2751
ISNE,"10/26/2019 5 a.m. EDT",9459,8960,6896,-2563
ISNE,"10/26/2019 6 a.m. EDT",9596,9300,6998,-2598
ISNE,"10/26/2019 7 a.m. EDT",10239,10130,7347,-2892
ISNE,"10/26/2019 8 a.m. EDT",10743,10810,7772,-2971
ISNE,"10/26/2019 9 a.m. EDT",11150,11020,8328,-2822
ISNE,"10/26/2019 10 a.m. EDT",10920,10840,8237,-2683
ISNE,"10/26/2019 11 a.m. EDT",10509,10610,7845,-2664
ISNE,"10/26/2019 12 p.m. EDT",10244,10380,7486,-2758
ISNE,"10/26/2019 1 p.m. EDT",10143,10210,7860,-2283
ISNE,"10/26/2019 2 p.m. EDT",10087,10140,7788,-2299
ISNE,"10/26/2019 3 p.m. EDT",10411,10260,7854,-2557
ISNE,"10/26/2019 4 p.m. EDT",10776,10760,8006,-2770
ISNE,"10/26/2019 5 p.m. EDT",11366,11550,8568,-2798
ISNE,"10/26/2019 6 p.m. EDT",12173,12430,9330,-2843
ISNE,"10/26/2019 7 p.m. EDT",12813,13050,9655,-3158
ISNE,"10/26/2019 8 p.m. EDT",12519,12780,9536,-2983
ISNE,"10/26/2019 9 p.m. EDT",12102,12340,9072,-3030
ISNE,"10/26/2019 10 p.m. EDT",11554,11720,8537,-3017
ISNE,"10/26/2019 11 p.m. EDT",10825,10970,8132,-2693
ISNE,"10/27/2019 12 a.m. EDT",10085,10180,7633,-2452
ISNE,"10/27/2019 1 a.m. EDT",9483,9540,7125,-2358
ISNE,"10/27/2019 2 a.m. EDT",9234,9140,6808,-2426
ISNE,"10/27/2019 3 a.m. EDT",9414,8940,6738,-2676
ISNE,"10/27/2019 4 a.m. EDT",9334,8780,6734,-2600
ISNE,"10/27/2019 5 a.m. EDT",9352,8850,6749,-2603
ISNE,"10/27/2019 6 a.m. EDT",9575,9090,6893,-2682
ISNE,"10/27/2019 7 a.m. EDT",10076,9660,7293,-2783
ISNE,"10/27/2019 8 a.m. EDT",10491,10160,7487,-3004
ISNE,"10/27/2019 9 a.m. EDT",11295,10920,8241,-3054
ISNE,"10/27/2019 10 a.m. EDT",11928,11830,9076,-2852
ISNE,"10/27/2019 11 a.m. EDT",12535,12250,9778,-2757
ISNE,"10/27/2019 12 p.m. EDT",12955,12460,10240,-2715
ISNE,"10/27/2019 1 p.m. EDT",13248,13230,10656,-2592
ISNE,"10/27/2019 2 p.m. EDT",13333,13210,10641,-2692
ISNE,"10/27/2019 3 p.m. EDT",13331,13070,10598,-2733
ISNE,"10/27/2019 4 p.m. EDT",13365,12960,10513,-2852
ISNE,"10/27/2019 5 p.m. EDT",13551,13110,10555,-2996
ISNE,"10/27/2019 6 p.m. EDT",13793,13470,10817,-2976
ISNE,"10/27/2019 7 p.m. EDT",14044,13860,11068,-2976
ISNE,"10/27/2019 8 p.m. EDT",13589,13470,10684,-2905
ISNE,"10/27/2019 9 p.m. EDT",13016,12750,10058,-2958
ISNE,"10/27/2019 10 p.m. EDT",12093,11850,9160,-2933
ISNE,"10/27/2019 11 p.m. EDT",11191,10880,8382,-2809
ISNE,"10/28/2019 12 a.m. EDT",10461,9980,7743,-2718
ISNE,"10/28/2019 1 a.m. EDT",10223,9540,7669,-2554
ISNE,"10/28/2019 2 a.m. EDT",10399,9220,7867,-2532
ISNE,"10/28/2019 3 a.m. EDT",10066,9060,8162,-1904
ISNE,"10/28/2019 4 a.m. EDT",10018,9070,8096,-1922
ISNE,"10/28/2019 5 a.m. EDT",10356,9490,8330,-2026
ISNE,"10/28/2019 6 a.m. EDT",11149,10400,9117,-2032
ISNE,"10/28/2019 7 a.m. EDT",11997,12220,9915,-2082
ISNE,"10/28/2019 8 a.m. EDT",13071,13210,11212,-1859
ISNE,"10/28/2019 9 a.m. EDT",13325,13280,11590,-1735
ISNE,"10/28/2019 10 a.m. EDT",13310,13330,11683,-1627
ISNE,"10/28/2019 11 a.m. EDT",13172,13170,11560,-1612
ISNE,"10/28/2019 12 p.m. EDT",12956,13010,11355,-1601
ISNE,"10/28/2019 1 p.m. EDT",12901,12790,11276,-1625
ISNE,"10/28/2019 2 p.m. EDT",12994,12780,11375,-1619
ISNE,"10/28/2019 3 p.m. EDT",12943,12830,11289,-1654
ISNE,"10/28/2019 4 p.m. EDT",13032,13020,11429,-1603
ISNE,"10/28/2019 5 p.m. EDT",13432,13580,11751,-1681
ISNE,"10/28/2019 6 p.m. EDT",14109,14220,12405,-1704
ISNE,"10/28/2019 7 p.m. EDT",14574,14840,12844,-1730
ISNE,"10/28/2019 8 p.m. EDT",14237,14550,12493,-1744
ISNE,"10/28/2019 9 p.m. EDT",13576,13800,11789,-1787
ISNE,"10/28/2019 10 p.m. EDT",12604,12820,10791,-1813
ISNE,"10/28/2019 11 p.m. EDT",11420,11590,8708,-2712
ISNE,"10/29/2019 12 a.m. EDT",10850,10570,7845,-3005
ISNE,"10/29/2019 1 a.m. EDT",10262,9720,7709,-2553
ISNE,"10/29/2019 2 a.m. EDT",10372,9350,7469,-2903
ISNE,"10/29/2019 3 a.m. EDT",10312,9170,7274,-3038
ISNE,"10/29/2019 4 a.m. EDT",10424,9130,7407,-3017
ISNE,"10/29/2019 5 a.m. EDT",10447,9450,7730,-2717
ISNE,"10/29/2019 6 a.m. EDT",10904,10410,8262,-2642
ISNE,"10/29/2019 7 a.m. EDT",12177,12150,9595,-2582
ISNE,"10/29/2019 8 a.m. EDT",13130,13180,10580,-2550
ISNE,"10/29/2019 9 a.m. EDT",13261,13250,10838,-2423
ISNE,"10/29/2019 10 a.m. EDT",13236,13260,10531,-2705
ISNE,"10/29/2019 11 a.m. EDT",13254,13370,10670,-2584
ISNE,"10/29/2019 12 p.m. EDT",13196,13360,10913,-2283
ISNE,"10/29/2019 1 p.m. EDT",13085,13240,10923,-2162
ISNE,"10/29/2019 2 p.m. EDT",13068,13210,10790,-2278
ISNE,"10/29/2019 3 p.m. EDT",12995,13090,10702,-2293
ISNE,"10/29/2019 4 p.m. EDT",13084,13180,10665,-2419
ISNE,"10/29/2019 5 p.m. EDT",13463,13610,10965,-2498
ISNE,"10/29/2019 6 p.m. EDT",14152,14230,11699,-2453
ISNE,"10/29/2019 7 p.m. EDT",14642,14740,12181,-2461
ISNE,"10/29/2019 8 p.m. EDT",14295,14370,11758,-2537
ISNE,"10/29/2019 9 p.m. EDT",13646,13640,10987,-2659
ISNE,"10/29/2019 10 p.m. EDT",12682,12680,10217,-2465
ISNE,"10/29/2019 11 p.m. EDT",11509,11480,8923,-2586
ISNE,"10/30/2019 12 a.m. EDT",10499,10440,7682,-2817
ISNE,"10/30/2019 1 a.m. EDT",10145,9720,7539,-2606
ISNE,"10/30/2019 2 a.m. EDT",10143,9340,7529,-2614
ISNE,"10/30/2019 3 a.m. EDT",9956,9150,7091,-2865
ISNE,"10/30/2019 4 a.m. EDT",10109,9120,7235,-2874
ISNE,"10/30/2019 5 a.m. EDT",10445,9420,7480,-2965
ISNE,"10/30/2019 6 a.m. EDT",11031,10360,8135,-2896
ISNE,"10/30/2019 7 a.m. EDT",12053,12090,9367,-2686
ISNE,"10/30/2019 8 a.m. EDT",13101,13100,10786,-2315
ISNE,"10/30/2019 9 a.m. EDT",13207,13200,10988,-2219
ISNE,"10/30/2019 10 a.m. EDT",13110,13150,10430,-2680
ISNE,"10/30/2019 11 a.m. EDT",13009,13150,10312,-2697
ISNE,"10/30/2019 12 p.m. EDT",12927,13120,10201,-2726
ISNE,"10/30/2019 1 p.m. EDT",12956,13070,10219,-2737
ISNE,"10/30/2019 2 p.m. EDT",13129,13170,10710,-2419
ISNE,"10/30/2019 3 p.m. EDT",13164,13200,10713,-2451
ISNE,"10/30/2019 4 p.m. EDT",13223,13380,10673,-2550
ISNE,"10/30/2019 5 p.m. EDT",13537,13780,10864,-2673
ISNE,"10/30/2019 6 p.m. EDT",14193,14330,11260,-2933
ISNE,"10/30/2019 7 p.m. EDT",14575,14760,11600,-2975
ISNE,"10/30/2019 8 p.m. EDT",14270,14380,11405,-2865
ISNE,"10/30/2019 9 p.m. EDT",13609,13630,10604,-3005
ISNE,"10/30/2019 10 p.m. EDT",12666,12650,9736,-2930
ISNE,"10/30/2019 11 p.m. EDT",11565,11460,8747,-2818
ISNE,"10/31/2019 12 a.m. EDT",10542,10440,7670,-2872
ISNE,"10/31/2019 1 a.m. EDT",9925,9780,7411,-2514
ISNE,"10/31/2019 2 a.m. EDT",9658,9370,7087,-2571
ISNE,"10/31/2019 3 a.m. EDT",9691,9190,6940,-2751
ISNE,"10/31/2019 4 a.m. EDT",9671,9140,6989,-2682
ISNE,"10/31/2019 5 a.m. EDT",9941,9420,7115,-2826
ISNE,"10/31/2019 6 a.m. EDT",10772,10420,7822,-2950
ISNE,"10/31/2019 7 a.m. EDT",11978,12240,9186,-2792
ISNE,"10/31/2019 8 a.m. EDT",13152,13310,10386,-2766
ISNE,"10/31/2019 9 a.m. EDT",13492,13560,10804,-2688
ISNE,"10/31/2019 10 a.m. EDT",13767,13750,11256,-2511
ISNE,"10/31/2019 11 a.m. EDT",14015,14000,11368,-2647
ISNE,"10/31/2019 12 p.m. EDT",14154,14230,11083,-3071
ISNE,"10/31/2019 1 p.m. EDT",14196,14220,11384,-2812
ISNE,"10/31/2019 2 p.m. EDT",14195,14190,11217,-2978
ISNE,"10/31/2019 3 p.m. EDT",14085,14110,11254,-2831
ISNE,"10/31/2019 4 p.m. EDT",14072,14120,11132,-2940
ISNE,"10/31/2019 5 p.m. EDT",14222,14400,11156,-3066
ISNE,"10/31/2019 6 p.m. EDT",14482,14670,11627,-2855
ISNE,"10/31/2019 7 p.m. EDT",14434,15000,12043,-2391
ISNE,"10/31/2019 8 p.m. EDT",14052,14660,11481,-2571
ISNE,"10/31/2019 9 p.m. EDT",13627,14060,10889,-2738
ISNE,"10/31/2019 10 p.m. EDT",12895,13140,10072,-2823
ISNE,"10/31/2019 11 p.m. EDT",11878,12040,8975,-2903
ISNE,"11/1/2019 12 a.m. EDT",11128,11040,8075,-3053
