"BA Code","Timestamp (Hour Ending)","Demand (MWh)","Demand Forecast (MWh)","Net Generation (MWh)","Total Interchange (MWh)"
ISNE,"4/1/2021 12 a.m. EDT",10544,10380,8661,-1883
ISNE,"4/1/2021 1 a.m. EDT",10088,9810,8336,-1752
ISNE,"4/1/2021 2 a.m. EDT",9953,9500,8130,-1823
ISNE,"4/1/2021 3 a.m. EDT",9781,9280,7828,-1953
ISNE,"4/1/2021 4 a.m. EDT",9756,9240,7941,-1815
ISNE,"4/1/2021 5 a.m. EDT",9996,9470,8212,-1784
ISNE,"4/1/2021 6 a.m. EDT",10493,10290,8693,-1800
ISNE,"4/1/2021 7 a.m. EDT",11659,11560,9871,-1788
ISNE,"4/1/2021 8 a.m. EDT",12656,12600,11044,-1612
ISNE,"4/1/2021 9 a.m. EDT",13265,13190,11542,-1723
ISNE,"4/1/2021 10 a.m. EDT",13495,13390,11884,-1611
ISNE,"4/1/2021 11 a.m. EDT",13489,13410,12017,-1472
ISNE,"4/1/2021 12 p.m. EDT",13350,13340,11762,-1588
ISNE,"4/1/2021 1 p.m. EDT",13096,13050,11505,-1591
ISNE,"4/1/2021 2 p.m. EDT",12970,12850,11250,-1720
ISNE,"4/1/2021 3 p.m. EDT",12797,12550,11133,-1664
ISNE,"4/1/2021 4 p.m. EDT",12985,12440,11504,-1481
ISNE,"4/1/2021 5 p.m. EDT",13388,12730,11711,-1677
ISNE,"4/1/2021 6 p.m. EDT",13829,13350,12218,-1611
ISNE,"4/1/2021 7 p.m. EDT",13962,13650,12203,-1759
ISNE,"4/1/2021 8 p.m. EDT",14178,14040,12599,-1579
ISNE,"4/1/2021 9 p.m. EDT",13917,13730,12232,-1685
ISNE,"4/1/2021 10 p.m. EDT",13286,13010,11487,-1799
ISNE,"4/1/2021 11 p.m. EDT",12354,12110,10615,-1739
ISNE,"4/2/2021 12 a.m. EDT",11476,11200,9752,-1724
ISNE,"4/2/2021 1 a.m. EDT",11143,10850,9784,-1359
ISNE,"4/2/2021 2 a.m. EDT",10831,10490,9651,-1180
ISNE,"4/2/2021 3 a.m. EDT",10686,10360,9403,-1283
ISNE,"4/2/2021 4 a.m. EDT",10730,10420,9469,-1261
ISNE,"4/2/2021 5 a.m. EDT",11041,10740,9655,-1386
ISNE,"4/2/2021 6 a.m. EDT",11537,11560,10166,-1371
ISNE,"4/2/2021 7 a.m. EDT",12712,12660,11323,-1389
ISNE,"4/2/2021 8 a.m. EDT",13384,13290,11951,-1433
ISNE,"4/2/2021 9 a.m. EDT",13314,13300,11769,-1545
ISNE,"4/2/2021 10 a.m. EDT",12888,12770,11560,-1328
ISNE,"4/2/2021 11 a.m. EDT",12395,12370,11147,-1248
ISNE,"4/2/2021 12 p.m. EDT",12121,12080,11103,-1018
ISNE,"4/2/2021 1 p.m. EDT",11903,11850,10910,-993
ISNE,"4/2/2021 2 p.m. EDT",11886,11760,10796,-1090
ISNE,"4/2/2021 3 p.m. EDT",12174,11690,10842,-1332
ISNE,"4/2/2021 4 p.m. EDT",12477,11870,11004,-1473
ISNE,"4/2/2021 5 p.m. EDT",12856,12430,11269,-1587
ISNE,"4/2/2021 6 p.m. EDT",13552,13240,11773,-1779
ISNE,"4/2/2021 7 p.m. EDT",13957,13710,11864,-2093
ISNE,"4/2/2021 8 p.m. EDT",14304,14080,12146,-2158
ISNE,"4/2/2021 9 p.m. EDT",14106,13850,11832,-2274
ISNE,"4/2/2021 10 p.m. EDT",13567,13240,11216,-2351
ISNE,"4/2/2021 11 p.m. EDT",12711,12370,10378,-2333
ISNE,"4/3/2021 12 a.m. EDT",11866,11550,9535,-2331
ISNE,"4/3/2021 1 a.m. EDT",11232,11230,9217,-2015
ISNE,"4/3/2021 2 a.m. EDT",10865,10860,8967,-1898
ISNE,"4/3/2021 3 a.m. EDT",10678,10710,8935,-1743
ISNE,"4/3/2021 4 a.m. EDT",10896,10640,8920,-1976
ISNE,"4/3/2021 5 a.m. EDT",11078,10840,8928,-2150
ISNE,"4/3/2021 6 a.m. EDT",11230,11170,9133,-2097
ISNE,"4/3/2021 7 a.m. EDT",11783,11810,9678,-2105
ISNE,"4/3/2021 8 a.m. EDT",12031,12070,10040,-1991
ISNE,"4/3/2021 9 a.m. EDT",11638,11880,9762,-1876
ISNE,"4/3/2021 10 a.m. EDT",10971,11130,9764,-1207
ISNE,"4/3/2021 11 a.m. EDT",10909,10430,9350,-1559
ISNE,"4/3/2021 12 p.m. EDT",10867,9980,9202,-1665
ISNE,"4/3/2021 1 p.m. EDT",10671,9480,8805,-1866
ISNE,"4/3/2021 2 p.m. EDT",10302,9100,8467,-1835
ISNE,"4/3/2021 3 p.m. EDT",9803,8990,8187,-1616
ISNE,"4/3/2021 4 p.m. EDT",9957,9160,8342,-1615
ISNE,"4/3/2021 5 p.m. EDT",10555,10070,8839,-1716
ISNE,"4/3/2021 6 p.m. EDT",11456,11470,9397,-2059
ISNE,"4/3/2021 7 p.m. EDT",12344,12500,10183,-2161
ISNE,"4/3/2021 8 p.m. EDT",13065,13350,11004,-2061
ISNE,"4/3/2021 9 p.m. EDT",13089,12930,11008,-2081
ISNE,"4/3/2021 10 p.m. EDT",12626,12430,10525,-2101
ISNE,"4/3/2021 11 p.m. EDT",11931,11760,9850,-2081
ISNE,"4/4/2021 12 a.m. EDT",11190,11070,9400,-1790
ISNE,"4/4/2021 1 a.m. EDT",10825,10620,9005,-1820
ISNE,"4/4/2021 2 a.m. EDT",10858,10280,8896,-1962
ISNE,"4/4/2021 3 a.m. EDT",10709,10130,8750,-1959
ISNE,"4/4/2021 4 a.m. EDT",10685,10120,8528,-2157
ISNE,"4/4/2021 5 a.m. EDT",10786,10230,8677,-2109
ISNE,"4/4/2021 6 a.m. EDT",11083,10530,8902,-2181
ISNE,"4/4/2021 7 a.m. EDT",11322,10990,9038,-2284
ISNE,"4/4/2021 8 a.m. EDT",11241,11210,9281,-1960
ISNE,"4/4/2021 9 a.m. EDT",11077,11040,9412,-1665
ISNE,"4/4/2021 10 a.m. EDT",10604,10530,9199,-1405
ISNE,"4/4/2021 11 a.m. EDT",10333,9810,8961,-1372
ISNE,"4/4/2021 12 p.m. EDT",10332,9420,8843,-1489
ISNE,"4/4/2021 1 p.m. EDT",9954,9100,8498,-1456
ISNE,"4/4/2021 2 p.m. EDT",9622,8830,8094,-1528
ISNE,"4/4/2021 3 p.m. EDT",9291,8670,7994,-1297
ISNE,"4/4/2021 4 p.m. EDT",9451,8940,8033,-1418
ISNE,"4/4/2021 5 p.m. EDT",10124,9820,8600,-1524
ISNE,"4/4/2021 6 p.m. EDT",10801,11310,9144,-1657
ISNE,"4/4/2021 7 p.m. EDT",11585,12330,9793,-1792
ISNE,"4/4/2021 8 p.m. EDT",12345,13010,10372,-1973
ISNE,"4/4/2021 9 p.m. EDT",12418,12740,10624,-1794
ISNE,"4/4/2021 10 p.m. EDT",11845,12090,9658,-2187
ISNE,"4/4/2021 11 p.m. EDT",10993,11180,8814,-2179
ISNE,"4/5/2021 12 a.m. EDT",10645,10470,8641,-2004
ISNE,"4/5/2021 1 a.m. EDT",10205,9680,8452,-1753
ISNE,"4/5/2021 2 a.m. EDT",10083,9410,8280,-1803
ISNE,"4/5/2021 3 a.m. EDT",10120,9340,8249,-1871
ISNE,"4/5/2021 4 a.m. EDT",10110,9400,8301,-1809
ISNE,"4/5/2021 5 a.m. EDT",10515,9760,8772,-1743
ISNE,"4/5/2021 6 a.m. EDT",10881,10620,9051,-1830
ISNE,"4/5/2021 7 a.m. EDT",11927,11980,9926,-2001
ISNE,"4/5/2021 8 a.m. EDT",12802,12710,10911,-1891
ISNE,"4/5/2021 9 a.m. EDT",12824,12700,10972,-1852
ISNE,"4/5/2021 10 a.m. EDT",12363,12230,10425,-1938
ISNE,"4/5/2021 11 a.m. EDT",11709,11690,10124,-1585
ISNE,"4/5/2021 12 p.m. EDT",11463,11360,9791,-1672
ISNE,"4/5/2021 1 p.m. EDT",11455,11130,9686,-1769
ISNE,"4/5/2021 2 p.m. EDT",11281,10990,9635,-1646
ISNE,"4/5/2021 3 p.m. EDT",11046,10910,9295,-1751
ISNE,"4/5/2021 4 p.m. EDT",11227,10980,9588,-1639
ISNE,"4/5/2021 5 p.m. EDT",11801,11300,10070,-1731
ISNE,"4/5/2021 6 p.m. EDT",12587,12210,10705,-1882
ISNE,"4/5/2021 7 p.m. EDT",13304,12910,11337,-1967
ISNE,"4/5/2021 8 p.m. EDT",13692,13500,11585,-2107
ISNE,"4/5/2021 9 p.m. EDT",13405,13420,11363,-2042
ISNE,"4/5/2021 10 p.m. EDT",12566,12560,10707,-1859
ISNE,"4/5/2021 11 p.m. EDT",11513,11610,9712,-1801
ISNE,"4/6/2021 12 a.m. EDT",10583,10750,8735,-1848
ISNE,"4/6/2021 1 a.m. EDT",10256,9920,8451,-1805
ISNE,"4/6/2021 2 a.m. EDT",9900,9570,8072,-1828
ISNE,"4/6/2021 3 a.m. EDT",10008,9430,8071,-1937
ISNE,"4/6/2021 4 a.m. EDT",10025,9480,8188,-1837
ISNE,"4/6/2021 5 a.m. EDT",10107,9790,8227,-1880
ISNE,"4/6/2021 6 a.m. EDT",10652,10610,8658,-1994
ISNE,"4/6/2021 7 a.m. EDT",11980,11950,9881,-2099
ISNE,"4/6/2021 8 a.m. EDT",12706,12620,10580,-2126
ISNE,"4/6/2021 9 a.m. EDT",12395,12270,10512,-1883
ISNE,"4/6/2021 10 a.m. EDT",11598,11530,9830,-1768
ISNE,"4/6/2021 11 a.m. EDT",10830,10830,9087,-1743
ISNE,"4/6/2021 12 p.m. EDT",10573,10460,8806,-1767
ISNE,"4/6/2021 1 p.m. EDT",10431,10190,8699,-1732
ISNE,"4/6/2021 2 p.m. EDT",10374,10100,8628,-1746
ISNE,"4/6/2021 3 p.m. EDT",10355,10030,8521,-1834
ISNE,"4/6/2021 4 p.m. EDT",10452,10280,8559,-1893
ISNE,"4/6/2021 5 p.m. EDT",10975,11100,9225,-1750
ISNE,"4/6/2021 6 p.m. EDT",12084,12200,10191,-1893
ISNE,"4/6/2021 7 p.m. EDT",12865,12900,10865,-2000
ISNE,"4/6/2021 8 p.m. EDT",13324,13330,11151,-2173
ISNE,"4/6/2021 9 p.m. EDT",13105,13030,10883,-2222
ISNE,"4/6/2021 10 p.m. EDT",12259,12260,10161,-2098
ISNE,"4/6/2021 11 p.m. EDT",11238,11260,9085,-2153
ISNE,"4/7/2021 12 a.m. EDT",10333,10410,8376,-1957
ISNE,"4/7/2021 1 a.m. EDT",9776,9660,7871,-1905
ISNE,"4/7/2021 2 a.m. EDT",9708,9340,7779,-1929
ISNE,"4/7/2021 3 a.m. EDT",9547,9210,7760,-1787
ISNE,"4/7/2021 4 a.m. EDT",9583,9230,7779,-1804
ISNE,"4/7/2021 5 a.m. EDT",9658,9570,7916,-1742
ISNE,"4/7/2021 6 a.m. EDT",10494,10420,8567,-1927
ISNE,"4/7/2021 7 a.m. EDT",11749,11660,9844,-1905
ISNE,"4/7/2021 8 a.m. EDT",12332,12300,10626,-1706
ISNE,"4/7/2021 9 a.m. EDT",11900,12060,10230,-1670
ISNE,"4/7/2021 10 a.m. EDT",11186,11230,9517,-1669
ISNE,"4/7/2021 11 a.m. EDT",10787,10850,9092,-1695
ISNE,"4/7/2021 12 p.m. EDT",10738,10660,9175,-1563
ISNE,"4/7/2021 1 p.m. EDT",10824,10620,9109,-1715
ISNE,"4/7/2021 2 p.m. EDT",10821,10730,9089,-1732
ISNE,"4/7/2021 3 p.m. EDT",10763,10870,9009,-1754
ISNE,"4/7/2021 4 p.m. EDT",10899,11280,9176,-1723
ISNE,"4/7/2021 5 p.m. EDT",11259,11790,9460,-1799
ISNE,"4/7/2021 6 p.m. EDT",12092,12460,10015,-2077
ISNE,"4/7/2021 7 p.m. EDT",12806,12920,10693,-2113
ISNE,"4/7/2021 8 p.m. EDT",13268,13210,11178,-2090
ISNE,"4/7/2021 9 p.m. EDT",13077,12980,10997,-2080
ISNE,"4/7/2021 10 p.m. EDT",12235,12150,10151,-2084
ISNE,"4/7/2021 11 p.m. EDT",11204,11120,9152,-2052
ISNE,"4/8/2021 12 a.m. EDT",10420,10220,8502,-1918
ISNE,"4/8/2021 1 a.m. EDT",9941,9660,8207,-1734
ISNE,"4/8/2021 2 a.m. EDT",9601,9330,7974,-1627
ISNE,"4/8/2021 3 a.m. EDT",9520,9170,7824,-1696
ISNE,"4/8/2021 4 a.m. EDT",9625,9160,7938,-1687
ISNE,"4/8/2021 5 a.m. EDT",9663,9430,8114,-1549
ISNE,"4/8/2021 6 a.m. EDT",10199,10220,8497,-1702
ISNE,"4/8/2021 7 a.m. EDT",11445,11460,9676,-1769
ISNE,"4/8/2021 8 a.m. EDT",12082,12070,10148,-1934
ISNE,"4/8/2021 9 a.m. EDT",11585,11550,9813,-1772
ISNE,"4/8/2021 10 a.m. EDT",10830,10690,9101,-1729
ISNE,"4/8/2021 11 a.m. EDT",10345,10150,8505,-1840
ISNE,"4/8/2021 12 p.m. EDT",10300,9990,8453,-1847
ISNE,"4/8/2021 1 p.m. EDT",10237,10180,8513,-1724
ISNE,"4/8/2021 2 p.m. EDT",10105,10280,8387,-1718
ISNE,"4/8/2021 3 p.m. EDT",10184,10410,8427,-1757
ISNE,"4/8/2021 4 p.m. EDT",10360,10600,8546,-1814
ISNE,"4/8/2021 5 p.m. EDT",11002,11300,9028,-1974
ISNE,"4/8/2021 6 p.m. EDT",11832,12130,9470,-2362
ISNE,"4/8/2021 7 p.m. EDT",12609,12890,10002,-2607
ISNE,"4/8/2021 8 p.m. EDT",13070,13300,10722,-2348
ISNE,"4/8/2021 9 p.m. EDT",12945,13020,10611,-2334
ISNE,"4/8/2021 10 p.m. EDT",12140,12140,9575,-2565
ISNE,"4/8/2021 11 p.m. EDT",11133,11120,8891,-2242
ISNE,"4/9/2021 12 a.m. EDT",10219,10220,8326,-1893
ISNE,"4/9/2021 1 a.m. EDT",9597,9590,8062,-1535
ISNE,"4/9/2021 2 a.m. EDT",9247,9240,7707,-1540
ISNE,"4/9/2021 3 a.m. EDT",9328,9080,7672,-1656
ISNE,"4/9/2021 4 a.m. EDT",9610,9100,7920,-1690
ISNE,"4/9/2021 5 a.m. EDT",9609,9370,7999,-1610
ISNE,"4/9/2021 6 a.m. EDT",10293,10170,8385,-1908
ISNE,"4/9/2021 7 a.m. EDT",11357,11390,9527,-1830
ISNE,"4/9/2021 8 a.m. EDT",11965,11960,10249,-1716
ISNE,"4/9/2021 9 a.m. EDT",11534,11510,10196,-1338
ISNE,"4/9/2021 10 a.m. EDT",10840,10800,9609,-1231
ISNE,"4/9/2021 11 a.m. EDT",10272,10210,8687,-1585
ISNE,"4/9/2021 12 p.m. EDT",9957,9900,8326,-1631
ISNE,"4/9/2021 1 p.m. EDT",9972,9660,8487,-1485
ISNE,"4/9/2021 2 p.m. EDT",9796,9820,8391,-1405
ISNE,"4/9/2021 3 p.m. EDT",10160,9840,8634,-1526
ISNE,"4/9/2021 4 p.m. EDT",10518,10200,8915,-1603
ISNE,"4/9/2021 5 p.m. EDT",10959,10780,9105,-1854
ISNE,"4/9/2021 6 p.m. EDT",11605,11750,9771,-1834
ISNE,"4/9/2021 7 p.m. EDT",12223,12350,10179,-2044
ISNE,"4/9/2021 8 p.m. EDT",12655,12700,10633,-2022
ISNE,"4/9/2021 9 p.m. EDT",12500,12370,10474,-2026
ISNE,"4/9/2021 10 p.m. EDT",11811,11720,9706,-2105
ISNE,"4/9/2021 11 p.m. EDT",10943,10900,8756,-2187
ISNE,"4/10/2021 12 a.m. EDT",10098,10110,8209,-1889
ISNE,"4/10/2021 1 a.m. EDT",9492,9510,8125,-1367
ISNE,"4/10/2021 2 a.m. EDT",9121,9150,7912,-1209
ISNE,"4/10/2021 3 a.m. EDT",8909,8970,7672,-1237
ISNE,"4/10/2021 4 a.m. EDT",8842,8850,7628,-1214
ISNE,"4/10/2021 5 a.m. EDT",8903,8900,7513,-1390
ISNE,"4/10/2021 6 a.m. EDT",9223,9220,7600,-1623
ISNE,"4/10/2021 7 a.m. EDT",9885,9730,8012,-1873
ISNE,"4/10/2021 8 a.m. EDT",10242,10190,8542,-1700
ISNE,"4/10/2021 9 a.m. EDT",10429,10350,9085,-1344
ISNE,"4/10/2021 10 a.m. EDT",10113,10100,9021,-1092
ISNE,"4/10/2021 11 a.m. EDT",9573,9850,8534,-1039
ISNE,"4/10/2021 12 p.m. EDT",9235,9510,8073,-1162
ISNE,"4/10/2021 1 p.m. EDT",8944,9260,7672,-1272
ISNE,"4/10/2021 2 p.m. EDT",9037,9000,7632,-1405
ISNE,"4/10/2021 3 p.m. EDT",9365,8910,7948,-1417
ISNE,"4/10/2021 4 p.m. EDT",9526,8960,8154,-1372
ISNE,"4/10/2021 5 p.m. EDT",10077,9660,8595,-1482
ISNE,"4/10/2021 6 p.m. EDT",11039,10660,9391,-1648
ISNE,"4/10/2021 7 p.m. EDT",11781,11370,9841,-1940
ISNE,"4/10/2021 8 p.m. EDT",12177,12000,10201,-1976
ISNE,"4/10/2021 9 p.m. EDT",12081,11710,10182,-1899
ISNE,"4/10/2021 10 p.m. EDT",11469,11190,9726,-1743
ISNE,"4/10/2021 11 p.m. EDT",10673,10510,8974,-1699
ISNE,"4/11/2021 12 a.m. EDT",9916,9830,8147,-1769
ISNE,"4/11/2021 1 a.m. EDT",9436,9310,7634,-1802
ISNE,"4/11/2021 2 a.m. EDT",9284,8910,7630,-1654
ISNE,"4/11/2021 3 a.m. EDT",9455,8680,7556,-1899
ISNE,"4/11/2021 4 a.m. EDT",9404,8590,7422,-1982
ISNE,"4/11/2021 5 a.m. EDT",9395,8590,7439,-1956
ISNE,"4/11/2021 6 a.m. EDT",9583,8780,7519,-2064
ISNE,"4/11/2021 7 a.m. EDT",9886,9090,7768,-2118
ISNE,"4/11/2021 8 a.m. EDT",10309,9520,8185,-2124
ISNE,"4/11/2021 9 a.m. EDT",10578,10050,8574,-2004
ISNE,"4/11/2021 10 a.m. EDT",10945,10490,8879,-2066
ISNE,"4/11/2021 11 a.m. EDT",10788,10700,8780,-2008
ISNE,"4/11/2021 12 p.m. EDT",10580,10830,8466,-2114
ISNE,"4/11/2021 1 p.m. EDT",10722,10790,8837,-1885
ISNE,"4/11/2021 2 p.m. EDT",10892,10870,8839,-2053
ISNE,"4/11/2021 3 p.m. EDT",11132,10930,9267,-1865
ISNE,"4/11/2021 4 p.m. EDT",11295,11100,9379,-1916
ISNE,"4/11/2021 5 p.m. EDT",11729,11570,9727,-2002
ISNE,"4/11/2021 6 p.m. EDT",12356,12170,10371,-1985
ISNE,"4/11/2021 7 p.m. EDT",12668,12450,10693,-1975
ISNE,"4/11/2021 8 p.m. EDT",12855,12600,10503,-2352
ISNE,"4/11/2021 9 p.m. EDT",12583,12280,10092,-2491
ISNE,"4/11/2021 10 p.m. EDT",11799,11490,9555,-2244
ISNE,"4/11/2021 11 p.m. EDT",11059,10640,8860,-2199
ISNE,"4/12/2021 12 a.m. EDT",10492,9870,8376,-2116
ISNE,"4/12/2021 1 a.m. EDT",10066,9510,8108,-1958
ISNE,"4/12/2021 2 a.m. EDT",9971,9200,7970,-2001
ISNE,"4/12/2021 3 a.m. EDT",9849,9060,7677,-2172
ISNE,"4/12/2021 4 a.m. EDT",9867,9090,7844,-2023
ISNE,"4/12/2021 5 a.m. EDT",10166,9400,8073,-2093
ISNE,"4/12/2021 6 a.m. EDT",10621,10200,8706,-1915
ISNE,"4/12/2021 7 a.m. EDT",11571,11450,9817,-1754
ISNE,"4/12/2021 8 a.m. EDT",12307,12310,10720,-1587
ISNE,"4/12/2021 9 a.m. EDT",12494,12490,11052,-1442
ISNE,"4/12/2021 10 a.m. EDT",12640,12500,11396,-1244
ISNE,"4/12/2021 11 a.m. EDT",12809,12500,11413,-1396
ISNE,"4/12/2021 12 p.m. EDT",12801,12500,11146,-1655
ISNE,"4/12/2021 1 p.m. EDT",12669,12500,11122,-1547
ISNE,"4/12/2021 2 p.m. EDT",12591,12500,11008,-1583
ISNE,"4/12/2021 3 p.m. EDT",12622,12500,10914,-1708
ISNE,"4/12/2021 4 p.m. EDT",12663,12500,10800,-1863
ISNE,"4/12/2021 5 p.m. EDT",12857,12770,10926,-1931
ISNE,"4/12/2021 6 p.m. EDT",13286,13370,11387,-1899
ISNE,"4/12/2021 7 p.m. EDT",13525,13730,11485,-2040
ISNE,"4/12/2021 8 p.m. EDT",13726,14000,11679,-2047
ISNE,"4/12/2021 9 p.m. EDT",13482,13630,11471,-2011
ISNE,"4/12/2021 10 p.m. EDT",12660,12710,10691,-1969
ISNE,"4/12/2021 11 p.m. EDT",11656,11620,9432,-2224
ISNE,"4/13/2021 12 a.m. EDT",10801,10690,8475,-2326
ISNE,"4/13/2021 1 a.m. EDT",10464,10140,8391,-2073
ISNE,"4/13/2021 2 a.m. EDT",10099,9800,8233,-1866
ISNE,"4/13/2021 3 a.m. EDT",10176,9660,8068,-2108
ISNE,"4/13/2021 4 a.m. EDT",9973,9630,8003,-1970
ISNE,"4/13/2021 5 a.m. EDT",10211,9930,8119,-2092
ISNE,"4/13/2021 6 a.m. EDT",10733,10710,8678,-2055
ISNE,"4/13/2021 7 a.m. EDT",11853,11870,9855,-1998
ISNE,"4/13/2021 8 a.m. EDT",12449,12450,10818,-1631
ISNE,"4/13/2021 9 a.m. EDT",12161,12140,10522,-1639
ISNE,"4/13/2021 10 a.m. EDT",11904,11890,10440,-1464
ISNE,"4/13/2021 11 a.m. EDT",11712,11690,10158,-1554
ISNE,"4/13/2021 12 p.m. EDT",11437,11380,9423,-2014
ISNE,"4/13/2021 1 p.m. EDT",11296,11010,9176,-2120
ISNE,"4/13/2021 2 p.m. EDT",10944,10690,9056,-1888
ISNE,"4/13/2021 3 p.m. EDT",11011,10500,9100,-1911
ISNE,"4/13/2021 4 p.m. EDT",10910,10610,8919,-1991
ISNE,"4/13/2021 5 p.m. EDT",11352,11240,9333,-2019
ISNE,"4/13/2021 6 p.m. EDT",12156,12230,9976,-2180
ISNE,"4/13/2021 7 p.m. EDT",12836,12970,10842,-1994
ISNE,"4/13/2021 8 p.m. EDT",13172,13400,11013,-2159
ISNE,"4/13/2021 9 p.m. EDT",13028,13100,10940,-2088
ISNE,"4/13/2021 10 p.m. EDT",12244,12260,10171,-2073
ISNE,"4/13/2021 11 p.m. EDT",11246,11210,9134,-2112
ISNE,"4/14/2021 12 a.m. EDT",10332,10320,8342,-1990
ISNE,"4/14/2021 1 a.m. EDT",9951,9750,8192,-1759
ISNE,"4/14/2021 2 a.m. EDT",9713,9420,8093,-1620
ISNE,"4/14/2021 3 a.m. EDT",10002,9260,8124,-1878
ISNE,"4/14/2021 4 a.m. EDT",9896,9250,8109,-1787
ISNE,"4/14/2021 5 a.m. EDT",10049,9520,8212,-1837
ISNE,"4/14/2021 6 a.m. EDT",10590,10290,8967,-1623
ISNE,"4/14/2021 7 a.m. EDT",11401,11430,9895,-1506
ISNE,"4/14/2021 8 a.m. EDT",12031,12040,10316,-1715
ISNE,"4/14/2021 9 a.m. EDT",11970,11970,10236,-1734
ISNE,"4/14/2021 10 a.m. EDT",11413,11400,9887,-1526
ISNE,"4/14/2021 11 a.m. EDT",10708,10850,9152,-1556
ISNE,"4/14/2021 12 p.m. EDT",10479,10380,8777,-1702
ISNE,"4/14/2021 1 p.m. EDT",10615,10230,9287,-1328
ISNE,"4/14/2021 2 p.m. EDT",10498,10200,9182,-1316
ISNE,"4/14/2021 3 p.m. EDT",10655,10360,9424,-1231
ISNE,"4/14/2021 4 p.m. EDT",10842,10720,9612,-1230
ISNE,"4/14/2021 5 p.m. EDT",11220,11340,10005,-1215
ISNE,"4/14/2021 6 p.m. EDT",12043,12180,10432,-1611
ISNE,"4/14/2021 7 p.m. EDT",12624,12830,10843,-1781
ISNE,"4/14/2021 8 p.m. EDT",13036,13250,11409,-1627
ISNE,"4/14/2021 9 p.m. EDT",12934,13100,11143,-1791
ISNE,"4/14/2021 10 p.m. EDT",12159,12280,10390,-1769
ISNE,"4/14/2021 11 p.m. EDT",11146,11250,9576,-1570
ISNE,"4/15/2021 12 a.m. EDT",10242,10310,9054,-1188
ISNE,"4/15/2021 1 a.m. EDT",10147,9620,8771,-1376
ISNE,"4/15/2021 2 a.m. EDT",10200,9260,8690,-1510
ISNE,"4/15/2021 3 a.m. EDT",10236,9180,8710,-1526
ISNE,"4/15/2021 4 a.m. EDT",10227,9160,8735,-1492
ISNE,"4/15/2021 5 a.m. EDT",10286,9420,8817,-1469
ISNE,"4/15/2021 6 a.m. EDT",10787,10140,9104,-1683
ISNE,"4/15/2021 7 a.m. EDT",11491,11350,10114,-1377
ISNE,"4/15/2021 8 a.m. EDT",12219,12320,10751,-1468
ISNE,"4/15/2021 9 a.m. EDT",12602,12770,11092,-1510
ISNE,"4/15/2021 10 a.m. EDT",12860,12980,11573,-1287
ISNE,"4/15/2021 11 a.m. EDT",13066,13210,11656,-1410
ISNE,"4/15/2021 12 p.m. EDT",13182,13350,11549,-1633
ISNE,"4/15/2021 1 p.m. EDT",13199,13320,11568,-1631
ISNE,"4/15/2021 2 p.m. EDT",13058,13370,11505,-1553
ISNE,"4/15/2021 3 p.m. EDT",12910,13310,11246,-1664
ISNE,"4/15/2021 4 p.m. EDT",13007,13330,11359,-1648
ISNE,"4/15/2021 5 p.m. EDT",13297,13400,11721,-1576
ISNE,"4/15/2021 6 p.m. EDT",13715,13710,12067,-1648
ISNE,"4/15/2021 7 p.m. EDT",13857,13840,12371,-1486
ISNE,"4/15/2021 8 p.m. EDT",13895,14100,12400,-1495
ISNE,"4/15/2021 9 p.m. EDT",13546,13390,12087,-1459
ISNE,"4/15/2021 10 p.m. EDT",12753,12580,11083,-1670
ISNE,"4/15/2021 11 p.m. EDT",11790,11550,9810,-1980
ISNE,"4/16/2021 12 a.m. EDT",10927,10600,9235,-1692
ISNE,"4/16/2021 1 a.m. EDT",10516,9990,9047,-1469
ISNE,"4/16/2021 2 a.m. EDT",10545,9630,9371,-1174
ISNE,"4/16/2021 3 a.m. EDT",10399,9550,9169,-1230
ISNE,"4/16/2021 4 a.m. EDT",10391,9850,9015,-1376
ISNE,"4/16/2021 5 a.m. EDT",10640,10150,9246,-1394
ISNE,"4/16/2021 6 a.m. EDT",11111,10840,9809,-1302
ISNE,"4/16/2021 7 a.m. EDT",12082,11610,10783,-1299
ISNE,"4/16/2021 8 a.m. EDT",13204,12810,11772,-1432
ISNE,"4/16/2021 9 a.m. EDT",13881,13540,12431,-1450
ISNE,"4/16/2021 10 a.m. EDT",14237,14380,12490,-1747
ISNE,"4/16/2021 11 a.m. EDT",14370,14630,12450,-1920
ISNE,"4/16/2021 12 p.m. EDT",14403,14700,12697,-1706
ISNE,"4/16/2021 1 p.m. EDT",14345,14640,12657,-1688
ISNE,"4/16/2021 2 p.m. EDT",14270,14530,12203,-2067
ISNE,"4/16/2021 3 p.m. EDT",14082,14390,11681,-2401
ISNE,"4/16/2021 4 p.m. EDT",14000,14220,11787,-2213
ISNE,"4/16/2021 5 p.m. EDT",14144,14090,11876,-2268
ISNE,"4/16/2021 6 p.m. EDT",14338,13960,11861,-2477
ISNE,"4/16/2021 7 p.m. EDT",14267,13960,11996,-2271
ISNE,"4/16/2021 8 p.m. EDT",14251,14100,12110,-2141
ISNE,"4/16/2021 9 p.m. EDT",13961,13430,12087,-1874
ISNE,"4/16/2021 10 p.m. EDT",13235,12720,11275,-1960
ISNE,"4/16/2021 11 p.m. EDT",12319,11850,10186,-2133
ISNE,"4/17/2021 12 a.m. EDT",11427,11020,9390,-2037
ISNE,"4/17/2021 1 a.m. EDT",10790,10780,8618,-2172
ISNE,"4/17/2021 2 a.m. EDT",10643,10380,8426,-2217
ISNE,"4/17/2021 3 a.m. EDT",10402,10140,8311,-2091
ISNE,"4/17/2021 4 a.m. EDT",10313,10050,8388,-1925
ISNE,"4/17/2021 5 a.m. EDT",10376,10120,8483,-1893
ISNE,"4/17/2021 6 a.m. EDT",10443,10330,8708,-1735
ISNE,"4/17/2021 7 a.m. EDT",10955,10740,9143,-1812
ISNE,"4/17/2021 8 a.m. EDT",11393,11300,9276,-2117
ISNE,"4/17/2021 9 a.m. EDT",11850,11840,9593,-2257
ISNE,"4/17/2021 10 a.m. EDT",12137,12200,9867,-2270
ISNE,"4/17/2021 11 a.m. EDT",12295,12190,9966,-2329
ISNE,"4/17/2021 12 p.m. EDT",12211,12040,9739,-2472
ISNE,"4/17/2021 1 p.m. EDT",11638,11740,9292,-2346
ISNE,"4/17/2021 2 p.m. EDT",11318,11460,9307,-2011
ISNE,"4/17/2021 3 p.m. EDT",10990,11260,9298,-1692
ISNE,"4/17/2021 4 p.m. EDT",11252,11250,9439,-1813
ISNE,"4/17/2021 5 p.m. EDT",11771,11440,9705,-2066
ISNE,"4/17/2021 6 p.m. EDT",12348,11930,10161,-2187
ISNE,"4/17/2021 7 p.m. EDT",12690,12470,10549,-2141
ISNE,"4/17/2021 8 p.m. EDT",12908,12700,10787,-2121
ISNE,"4/17/2021 9 p.m. EDT",12760,12600,10698,-2062
ISNE,"4/17/2021 10 p.m. EDT",12141,12000,9964,-2177
ISNE,"4/17/2021 11 p.m. EDT",11367,11330,9237,-2130
ISNE,"4/18/2021 12 a.m. EDT",10678,10590,8630,-2048
ISNE,"4/18/2021 1 a.m. EDT",10487,9960,8393,-2094
ISNE,"4/18/2021 2 a.m. EDT",10204,9610,8103,-2101
ISNE,"4/18/2021 3 a.m. EDT",10465,9430,8280,-2185
ISNE,"4/18/2021 4 a.m. EDT",10489,9360,8307,-2182
ISNE,"4/18/2021 5 a.m. EDT",10289,9470,8234,-2055
ISNE,"4/18/2021 6 a.m. EDT",10402,9650,8197,-2205
ISNE,"4/18/2021 7 a.m. EDT",10316,9890,8196,-2120
ISNE,"4/18/2021 8 a.m. EDT",10687,10050,8420,-2267
ISNE,"4/18/2021 9 a.m. EDT",10735,10150,8652,-2083
ISNE,"4/18/2021 10 a.m. EDT",10313,9710,8393,-1920
ISNE,"4/18/2021 11 a.m. EDT",9891,9510,8141,-1750
ISNE,"4/18/2021 12 p.m. EDT",9882,9430,8197,-1685
ISNE,"4/18/2021 1 p.m. EDT",9764,9360,8413,-1351
ISNE,"4/18/2021 2 p.m. EDT",9812,9390,8328,-1484
ISNE,"4/18/2021 3 p.m. EDT",9980,9510,8425,-1555
ISNE,"4/18/2021 4 p.m. EDT",10169,9810,8701,-1468
ISNE,"4/18/2021 5 p.m. EDT",10683,10480,9128,-1555
ISNE,"4/18/2021 6 p.m. EDT",11382,11430,9615,-1767
ISNE,"4/18/2021 7 p.m. EDT",11991,12130,10036,-1955
ISNE,"4/18/2021 8 p.m. EDT",12417,12600,10612,-1805
ISNE,"4/18/2021 9 p.m. EDT",12382,12470,10656,-1726
ISNE,"4/18/2021 10 p.m. EDT",11720,11750,10068,-1652
ISNE,"4/18/2021 11 p.m. EDT",10868,10810,8965,-1903
ISNE,"4/19/2021 12 a.m. EDT",10300,10020,8193,-2107
ISNE,"4/19/2021 1 a.m. EDT",9924,9350,7980,-1944
ISNE,"4/19/2021 2 a.m. EDT",9814,9050,7939,-1875
ISNE,"4/19/2021 3 a.m. EDT",9962,8900,8109,-1853
ISNE,"4/19/2021 4 a.m. EDT",9806,8910,8032,-1774
ISNE,"4/19/2021 5 a.m. EDT",9783,9340,8112,-1671
ISNE,"4/19/2021 6 a.m. EDT",10419,9920,8594,-1825
ISNE,"4/19/2021 7 a.m. EDT",11263,10680,9543,-1720
ISNE,"4/19/2021 8 a.m. EDT",11665,11170,10169,-1496
ISNE,"4/19/2021 9 a.m. EDT",11224,11050,9664,-1560
ISNE,"4/19/2021 10 a.m. EDT",10718,10470,9119,-1599
ISNE,"4/19/2021 11 a.m. EDT",10411,10210,8728,-1683
ISNE,"4/19/2021 12 p.m. EDT",10407,10090,8875,-1532
ISNE,"4/19/2021 1 p.m. EDT",10741,10150,9001,-1740
ISNE,"4/19/2021 2 p.m. EDT",10857,10310,9109,-1748
ISNE,"4/19/2021 3 p.m. EDT",10842,10560,9000,-1842
ISNE,"4/19/2021 4 p.m. EDT",10962,10830,8849,-2113
ISNE,"4/19/2021 5 p.m. EDT",11348,11410,9306,-2042
ISNE,"4/19/2021 6 p.m. EDT",12122,12200,9793,-2329
ISNE,"4/19/2021 7 p.m. EDT",12585,12610,10281,-2304
ISNE,"4/19/2021 8 p.m. EDT",12893,13000,10666,-2227
ISNE,"4/19/2021 9 p.m. EDT",12778,12650,10441,-2337
ISNE,"4/19/2021 10 p.m. EDT",11997,11850,9841,-2156
ISNE,"4/19/2021 11 p.m. EDT",11020,10950,9113,-1907
ISNE,"4/20/2021 12 a.m. EDT",10187,10160,8106,-2081
ISNE,"4/20/2021 1 a.m. EDT",9866,9510,8280,-1586
ISNE,"4/20/2021 2 a.m. EDT",9763,9240,8504,-1259
ISNE,"4/20/2021 3 a.m. EDT",9640,9110,8394,-1246
ISNE,"4/20/2021 4 a.m. EDT",9659,9140,8406,-1253
ISNE,"4/20/2021 5 a.m. EDT",9941,9410,8497,-1444
ISNE,"4/20/2021 6 a.m. EDT",10245,10160,8566,-1679
ISNE,"4/20/2021 7 a.m. EDT",11264,11170,9933,-1331
ISNE,"4/20/2021 8 a.m. EDT",11738,11670,10518,-1220
ISNE,"4/20/2021 9 a.m. EDT",11424,11490,9835,-1589
ISNE,"4/20/2021 10 a.m. EDT",10890,11050,9099,-1791
ISNE,"4/20/2021 11 a.m. EDT",10424,10610,8849,-1575
ISNE,"4/20/2021 12 p.m. EDT",10250,10390,8720,-1530
ISNE,"4/20/2021 1 p.m. EDT",10491,10290,8878,-1613
ISNE,"4/20/2021 2 p.m. EDT",11063,10840,9482,-1581
ISNE,"4/20/2021 3 p.m. EDT",11042,10890,9638,-1404
ISNE,"4/20/2021 4 p.m. EDT",11217,11040,9723,-1494
ISNE,"4/20/2021 5 p.m. EDT",11623,11390,10058,-1565
ISNE,"4/20/2021 6 p.m. EDT",12162,12130,10190,-1972
ISNE,"4/20/2021 7 p.m. EDT",12572,12740,10440,-2132
ISNE,"4/20/2021 8 p.m. EDT",12921,12960,10980,-1941
ISNE,"4/20/2021 9 p.m. EDT",12861,12880,11050,-1811
ISNE,"4/20/2021 10 p.m. EDT",12057,12060,10078,-1979
ISNE,"4/20/2021 11 p.m. EDT",11043,11010,9296,-1747
ISNE,"4/21/2021 12 a.m. EDT",10379,10120,8647,-1732
ISNE,"4/21/2021 1 a.m. EDT",10066,9540,8664,-1402
ISNE,"4/21/2021 2 a.m. EDT",9945,9170,8382,-1563
ISNE,"4/21/2021 3 a.m. EDT",9794,9030,8116,-1678
ISNE,"4/21/2021 4 a.m. EDT",9781,9020,8133,-1648
ISNE,"4/21/2021 5 a.m. EDT",9650,9320,7999,-1651
ISNE,"4/21/2021 6 a.m. EDT",9974,10080,8098,-1876
ISNE,"4/21/2021 7 a.m. EDT",10957,11150,8936,-2021
ISNE,"4/21/2021 8 a.m. EDT",11533,11870,9537,-1996
ISNE,"4/21/2021 9 a.m. EDT",11369,11970,9393,-1976
ISNE,"4/21/2021 10 a.m. EDT",10995,11100,9672,-1323
ISNE,"4/21/2021 11 a.m. EDT",10878,10910,9732,-1146
ISNE,"4/21/2021 12 p.m. EDT",11276,10850,10134,-1142
ISNE,"4/21/2021 1 p.m. EDT",11711,10880,10608,-1103
ISNE,"4/21/2021 2 p.m. EDT",11728,11670,10509,-1219
ISNE,"4/21/2021 3 p.m. EDT",11824,11620,10585,-1239
ISNE,"4/21/2021 4 p.m. EDT",12200,11720,10772,-1428
ISNE,"4/21/2021 5 p.m. EDT",12763,12090,11575,-1188
ISNE,"4/21/2021 6 p.m. EDT",13313,12610,11553,-1760
ISNE,"4/21/2021 7 p.m. EDT",13387,12830,11304,-2083
ISNE,"4/21/2021 8 p.m. EDT",13315,13010,11435,-1880
ISNE,"4/21/2021 9 p.m. EDT",13066,12970,11321,-1745
ISNE,"4/21/2021 10 p.m. EDT",12322,12190,10817,-1505
ISNE,"4/21/2021 11 p.m. EDT",11417,11240,9745,-1672
ISNE,"4/22/2021 12 a.m. EDT",10710,10350,9158,-1552
ISNE,"4/22/2021 1 a.m. EDT",10686,10110,9103,-1583
ISNE,"4/22/2021 2 a.m. EDT",10677,9850,9201,-1476
ISNE,"4/22/2021 3 a.m. EDT",10711,9770,9158,-1553
ISNE,"4/22/2021 4 a.m. EDT",10887,9850,9224,-1663
ISNE,"4/22/2021 5 a.m. EDT",10760,10190,9185,-1575
ISNE,"4/22/2021 6 a.m. EDT",11007,11030,9300,-1707
ISNE,"4/22/2021 7 a.m. EDT",12121,12160,10444,-1677
ISNE,"4/22/2021 8 a.m. EDT",12705,12720,10935,-1770
ISNE,"4/22/2021 9 a.m. EDT",12702,12710,11211,-1491
ISNE,"4/22/2021 10 a.m. EDT",12615,12680,11222,-1393
ISNE,"4/22/2021 11 a.m. EDT",12439,12460,10500,-1939
ISNE,"4/22/2021 12 p.m. EDT",12236,12330,10557,-1679
ISNE,"4/22/2021 1 p.m. EDT",12033,12030,10525,-1508
ISNE,"4/22/2021 2 p.m. EDT",11882,11750,10409,-1473
ISNE,"4/22/2021 3 p.m. EDT",11754,11670,10292,-1462
ISNE,"4/22/2021 4 p.m. EDT",11723,11830,10166,-1557
ISNE,"4/22/2021 5 p.m. EDT",12080,12160,10219,-1861
ISNE,"4/22/2021 6 p.m. EDT",12873,12710,10822,-2051
ISNE,"4/22/2021 7 p.m. EDT",13546,13350,11515,-2031
ISNE,"4/22/2021 8 p.m. EDT",13997,13900,11898,-2099
ISNE,"4/22/2021 9 p.m. EDT",13982,13790,12095,-1887
ISNE,"4/22/2021 10 p.m. EDT",13271,13040,11168,-2103
ISNE,"4/22/2021 11 p.m. EDT",12258,11950,10103,-2155
ISNE,"4/23/2021 12 a.m. EDT",11373,11050,9343,-2030
ISNE,"4/23/2021 1 a.m. EDT",11242,10730,9371,-1871
ISNE,"4/23/2021 2 a.m. EDT",10918,10400,8972,-1946
ISNE,"4/23/2021 3 a.m. EDT",10765,10260,8951,-1814
ISNE,"4/23/2021 4 a.m. EDT",10778,10280,9012,-1766
ISNE,"4/23/2021 5 a.m. EDT",10647,10580,8882,-1765
ISNE,"4/23/2021 6 a.m. EDT",11308,11340,9350,-1958
ISNE,"4/23/2021 7 a.m. EDT",12291,12320,10190,-2101
ISNE,"4/23/2021 8 a.m. EDT",12609,12620,10606,-2003
ISNE,"4/23/2021 9 a.m. EDT",12075,12080,9875,-2200
ISNE,"4/23/2021 10 a.m. EDT",11249,11180,9286,-1963
ISNE,"4/23/2021 11 a.m. EDT",10818,10630,9269,-1549
ISNE,"4/23/2021 12 p.m. EDT",10915,10250,9273,-1642
ISNE,"4/23/2021 1 p.m. EDT",10736,9900,9196,-1540
ISNE,"4/23/2021 2 p.m. EDT",10405,9710,8805,-1600
ISNE,"4/23/2021 3 p.m. EDT",10313,9670,8620,-1693
ISNE,"4/23/2021 4 p.m. EDT",10330,9790,8636,-1694
ISNE,"4/23/2021 5 p.m. EDT",10635,10520,8832,-1803
ISNE,"4/23/2021 6 p.m. EDT",11539,11330,9561,-1978
ISNE,"4/23/2021 7 p.m. EDT",12200,12070,9984,-2216
ISNE,"4/23/2021 8 p.m. EDT",12656,12500,10543,-2113
ISNE,"4/23/2021 9 p.m. EDT",12762,12380,10595,-2167
ISNE,"4/23/2021 10 p.m. EDT",12173,11920,10013,-2160
ISNE,"4/23/2021 11 p.m. EDT",11341,11070,9391,-1950
ISNE,"4/24/2021 12 a.m. EDT",10504,10290,8539,-1965
ISNE,"4/24/2021 1 a.m. EDT",9934,9900,8244,-1690
ISNE,"4/24/2021 2 a.m. EDT",9777,9520,8282,-1495
ISNE,"4/24/2021 3 a.m. EDT",9592,9340,8161,-1431
ISNE,"4/24/2021 4 a.m. EDT",9544,9290,8098,-1446
ISNE,"4/24/2021 5 a.m. EDT",9644,9400,8307,-1337
ISNE,"4/24/2021 6 a.m. EDT",9923,9740,8334,-1589
ISNE,"4/24/2021 7 a.m. EDT",10115,10130,8516,-1599
ISNE,"4/24/2021 8 a.m. EDT",10164,10160,8621,-1543
ISNE,"4/24/2021 9 a.m. EDT",10059,9830,8525,-1534
ISNE,"4/24/2021 10 a.m. EDT",9667,9390,8165,-1502
ISNE,"4/24/2021 11 a.m. EDT",9693,8980,8108,-1585
ISNE,"4/24/2021 12 p.m. EDT",9275,8710,7816,-1459
ISNE,"4/24/2021 1 p.m. EDT",9506,8480,7784,-1722
ISNE,"4/24/2021 2 p.m. EDT",9438,8350,7794,-1644
ISNE,"4/24/2021 3 p.m. EDT",9309,8490,7851,-1458
ISNE,"4/24/2021 4 p.m. EDT",9611,9000,8011,-1600
ISNE,"4/24/2021 5 p.m. EDT",10023,9770,8304,-1719
ISNE,"4/24/2021 6 p.m. EDT",10720,10630,9108,-1612
ISNE,"4/24/2021 7 p.m. EDT",11218,11340,9435,-1783
ISNE,"4/24/2021 8 p.m. EDT",11663,11630,9857,-1806
ISNE,"4/24/2021 9 p.m. EDT",11762,11750,9827,-1935
ISNE,"4/24/2021 10 p.m. EDT",11239,11130,9178,-2061
ISNE,"4/24/2021 11 p.m. EDT",10471,10460,8635,-1836
ISNE,"4/25/2021 12 a.m. EDT",9727,9780,8077,-1650
ISNE,"4/25/2021 1 a.m. EDT",9423,9150,7735,-1688
ISNE,"4/25/2021 2 a.m. EDT",9355,8810,7504,-1851
ISNE,"4/25/2021 3 a.m. EDT",9151,8620,7309,-1842
ISNE,"4/25/2021 4 a.m. EDT",9082,8540,7022,-2060
ISNE,"4/25/2021 5 a.m. EDT",9386,8590,7508,-1878
ISNE,"4/25/2021 6 a.m. EDT",9363,8800,7518,-1845
ISNE,"4/25/2021 7 a.m. EDT",9395,9120,7807,-1588
ISNE,"4/25/2021 8 a.m. EDT",9886,9650,8008,-1878
ISNE,"4/25/2021 9 a.m. EDT",10459,10390,8512,-1947
ISNE,"4/25/2021 10 a.m. EDT",10919,11020,9137,-1782
ISNE,"4/25/2021 11 a.m. EDT",11213,11410,9437,-1776
ISNE,"4/25/2021 12 p.m. EDT",11398,11650,9586,-1812
ISNE,"4/25/2021 1 p.m. EDT",11414,11760,9560,-1854
ISNE,"4/25/2021 2 p.m. EDT",11305,11710,9659,-1646
ISNE,"4/25/2021 3 p.m. EDT",11237,11610,9539,-1698
ISNE,"4/25/2021 4 p.m. EDT",11348,11590,9628,-1720
ISNE,"4/25/2021 5 p.m. EDT",11708,11760,9912,-1796
ISNE,"4/25/2021 6 p.m. EDT",12209,12120,10140,-2069
ISNE,"4/25/2021 7 p.m. EDT",12331,12410,10244,-2087
ISNE,"4/25/2021 8 p.m. EDT",12435,12750,10418,-2017
ISNE,"4/25/2021 9 p.m. EDT",12379,12340,10364,-2015
ISNE,"4/25/2021 10 p.m. EDT",11675,11590,9712,-1963
ISNE,"4/25/2021 11 p.m. EDT",10752,10690,8846,-1906
ISNE,"4/26/2021 12 a.m. EDT",10086,9930,8122,-1964
ISNE,"4/26/2021 1 a.m. EDT",10073,9380,8085,-1988
ISNE,"4/26/2021 2 a.m. EDT",9913,9100,8024,-1889
ISNE,"4/26/2021 3 a.m. EDT",9809,9000,7935,-1874
ISNE,"4/26/2021 4 a.m. EDT",9881,9080,8121,-1760
ISNE,"4/26/2021 5 a.m. EDT",10056,9450,8264,-1792
ISNE,"4/26/2021 6 a.m. EDT",10569,10310,8626,-1943
ISNE,"4/26/2021 7 a.m. EDT",11465,11460,9676,-1789
ISNE,"4/26/2021 8 a.m. EDT",11990,12030,10346,-1644
ISNE,"4/26/2021 9 a.m. EDT",11599,11490,10020,-1579
ISNE,"4/26/2021 10 a.m. EDT",11130,10890,9582,-1548
ISNE,"4/26/2021 11 a.m. EDT",10878,10280,9515,-1363
ISNE,"4/26/2021 12 p.m. EDT",10446,9890,9327,-1119
ISNE,"4/26/2021 1 p.m. EDT",10307,9700,9209,-1098
ISNE,"4/26/2021 2 p.m. EDT",9937,9500,8688,-1249
ISNE,"4/26/2021 3 p.m. EDT",9981,9500,8723,-1258
ISNE,"4/26/2021 4 p.m. EDT",9866,9630,8669,-1197
ISNE,"4/26/2021 5 p.m. EDT",10547,10450,9374,-1173
ISNE,"4/26/2021 6 p.m. EDT",11704,11710,10475,-1229
ISNE,"4/26/2021 7 p.m. EDT",12617,12590,11046,-1571
ISNE,"4/26/2021 8 p.m. EDT",13066,13000,11495,-1571
ISNE,"4/26/2021 9 p.m. EDT",13176,12790,11399,-1777
ISNE,"4/26/2021 10 p.m. EDT",12421,12060,10739,-1682
ISNE,"4/26/2021 11 p.m. EDT",11412,11050,9661,-1751
ISNE,"4/27/2021 12 a.m. EDT",10508,10220,8768,-1740
ISNE,"4/27/2021 1 a.m. EDT",10195,9910,9065,-1130
ISNE,"4/27/2021 2 a.m. EDT",9925,9630,8843,-1082
ISNE,"4/27/2021 3 a.m. EDT",9818,9530,8574,-1244
ISNE,"4/27/2021 4 a.m. EDT",9850,9570,8742,-1108
ISNE,"4/27/2021 5 a.m. EDT",10133,9870,8985,-1148
ISNE,"4/27/2021 6 a.m. EDT",10833,10620,9381,-1452
ISNE,"4/27/2021 7 a.m. EDT",11849,11790,10605,-1244
ISNE,"4/27/2021 8 a.m. EDT",12585,12590,11486,-1099
ISNE,"4/27/2021 9 a.m. EDT",12751,12730,11705,-1046
ISNE,"4/27/2021 10 a.m. EDT",12556,12540,11457,-1099
ISNE,"4/27/2021 11 a.m. EDT",12161,12140,11086,-1075
ISNE,"4/27/2021 12 p.m. EDT",11555,11440,10475,-1080
ISNE,"4/27/2021 1 p.m. EDT",10772,10960,9885,-887
ISNE,"4/27/2021 2 p.m. EDT",10349,10330,9320,-1029
ISNE,"4/27/2021 3 p.m. EDT",9946,10080,8986,-960
ISNE,"4/27/2021 4 p.m. EDT",9999,10280,9191,-808
ISNE,"4/27/2021 5 p.m. EDT",10730,11140,9778,-952
ISNE,"4/27/2021 6 p.m. EDT",11776,11870,10809,-967
ISNE,"4/27/2021 7 p.m. EDT",12485,12660,11223,-1262
ISNE,"4/27/2021 8 p.m. EDT",12869,12960,11640,-1229
ISNE,"4/27/2021 9 p.m. EDT",12957,12840,11741,-1216
ISNE,"4/27/2021 10 p.m. EDT",12200,11970,10796,-1404
ISNE,"4/27/2021 11 p.m. EDT",11133,10930,9567,-1566
ISNE,"4/28/2021 12 a.m. EDT",10206,10130,8716,-1490
ISNE,"4/28/2021 1 a.m. EDT",9868,9590,8418,-1450
ISNE,"4/28/2021 2 a.m. EDT",9771,9240,8170,-1601
ISNE,"4/28/2021 3 a.m. EDT",9842,9080,8297,-1545
ISNE,"4/28/2021 4 a.m. EDT",9845,9050,8323,-1522
ISNE,"4/28/2021 5 a.m. EDT",10088,9300,8389,-1699
ISNE,"4/28/2021 6 a.m. EDT",10409,10040,8904,-1505
ISNE,"4/28/2021 7 a.m. EDT",11121,11130,9748,-1373
ISNE,"4/28/2021 8 a.m. EDT",11988,11960,10597,-1391
ISNE,"4/28/2021 9 a.m. EDT",12170,12030,10818,-1352
ISNE,"4/28/2021 10 a.m. EDT",11700,11700,10583,-1117
ISNE,"4/28/2021 11 a.m. EDT",10945,11570,9969,-976
ISNE,"4/28/2021 12 p.m. EDT",10843,11450,9765,-1078
ISNE,"4/28/2021 1 p.m. EDT",10882,11440,10188,-694
ISNE,"4/28/2021 2 p.m. EDT",10995,11490,10028,-967
ISNE,"4/28/2021 3 p.m. EDT",11973,11690,11021,-952
ISNE,"4/28/2021 4 p.m. EDT",11484,11970,10646,-838
ISNE,"4/28/2021 5 p.m. EDT",12029,12430,10998,-1031
ISNE,"4/28/2021 6 p.m. EDT",12780,12920,11646,-1134
ISNE,"4/28/2021 7 p.m. EDT",13119,13240,11990,-1129
ISNE,"4/28/2021 8 p.m. EDT",13236,13300,12172,-1064
ISNE,"4/28/2021 9 p.m. EDT",12971,13190,11965,-1006
ISNE,"4/28/2021 10 p.m. EDT",12141,12370,11172,-969
ISNE,"4/28/2021 11 p.m. EDT",11144,11250,10025,-1119
ISNE,"4/29/2021 12 a.m. EDT",10246,10290,8692,-1554
ISNE,"4/29/2021 1 a.m. EDT",9948,9560,8861,-1087
ISNE,"4/29/2021 2 a.m. EDT",9882,9200,8686,-1196
ISNE,"4/29/2021 3 a.m. EDT",9811,9010,8779,-1032
ISNE,"4/29/2021 4 a.m. EDT",9775,8990,8624,-1151
ISNE,"4/29/2021 5 a.m. EDT",10004,9230,8711,-1293
ISNE,"4/29/2021 6 a.m. EDT",10580,9940,9133,-1447
ISNE,"4/29/2021 7 a.m. EDT",11095,11170,10010,-1085
ISNE,"4/29/2021 8 a.m. EDT",11969,12150,11394,-575
ISNE,"4/29/2021 9 a.m. EDT",12462,12520,12042,-420
ISNE,"4/29/2021 10 a.m. EDT",12762,12690,12499,-263
ISNE,"4/29/2021 11 a.m. EDT",12982,12870,12605,-377
ISNE,"4/29/2021 12 p.m. EDT",13141,12910,12615,-526
ISNE,"4/29/2021 1 p.m. EDT",13184,12850,12625,-559
ISNE,"4/29/2021 2 p.m. EDT",13306,12860,12766,-540
ISNE,"4/29/2021 3 p.m. EDT",13181,12810,12518,-663
ISNE,"4/29/2021 4 p.m. EDT",13090,12740,12439,-651
ISNE,"4/29/2021 5 p.m. EDT",13288,12870,12681,-607
ISNE,"4/29/2021 6 p.m. EDT",13642,13230,13100,-542
ISNE,"4/29/2021 7 p.m. EDT",13673,13280,12914,-759
ISNE,"4/29/2021 8 p.m. EDT",13556,13390,12935,-621
ISNE,"4/29/2021 9 p.m. EDT",13176,13090,12636,-540
ISNE,"4/29/2021 10 p.m. EDT",12347,12280,11840,-507
ISNE,"4/29/2021 11 p.m. EDT",11337,11230,10475,-862
ISNE,"4/30/2021 12 a.m. EDT",10408,10290,9367,-1041
ISNE,"4/30/2021 1 a.m. EDT",9986,9740,8770,-1216
ISNE,"4/30/2021 2 a.m. EDT",9852,9350,8465,-1387
ISNE,"4/30/2021 3 a.m. EDT",9679,9160,8432,-1247
ISNE,"4/30/2021 4 a.m. EDT",9624,9120,8389,-1235
ISNE,"4/30/2021 5 a.m. EDT",9826,9300,8495,-1331
ISNE,"4/30/2021 6 a.m. EDT",10392,9960,8836,-1556
ISNE,"4/30/2021 7 a.m. EDT",11358,10970,9474,-1884
ISNE,"4/30/2021 8 a.m. EDT",11871,11730,10180,-1691
ISNE,"4/30/2021 9 a.m. EDT",11823,11640,10037,-1786
ISNE,"4/30/2021 10 a.m. EDT",12114,11840,10440,-1674
ISNE,"4/30/2021 11 a.m. EDT",12331,11820,10542,-1789
ISNE,"4/30/2021 12 p.m. EDT",12178,11760,10527,-1651
ISNE,"4/30/2021 1 p.m. EDT",11709,11690,10024,-1685
ISNE,"4/30/2021 2 p.m. EDT",11472,11580,9650,-1822
ISNE,"4/30/2021 3 p.m. EDT",11100,11590,9339,-1761
ISNE,"4/30/2021 4 p.m. EDT",10966,11610,9337,-1629
ISNE,"4/30/2021 5 p.m. EDT",11304,11670,9818,-1486
ISNE,"4/30/2021 6 p.m. EDT",11787,11760,10019,-1768
ISNE,"4/30/2021 7 p.m. EDT",12262,12090,10505,-1757
ISNE,"4/30/2021 8 p.m. EDT",12525,12450,10866,-1659
ISNE,"4/30/2021 9 p.m. EDT",12569,12430,10994,-1575
ISNE,"4/30/2021 10 p.m. EDT",11992,11850,10114,-1878
ISNE,"4/30/2021 11 p.m. EDT",11241,11060,9313,-1928
ISNE,"5/1/2021 12 a.m. EDT",10805,10230,8782,-2023
