"BA Code","Timestamp (Hour Ending)","Demand (MWh)","Demand Forecast (MWh)","Net Generation (MWh)","Total Interchange (MWh)"
ISNE,"1/1/2017 12 a.m. EST",12670,12770,9543,-3127
ISNE,"1/1/2017 1 a.m. EST",12269,11860,9120,-3149
ISNE,"1/1/2017 2 a.m. EST",11824,11230,8867,-2957
ISNE,"1/1/2017 3 a.m. EST",11791,10930,8609,-3182
ISNE,"1/1/2017 4 a.m. EST",11871,10700,8477,-3394
ISNE,"1/1/2017 5 a.m. EST",11818,10660,8560,-3258
ISNE,"1/1/2017 6 a.m. EST",11986,10860,8676,-3310
ISNE,"1/1/2017 7 a.m. EST",12355,11280,9054,-3301
ISNE,"1/1/2017 8 a.m. EST",12257,11620,9033,-3224
ISNE,"1/1/2017 9 a.m. EST",12191,12260,9128,-3063
ISNE,"1/1/2017 10 a.m. EST",12406,12810,9455,-2951
ISNE,"1/1/2017 11 a.m. EST",12633,13170,9230,-3403
ISNE,"1/1/2017 12 p.m. EST",12566,13340,9283,-3283
ISNE,"1/1/2017 1 p.m. EST",12584,13410,9410,-3174
ISNE,"1/1/2017 2 p.m. EST",12611,13310,9500,-3111
ISNE,"1/1/2017 3 p.m. EST",12785,13340,9615,-3170
ISNE,"1/1/2017 4 p.m. EST",13202,13630,10004,-3198
ISNE,"1/1/2017 5 p.m. EST",14373,14970,10822,-3551
ISNE,"1/1/2017 6 p.m. EST",15558,16250,12094,-3464
ISNE,"1/1/2017 7 p.m. EST",15537,16040,12021,-3516
ISNE,"1/1/2017 8 p.m. EST",15230,15580,11628,-3602
ISNE,"1/1/2017 9 p.m. EST",14808,15140,11186,-3622
ISNE,"1/1/2017 10 p.m. EST",14191,14340,10667,-3524
ISNE,"1/1/2017 11 p.m. EST",13346,13350,9657,-3689
ISNE,"1/2/2017 12 a.m. EST",12516,12300,8695,-3821
ISNE,"1/2/2017 1 a.m. EST",12317,11400,8899,-3418
ISNE,"1/2/2017 2 a.m. EST",12043,10890,9101,-2942
ISNE,"1/2/2017 3 a.m. EST",12066,10620,9004,-3062
ISNE,"1/2/2017 4 a.m. EST",12079,10570,8872,-3207
ISNE,"1/2/2017 5 a.m. EST",12292,10660,8931,-3361
ISNE,"1/2/2017 6 a.m. EST",12562,12460,9342,-3220
ISNE,"1/2/2017 7 a.m. EST",12842,13960,9715,-3127
ISNE,"1/2/2017 8 a.m. EST",13435,14870,10347,-3088
ISNE,"1/2/2017 9 a.m. EST",14029,15020,11001,-3028
ISNE,"1/2/2017 10 a.m. EST",14589,15170,11613,-2976
ISNE,"1/2/2017 11 a.m. EST",14916,15180,11676,-3240
ISNE,"1/2/2017 12 p.m. EST",14999,15150,11596,-3403
ISNE,"1/2/2017 1 p.m. EST",14997,15120,11582,-3415
ISNE,"1/2/2017 2 p.m. EST",14974,15030,11428,-3546
ISNE,"1/2/2017 3 p.m. EST",14975,15090,11233,-3742
ISNE,"1/2/2017 4 p.m. EST",15218,15380,11701,-3517
ISNE,"1/2/2017 5 p.m. EST",16268,16510,12566,-3702
ISNE,"1/2/2017 6 p.m. EST",17232,17500,13569,-3663
ISNE,"1/2/2017 7 p.m. EST",16979,17350,13319,-3660
ISNE,"1/2/2017 8 p.m. EST",16460,16830,12815,-3645
ISNE,"1/2/2017 9 p.m. EST",15749,16130,12077,-3672
ISNE,"1/2/2017 10 p.m. EST",14706,15150,10849,-3857
ISNE,"1/2/2017 11 p.m. EST",13381,13870,9911,-3470
ISNE,"1/3/2017 12 a.m. EST",12248,12710,8829,-3419
ISNE,"1/3/2017 1 a.m. EST",11905,11830,8592,-3313
ISNE,"1/3/2017 2 a.m. EST",12050,11370,8502,-3548
ISNE,"1/3/2017 3 a.m. EST",12077,11100,8583,-3494
ISNE,"1/3/2017 4 a.m. EST",11909,11080,8803,-3106
ISNE,"1/3/2017 5 a.m. EST",12012,11390,8983,-3029
ISNE,"1/3/2017 6 a.m. EST",12625,12110,9851,-2774
ISNE,"1/3/2017 7 a.m. EST",14115,13670,11455,-2660
ISNE,"1/3/2017 8 a.m. EST",15220,14670,12542,-2678
ISNE,"1/3/2017 9 a.m. EST",15484,15130,12386,-3098
ISNE,"1/3/2017 10 a.m. EST",15649,15310,12394,-3255
ISNE,"1/3/2017 11 a.m. EST",15835,15490,12573,-3262
ISNE,"1/3/2017 12 p.m. EST",15917,15580,12438,-3479
ISNE,"1/3/2017 1 p.m. EST",15919,15480,12332,-3587
ISNE,"1/3/2017 2 p.m. EST",15938,15570,12307,-3631
ISNE,"1/3/2017 3 p.m. EST",15890,15570,12225,-3665
ISNE,"1/3/2017 4 p.m. EST",16046,15800,12427,-3619
ISNE,"1/3/2017 5 p.m. EST",16914,16800,13319,-3595
ISNE,"1/3/2017 6 p.m. EST",17574,17690,14027,-3547
ISNE,"1/3/2017 7 p.m. EST",17372,17280,13797,-3575
ISNE,"1/3/2017 8 p.m. EST",16827,16700,13204,-3623
ISNE,"1/3/2017 9 p.m. EST",16059,15940,12367,-3692
ISNE,"1/3/2017 10 p.m. EST",14932,14810,11114,-3818
ISNE,"1/3/2017 11 p.m. EST",13620,13420,9788,-3832
ISNE,"1/4/2017 12 a.m. EST",13092,12260,9583,-3509
ISNE,"1/4/2017 1 a.m. EST",12613,11490,9139,-3474
ISNE,"1/4/2017 2 a.m. EST",12359,10990,9197,-3162
ISNE,"1/4/2017 3 a.m. EST",12146,10730,8824,-3322
ISNE,"1/4/2017 4 a.m. EST",12138,10650,8832,-3306
ISNE,"1/4/2017 5 a.m. EST",12425,10990,9053,-3372
ISNE,"1/4/2017 6 a.m. EST",12929,12100,9529,-3400
ISNE,"1/4/2017 7 a.m. EST",14025,13810,10648,-3377
ISNE,"1/4/2017 8 a.m. EST",14991,14930,11694,-3297
ISNE,"1/4/2017 9 a.m. EST",15158,15000,11762,-3396
ISNE,"1/4/2017 10 a.m. EST",15109,14980,11608,-3501
ISNE,"1/4/2017 11 a.m. EST",15059,14880,11576,-3483
ISNE,"1/4/2017 12 p.m. EST",14983,14780,11371,-3612
ISNE,"1/4/2017 1 p.m. EST",14941,14730,11393,-3548
ISNE,"1/4/2017 2 p.m. EST",14976,14630,11386,-3590
ISNE,"1/4/2017 3 p.m. EST",14840,14760,11205,-3635
ISNE,"1/4/2017 4 p.m. EST",14969,15010,11426,-3543
ISNE,"1/4/2017 5 p.m. EST",15915,15980,12240,-3675
ISNE,"1/4/2017 6 p.m. EST",16972,16980,13323,-3649
ISNE,"1/4/2017 7 p.m. EST",16943,16940,13304,-3639
ISNE,"1/4/2017 8 p.m. EST",16538,16570,12975,-3563
ISNE,"1/4/2017 9 p.m. EST",15991,15990,12398,-3593
ISNE,"1/4/2017 10 p.m. EST",15033,15070,11459,-3574
ISNE,"1/4/2017 11 p.m. EST",13808,13860,10288,-3520
ISNE,"1/5/2017 12 a.m. EST",13115,12760,9835,-3280
ISNE,"1/5/2017 1 a.m. EST",12931,12000,9412,-3519
ISNE,"1/5/2017 2 a.m. EST",12781,11620,9218,-3563
ISNE,"1/5/2017 3 a.m. EST",12311,11510,9054,-3257
ISNE,"1/5/2017 4 a.m. EST",12124,11590,9030,-3094
ISNE,"1/5/2017 5 a.m. EST",12499,12030,9388,-3111
ISNE,"1/5/2017 6 a.m. EST",13382,13260,10053,-3329
ISNE,"1/5/2017 7 a.m. EST",15063,15220,11544,-3519
ISNE,"1/5/2017 8 a.m. EST",16152,16140,12629,-3523
ISNE,"1/5/2017 9 a.m. EST",16104,16010,12563,-3541
ISNE,"1/5/2017 10 a.m. EST",15798,15710,12272,-3526
ISNE,"1/5/2017 11 a.m. EST",15640,15460,12050,-3590
ISNE,"1/5/2017 12 p.m. EST",15532,15350,12000,-3532
ISNE,"1/5/2017 1 p.m. EST",15610,15330,11880,-3730
ISNE,"1/5/2017 2 p.m. EST",15531,15360,11766,-3765
ISNE,"1/5/2017 3 p.m. EST",15542,15440,11711,-3831
ISNE,"1/5/2017 4 p.m. EST",15978,15800,12153,-3825
ISNE,"1/5/2017 5 p.m. EST",17010,16840,13079,-3931
ISNE,"1/5/2017 6 p.m. EST",18085,18060,14246,-3839
ISNE,"1/5/2017 7 p.m. EST",18041,17890,14216,-3825
ISNE,"1/5/2017 8 p.m. EST",17631,17470,13830,-3801
ISNE,"1/5/2017 9 p.m. EST",16969,16870,13234,-3735
ISNE,"1/5/2017 10 p.m. EST",15947,15800,12226,-3721
ISNE,"1/5/2017 11 p.m. EST",14612,14420,10916,-3696
ISNE,"1/6/2017 12 a.m. EST",13390,13230,9870,-3520
ISNE,"1/6/2017 1 a.m. EST",13054,12470,9266,-3788
ISNE,"1/6/2017 2 a.m. EST",12811,12010,9037,-3774
ISNE,"1/6/2017 3 a.m. EST",12799,11790,8938,-3861
ISNE,"1/6/2017 4 a.m. EST",12806,11830,9029,-3777
ISNE,"1/6/2017 5 a.m. EST",13147,12240,9239,-3908
ISNE,"1/6/2017 6 a.m. EST",14017,13250,10326,-3691
ISNE,"1/6/2017 7 a.m. EST",15108,15040,11767,-3341
ISNE,"1/6/2017 8 a.m. EST",16289,16090,12858,-3431
ISNE,"1/6/2017 9 a.m. EST",16514,16320,12968,-3546
ISNE,"1/6/2017 10 a.m. EST",16588,16240,12816,-3772
ISNE,"1/6/2017 11 a.m. EST",16539,16170,12806,-3733
ISNE,"1/6/2017 12 p.m. EST",16296,16030,12594,-3702
ISNE,"1/6/2017 1 p.m. EST",16012,15730,12355,-3657
ISNE,"1/6/2017 2 p.m. EST",15872,15780,12219,-3653
ISNE,"1/6/2017 3 p.m. EST",15849,15730,12201,-3648
ISNE,"1/6/2017 4 p.m. EST",16054,15940,12609,-3445
ISNE,"1/6/2017 5 p.m. EST",16845,16890,13369,-3476
ISNE,"1/6/2017 6 p.m. EST",17756,17960,14297,-3459
ISNE,"1/6/2017 7 p.m. EST",17596,17740,14031,-3565
ISNE,"1/6/2017 8 p.m. EST",17129,17310,13521,-3608
ISNE,"1/6/2017 9 p.m. EST",16593,16680,13070,-3523
ISNE,"1/6/2017 10 p.m. EST",15844,15820,12493,-3351
ISNE,"1/6/2017 11 p.m. EST",14860,14750,11641,-3219
ISNE,"1/7/2017 12 a.m. EST",14028,13670,10757,-3271
ISNE,"1/7/2017 1 a.m. EST",13639,12950,10463,-3176
ISNE,"1/7/2017 2 a.m. EST",13208,12520,10294,-2914
ISNE,"1/7/2017 3 a.m. EST",13207,12290,10208,-2999
ISNE,"1/7/2017 4 a.m. EST",13176,12270,10122,-3054
ISNE,"1/7/2017 5 a.m. EST",13128,12560,10182,-2946
ISNE,"1/7/2017 6 a.m. EST",12950,12980,10502,-2448
ISNE,"1/7/2017 7 a.m. EST",13650,13680,11126,-2524
ISNE,"1/7/2017 8 a.m. EST",14487,14530,12029,-2458
ISNE,"1/7/2017 9 a.m. EST",15369,15390,12714,-2655
ISNE,"1/7/2017 10 a.m. EST",16029,16010,13334,-2695
ISNE,"1/7/2017 11 a.m. EST",16463,16240,13948,-2515
ISNE,"1/7/2017 12 p.m. EST",16752,16220,14185,-2567
ISNE,"1/7/2017 1 p.m. EST",16912,16200,14010,-2902
ISNE,"1/7/2017 2 p.m. EST",16912,16140,13903,-3009
ISNE,"1/7/2017 3 p.m. EST",16881,16180,13941,-2940
ISNE,"1/7/2017 4 p.m. EST",16989,16420,14133,-2856
ISNE,"1/7/2017 5 p.m. EST",17713,17230,14966,-2747
ISNE,"1/7/2017 6 p.m. EST",18513,17850,15541,-2972
ISNE,"1/7/2017 7 p.m. EST",18304,17670,15485,-2819
ISNE,"1/7/2017 8 p.m. EST",17706,17090,14979,-2727
ISNE,"1/7/2017 9 p.m. EST",17047,16440,14387,-2660
ISNE,"1/7/2017 10 p.m. EST",16216,15690,13537,-2679
ISNE,"1/7/2017 11 p.m. EST",15196,14780,12839,-2357
ISNE,"1/8/2017 12 a.m. EST",14207,13860,11580,-2627
ISNE,"1/8/2017 1 a.m. EST",13431,13260,10667,-2764
ISNE,"1/8/2017 2 a.m. EST",13211,12890,10603,-2608
ISNE,"1/8/2017 3 a.m. EST",13228,12680,10602,-2626
ISNE,"1/8/2017 4 a.m. EST",13474,12610,10768,-2706
ISNE,"1/8/2017 5 a.m. EST",13656,12860,10844,-2812
ISNE,"1/8/2017 6 a.m. EST",13728,13060,10952,-2776
ISNE,"1/8/2017 7 a.m. EST",14042,13830,11102,-2940
ISNE,"1/8/2017 8 a.m. EST",14441,14240,11568,-2873
ISNE,"1/8/2017 9 a.m. EST",15176,14860,12248,-2928
ISNE,"1/8/2017 10 a.m. EST",15683,15410,12736,-2947
ISNE,"1/8/2017 11 a.m. EST",15942,15530,12920,-3022
ISNE,"1/8/2017 12 p.m. EST",16063,15620,12995,-3068
ISNE,"1/8/2017 1 p.m. EST",16064,15650,12983,-3081
ISNE,"1/8/2017 2 p.m. EST",15988,15510,13013,-2975
ISNE,"1/8/2017 3 p.m. EST",15933,15650,13048,-2885
ISNE,"1/8/2017 4 p.m. EST",16196,16050,13519,-2677
ISNE,"1/8/2017 5 p.m. EST",17259,17140,14543,-2716
ISNE,"1/8/2017 6 p.m. EST",18467,18450,15816,-2651
ISNE,"1/8/2017 7 p.m. EST",18441,18410,15704,-2737
ISNE,"1/8/2017 8 p.m. EST",18001,18010,15278,-2723
ISNE,"1/8/2017 9 p.m. EST",17417,17330,14623,-2794
ISNE,"1/8/2017 10 p.m. EST",16449,16350,13842,-2607
ISNE,"1/8/2017 11 p.m. EST",15295,15200,12894,-2401
ISNE,"1/9/2017 12 a.m. EST",14337,14150,11625,-2712
ISNE,"1/9/2017 1 a.m. EST",14020,13650,11266,-2754
ISNE,"1/9/2017 2 a.m. EST",14244,13350,11512,-2732
ISNE,"1/9/2017 3 a.m. EST",14233,13220,11448,-2785
ISNE,"1/9/2017 4 a.m. EST",14337,13320,11633,-2704
ISNE,"1/9/2017 5 a.m. EST",14751,13970,12154,-2597
ISNE,"1/9/2017 6 a.m. EST",15660,15040,13005,-2655
ISNE,"1/9/2017 7 a.m. EST",17074,16890,14469,-2605
ISNE,"1/9/2017 8 a.m. EST",18210,17960,15672,-2538
ISNE,"1/9/2017 9 a.m. EST",18313,17850,15741,-2572
ISNE,"1/9/2017 10 a.m. EST",18241,17810,15405,-2836
ISNE,"1/9/2017 11 a.m. EST",18139,17680,15485,-2654
ISNE,"1/9/2017 12 p.m. EST",17991,17650,15399,-2592
ISNE,"1/9/2017 1 p.m. EST",17847,17540,15159,-2688
ISNE,"1/9/2017 2 p.m. EST",17789,17450,15088,-2701
ISNE,"1/9/2017 3 p.m. EST",17657,17280,15014,-2643
ISNE,"1/9/2017 4 p.m. EST",17696,17470,14848,-2848
ISNE,"1/9/2017 5 p.m. EST",18437,18400,15642,-2795
ISNE,"1/9/2017 6 p.m. EST",19577,19690,16920,-2657
ISNE,"1/9/2017 7 p.m. EST",19572,19700,17028,-2544
ISNE,"1/9/2017 8 p.m. EST",19169,19160,16653,-2516
ISNE,"1/9/2017 9 p.m. EST",18498,18360,16037,-2461
ISNE,"1/9/2017 10 p.m. EST",17397,17120,14901,-2496
ISNE,"1/9/2017 11 p.m. EST",16037,15760,13517,-2520
ISNE,"1/10/2017 12 a.m. EST",14870,14470,12275,-2595
ISNE,"1/10/2017 1 a.m. EST",14136,13700,11258,-2878
ISNE,"1/10/2017 2 a.m. EST",13738,13290,10831,-2907
ISNE,"1/10/2017 3 a.m. EST",13576,13160,10741,-2835
ISNE,"1/10/2017 4 a.m. EST",13634,13150,10778,-2856
ISNE,"1/10/2017 5 a.m. EST",14001,13570,11225,-2776
ISNE,"1/10/2017 6 a.m. EST",15072,15070,12405,-2667
ISNE,"1/10/2017 7 a.m. EST",16941,17030,14526,-2415
ISNE,"1/10/2017 8 a.m. EST",17936,17990,15705,-2231
ISNE,"1/10/2017 9 a.m. EST",18009,17930,15596,-2413
ISNE,"1/10/2017 10 a.m. EST",17861,17670,15509,-2352
ISNE,"1/10/2017 11 a.m. EST",17634,17420,14704,-2930
ISNE,"1/10/2017 12 p.m. EST",17356,17330,14550,-2806
ISNE,"1/10/2017 1 p.m. EST",16969,17120,14128,-2841
ISNE,"1/10/2017 2 p.m. EST",16730,17060,13741,-2989
ISNE,"1/10/2017 3 p.m. EST",16598,16990,13602,-2996
ISNE,"1/10/2017 4 p.m. EST",16734,17160,13665,-3069
ISNE,"1/10/2017 5 p.m. EST",17520,18050,14346,-3174
ISNE,"1/10/2017 6 p.m. EST",18409,19100,14980,-3429
ISNE,"1/10/2017 7 p.m. EST",18239,18840,14727,-3512
ISNE,"1/10/2017 8 p.m. EST",17703,18140,14256,-3447
ISNE,"1/10/2017 9 p.m. EST",16949,17310,13636,-3313
ISNE,"1/10/2017 10 p.m. EST",15783,16040,12323,-3460
ISNE,"1/10/2017 11 p.m. EST",14405,14570,11084,-3321
ISNE,"1/11/2017 12 a.m. EST",13368,13340,9943,-3425
ISNE,"1/11/2017 1 a.m. EST",12675,12530,9375,-3300
ISNE,"1/11/2017 2 a.m. EST",12799,11900,9357,-3442
ISNE,"1/11/2017 3 a.m. EST",12819,11670,9364,-3455
ISNE,"1/11/2017 4 a.m. EST",12777,11610,9379,-3398
ISNE,"1/11/2017 5 a.m. EST",13051,11650,9594,-3457
ISNE,"1/11/2017 6 a.m. EST",13515,12750,10198,-3317
ISNE,"1/11/2017 7 a.m. EST",14805,14430,11492,-3313
ISNE,"1/11/2017 8 a.m. EST",15459,15570,11907,-3552
ISNE,"1/11/2017 9 a.m. EST",15311,15530,11793,-3518
ISNE,"1/11/2017 10 a.m. EST",14943,15380,11661,-3282
ISNE,"1/11/2017 11 a.m. EST",14666,15050,11528,-3138
ISNE,"1/11/2017 12 p.m. EST",14410,14770,11644,-2766
ISNE,"1/11/2017 1 p.m. EST",14272,14570,11539,-2733
ISNE,"1/11/2017 2 p.m. EST",14444,14590,11406,-3038
ISNE,"1/11/2017 3 p.m. EST",14661,14800,11687,-2974
ISNE,"1/11/2017 4 p.m. EST",14892,15060,11785,-3107
ISNE,"1/11/2017 5 p.m. EST",15560,16100,12432,-3128
ISNE,"1/11/2017 6 p.m. EST",16685,17160,13191,-3494
ISNE,"1/11/2017 7 p.m. EST",16654,17100,13364,-3290
ISNE,"1/11/2017 8 p.m. EST",16222,16700,12850,-3372
ISNE,"1/11/2017 9 p.m. EST",15598,16010,12292,-3306
ISNE,"1/11/2017 10 p.m. EST",14596,14900,11387,-3209
ISNE,"1/11/2017 11 p.m. EST",13310,13630,10303,-3007
ISNE,"1/12/2017 12 a.m. EST",12993,12480,10173,-2820
ISNE,"1/12/2017 1 a.m. EST",11922,11510,9182,-2740
ISNE,"1/12/2017 2 a.m. EST",11233,11060,8654,-2579
ISNE,"1/12/2017 3 a.m. EST",11064,10780,8531,-2533
ISNE,"1/12/2017 4 a.m. EST",11201,10740,8569,-2632
ISNE,"1/12/2017 5 a.m. EST",11387,11000,8603,-2784
ISNE,"1/12/2017 6 a.m. EST",12151,11850,9234,-2917
ISNE,"1/12/2017 7 a.m. EST",13622,13660,10868,-2754
ISNE,"1/12/2017 8 a.m. EST",14747,14760,12033,-2714
ISNE,"1/12/2017 9 a.m. EST",14842,14870,12085,-2757
ISNE,"1/12/2017 10 a.m. EST",14829,14900,12791,-2038
ISNE,"1/12/2017 11 a.m. EST",14673,15050,12740,-1933
ISNE,"1/12/2017 12 p.m. EST",14546,15060,11229,-3317
ISNE,"1/12/2017 1 p.m. EST",14495,15110,11558,-2937
ISNE,"1/12/2017 2 p.m. EST",14532,15120,11755,-2777
ISNE,"1/12/2017 3 p.m. EST",14485,15030,11738,-2747
ISNE,"1/12/2017 4 p.m. EST",14689,15300,11646,-3043
ISNE,"1/12/2017 5 p.m. EST",15400,16070,12785,-2615
ISNE,"1/12/2017 6 p.m. EST",16213,16780,13496,-2717
ISNE,"1/12/2017 7 p.m. EST",16069,16520,13339,-2730
ISNE,"1/12/2017 8 p.m. EST",15601,16000,12629,-2972
ISNE,"1/12/2017 9 p.m. EST",14942,15240,12170,-2772
ISNE,"1/12/2017 10 p.m. EST",13966,14180,11037,-2929
ISNE,"1/12/2017 11 p.m. EST",12824,12830,10056,-2768
ISNE,"1/13/2017 12 a.m. EST",12075,11610,9834,-2241
ISNE,"1/13/2017 1 a.m. EST",11716,10800,9843,-1873
ISNE,"1/13/2017 2 a.m. EST",11641,10410,9849,-1792
ISNE,"1/13/2017 3 a.m. EST",11479,10160,9780,-1699
ISNE,"1/13/2017 4 a.m. EST",11459,10170,9848,-1611
ISNE,"1/13/2017 5 a.m. EST",11738,10540,9989,-1749
ISNE,"1/13/2017 6 a.m. EST",12482,11510,10240,-2242
ISNE,"1/13/2017 7 a.m. EST",13361,13210,10812,-2549
ISNE,"1/13/2017 8 a.m. EST",14376,14450,11367,-3009
ISNE,"1/13/2017 9 a.m. EST",14412,14500,11404,-3008
ISNE,"1/13/2017 10 a.m. EST",14170,14250,11248,-2922
ISNE,"1/13/2017 11 a.m. EST",14037,14040,11247,-2790
ISNE,"1/13/2017 12 p.m. EST",13859,13910,11324,-2535
ISNE,"1/13/2017 1 p.m. EST",13714,13840,11033,-2681
ISNE,"1/13/2017 2 p.m. EST",13761,13860,11348,-2413
ISNE,"1/13/2017 3 p.m. EST",13995,14070,11658,-2337
ISNE,"1/13/2017 4 p.m. EST",14478,14340,12256,-2222
ISNE,"1/13/2017 5 p.m. EST",15473,15430,12948,-2525
ISNE,"1/13/2017 6 p.m. EST",16577,16850,13464,-3113
ISNE,"1/13/2017 7 p.m. EST",16526,16700,13569,-2957
ISNE,"1/13/2017 8 p.m. EST",16183,16150,13325,-2858
ISNE,"1/13/2017 9 p.m. EST",15726,15630,13092,-2634
ISNE,"1/13/2017 10 p.m. EST",15048,14920,12624,-2424
ISNE,"1/13/2017 11 p.m. EST",14138,13980,12072,-2066
ISNE,"1/14/2017 12 a.m. EST",13180,13020,11245,-1935
ISNE,"1/14/2017 1 a.m. EST",12938,12260,10304,-2634
ISNE,"1/14/2017 2 a.m. EST",12849,11830,10072,-2777
ISNE,"1/14/2017 3 a.m. EST",12978,11710,9968,-3010
ISNE,"1/14/2017 4 a.m. EST",12383,11670,9424,-2959
ISNE,"1/14/2017 5 a.m. EST",12303,11720,9880,-2423
ISNE,"1/14/2017 6 a.m. EST",12786,12420,10146,-2640
ISNE,"1/14/2017 7 a.m. EST",13376,13230,10709,-2667
ISNE,"1/14/2017 8 a.m. EST",14160,13910,11254,-2906
ISNE,"1/14/2017 9 a.m. EST",14782,14510,11732,-3050
ISNE,"1/14/2017 10 a.m. EST",15098,14620,12025,-3073
ISNE,"1/14/2017 11 a.m. EST",15016,14650,12144,-2872
ISNE,"1/14/2017 12 p.m. EST",14747,14430,11982,-2765
ISNE,"1/14/2017 1 p.m. EST",14590,14200,11605,-2985
ISNE,"1/14/2017 2 p.m. EST",14654,14060,11621,-3033
ISNE,"1/14/2017 3 p.m. EST",14902,14250,11890,-3012
ISNE,"1/14/2017 4 p.m. EST",15191,14660,11913,-3278
ISNE,"1/14/2017 5 p.m. EST",16024,15630,12981,-3043
ISNE,"1/14/2017 6 p.m. EST",16852,16800,13727,-3125
ISNE,"1/14/2017 7 p.m. EST",16716,16430,13324,-3392
ISNE,"1/14/2017 8 p.m. EST",16254,15990,12695,-3559
ISNE,"1/14/2017 9 p.m. EST",15719,15430,12225,-3494
ISNE,"1/14/2017 10 p.m. EST",14971,14710,11686,-3285
ISNE,"1/14/2017 11 p.m. EST",14139,13790,11034,-3105
ISNE,"1/15/2017 12 a.m. EST",13280,12890,10203,-3077
ISNE,"1/15/2017 1 a.m. EST",12550,12170,9649,-2901
ISNE,"1/15/2017 2 a.m. EST",12361,11690,9559,-2802
ISNE,"1/15/2017 3 a.m. EST",12470,11460,9652,-2818
ISNE,"1/15/2017 4 a.m. EST",12408,11400,9429,-2979
ISNE,"1/15/2017 5 a.m. EST",12597,11470,9545,-3052
ISNE,"1/15/2017 6 a.m. EST",12613,11940,9700,-2913
ISNE,"1/15/2017 7 a.m. EST",12793,12550,9937,-2856
ISNE,"1/15/2017 8 a.m. EST",13359,13080,10599,-2760
ISNE,"1/15/2017 9 a.m. EST",13766,13820,11181,-2585
ISNE,"1/15/2017 10 a.m. EST",13767,14110,11224,-2543
ISNE,"1/15/2017 11 a.m. EST",13675,14070,11088,-2587
ISNE,"1/15/2017 12 p.m. EST",13531,13910,11065,-2466
ISNE,"1/15/2017 1 p.m. EST",13399,13780,10899,-2500
ISNE,"1/15/2017 2 p.m. EST",13278,13630,10696,-2582
ISNE,"1/15/2017 3 p.m. EST",13425,13550,10705,-2720
ISNE,"1/15/2017 4 p.m. EST",13947,13930,10995,-2952
ISNE,"1/15/2017 5 p.m. EST",15035,15310,11867,-3168
ISNE,"1/15/2017 6 p.m. EST",16333,16800,13027,-3306
ISNE,"1/15/2017 7 p.m. EST",16402,16750,13287,-3115
ISNE,"1/15/2017 8 p.m. EST",15947,16400,12882,-3065
ISNE,"1/15/2017 9 p.m. EST",15529,15850,12370,-3159
ISNE,"1/15/2017 10 p.m. EST",14844,14970,11676,-3168
ISNE,"1/15/2017 11 p.m. EST",13940,13900,11085,-2855
ISNE,"1/16/2017 12 a.m. EST",13081,12980,10273,-2808
ISNE,"1/16/2017 1 a.m. EST",12476,12380,10034,-2442
ISNE,"1/16/2017 2 a.m. EST",12400,11940,9877,-2523
ISNE,"1/16/2017 3 a.m. EST",12542,11770,9900,-2642
ISNE,"1/16/2017 4 a.m. EST",12613,11830,10047,-2566
ISNE,"1/16/2017 5 a.m. EST",12724,12200,10265,-2459
ISNE,"1/16/2017 6 a.m. EST",13359,13250,11218,-2141
ISNE,"1/16/2017 7 a.m. EST",14620,14480,12394,-2226
ISNE,"1/16/2017 8 a.m. EST",15580,15110,13676,-1904
ISNE,"1/16/2017 9 a.m. EST",15959,15470,14113,-1846
ISNE,"1/16/2017 10 a.m. EST",15786,15570,13763,-2023
ISNE,"1/16/2017 11 a.m. EST",15510,15550,13186,-2324
ISNE,"1/16/2017 12 p.m. EST",15210,15450,12863,-2347
ISNE,"1/16/2017 1 p.m. EST",14941,15210,12739,-2202
ISNE,"1/16/2017 2 p.m. EST",14837,15140,12536,-2301
ISNE,"1/16/2017 3 p.m. EST",14918,15060,12673,-2245
ISNE,"1/16/2017 4 p.m. EST",15294,15170,12819,-2475
ISNE,"1/16/2017 5 p.m. EST",16224,16080,13556,-2668
ISNE,"1/16/2017 6 p.m. EST",17492,17410,14782,-2710
ISNE,"1/16/2017 7 p.m. EST",17384,17360,14815,-2569
ISNE,"1/16/2017 8 p.m. EST",16887,16890,14373,-2514
ISNE,"1/16/2017 9 p.m. EST",16181,16130,13724,-2457
ISNE,"1/16/2017 10 p.m. EST",15087,15070,12559,-2528
ISNE,"1/16/2017 11 p.m. EST",13781,13820,11468,-2313
ISNE,"1/17/2017 12 a.m. EST",12823,12720,10435,-2388
ISNE,"1/17/2017 1 a.m. EST",13198,12050,9983,-3215
ISNE,"1/17/2017 2 a.m. EST",12912,11650,9572,-3340
ISNE,"1/17/2017 3 a.m. EST",12745,11500,9445,-3300
ISNE,"1/17/2017 4 a.m. EST",12773,11490,9452,-3321
ISNE,"1/17/2017 5 a.m. EST",13136,11900,9773,-3363
ISNE,"1/17/2017 6 a.m. EST",13470,12950,10454,-3016
ISNE,"1/17/2017 7 a.m. EST",14799,14840,12062,-2737
ISNE,"1/17/2017 8 a.m. EST",15849,15820,12914,-2935
ISNE,"1/17/2017 9 a.m. EST",15821,15770,13003,-2818
ISNE,"1/17/2017 10 a.m. EST",15598,15700,12899,-2699
ISNE,"1/17/2017 11 a.m. EST",15406,15590,12805,-2601
ISNE,"1/17/2017 12 p.m. EST",15222,15420,12603,-2619
ISNE,"1/17/2017 1 p.m. EST",14985,15370,12466,-2519
ISNE,"1/17/2017 2 p.m. EST",15185,15480,12734,-2451
ISNE,"1/17/2017 3 p.m. EST",15399,15590,13397,-2002
ISNE,"1/17/2017 4 p.m. EST",15660,15900,13006,-2654
ISNE,"1/17/2017 5 p.m. EST",16385,16620,13434,-2951
ISNE,"1/17/2017 6 p.m. EST",17305,17550,14455,-2850
ISNE,"1/17/2017 7 p.m. EST",17219,17340,14113,-3106
ISNE,"1/17/2017 8 p.m. EST",16750,16850,13820,-2930
ISNE,"1/17/2017 9 p.m. EST",16037,16170,13062,-2975
ISNE,"1/17/2017 10 p.m. EST",14994,15010,12001,-2993
ISNE,"1/17/2017 11 p.m. EST",13680,13670,10918,-2762
ISNE,"1/18/2017 12 a.m. EST",12981,12520,10137,-2844
ISNE,"1/18/2017 1 a.m. EST",12612,11810,9827,-2785
ISNE,"1/18/2017 2 a.m. EST",12371,11360,9821,-2550
ISNE,"1/18/2017 3 a.m. EST",12012,11150,9738,-2274
ISNE,"1/18/2017 4 a.m. EST",11986,11160,9594,-2392
ISNE,"1/18/2017 5 a.m. EST",12198,11490,9788,-2410
ISNE,"1/18/2017 6 a.m. EST",12798,12520,10497,-2301
ISNE,"1/18/2017 7 a.m. EST",14283,14370,12256,-2027
ISNE,"1/18/2017 8 a.m. EST",15426,15480,13445,-1981
ISNE,"1/18/2017 9 a.m. EST",15762,15620,13472,-2290
ISNE,"1/18/2017 10 a.m. EST",15871,15730,13485,-2386
ISNE,"1/18/2017 11 a.m. EST",15985,15840,13647,-2338
ISNE,"1/18/2017 12 p.m. EST",15988,15850,13783,-2205
ISNE,"1/18/2017 1 p.m. EST",15940,15830,13668,-2272
ISNE,"1/18/2017 2 p.m. EST",15896,15790,13602,-2294
ISNE,"1/18/2017 3 p.m. EST",15760,15710,13407,-2353
ISNE,"1/18/2017 4 p.m. EST",15815,15900,13343,-2472
ISNE,"1/18/2017 5 p.m. EST",16438,16590,13987,-2451
ISNE,"1/18/2017 6 p.m. EST",17301,17600,15042,-2259
ISNE,"1/18/2017 7 p.m. EST",17218,17240,14782,-2436
ISNE,"1/18/2017 8 p.m. EST",16742,16800,14295,-2447
ISNE,"1/18/2017 9 p.m. EST",16060,16080,13562,-2498
ISNE,"1/18/2017 10 p.m. EST",15001,14990,12305,-2696
ISNE,"1/18/2017 11 p.m. EST",13694,13630,11263,-2431
ISNE,"1/19/2017 12 a.m. EST",12547,12480,10174,-2373
ISNE,"1/19/2017 1 a.m. EST",12039,11640,9757,-2282
ISNE,"1/19/2017 2 a.m. EST",11923,11220,9463,-2460
ISNE,"1/19/2017 3 a.m. EST",11991,11040,9520,-2471
ISNE,"1/19/2017 4 a.m. EST",11981,11050,9500,-2481
ISNE,"1/19/2017 5 a.m. EST",12164,11380,9463,-2701
ISNE,"1/19/2017 6 a.m. EST",12618,12720,10151,-2467
ISNE,"1/19/2017 7 a.m. EST",14426,14620,12011,-2415
ISNE,"1/19/2017 8 a.m. EST",15472,15510,13397,-2075
ISNE,"1/19/2017 9 a.m. EST",15429,15470,13410,-2019
ISNE,"1/19/2017 10 a.m. EST",15104,15170,13183,-1921
ISNE,"1/19/2017 11 a.m. EST",14842,14890,13014,-1828
ISNE,"1/19/2017 12 p.m. EST",14641,14650,12658,-1983
ISNE,"1/19/2017 1 p.m. EST",14460,14490,12401,-2059
ISNE,"1/19/2017 2 p.m. EST",14550,14470,12537,-2013
ISNE,"1/19/2017 3 p.m. EST",14673,14510,12645,-2028
ISNE,"1/19/2017 4 p.m. EST",14915,14740,13076,-1839
ISNE,"1/19/2017 5 p.m. EST",15635,15620,13899,-1736
ISNE,"1/19/2017 6 p.m. EST",16600,16830,14592,-2008
ISNE,"1/19/2017 7 p.m. EST",16545,16560,14574,-1971
ISNE,"1/19/2017 8 p.m. EST",16141,16290,14326,-1815
ISNE,"1/19/2017 9 p.m. EST",15500,15720,13706,-1794
ISNE,"1/19/2017 10 p.m. EST",14542,14800,12520,-2022
ISNE,"1/19/2017 11 p.m. EST",13269,13540,11295,-1974
ISNE,"1/20/2017 12 a.m. EST",12156,12420,10279,-1877
ISNE,"1/20/2017 1 a.m. EST",11779,11730,9320,-2459
ISNE,"1/20/2017 2 a.m. EST",11725,11310,9175,-2550
ISNE,"1/20/2017 3 a.m. EST",11719,11150,9054,-2665
ISNE,"1/20/2017 4 a.m. EST",11722,11180,9059,-2663
ISNE,"1/20/2017 5 a.m. EST",11816,11540,9208,-2608
ISNE,"1/20/2017 6 a.m. EST",12493,12340,10015,-2478
ISNE,"1/20/2017 7 a.m. EST",14021,14210,11941,-2080
ISNE,"1/20/2017 8 a.m. EST",15134,15250,13212,-1922
ISNE,"1/20/2017 9 a.m. EST",15401,15280,13500,-1901
ISNE,"1/20/2017 10 a.m. EST",15459,15080,13382,-2077
ISNE,"1/20/2017 11 a.m. EST",15484,14960,13172,-2312
ISNE,"1/20/2017 12 p.m. EST",15295,14750,13007,-2288
ISNE,"1/20/2017 1 p.m. EST",15086,14540,12741,-2345
ISNE,"1/20/2017 2 p.m. EST",15199,14510,13021,-2178
ISNE,"1/20/2017 3 p.m. EST",15102,14540,12951,-2151
ISNE,"1/20/2017 4 p.m. EST",15098,14700,12813,-2285
ISNE,"1/20/2017 5 p.m. EST",15600,15460,12870,-2730
ISNE,"1/20/2017 6 p.m. EST",16336,16400,13525,-2811
ISNE,"1/20/2017 7 p.m. EST",16115,16150,13304,-2811
ISNE,"1/20/2017 8 p.m. EST",15599,15680,12855,-2744
ISNE,"1/20/2017 9 p.m. EST",15025,15120,12598,-2427
ISNE,"1/20/2017 10 p.m. EST",14224,14300,11646,-2578
ISNE,"1/20/2017 11 p.m. EST",13200,13280,10571,-2629
ISNE,"1/21/2017 12 a.m. EST",12252,12250,9925,-2327
ISNE,"1/21/2017 1 a.m. EST",11720,11460,9461,-2259
ISNE,"1/21/2017 2 a.m. EST",11483,11000,9256,-2227
ISNE,"1/21/2017 3 a.m. EST",11449,10750,9068,-2381
ISNE,"1/21/2017 4 a.m. EST",11345,10660,9028,-2317
ISNE,"1/21/2017 5 a.m. EST",11417,10730,8881,-2536
ISNE,"1/21/2017 6 a.m. EST",11529,11100,8952,-2577
ISNE,"1/21/2017 7 a.m. EST",12007,11940,9233,-2774
ISNE,"1/21/2017 8 a.m. EST",12515,12730,9882,-2633
ISNE,"1/21/2017 9 a.m. EST",13308,13410,10730,-2578
ISNE,"1/21/2017 10 a.m. EST",13848,13780,11153,-2695
ISNE,"1/21/2017 11 a.m. EST",13992,13880,11494,-2498
ISNE,"1/21/2017 12 p.m. EST",13693,13690,11202,-2491
ISNE,"1/21/2017 1 p.m. EST",13171,13530,10847,-2324
ISNE,"1/21/2017 2 p.m. EST",12731,13380,10384,-2347
ISNE,"1/21/2017 3 p.m. EST",12656,13300,10333,-2323
ISNE,"1/21/2017 4 p.m. EST",12953,13490,10531,-2422
ISNE,"1/21/2017 5 p.m. EST",13644,14180,11079,-2565
ISNE,"1/21/2017 6 p.m. EST",14784,15200,12343,-2441
ISNE,"1/21/2017 7 p.m. EST",14753,15000,12244,-2509
ISNE,"1/21/2017 8 p.m. EST",14319,14490,11845,-2474
ISNE,"1/21/2017 9 p.m. EST",13827,13990,11209,-2618
ISNE,"1/21/2017 10 p.m. EST",13197,13310,10370,-2827
ISNE,"1/21/2017 11 p.m. EST",12394,12490,9899,-2495
ISNE,"1/22/2017 12 a.m. EST",11549,11640,9260,-2289
ISNE,"1/22/2017 1 a.m. EST",11356,10830,8888,-2468
ISNE,"1/22/2017 2 a.m. EST",11201,10390,8686,-2515
ISNE,"1/22/2017 3 a.m. EST",11057,10140,8458,-2599
ISNE,"1/22/2017 4 a.m. EST",11344,10020,8810,-2534
ISNE,"1/22/2017 5 a.m. EST",11262,10110,8761,-2501
ISNE,"1/22/2017 6 a.m. EST",11473,10440,8753,-2720
ISNE,"1/22/2017 7 a.m. EST",11760,11020,9062,-2698
ISNE,"1/22/2017 8 a.m. EST",12145,11710,9558,-2587
ISNE,"1/22/2017 9 a.m. EST",12734,12400,10115,-2619
ISNE,"1/22/2017 10 a.m. EST",13184,12920,10534,-2650
ISNE,"1/22/2017 11 a.m. EST",13251,13160,10783,-2468
ISNE,"1/22/2017 12 p.m. EST",13394,13300,10795,-2599
ISNE,"1/22/2017 1 p.m. EST",13595,13350,11106,-2489
ISNE,"1/22/2017 2 p.m. EST",13714,13440,11085,-2629
ISNE,"1/22/2017 3 p.m. EST",13855,13540,10941,-2914
ISNE,"1/22/2017 4 p.m. EST",14155,13750,11370,-2785
ISNE,"1/22/2017 5 p.m. EST",14924,14620,12091,-2833
ISNE,"1/22/2017 6 p.m. EST",15764,15800,12881,-2883
ISNE,"1/22/2017 7 p.m. EST",15602,15540,12971,-2631
ISNE,"1/22/2017 8 p.m. EST",14901,15030,12238,-2663
ISNE,"1/22/2017 9 p.m. EST",14359,14460,11632,-2727
ISNE,"1/22/2017 10 p.m. EST",13509,13560,10605,-2904
ISNE,"1/22/2017 11 p.m. EST",12574,12490,9932,-2642
ISNE,"1/23/2017 12 a.m. EST",11549,11540,9060,-2489
ISNE,"1/23/2017 1 a.m. EST",11307,10990,8934,-2373
ISNE,"1/23/2017 2 a.m. EST",11498,10620,9205,-2293
ISNE,"1/23/2017 3 a.m. EST",11433,10430,9070,-2363
ISNE,"1/23/2017 4 a.m. EST",11487,10530,9099,-2388
ISNE,"1/23/2017 5 a.m. EST",11887,10900,9352,-2535
ISNE,"1/23/2017 6 a.m. EST",12708,11970,10085,-2623
ISNE,"1/23/2017 7 a.m. EST",13889,13850,11514,-2375
ISNE,"1/23/2017 8 a.m. EST",15051,14970,12870,-2181
ISNE,"1/23/2017 9 a.m. EST",15295,15260,12813,-2482
ISNE,"1/23/2017 10 a.m. EST",15427,15480,13057,-2370
ISNE,"1/23/2017 11 a.m. EST",15457,15750,13168,-2289
ISNE,"1/23/2017 12 p.m. EST",15610,15740,13282,-2328
ISNE,"1/23/2017 1 p.m. EST",15603,15750,13016,-2587
ISNE,"1/23/2017 2 p.m. EST",15678,15770,13225,-2453
ISNE,"1/23/2017 3 p.m. EST",15668,15760,13259,-2409
ISNE,"1/23/2017 4 p.m. EST",15852,15960,13490,-2362
ISNE,"1/23/2017 5 p.m. EST",16552,16570,14078,-2474
ISNE,"1/23/2017 6 p.m. EST",17495,17800,14801,-2694
ISNE,"1/23/2017 7 p.m. EST",17413,17510,14602,-2811
ISNE,"1/23/2017 8 p.m. EST",16901,16910,14186,-2715
ISNE,"1/23/2017 9 p.m. EST",16156,16050,13430,-2726
ISNE,"1/23/2017 10 p.m. EST",15066,14730,12366,-2700
ISNE,"1/23/2017 11 p.m. EST",13797,13400,11203,-2594
ISNE,"1/24/2017 12 a.m. EST",12652,12450,10307,-2345
ISNE,"1/24/2017 1 a.m. EST",12204,11750,9712,-2492
ISNE,"1/24/2017 2 a.m. EST",12016,11340,9489,-2527
ISNE,"1/24/2017 3 a.m. EST",12121,11080,9561,-2560
ISNE,"1/24/2017 4 a.m. EST",12149,11090,9525,-2624
ISNE,"1/24/2017 5 a.m. EST",12508,11500,9938,-2570
ISNE,"1/24/2017 6 a.m. EST",13049,12600,10698,-2351
ISNE,"1/24/2017 7 a.m. EST",14133,14390,11924,-2209
ISNE,"1/24/2017 8 a.m. EST",15216,15650,13106,-2110
ISNE,"1/24/2017 9 a.m. EST",15713,15820,13689,-2024
ISNE,"1/24/2017 10 a.m. EST",15996,15730,13879,-2117
ISNE,"1/24/2017 11 a.m. EST",16223,15850,13984,-2239
ISNE,"1/24/2017 12 p.m. EST",16346,15810,14066,-2280
ISNE,"1/24/2017 1 p.m. EST",16339,15750,13847,-2492
ISNE,"1/24/2017 2 p.m. EST",16312,15750,13852,-2460
ISNE,"1/24/2017 3 p.m. EST",16177,15750,13847,-2330
ISNE,"1/24/2017 4 p.m. EST",16162,15950,13964,-2198
ISNE,"1/24/2017 5 p.m. EST",16666,16600,14348,-2318
ISNE,"1/24/2017 6 p.m. EST",17483,17700,14948,-2535
ISNE,"1/24/2017 7 p.m. EST",17331,17390,14879,-2452
ISNE,"1/24/2017 8 p.m. EST",16780,16790,14574,-2206
ISNE,"1/24/2017 9 p.m. EST",16015,16060,13597,-2418
ISNE,"1/24/2017 10 p.m. EST",14940,14950,12211,-2729
ISNE,"1/24/2017 11 p.m. EST",13738,13600,10955,-2783
ISNE,"1/25/2017 12 a.m. EST",12721,12480,10264,-2457
ISNE,"1/25/2017 1 a.m. EST",11982,11710,9276,-2706
ISNE,"1/25/2017 2 a.m. EST",11622,11300,9196,-2426
ISNE,"1/25/2017 3 a.m. EST",11840,11120,9092,-2748
ISNE,"1/25/2017 4 a.m. EST",11856,11130,9191,-2665
ISNE,"1/25/2017 5 a.m. EST",11940,11510,9253,-2687
ISNE,"1/25/2017 6 a.m. EST",12483,12560,9793,-2690
ISNE,"1/25/2017 7 a.m. EST",14303,14300,11428,-2875
ISNE,"1/25/2017 8 a.m. EST",15334,15400,12721,-2613
ISNE,"1/25/2017 9 a.m. EST",15347,15320,12521,-2826
ISNE,"1/25/2017 10 a.m. EST",15146,15130,12223,-2923
ISNE,"1/25/2017 11 a.m. EST",14868,14790,11736,-3132
ISNE,"1/25/2017 12 p.m. EST",14567,14580,11613,-2954
ISNE,"1/25/2017 1 p.m. EST",14354,14340,11401,-2953
ISNE,"1/25/2017 2 p.m. EST",14320,14330,11308,-3012
ISNE,"1/25/2017 3 p.m. EST",14667,14430,11690,-2977
ISNE,"1/25/2017 4 p.m. EST",14774,14680,12447,-2327
ISNE,"1/25/2017 5 p.m. EST",15386,15450,12967,-2419
ISNE,"1/25/2017 6 p.m. EST",16619,16800,13672,-2947
ISNE,"1/25/2017 7 p.m. EST",16759,16630,13759,-3000
ISNE,"1/25/2017 8 p.m. EST",16348,16300,13315,-3033
ISNE,"1/25/2017 9 p.m. EST",15734,15670,13089,-2645
ISNE,"1/25/2017 10 p.m. EST",14724,14650,11772,-2952
ISNE,"1/25/2017 11 p.m. EST",13417,13370,10574,-2843
ISNE,"1/26/2017 12 a.m. EST",12270,12250,9676,-2594
ISNE,"1/26/2017 1 a.m. EST",11902,11550,9096,-2806
ISNE,"1/26/2017 2 a.m. EST",11807,11120,8935,-2872
ISNE,"1/26/2017 3 a.m. EST",11897,10900,9047,-2850
ISNE,"1/26/2017 4 a.m. EST",11891,10910,8943,-2948
ISNE,"1/26/2017 5 a.m. EST",12207,11230,9313,-2894
ISNE,"1/26/2017 6 a.m. EST",12625,12260,10008,-2617
ISNE,"1/26/2017 7 a.m. EST",13973,14160,11178,-2795
ISNE,"1/26/2017 8 a.m. EST",15065,15050,12496,-2569
ISNE,"1/26/2017 9 a.m. EST",15220,15030,12713,-2507
ISNE,"1/26/2017 10 a.m. EST",15229,14860,12547,-2682
ISNE,"1/26/2017 11 a.m. EST",15252,14720,12705,-2547
ISNE,"1/26/2017 12 p.m. EST",15104,14550,12640,-2464
ISNE,"1/26/2017 1 p.m. EST",14808,14430,12180,-2628
ISNE,"1/26/2017 2 p.m. EST",14502,14440,11810,-2692
ISNE,"1/26/2017 3 p.m. EST",14469,14460,11840,-2629
ISNE,"1/26/2017 4 p.m. EST",14604,14620,12316,-2288
ISNE,"1/26/2017 5 p.m. EST",15214,15330,13041,-2173
ISNE,"1/26/2017 6 p.m. EST",16316,16400,13869,-2447
ISNE,"1/26/2017 7 p.m. EST",16414,16260,13924,-2490
ISNE,"1/26/2017 8 p.m. EST",16032,15940,13595,-2437
ISNE,"1/26/2017 9 p.m. EST",15437,15390,13151,-2286
ISNE,"1/26/2017 10 p.m. EST",14476,14410,12277,-2199
ISNE,"1/26/2017 11 p.m. EST",13301,13170,11374,-1927
ISNE,"1/27/2017 12 a.m. EST",12587,12080,10883,-1704
ISNE,"1/27/2017 1 a.m. EST",12510,11430,10382,-2128
ISNE,"1/27/2017 2 a.m. EST",12356,11030,9973,-2383
ISNE,"1/27/2017 3 a.m. EST",12157,10850,9559,-2598
ISNE,"1/27/2017 4 a.m. EST",12146,10840,9478,-2668
ISNE,"1/27/2017 5 a.m. EST",12484,11170,9789,-2695
ISNE,"1/27/2017 6 a.m. EST",13437,12170,10784,-2653
ISNE,"1/27/2017 7 a.m. EST",14282,13990,11721,-2561
ISNE,"1/27/2017 8 a.m. EST",14983,14950,12715,-2268
ISNE,"1/27/2017 9 a.m. EST",15084,15010,12917,-2167
ISNE,"1/27/2017 10 a.m. EST",15011,14970,12929,-2082
ISNE,"1/27/2017 11 a.m. EST",14976,14920,12793,-2183
ISNE,"1/27/2017 12 p.m. EST",14834,14720,12770,-2064
ISNE,"1/27/2017 1 p.m. EST",14692,14610,12594,-2098
ISNE,"1/27/2017 2 p.m. EST",14710,14560,12571,-2139
ISNE,"1/27/2017 3 p.m. EST",14732,14600,12400,-2332
ISNE,"1/27/2017 4 p.m. EST",14920,14710,12696,-2224
ISNE,"1/27/2017 5 p.m. EST",15529,15420,13325,-2204
ISNE,"1/27/2017 6 p.m. EST",16395,16360,13771,-2624
ISNE,"1/27/2017 7 p.m. EST",16259,16220,13627,-2632
ISNE,"1/27/2017 8 p.m. EST",15797,15750,13441,-2356
ISNE,"1/27/2017 9 p.m. EST",15254,15200,13061,-2193
ISNE,"1/27/2017 10 p.m. EST",14493,14390,11985,-2508
ISNE,"1/27/2017 11 p.m. EST",13505,13350,11039,-2466
ISNE,"1/28/2017 12 a.m. EST",12559,12380,9952,-2607
ISNE,"1/28/2017 1 a.m. EST",12424,11600,9530,-2894
ISNE,"1/28/2017 2 a.m. EST",12357,11150,9713,-2644
ISNE,"1/28/2017 3 a.m. EST",12126,10950,9432,-2694
ISNE,"1/28/2017 4 a.m. EST",12316,10870,9535,-2781
ISNE,"1/28/2017 5 a.m. EST",12275,11030,9506,-2769
ISNE,"1/28/2017 6 a.m. EST",12552,11430,9606,-2946
ISNE,"1/28/2017 7 a.m. EST",13137,12180,10333,-2804
ISNE,"1/28/2017 8 a.m. EST",13519,12850,10971,-2548
ISNE,"1/28/2017 9 a.m. EST",13849,13540,11159,-2690
ISNE,"1/28/2017 10 a.m. EST",13710,13860,11100,-2610
ISNE,"1/28/2017 11 a.m. EST",13778,13950,11155,-2623
ISNE,"1/28/2017 12 p.m. EST",13946,13790,11363,-2583
ISNE,"1/28/2017 1 p.m. EST",13996,13630,11275,-2721
ISNE,"1/28/2017 2 p.m. EST",14011,13450,11252,-2759
ISNE,"1/28/2017 3 p.m. EST",14051,13450,11253,-2798
ISNE,"1/28/2017 4 p.m. EST",14177,13920,11558,-2619
ISNE,"1/28/2017 5 p.m. EST",14673,14560,12153,-2520
ISNE,"1/28/2017 6 p.m. EST",15610,15560,13032,-2578
ISNE,"1/28/2017 7 p.m. EST",15578,15650,13138,-2440
ISNE,"1/28/2017 8 p.m. EST",15144,15130,12692,-2452
ISNE,"1/28/2017 9 p.m. EST",14678,14630,12032,-2646
ISNE,"1/28/2017 10 p.m. EST",14034,13990,11356,-2678
ISNE,"1/28/2017 11 p.m. EST",13249,13160,10431,-2818
ISNE,"1/29/2017 12 a.m. EST",12625,12320,9735,-2890
ISNE,"1/29/2017 1 a.m. EST",11957,11650,8842,-3115
ISNE,"1/29/2017 2 a.m. EST",11793,11200,8630,-3163
ISNE,"1/29/2017 3 a.m. EST",11643,10940,8557,-3086
ISNE,"1/29/2017 4 a.m. EST",11735,10880,8546,-3189
ISNE,"1/29/2017 5 a.m. EST",11790,10960,8598,-3192
ISNE,"1/29/2017 6 a.m. EST",11843,11270,8680,-3163
ISNE,"1/29/2017 7 a.m. EST",12551,11830,9412,-3139
ISNE,"1/29/2017 8 a.m. EST",12813,12410,9871,-2942
ISNE,"1/29/2017 9 a.m. EST",12921,12870,10045,-2876
ISNE,"1/29/2017 10 a.m. EST",13127,13200,10187,-2940
ISNE,"1/29/2017 11 a.m. EST",13155,13250,10071,-3084
ISNE,"1/29/2017 12 p.m. EST",13202,13250,10039,-3163
ISNE,"1/29/2017 1 p.m. EST",13413,13240,10395,-3018
ISNE,"1/29/2017 2 p.m. EST",13489,13290,10361,-3128
ISNE,"1/29/2017 3 p.m. EST",13476,13370,10274,-3202
ISNE,"1/29/2017 4 p.m. EST",13738,13710,10503,-3235
ISNE,"1/29/2017 5 p.m. EST",14544,14510,11326,-3218
ISNE,"1/29/2017 6 p.m. EST",15878,15870,12673,-3205
ISNE,"1/29/2017 7 p.m. EST",16098,16000,12780,-3318
ISNE,"1/29/2017 8 p.m. EST",15729,15330,12457,-3272
ISNE,"1/29/2017 9 p.m. EST",15159,14810,11988,-3171
ISNE,"1/29/2017 10 p.m. EST",14266,14050,11158,-3108
ISNE,"1/29/2017 11 p.m. EST",13211,13110,9820,-3391
ISNE,"1/30/2017 12 a.m. EST",12242,12200,8874,-3368
ISNE,"1/30/2017 1 a.m. EST",11907,11570,8516,-3391
ISNE,"1/30/2017 2 a.m. EST",11882,11280,8516,-3366
ISNE,"1/30/2017 3 a.m. EST",11798,11200,8604,-3194
ISNE,"1/30/2017 4 a.m. EST",11886,11290,8806,-3080
ISNE,"1/30/2017 5 a.m. EST",12308,11710,9164,-3144
ISNE,"1/30/2017 6 a.m. EST",13051,12830,9951,-3100
ISNE,"1/30/2017 7 a.m. EST",14842,14680,11989,-2853
ISNE,"1/30/2017 8 a.m. EST",15894,15700,13100,-2794
ISNE,"1/30/2017 9 a.m. EST",15885,15770,12795,-3090
ISNE,"1/30/2017 10 a.m. EST",15630,15680,12712,-2918
ISNE,"1/30/2017 11 a.m. EST",15287,15600,12062,-3225
ISNE,"1/30/2017 12 p.m. EST",15143,15550,11956,-3187
ISNE,"1/30/2017 1 p.m. EST",15112,15420,11885,-3227
ISNE,"1/30/2017 2 p.m. EST",15058,15390,11730,-3328
ISNE,"1/30/2017 3 p.m. EST",15093,15430,11750,-3343
ISNE,"1/30/2017 4 p.m. EST",15209,15590,12081,-3128
ISNE,"1/30/2017 5 p.m. EST",15991,16270,12760,-3231
ISNE,"1/30/2017 6 p.m. EST",17356,17430,14255,-3101
ISNE,"1/30/2017 7 p.m. EST",17594,17600,14431,-3163
ISNE,"1/30/2017 8 p.m. EST",17210,17160,14048,-3162
ISNE,"1/30/2017 9 p.m. EST",16591,16540,13458,-3133
ISNE,"1/30/2017 10 p.m. EST",15573,15470,12372,-3201
ISNE,"1/30/2017 11 p.m. EST",14309,14220,11397,-2912
ISNE,"1/31/2017 12 a.m. EST",13506,13130,10299,-3207
ISNE,"1/31/2017 1 a.m. EST",13151,12580,9980,-3171
ISNE,"1/31/2017 2 a.m. EST",13124,12280,9797,-3327
ISNE,"1/31/2017 3 a.m. EST",12750,12180,9644,-3106
ISNE,"1/31/2017 4 a.m. EST",12825,12240,9614,-3211
ISNE,"1/31/2017 5 a.m. EST",13027,12700,9987,-3040
ISNE,"1/31/2017 6 a.m. EST",13828,13820,10989,-2839
ISNE,"1/31/2017 7 a.m. EST",15751,15720,12701,-3050
ISNE,"1/31/2017 8 a.m. EST",16691,16610,13717,-2974
ISNE,"1/31/2017 9 a.m. EST",16413,16590,13225,-3188
ISNE,"1/31/2017 10 a.m. EST",16021,16500,12980,-3041
ISNE,"1/31/2017 11 a.m. EST",15941,16390,12658,-3283
ISNE,"1/31/2017 12 p.m. EST",16123,16200,12906,-3217
ISNE,"1/31/2017 1 p.m. EST",16236,16050,13042,-3194
ISNE,"1/31/2017 2 p.m. EST",16405,16050,13103,-3302
ISNE,"1/31/2017 3 p.m. EST",16449,16080,13165,-3284
ISNE,"1/31/2017 4 p.m. EST",16579,16260,13470,-3109
ISNE,"1/31/2017 5 p.m. EST",17098,16800,14158,-2940
ISNE,"1/31/2017 6 p.m. EST",18230,18010,14882,-3348
ISNE,"1/31/2017 7 p.m. EST",18283,18050,14947,-3336
ISNE,"1/31/2017 8 p.m. EST",17756,17550,14625,-3131
ISNE,"1/31/2017 9 p.m. EST",16971,16870,13743,-3228
ISNE,"1/31/2017 10 p.m. EST",15833,15710,12750,-3083
ISNE,"1/31/2017 11 p.m. EST",14449,14290,11374,-3075
ISNE,"2/1/2017 12 a.m. EST",13506,13150,10334,-3172
