"BA Code","Timestamp (Hour Ending)","Demand (MWh)","Demand Forecast (MWh)","Net Generation (MWh)","Total Interchange (MWh)"
ISNE,"6/1/2021 12 a.m. EDT",10022,10010,8059,-1963
ISNE,"6/1/2021 1 a.m. EDT",9888,9360,7491,-2397
ISNE,"6/1/2021 2 a.m. EDT",9550,9010,7134,-2416
ISNE,"6/1/2021 3 a.m. EDT",9633,8830,7379,-2254
ISNE,"6/1/2021 4 a.m. EDT",9635,8840,7703,-1932
ISNE,"6/1/2021 5 a.m. EDT",9899,9150,7736,-2163
ISNE,"6/1/2021 6 a.m. EDT",10018,9800,8024,-1994
ISNE,"6/1/2021 7 a.m. EDT",10804,10840,8578,-2226
ISNE,"6/1/2021 8 a.m. EDT",11527,11550,9639,-1888
ISNE,"6/1/2021 9 a.m. EDT",11668,11690,9926,-1742
ISNE,"6/1/2021 10 a.m. EDT",11814,11820,10219,-1595
ISNE,"6/1/2021 11 a.m. EDT",11697,11700,9786,-1911
ISNE,"6/1/2021 12 p.m. EDT",11542,11530,9780,-1762
ISNE,"6/1/2021 1 p.m. EDT",11573,11570,10016,-1557
ISNE,"6/1/2021 2 p.m. EDT",11401,11400,9759,-1642
ISNE,"6/1/2021 3 p.m. EDT",11186,11100,9568,-1618
ISNE,"6/1/2021 4 p.m. EDT",11495,11700,9993,-1502
ISNE,"6/1/2021 5 p.m. EDT",12008,12660,10243,-1765
ISNE,"6/1/2021 6 p.m. EDT",12874,13630,10976,-1898
ISNE,"6/1/2021 7 p.m. EDT",13447,14180,11342,-2105
ISNE,"6/1/2021 8 p.m. EDT",13540,14110,11286,-2254
ISNE,"6/1/2021 9 p.m. EDT",13547,13860,11190,-2357
ISNE,"6/1/2021 10 p.m. EDT",12995,13150,10775,-2220
ISNE,"6/1/2021 11 p.m. EDT",11869,12030,9772,-2097
ISNE,"6/2/2021 12 a.m. EDT",10846,10930,9022,-1824
ISNE,"6/2/2021 1 a.m. EDT",10284,9980,8676,-1608
ISNE,"6/2/2021 2 a.m. EDT",9819,9530,8280,-1539
ISNE,"6/2/2021 3 a.m. EDT",9767,9280,8086,-1681
ISNE,"6/2/2021 4 a.m. EDT",9734,9190,8045,-1689
ISNE,"6/2/2021 5 a.m. EDT",9918,9390,8174,-1744
ISNE,"6/2/2021 6 a.m. EDT",10326,9910,8529,-1797
ISNE,"6/2/2021 7 a.m. EDT",11137,10880,9414,-1723
ISNE,"6/2/2021 8 a.m. EDT",11557,11520,9458,-2099
ISNE,"6/2/2021 9 a.m. EDT",11550,11560,9479,-2071
ISNE,"6/2/2021 10 a.m. EDT",11434,11430,9633,-1801
ISNE,"6/2/2021 11 a.m. EDT",11440,11530,9919,-1521
ISNE,"6/2/2021 12 p.m. EDT",11672,11890,10473,-1199
ISNE,"6/2/2021 1 p.m. EDT",12037,12130,10922,-1115
ISNE,"6/2/2021 2 p.m. EDT",12496,12780,11113,-1383
ISNE,"6/2/2021 3 p.m. EDT",12862,13180,11271,-1591
ISNE,"6/2/2021 4 p.m. EDT",13351,13620,11863,-1488
ISNE,"6/2/2021 5 p.m. EDT",13992,14050,12183,-1809
ISNE,"6/2/2021 6 p.m. EDT",14561,14540,12460,-2101
ISNE,"6/2/2021 7 p.m. EDT",14651,14600,12256,-2395
ISNE,"6/2/2021 8 p.m. EDT",14535,14390,12078,-2457
ISNE,"6/2/2021 9 p.m. EDT",14445,14200,12079,-2366
ISNE,"6/2/2021 10 p.m. EDT",13775,13540,11445,-2330
ISNE,"6/2/2021 11 p.m. EDT",12585,12380,10244,-2341
ISNE,"6/3/2021 12 a.m. EDT",11449,11240,9187,-2262
ISNE,"6/3/2021 1 a.m. EDT",10789,10580,8827,-1962
ISNE,"6/3/2021 2 a.m. EDT",10651,10070,9003,-1648
ISNE,"6/3/2021 3 a.m. EDT",10566,9780,8864,-1702
ISNE,"6/3/2021 4 a.m. EDT",10442,9660,8756,-1686
ISNE,"6/3/2021 5 a.m. EDT",10362,9810,8575,-1787
ISNE,"6/3/2021 6 a.m. EDT",10744,10290,8926,-1818
ISNE,"6/3/2021 7 a.m. EDT",11536,11460,9746,-1790
ISNE,"6/3/2021 8 a.m. EDT",12407,12450,10475,-1932
ISNE,"6/3/2021 9 a.m. EDT",12778,12940,10811,-1967
ISNE,"6/3/2021 10 a.m. EDT",13033,13250,10783,-2250
ISNE,"6/3/2021 11 a.m. EDT",13090,13500,10668,-2422
ISNE,"6/3/2021 12 p.m. EDT",12914,13740,10502,-2412
ISNE,"6/3/2021 1 p.m. EDT",13158,13360,11054,-2104
ISNE,"6/3/2021 2 p.m. EDT",13564,13470,11533,-2031
ISNE,"6/3/2021 3 p.m. EDT",13838,13520,11634,-2204
ISNE,"6/3/2021 4 p.m. EDT",14054,13450,11888,-2166
ISNE,"6/3/2021 5 p.m. EDT",14455,14280,12080,-2375
ISNE,"6/3/2021 6 p.m. EDT",14799,14680,12258,-2541
ISNE,"6/3/2021 7 p.m. EDT",14906,14650,12382,-2524
ISNE,"6/3/2021 8 p.m. EDT",14846,14360,12255,-2591
ISNE,"6/3/2021 9 p.m. EDT",14771,14170,12056,-2715
ISNE,"6/3/2021 10 p.m. EDT",14118,13560,11571,-2547
ISNE,"6/3/2021 11 p.m. EDT",12998,12540,10436,-2562
ISNE,"6/4/2021 12 a.m. EDT",12049,11490,9982,-2067
ISNE,"6/4/2021 1 a.m. EDT",11433,11110,9744,-1689
ISNE,"6/4/2021 2 a.m. EDT",11031,10630,9206,-1825
ISNE,"6/4/2021 3 a.m. EDT",10890,10330,8957,-1933
ISNE,"6/4/2021 4 a.m. EDT",10786,10260,8889,-1897
ISNE,"6/4/2021 5 a.m. EDT",10968,10440,9037,-1931
ISNE,"6/4/2021 6 a.m. EDT",11436,11070,9328,-2108
ISNE,"6/4/2021 7 a.m. EDT",12160,12200,10273,-1887
ISNE,"6/4/2021 8 a.m. EDT",13167,13190,11260,-1907
ISNE,"6/4/2021 9 a.m. EDT",13754,13780,12171,-1583
ISNE,"6/4/2021 10 a.m. EDT",14077,14090,12465,-1612
ISNE,"6/4/2021 11 a.m. EDT",14314,14320,12751,-1563
ISNE,"6/4/2021 12 p.m. EDT",14495,14500,12948,-1547
ISNE,"6/4/2021 1 p.m. EDT",14559,14570,12789,-1770
ISNE,"6/4/2021 2 p.m. EDT",14825,14850,12778,-2047
ISNE,"6/4/2021 3 p.m. EDT",15115,15120,13083,-2032
ISNE,"6/4/2021 4 p.m. EDT",15109,15110,13242,-1867
ISNE,"6/4/2021 5 p.m. EDT",15287,15290,13557,-1730
ISNE,"6/4/2021 6 p.m. EDT",15476,15490,13789,-1687
ISNE,"6/4/2021 7 p.m. EDT",15429,15340,13410,-2019
ISNE,"6/4/2021 8 p.m. EDT",15235,15090,13163,-2072
ISNE,"6/4/2021 9 p.m. EDT",14996,14910,12885,-2111
ISNE,"6/4/2021 10 p.m. EDT",14496,14250,12503,-1993
ISNE,"6/4/2021 11 p.m. EDT",13461,13250,11636,-1825
ISNE,"6/5/2021 12 a.m. EDT",12541,12180,10665,-1876
ISNE,"6/5/2021 1 a.m. EDT",11892,11300,10124,-1768
ISNE,"6/5/2021 2 a.m. EDT",11501,10680,9533,-1968
ISNE,"6/5/2021 3 a.m. EDT",11086,10260,8983,-2103
ISNE,"6/5/2021 4 a.m. EDT",10849,10030,9215,-1634
ISNE,"6/5/2021 5 a.m. EDT",10813,10000,9039,-1774
ISNE,"6/5/2021 6 a.m. EDT",10885,10080,9074,-1811
ISNE,"6/5/2021 7 a.m. EDT",11270,10480,9356,-1914
ISNE,"6/5/2021 8 a.m. EDT",11828,11050,10007,-1821
ISNE,"6/5/2021 9 a.m. EDT",12019,11590,10017,-2002
ISNE,"6/5/2021 10 a.m. EDT",12285,12070,10401,-1884
ISNE,"6/5/2021 11 a.m. EDT",12615,12620,10935,-1680
ISNE,"6/5/2021 12 p.m. EDT",13224,13250,11463,-1761
ISNE,"6/5/2021 1 p.m. EDT",13811,13840,12279,-1532
ISNE,"6/5/2021 2 p.m. EDT",14456,14500,13046,-1410
ISNE,"6/5/2021 3 p.m. EDT",15250,15270,13865,-1385
ISNE,"6/5/2021 4 p.m. EDT",16184,16220,14883,-1301
ISNE,"6/5/2021 5 p.m. EDT",17103,17140,15627,-1476
ISNE,"6/5/2021 6 p.m. EDT",17901,17920,16150,-1751
ISNE,"6/5/2021 7 p.m. EDT",18175,18200,16202,-1973
ISNE,"6/5/2021 8 p.m. EDT",17831,17600,15687,-2144
ISNE,"6/5/2021 9 p.m. EDT",17458,17290,15117,-2341
ISNE,"6/5/2021 10 p.m. EDT",16848,16780,15047,-1801
ISNE,"6/5/2021 11 p.m. EDT",15627,15360,13621,-2006
ISNE,"6/6/2021 12 a.m. EDT",14305,13700,12517,-1788
ISNE,"6/6/2021 1 a.m. EDT",13464,13170,11672,-1792
ISNE,"6/6/2021 2 a.m. EDT",12903,12360,10936,-1967
ISNE,"6/6/2021 3 a.m. EDT",12350,11790,10365,-1985
ISNE,"6/6/2021 4 a.m. EDT",11940,11390,9963,-1977
ISNE,"6/6/2021 5 a.m. EDT",11697,11150,9689,-2008
ISNE,"6/6/2021 6 a.m. EDT",11524,10980,9271,-2253
ISNE,"6/6/2021 7 a.m. EDT",11722,11280,9393,-2329
ISNE,"6/6/2021 8 a.m. EDT",12109,11870,9804,-2305
ISNE,"6/6/2021 9 a.m. EDT",12813,12650,10821,-1992
ISNE,"6/6/2021 10 a.m. EDT",13446,13470,11887,-1559
ISNE,"6/6/2021 11 a.m. EDT",14292,14320,12605,-1687
ISNE,"6/6/2021 12 p.m. EDT",15169,15200,13852,-1317
ISNE,"6/6/2021 1 p.m. EDT",15927,15950,14794,-1133
ISNE,"6/6/2021 2 p.m. EDT",16551,16580,15314,-1237
ISNE,"6/6/2021 3 p.m. EDT",17220,17250,15968,-1252
ISNE,"6/6/2021 4 p.m. EDT",18083,18120,17036,-1047
ISNE,"6/6/2021 5 p.m. EDT",19049,19090,17984,-1065
ISNE,"6/6/2021 6 p.m. EDT",19865,19890,18447,-1418
ISNE,"6/6/2021 7 p.m. EDT",20201,20210,18356,-1845
ISNE,"6/6/2021 8 p.m. EDT",19963,19950,18128,-1835
ISNE,"6/6/2021 9 p.m. EDT",19528,19490,17588,-1940
ISNE,"6/6/2021 10 p.m. EDT",18640,18240,16335,-2305
ISNE,"6/6/2021 11 p.m. EDT",17025,16630,14415,-2610
ISNE,"6/7/2021 12 a.m. EDT",15571,15210,13182,-2389
ISNE,"6/7/2021 1 a.m. EDT",14481,14160,12165,-2316
ISNE,"6/7/2021 2 a.m. EDT",14035,13320,11580,-2455
ISNE,"6/7/2021 3 a.m. EDT",13578,12770,11177,-2401
ISNE,"6/7/2021 4 a.m. EDT",13254,12470,11112,-2142
ISNE,"6/7/2021 5 a.m. EDT",13281,12540,11010,-2271
ISNE,"6/7/2021 6 a.m. EDT",13756,13080,11189,-2567
ISNE,"6/7/2021 7 a.m. EDT",14783,14240,12668,-2115
ISNE,"6/7/2021 8 a.m. EDT",15822,15470,13836,-1986
ISNE,"6/7/2021 9 a.m. EDT",16438,16340,14578,-1860
ISNE,"6/7/2021 10 a.m. EDT",17180,17090,15389,-1791
ISNE,"6/7/2021 11 a.m. EDT",18086,17990,16060,-2026
ISNE,"6/7/2021 12 p.m. EDT",18973,19000,17207,-1766
ISNE,"6/7/2021 1 p.m. EDT",19803,19700,17807,-1996
ISNE,"6/7/2021 2 p.m. EDT",20453,20590,18809,-1644
ISNE,"6/7/2021 3 p.m. EDT",20916,21320,19155,-1761
ISNE,"6/7/2021 4 p.m. EDT",21446,22000,19743,-1703
ISNE,"6/7/2021 5 p.m. EDT",21999,22740,20082,-1917
ISNE,"6/7/2021 6 p.m. EDT",22573,22860,20153,-2420
ISNE,"6/7/2021 7 p.m. EDT",22551,22620,19910,-2641
ISNE,"6/7/2021 8 p.m. EDT",22079,22160,18979,-3100
ISNE,"6/7/2021 9 p.m. EDT",21333,21380,18086,-3247
ISNE,"6/7/2021 10 p.m. EDT",20185,19930,17151,-3034
ISNE,"6/7/2021 11 p.m. EDT",18343,18050,15527,-2816
ISNE,"6/8/2021 12 a.m. EDT",16795,16380,14183,-2612
ISNE,"6/8/2021 1 a.m. EDT",16118,15340,13320,-2798
ISNE,"6/8/2021 2 a.m. EDT",15300,14470,12809,-2491
ISNE,"6/8/2021 3 a.m. EDT",14719,13890,12500,-2219
ISNE,"6/8/2021 4 a.m. EDT",14403,13560,12282,-2121
ISNE,"6/8/2021 5 a.m. EDT",14439,13590,12187,-2252
ISNE,"6/8/2021 6 a.m. EDT",14958,14150,12528,-2430
ISNE,"6/8/2021 7 a.m. EDT",16163,15400,13599,-2564
ISNE,"6/8/2021 8 a.m. EDT",17248,16770,14649,-2599
ISNE,"6/8/2021 9 a.m. EDT",17930,17750,15468,-2462
ISNE,"6/8/2021 10 a.m. EDT",18330,18260,16043,-2287
ISNE,"6/8/2021 11 a.m. EDT",19160,18860,17040,-2120
ISNE,"6/8/2021 12 p.m. EDT",19969,19960,17849,-2120
ISNE,"6/8/2021 1 p.m. EDT",20845,20950,18376,-2469
ISNE,"6/8/2021 2 p.m. EDT",21789,21880,19688,-2101
ISNE,"6/8/2021 3 p.m. EDT",22427,22670,20041,-2386
ISNE,"6/8/2021 4 p.m. EDT",22439,22990,19542,-2897
ISNE,"6/8/2021 5 p.m. EDT",22223,23100,19375,-2848
ISNE,"6/8/2021 6 p.m. EDT",21978,22770,18793,-3185
ISNE,"6/8/2021 7 p.m. EDT",21392,22340,18011,-3381
ISNE,"6/8/2021 8 p.m. EDT",20656,21760,17548,-3108
ISNE,"6/8/2021 9 p.m. EDT",20066,20870,17144,-2922
ISNE,"6/8/2021 10 p.m. EDT",19038,18970,16334,-2704
ISNE,"6/8/2021 11 p.m. EDT",17496,17280,14843,-2653
ISNE,"6/9/2021 12 a.m. EDT",15980,15720,13164,-2816
ISNE,"6/9/2021 1 a.m. EDT",15108,14820,12088,-3020
ISNE,"6/9/2021 2 a.m. EDT",14374,14070,11274,-3100
ISNE,"6/9/2021 3 a.m. EDT",13905,13610,10927,-2978
ISNE,"6/9/2021 4 a.m. EDT",13638,13350,10870,-2768
ISNE,"6/9/2021 5 a.m. EDT",13742,13470,11024,-2718
ISNE,"6/9/2021 6 a.m. EDT",14311,14050,11372,-2939
ISNE,"6/9/2021 7 a.m. EDT",15448,15230,12635,-2813
ISNE,"6/9/2021 8 a.m. EDT",16384,16420,13697,-2687
ISNE,"6/9/2021 9 a.m. EDT",17108,17130,14553,-2555
ISNE,"6/9/2021 10 a.m. EDT",17556,17560,15084,-2472
ISNE,"6/9/2021 11 a.m. EDT",17966,17970,15675,-2291
ISNE,"6/9/2021 12 p.m. EDT",18652,18670,16706,-1946
ISNE,"6/9/2021 1 p.m. EDT",19521,19550,17463,-2058
ISNE,"6/9/2021 2 p.m. EDT",20249,20280,18386,-1863
ISNE,"6/9/2021 3 p.m. EDT",20919,20940,18982,-1937
ISNE,"6/9/2021 4 p.m. EDT",21563,21390,19400,-2163
ISNE,"6/9/2021 5 p.m. EDT",22071,21800,19642,-2429
ISNE,"6/9/2021 6 p.m. EDT",22436,22400,19634,-2802
ISNE,"6/9/2021 7 p.m. EDT",22085,22060,19207,-2878
ISNE,"6/9/2021 8 p.m. EDT",21348,21480,18594,-2754
ISNE,"6/9/2021 9 p.m. EDT",20540,20550,17690,-2850
ISNE,"6/9/2021 10 p.m. EDT",19403,19000,16791,-2612
ISNE,"6/9/2021 11 p.m. EDT",17545,17060,14777,-2768
ISNE,"6/10/2021 12 a.m. EDT",15693,15370,12991,-2702
ISNE,"6/10/2021 1 a.m. EDT",14300,14220,12114,-2186
ISNE,"6/10/2021 2 a.m. EDT",13949,13220,11830,-2119
ISNE,"6/10/2021 3 a.m. EDT",13638,12530,11688,-1950
ISNE,"6/10/2021 4 a.m. EDT",13207,12100,11588,-1619
ISNE,"6/10/2021 5 a.m. EDT",13132,12050,11533,-1599
ISNE,"6/10/2021 6 a.m. EDT",13509,12440,11759,-1750
ISNE,"6/10/2021 7 a.m. EDT",13738,13120,12182,-1556
ISNE,"6/10/2021 8 a.m. EDT",14014,14040,12855,-1159
ISNE,"6/10/2021 9 a.m. EDT",14115,14120,12879,-1236
ISNE,"6/10/2021 10 a.m. EDT",13876,13910,12679,-1197
ISNE,"6/10/2021 11 a.m. EDT",13939,13840,12804,-1135
ISNE,"6/10/2021 12 p.m. EDT",14159,13980,12814,-1345
ISNE,"6/10/2021 1 p.m. EDT",14280,14360,12600,-1680
ISNE,"6/10/2021 2 p.m. EDT",14497,14740,12787,-1710
ISNE,"6/10/2021 3 p.m. EDT",14702,14940,13098,-1604
ISNE,"6/10/2021 4 p.m. EDT",14942,15350,13162,-1780
ISNE,"6/10/2021 5 p.m. EDT",15405,15720,13814,-1591
ISNE,"6/10/2021 6 p.m. EDT",15937,16400,14313,-1624
ISNE,"6/10/2021 7 p.m. EDT",16171,16110,14365,-1806
ISNE,"6/10/2021 8 p.m. EDT",15730,15680,13847,-1883
ISNE,"6/10/2021 9 p.m. EDT",15152,15190,13089,-2063
ISNE,"6/10/2021 10 p.m. EDT",14428,14360,12649,-1779
ISNE,"6/10/2021 11 p.m. EDT",13139,13030,11306,-1833
ISNE,"6/11/2021 12 a.m. EDT",11868,11800,10156,-1712
ISNE,"6/11/2021 1 a.m. EDT",10930,10910,9442,-1488
ISNE,"6/11/2021 2 a.m. EDT",10603,10350,9436,-1167
ISNE,"6/11/2021 3 a.m. EDT",10725,10010,9330,-1395
ISNE,"6/11/2021 4 a.m. EDT",10698,9880,9392,-1306
ISNE,"6/11/2021 5 a.m. EDT",10840,10040,9462,-1378
ISNE,"6/11/2021 6 a.m. EDT",10915,10520,9416,-1499
ISNE,"6/11/2021 7 a.m. EDT",11390,11420,9957,-1433
ISNE,"6/11/2021 8 a.m. EDT",12057,12080,10417,-1640
ISNE,"6/11/2021 9 a.m. EDT",12177,12190,10568,-1609
ISNE,"6/11/2021 10 a.m. EDT",12152,12060,10789,-1363
ISNE,"6/11/2021 11 a.m. EDT",12145,12150,11050,-1095
ISNE,"6/11/2021 12 p.m. EDT",12256,12220,11285,-971
ISNE,"6/11/2021 1 p.m. EDT",12486,12510,11419,-1067
ISNE,"6/11/2021 2 p.m. EDT",12535,12700,11427,-1108
ISNE,"6/11/2021 3 p.m. EDT",12837,12830,11623,-1214
ISNE,"6/11/2021 4 p.m. EDT",13439,13080,12033,-1406
ISNE,"6/11/2021 5 p.m. EDT",13888,13210,12192,-1696
ISNE,"6/11/2021 6 p.m. EDT",14036,13790,12182,-1854
ISNE,"6/11/2021 7 p.m. EDT",13946,13950,12266,-1680
ISNE,"6/11/2021 8 p.m. EDT",13760,13820,11982,-1778
ISNE,"6/11/2021 9 p.m. EDT",13637,13590,12135,-1502
ISNE,"6/11/2021 10 p.m. EDT",13205,13070,11582,-1623
ISNE,"6/11/2021 11 p.m. EDT",12323,12140,10869,-1454
ISNE,"6/12/2021 12 a.m. EDT",11361,11130,9948,-1413
ISNE,"6/12/2021 1 a.m. EDT",10847,10610,9624,-1223
ISNE,"6/12/2021 2 a.m. EDT",10598,10140,9474,-1124
ISNE,"6/12/2021 3 a.m. EDT",10661,9850,9498,-1163
ISNE,"6/12/2021 4 a.m. EDT",10502,9720,9387,-1115
ISNE,"6/12/2021 5 a.m. EDT",10373,9740,9325,-1048
ISNE,"6/12/2021 6 a.m. EDT",10429,9910,9276,-1153
ISNE,"6/12/2021 7 a.m. EDT",10585,10280,9322,-1263
ISNE,"6/12/2021 8 a.m. EDT",10953,10850,9709,-1244
ISNE,"6/12/2021 9 a.m. EDT",11319,11330,10179,-1140
ISNE,"6/12/2021 10 a.m. EDT",11434,11440,10341,-1093
ISNE,"6/12/2021 11 a.m. EDT",11400,11400,10417,-983
ISNE,"6/12/2021 12 p.m. EDT",11483,11330,10446,-1037
ISNE,"6/12/2021 1 p.m. EDT",11553,11260,10438,-1115
ISNE,"6/12/2021 2 p.m. EDT",11470,11170,10225,-1245
ISNE,"6/12/2021 3 p.m. EDT",11478,11150,10235,-1243
ISNE,"6/12/2021 4 p.m. EDT",11514,11520,10354,-1160
ISNE,"6/12/2021 5 p.m. EDT",11817,12020,10475,-1342
ISNE,"6/12/2021 6 p.m. EDT",12644,12870,11078,-1566
ISNE,"6/12/2021 7 p.m. EDT",13305,13130,11410,-1895
ISNE,"6/12/2021 8 p.m. EDT",13400,13050,11445,-1955
ISNE,"6/12/2021 9 p.m. EDT",13269,13080,11311,-1958
ISNE,"6/12/2021 10 p.m. EDT",12987,12600,11099,-1888
ISNE,"6/12/2021 11 p.m. EDT",12150,11830,10484,-1666
ISNE,"6/13/2021 12 a.m. EDT",11394,10860,9779,-1615
ISNE,"6/13/2021 1 a.m. EDT",11038,10460,9530,-1508
ISNE,"6/13/2021 2 a.m. EDT",10508,9930,9051,-1457
ISNE,"6/13/2021 3 a.m. EDT",10538,9610,8888,-1650
ISNE,"6/13/2021 4 a.m. EDT",10488,9440,8601,-1887
ISNE,"6/13/2021 5 a.m. EDT",10433,9380,8519,-1914
ISNE,"6/13/2021 6 a.m. EDT",10384,9330,8321,-2063
ISNE,"6/13/2021 7 a.m. EDT",10543,9500,8201,-2342
ISNE,"6/13/2021 8 a.m. EDT",10835,9760,8433,-2402
ISNE,"6/13/2021 9 a.m. EDT",10974,10060,9038,-1936
ISNE,"6/13/2021 10 a.m. EDT",11095,10400,9440,-1655
ISNE,"6/13/2021 11 a.m. EDT",11091,10710,9537,-1554
ISNE,"6/13/2021 12 p.m. EDT",11050,11050,9543,-1507
ISNE,"6/13/2021 1 p.m. EDT",11609,11450,9972,-1637
ISNE,"6/13/2021 2 p.m. EDT",12010,11800,10499,-1511
ISNE,"6/13/2021 3 p.m. EDT",12404,12250,10898,-1506
ISNE,"6/13/2021 4 p.m. EDT",13019,12820,11321,-1698
ISNE,"6/13/2021 5 p.m. EDT",13857,13600,11736,-2121
ISNE,"6/13/2021 6 p.m. EDT",14798,14430,12204,-2594
ISNE,"6/13/2021 7 p.m. EDT",15330,14900,12392,-2938
ISNE,"6/13/2021 8 p.m. EDT",15265,14680,12299,-2966
ISNE,"6/13/2021 9 p.m. EDT",14918,14460,12257,-2661
ISNE,"6/13/2021 10 p.m. EDT",14400,13870,11802,-2598
ISNE,"6/13/2021 11 p.m. EDT",13180,12730,10356,-2824
ISNE,"6/14/2021 12 a.m. EDT",12132,11630,9484,-2648
ISNE,"6/14/2021 1 a.m. EDT",11710,10350,9316,-2394
ISNE,"6/14/2021 2 a.m. EDT",11304,9850,8818,-2486
ISNE,"6/14/2021 3 a.m. EDT",11076,9560,8624,-2452
ISNE,"6/14/2021 4 a.m. EDT",11082,9500,8515,-2567
ISNE,"6/14/2021 5 a.m. EDT",11255,9730,8744,-2511
ISNE,"6/14/2021 6 a.m. EDT",11213,10300,8851,-2362
ISNE,"6/14/2021 7 a.m. EDT",12073,11450,9744,-2329
ISNE,"6/14/2021 8 a.m. EDT",13106,12510,10880,-2226
ISNE,"6/14/2021 9 a.m. EDT",13604,13030,11477,-2127
ISNE,"6/14/2021 10 a.m. EDT",14131,13170,12016,-2115
ISNE,"6/14/2021 11 a.m. EDT",14405,13410,12430,-1975
ISNE,"6/14/2021 12 p.m. EDT",14348,13600,12293,-2055
ISNE,"6/14/2021 1 p.m. EDT",14346,13820,12374,-1972
ISNE,"6/14/2021 2 p.m. EDT",14357,13950,12142,-2215
ISNE,"6/14/2021 3 p.m. EDT",14269,14000,12119,-2150
ISNE,"6/14/2021 4 p.m. EDT",14139,14010,11937,-2202
ISNE,"6/14/2021 5 p.m. EDT",14315,14210,12036,-2279
ISNE,"6/14/2021 6 p.m. EDT",14697,14600,12397,-2300
ISNE,"6/14/2021 7 p.m. EDT",14738,14800,12525,-2213
ISNE,"6/14/2021 8 p.m. EDT",14565,14570,12259,-2306
ISNE,"6/14/2021 9 p.m. EDT",14331,14300,11889,-2442
ISNE,"6/14/2021 10 p.m. EDT",13715,13710,11333,-2382
ISNE,"6/14/2021 11 p.m. EDT",12683,12610,10057,-2626
ISNE,"6/15/2021 12 a.m. EDT",11693,11570,9163,-2530
ISNE,"6/15/2021 1 a.m. EDT",11239,10970,8827,-2412
ISNE,"6/15/2021 2 a.m. EDT",10773,10500,8336,-2437
ISNE,"6/15/2021 3 a.m. EDT",10514,10240,8226,-2288
ISNE,"6/15/2021 4 a.m. EDT",10424,10150,8153,-2271
ISNE,"6/15/2021 5 a.m. EDT",10638,10380,8291,-2347
ISNE,"6/15/2021 6 a.m. EDT",11253,10990,8620,-2633
ISNE,"6/15/2021 7 a.m. EDT",12243,12120,9762,-2481
ISNE,"6/15/2021 8 a.m. EDT",13040,13110,10470,-2570
ISNE,"6/15/2021 9 a.m. EDT",13442,13560,10654,-2788
ISNE,"6/15/2021 10 a.m. EDT",13544,13640,11130,-2414
ISNE,"6/15/2021 11 a.m. EDT",13669,13720,11487,-2182
ISNE,"6/15/2021 12 p.m. EDT",13787,13880,11696,-2091
ISNE,"6/15/2021 1 p.m. EDT",13925,14040,11919,-2006
ISNE,"6/15/2021 2 p.m. EDT",14317,14260,12505,-1812
ISNE,"6/15/2021 3 p.m. EDT",14464,14370,12528,-1936
ISNE,"6/15/2021 4 p.m. EDT",14803,14610,12676,-2127
ISNE,"6/15/2021 5 p.m. EDT",15476,15050,12924,-2552
ISNE,"6/15/2021 6 p.m. EDT",16138,15650,13518,-2620
ISNE,"6/15/2021 7 p.m. EDT",16372,15900,13678,-2694
ISNE,"6/15/2021 8 p.m. EDT",16128,15550,13528,-2600
ISNE,"6/15/2021 9 p.m. EDT",15647,15200,12980,-2667
ISNE,"6/15/2021 10 p.m. EDT",15004,14500,11890,-3114
ISNE,"6/15/2021 11 p.m. EDT",13694,13270,10745,-2949
ISNE,"6/16/2021 12 a.m. EDT",12391,12080,9717,-2674
ISNE,"6/16/2021 1 a.m. EDT",11767,11130,9248,-2519
ISNE,"6/16/2021 2 a.m. EDT",11381,10670,8782,-2599
ISNE,"6/16/2021 3 a.m. EDT",11237,10300,8568,-2669
ISNE,"6/16/2021 4 a.m. EDT",11015,10120,8446,-2569
ISNE,"6/16/2021 5 a.m. EDT",11095,10240,8595,-2500
ISNE,"6/16/2021 6 a.m. EDT",11718,10580,8983,-2735
ISNE,"6/16/2021 7 a.m. EDT",11777,11560,9550,-2227
ISNE,"6/16/2021 8 a.m. EDT",12286,12250,9875,-2411
ISNE,"6/16/2021 9 a.m. EDT",12291,12250,9946,-2345
ISNE,"6/16/2021 10 a.m. EDT",12057,11850,9914,-2143
ISNE,"6/16/2021 11 a.m. EDT",11993,11790,10088,-1905
ISNE,"6/16/2021 12 p.m. EDT",12034,11810,10112,-1922
ISNE,"6/16/2021 1 p.m. EDT",12158,12130,10084,-2074
ISNE,"6/16/2021 2 p.m. EDT",12352,12340,10220,-2132
ISNE,"6/16/2021 3 p.m. EDT",12620,12810,10538,-2082
ISNE,"6/16/2021 4 p.m. EDT",13040,13410,11017,-2023
ISNE,"6/16/2021 5 p.m. EDT",13716,14080,11467,-2249
ISNE,"6/16/2021 6 p.m. EDT",14484,14740,12215,-2269
ISNE,"6/16/2021 7 p.m. EDT",14911,15000,12465,-2446
ISNE,"6/16/2021 8 p.m. EDT",14770,14640,12369,-2401
ISNE,"6/16/2021 9 p.m. EDT",14421,14330,12077,-2344
ISNE,"6/16/2021 10 p.m. EDT",13863,13730,11455,-2408
ISNE,"6/16/2021 11 p.m. EDT",12661,12510,10341,-2320
ISNE,"6/17/2021 12 a.m. EDT",11533,11350,9262,-2271
ISNE,"6/17/2021 1 a.m. EDT",11116,10450,8454,-2662
ISNE,"6/17/2021 2 a.m. EDT",10858,9990,8074,-2784
ISNE,"6/17/2021 3 a.m. EDT",10508,9700,7888,-2620
ISNE,"6/17/2021 4 a.m. EDT",10603,9560,8206,-2397
ISNE,"6/17/2021 5 a.m. EDT",10572,9710,8015,-2557
ISNE,"6/17/2021 6 a.m. EDT",10957,10150,8286,-2671
ISNE,"6/17/2021 7 a.m. EDT",11131,11120,8714,-2417
ISNE,"6/17/2021 8 a.m. EDT",11732,11710,9523,-2209
ISNE,"6/17/2021 9 a.m. EDT",11786,11730,9713,-2073
ISNE,"6/17/2021 10 a.m. EDT",11648,11650,9437,-2211
ISNE,"6/17/2021 11 a.m. EDT",11567,11510,9664,-1903
ISNE,"6/17/2021 12 p.m. EDT",11679,11540,9698,-1981
ISNE,"6/17/2021 1 p.m. EDT",11805,11840,9780,-2025
ISNE,"6/17/2021 2 p.m. EDT",12300,12170,10036,-2264
ISNE,"6/17/2021 3 p.m. EDT",12664,12520,10410,-2254
ISNE,"6/17/2021 4 p.m. EDT",13017,13030,10811,-2206
ISNE,"6/17/2021 5 p.m. EDT",13803,13740,11533,-2270
ISNE,"6/17/2021 6 p.m. EDT",14702,14630,12173,-2529
ISNE,"6/17/2021 7 p.m. EDT",15198,14900,12540,-2658
ISNE,"6/17/2021 8 p.m. EDT",15086,14680,12165,-2921
ISNE,"6/17/2021 9 p.m. EDT",14670,14300,11799,-2871
ISNE,"6/17/2021 10 p.m. EDT",14120,13750,11377,-2743
ISNE,"6/17/2021 11 p.m. EDT",12923,12600,10174,-2749
ISNE,"6/18/2021 12 a.m. EDT",11966,11440,9171,-2795
ISNE,"6/18/2021 1 a.m. EDT",11339,10780,8822,-2517
ISNE,"6/18/2021 2 a.m. EDT",11013,10210,8562,-2451
ISNE,"6/18/2021 3 a.m. EDT",10910,9870,8375,-2535
ISNE,"6/18/2021 4 a.m. EDT",10736,9710,8133,-2603
ISNE,"6/18/2021 5 a.m. EDT",10852,9830,8179,-2673
ISNE,"6/18/2021 6 a.m. EDT",11069,10240,8330,-2739
ISNE,"6/18/2021 7 a.m. EDT",11362,11130,8916,-2446
ISNE,"6/18/2021 8 a.m. EDT",11798,11810,9440,-2358
ISNE,"6/18/2021 9 a.m. EDT",12020,12020,9693,-2327
ISNE,"6/18/2021 10 a.m. EDT",12027,12040,9881,-2146
ISNE,"6/18/2021 11 a.m. EDT",12136,12150,10135,-2001
ISNE,"6/18/2021 12 p.m. EDT",12359,12370,10702,-1657
ISNE,"6/18/2021 1 p.m. EDT",12624,12640,11082,-1542
ISNE,"6/18/2021 2 p.m. EDT",13085,13100,11763,-1322
ISNE,"6/18/2021 3 p.m. EDT",13667,13700,12265,-1402
ISNE,"6/18/2021 4 p.m. EDT",14396,14410,12932,-1464
ISNE,"6/18/2021 5 p.m. EDT",15301,15400,13444,-1857
ISNE,"6/18/2021 6 p.m. EDT",16081,15990,13844,-2237
ISNE,"6/18/2021 7 p.m. EDT",16028,16080,13641,-2387
ISNE,"6/18/2021 8 p.m. EDT",15588,15710,13265,-2323
ISNE,"6/18/2021 9 p.m. EDT",15303,15340,13012,-2291
ISNE,"6/18/2021 10 p.m. EDT",14822,14770,12485,-2337
ISNE,"6/18/2021 11 p.m. EDT",13821,13660,11498,-2323
ISNE,"6/19/2021 12 a.m. EDT",12734,12400,10302,-2432
ISNE,"6/19/2021 1 a.m. EDT",11873,11620,9842,-2031
ISNE,"6/19/2021 2 a.m. EDT",11542,10770,9471,-2071
ISNE,"6/19/2021 3 a.m. EDT",11422,10380,9511,-1911
ISNE,"6/19/2021 4 a.m. EDT",11622,10190,9592,-2030
ISNE,"6/19/2021 5 a.m. EDT",11662,10160,9773,-1889
ISNE,"6/19/2021 6 a.m. EDT",11706,10260,9678,-2028
ISNE,"6/19/2021 7 a.m. EDT",11740,10680,9774,-1966
ISNE,"6/19/2021 8 a.m. EDT",11798,11340,9905,-1893
ISNE,"6/19/2021 9 a.m. EDT",12200,11880,10218,-1982
ISNE,"6/19/2021 10 a.m. EDT",12609,12310,10968,-1641
ISNE,"6/19/2021 11 a.m. EDT",13036,12670,11411,-1625
ISNE,"6/19/2021 12 p.m. EDT",13787,13180,12299,-1488
ISNE,"6/19/2021 1 p.m. EDT",14626,13680,13170,-1456
ISNE,"6/19/2021 2 p.m. EDT",15483,14390,13827,-1656
ISNE,"6/19/2021 3 p.m. EDT",16171,15220,14789,-1382
ISNE,"6/19/2021 4 p.m. EDT",16792,15930,15113,-1679
ISNE,"6/19/2021 5 p.m. EDT",17470,16640,15754,-1716
ISNE,"6/19/2021 6 p.m. EDT",17620,17360,15648,-1972
ISNE,"6/19/2021 7 p.m. EDT",17438,17520,15311,-2127
ISNE,"6/19/2021 8 p.m. EDT",17046,17230,14725,-2321
ISNE,"6/19/2021 9 p.m. EDT",16629,16800,14163,-2466
ISNE,"6/19/2021 10 p.m. EDT",15943,16210,13449,-2494
ISNE,"6/19/2021 11 p.m. EDT",14806,14980,12278,-2528
ISNE,"6/20/2021 12 a.m. EDT",13578,13750,10947,-2631
ISNE,"6/20/2021 1 a.m. EDT",12840,12590,10486,-2354
ISNE,"6/20/2021 2 a.m. EDT",12424,11860,10039,-2385
ISNE,"6/20/2021 3 a.m. EDT",12160,11380,9886,-2274
ISNE,"6/20/2021 4 a.m. EDT",11881,11090,9685,-2196
ISNE,"6/20/2021 5 a.m. EDT",11729,10940,9514,-2215
ISNE,"6/20/2021 6 a.m. EDT",11664,10850,9321,-2343
ISNE,"6/20/2021 7 a.m. EDT",11888,11040,9564,-2324
ISNE,"6/20/2021 8 a.m. EDT",11702,11480,9533,-2169
ISNE,"6/20/2021 9 a.m. EDT",11986,12000,9981,-2005
ISNE,"6/20/2021 10 a.m. EDT",12538,12550,10808,-1730
ISNE,"6/20/2021 11 a.m. EDT",13122,13150,11664,-1458
ISNE,"6/20/2021 12 p.m. EDT",13793,13820,12378,-1415
ISNE,"6/20/2021 1 p.m. EDT",14422,14450,12899,-1523
ISNE,"6/20/2021 2 p.m. EDT",14929,14950,13644,-1285
ISNE,"6/20/2021 3 p.m. EDT",15516,15540,14131,-1385
ISNE,"6/20/2021 4 p.m. EDT",16279,16380,14991,-1288
ISNE,"6/20/2021 5 p.m. EDT",17204,17390,15547,-1657
ISNE,"6/20/2021 6 p.m. EDT",18071,18190,16180,-1891
ISNE,"6/20/2021 7 p.m. EDT",18569,18550,16566,-2003
ISNE,"6/20/2021 8 p.m. EDT",18406,18460,16280,-2126
ISNE,"6/20/2021 9 p.m. EDT",17983,18150,16072,-1911
ISNE,"6/20/2021 10 p.m. EDT",17427,17400,15760,-1667
ISNE,"6/20/2021 11 p.m. EDT",16101,15970,13937,-2164
ISNE,"6/21/2021 12 a.m. EDT",14936,14600,12718,-2218
ISNE,"6/21/2021 1 a.m. EDT",13855,13540,11581,-2274
ISNE,"6/21/2021 2 a.m. EDT",13375,12830,11117,-2258
ISNE,"6/21/2021 3 a.m. EDT",12891,12350,10640,-2251
ISNE,"6/21/2021 4 a.m. EDT",12638,12100,10502,-2136
ISNE,"6/21/2021 5 a.m. EDT",12745,12220,10548,-2197
ISNE,"6/21/2021 6 a.m. EDT",13207,12700,11013,-2194
ISNE,"6/21/2021 7 a.m. EDT",14148,13850,12153,-1995
ISNE,"6/21/2021 8 a.m. EDT",15316,15070,13265,-2051
ISNE,"6/21/2021 9 a.m. EDT",15989,15880,13890,-2099
ISNE,"6/21/2021 10 a.m. EDT",16471,16490,14416,-2055
ISNE,"6/21/2021 11 a.m. EDT",17170,17190,15301,-1869
ISNE,"6/21/2021 12 p.m. EDT",17802,17830,16030,-1772
ISNE,"6/21/2021 1 p.m. EDT",18463,18490,16199,-2264
ISNE,"6/21/2021 2 p.m. EDT",19185,19210,16922,-2263
ISNE,"6/21/2021 3 p.m. EDT",19650,19680,17315,-2335
ISNE,"6/21/2021 4 p.m. EDT",19922,19950,17568,-2354
ISNE,"6/21/2021 5 p.m. EDT",20317,20320,17887,-2430
ISNE,"6/21/2021 6 p.m. EDT",20603,21000,18049,-2554
ISNE,"6/21/2021 7 p.m. EDT",20474,20750,17969,-2505
ISNE,"6/21/2021 8 p.m. EDT",19980,20120,17422,-2558
ISNE,"6/21/2021 9 p.m. EDT",19408,19680,16790,-2618
ISNE,"6/21/2021 10 p.m. EDT",18526,18520,15876,-2650
ISNE,"6/21/2021 11 p.m. EDT",17080,16870,14067,-3013
ISNE,"6/22/2021 12 a.m. EDT",15543,15360,12547,-2996
ISNE,"6/22/2021 1 a.m. EDT",14367,14360,11641,-2726
ISNE,"6/22/2021 2 a.m. EDT",13576,13570,11083,-2493
ISNE,"6/22/2021 3 a.m. EDT",13456,13080,11035,-2421
ISNE,"6/22/2021 4 a.m. EDT",13392,12850,11054,-2338
ISNE,"6/22/2021 5 a.m. EDT",13466,12950,11158,-2308
ISNE,"6/22/2021 6 a.m. EDT",13716,13460,11541,-2175
ISNE,"6/22/2021 7 a.m. EDT",14453,14480,12358,-2095
ISNE,"6/22/2021 8 a.m. EDT",15548,15580,13538,-2010
ISNE,"6/22/2021 9 a.m. EDT",16252,16270,14094,-2158
ISNE,"6/22/2021 10 a.m. EDT",16871,16780,14560,-2311
ISNE,"6/22/2021 11 a.m. EDT",17460,16930,14980,-2480
ISNE,"6/22/2021 12 p.m. EDT",17869,16990,15311,-2558
ISNE,"6/22/2021 1 p.m. EDT",18064,17120,15252,-2812
ISNE,"6/22/2021 2 p.m. EDT",18154,17110,15250,-2904
ISNE,"6/22/2021 3 p.m. EDT",17680,17090,14648,-3032
ISNE,"6/22/2021 4 p.m. EDT",16835,17110,13869,-2966
ISNE,"6/22/2021 5 p.m. EDT",16421,16980,13509,-2912
ISNE,"6/22/2021 6 p.m. EDT",16422,16570,13571,-2851
ISNE,"6/22/2021 7 p.m. EDT",16089,16160,13362,-2727
ISNE,"6/22/2021 8 p.m. EDT",15535,15840,12564,-2971
ISNE,"6/22/2021 9 p.m. EDT",15049,15050,12279,-2770
ISNE,"6/22/2021 10 p.m. EDT",14379,14380,11837,-2542
ISNE,"6/22/2021 11 p.m. EDT",13468,13240,10764,-2704
ISNE,"6/23/2021 12 a.m. EDT",12294,11950,9528,-2766
ISNE,"6/23/2021 1 a.m. EDT",11553,11150,8969,-2584
ISNE,"6/23/2021 2 a.m. EDT",11044,10570,8612,-2432
ISNE,"6/23/2021 3 a.m. EDT",10763,10170,8396,-2367
ISNE,"6/23/2021 4 a.m. EDT",10796,9990,8304,-2492
ISNE,"6/23/2021 5 a.m. EDT",10875,10080,8272,-2603
ISNE,"6/23/2021 6 a.m. EDT",11255,10460,8610,-2645
ISNE,"6/23/2021 7 a.m. EDT",11730,11280,9306,-2424
ISNE,"6/23/2021 8 a.m. EDT",12126,11850,9188,-2938
ISNE,"6/23/2021 9 a.m. EDT",12213,11840,9636,-2577
ISNE,"6/23/2021 10 a.m. EDT",12055,11600,9784,-2271
ISNE,"6/23/2021 11 a.m. EDT",11620,11610,9949,-1671
ISNE,"6/23/2021 12 p.m. EDT",11704,11720,9845,-1859
ISNE,"6/23/2021 1 p.m. EDT",11886,11910,10044,-1842
ISNE,"6/23/2021 2 p.m. EDT",12189,12200,10264,-1925
ISNE,"6/23/2021 3 p.m. EDT",12496,12520,10562,-1934
ISNE,"6/23/2021 4 p.m. EDT",12888,12940,10865,-2023
ISNE,"6/23/2021 5 p.m. EDT",13468,13470,11555,-1913
ISNE,"6/23/2021 6 p.m. EDT",14211,14280,12182,-2029
ISNE,"6/23/2021 7 p.m. EDT",14730,15000,12378,-2352
ISNE,"6/23/2021 8 p.m. EDT",14695,14810,12187,-2508
ISNE,"6/23/2021 9 p.m. EDT",14343,14500,11657,-2686
ISNE,"6/23/2021 10 p.m. EDT",13838,13880,11141,-2697
ISNE,"6/23/2021 11 p.m. EDT",12720,12710,9933,-2787
ISNE,"6/24/2021 12 a.m. EDT",11546,11530,9206,-2340
ISNE,"6/24/2021 1 a.m. EDT",10721,10620,8144,-2577
ISNE,"6/24/2021 2 a.m. EDT",10546,10100,7958,-2588
ISNE,"6/24/2021 3 a.m. EDT",10369,9770,7808,-2561
ISNE,"6/24/2021 4 a.m. EDT",10242,9620,7710,-2532
ISNE,"6/24/2021 5 a.m. EDT",10377,9770,7782,-2595
ISNE,"6/24/2021 6 a.m. EDT",10764,10240,8056,-2708
ISNE,"6/24/2021 7 a.m. EDT",11231,11200,8835,-2396
ISNE,"6/24/2021 8 a.m. EDT",11884,11850,9472,-2412
ISNE,"6/24/2021 9 a.m. EDT",12036,11910,9593,-2443
ISNE,"6/24/2021 10 a.m. EDT",11953,11900,9525,-2428
ISNE,"6/24/2021 11 a.m. EDT",11995,11980,9490,-2505
ISNE,"6/24/2021 12 p.m. EDT",12113,12200,9758,-2355
ISNE,"6/24/2021 1 p.m. EDT",12273,12450,10125,-2148
ISNE,"6/24/2021 2 p.m. EDT",12537,12780,10511,-2026
ISNE,"6/24/2021 3 p.m. EDT",12803,13320,10462,-2341
ISNE,"6/24/2021 4 p.m. EDT",13232,13760,10786,-2446
ISNE,"6/24/2021 5 p.m. EDT",13906,14300,11549,-2357
ISNE,"6/24/2021 6 p.m. EDT",14662,14900,12185,-2477
ISNE,"6/24/2021 7 p.m. EDT",15064,15250,12509,-2555
ISNE,"6/24/2021 8 p.m. EDT",14873,14840,12289,-2584
ISNE,"6/24/2021 9 p.m. EDT",14489,14460,11921,-2568
ISNE,"6/24/2021 10 p.m. EDT",13992,13870,11312,-2680
ISNE,"6/24/2021 11 p.m. EDT",12938,12710,10059,-2879
ISNE,"6/25/2021 12 a.m. EDT",11827,11540,9350,-2477
ISNE,"6/25/2021 1 a.m. EDT",11552,11040,9126,-2426
ISNE,"6/25/2021 2 a.m. EDT",11387,10540,8995,-2392
ISNE,"6/25/2021 3 a.m. EDT",11300,10260,8923,-2377
ISNE,"6/25/2021 4 a.m. EDT",11158,10120,8644,-2514
ISNE,"6/25/2021 5 a.m. EDT",11253,10300,8793,-2460
ISNE,"6/25/2021 6 a.m. EDT",11576,10810,9036,-2540
ISNE,"6/25/2021 7 a.m. EDT",12032,11720,9628,-2404
ISNE,"6/25/2021 8 a.m. EDT",12612,12640,10229,-2383
ISNE,"6/25/2021 9 a.m. EDT",13199,13220,11008,-2191
ISNE,"6/25/2021 10 a.m. EDT",13481,13490,11168,-2313
ISNE,"6/25/2021 11 a.m. EDT",13648,13650,11427,-2221
ISNE,"6/25/2021 12 p.m. EDT",13766,13770,11819,-1947
ISNE,"6/25/2021 1 p.m. EDT",13757,13770,11911,-1846
ISNE,"6/25/2021 2 p.m. EDT",13790,13770,12103,-1687
ISNE,"6/25/2021 3 p.m. EDT",13778,13770,12094,-1684
ISNE,"6/25/2021 4 p.m. EDT",13878,14020,12289,-1589
ISNE,"6/25/2021 5 p.m. EDT",14266,14730,12613,-1653
ISNE,"6/25/2021 6 p.m. EDT",14754,15360,12680,-2074
ISNE,"6/25/2021 7 p.m. EDT",14971,15650,12625,-2346
ISNE,"6/25/2021 8 p.m. EDT",14840,15320,12275,-2565
ISNE,"6/25/2021 9 p.m. EDT",14660,15010,11997,-2663
ISNE,"6/25/2021 10 p.m. EDT",14265,14540,11618,-2647
ISNE,"6/25/2021 11 p.m. EDT",13354,13580,10831,-2523
ISNE,"6/26/2021 12 a.m. EDT",12354,12450,9737,-2617
ISNE,"6/26/2021 1 a.m. EDT",11781,11500,9559,-2222
ISNE,"6/26/2021 2 a.m. EDT",11467,10960,9281,-2186
ISNE,"6/26/2021 3 a.m. EDT",11529,10650,9085,-2444
ISNE,"6/26/2021 4 a.m. EDT",11576,10530,9106,-2470
ISNE,"6/26/2021 5 a.m. EDT",11601,10580,9179,-2422
ISNE,"6/26/2021 6 a.m. EDT",11807,10790,9545,-2262
ISNE,"6/26/2021 7 a.m. EDT",12108,11210,9845,-2263
ISNE,"6/26/2021 8 a.m. EDT",12299,11920,10279,-2020
ISNE,"6/26/2021 9 a.m. EDT",12870,12680,11142,-1728
ISNE,"6/26/2021 10 a.m. EDT",13247,13290,11622,-1625
ISNE,"6/26/2021 11 a.m. EDT",13793,13890,12005,-1788
ISNE,"6/26/2021 12 p.m. EDT",14390,14550,12598,-1792
ISNE,"6/26/2021 1 p.m. EDT",14866,15110,13126,-1740
ISNE,"6/26/2021 2 p.m. EDT",15393,15680,13514,-1879
ISNE,"6/26/2021 3 p.m. EDT",15948,16090,14166,-1782
ISNE,"6/26/2021 4 p.m. EDT",16362,16580,14422,-1940
ISNE,"6/26/2021 5 p.m. EDT",16700,17150,14706,-1994
ISNE,"6/26/2021 6 p.m. EDT",16987,17540,14950,-2037
ISNE,"6/26/2021 7 p.m. EDT",17095,17600,14908,-2187
ISNE,"6/26/2021 8 p.m. EDT",16941,17220,14603,-2338
ISNE,"6/26/2021 9 p.m. EDT",16772,16860,14265,-2507
ISNE,"6/26/2021 10 p.m. EDT",16392,16330,13824,-2568
ISNE,"6/26/2021 11 p.m. EDT",15489,15200,12817,-2672
ISNE,"6/27/2021 12 a.m. EDT",14445,13980,11926,-2519
ISNE,"6/27/2021 1 a.m. EDT",13522,13500,10975,-2547
ISNE,"6/27/2021 2 a.m. EDT",12851,12830,10135,-2716
ISNE,"6/27/2021 3 a.m. EDT",12688,12410,9726,-2962
ISNE,"6/27/2021 4 a.m. EDT",12603,12160,9624,-2979
ISNE,"6/27/2021 5 a.m. EDT",12490,12060,9298,-3192
ISNE,"6/27/2021 6 a.m. EDT",12330,12050,9091,-3239
ISNE,"6/27/2021 7 a.m. EDT",12588,12320,9873,-2715
ISNE,"6/27/2021 8 a.m. EDT",13170,12910,10950,-2220
ISNE,"6/27/2021 9 a.m. EDT",13714,13720,11325,-2389
ISNE,"6/27/2021 10 a.m. EDT",14497,14520,11920,-2577
ISNE,"6/27/2021 11 a.m. EDT",15181,15210,12441,-2740
ISNE,"6/27/2021 12 p.m. EDT",15893,15910,13545,-2348
ISNE,"6/27/2021 1 p.m. EDT",16545,16560,14722,-1823
ISNE,"6/27/2021 2 p.m. EDT",17138,17160,15356,-1782
ISNE,"6/27/2021 3 p.m. EDT",17688,17710,15822,-1866
ISNE,"6/27/2021 4 p.m. EDT",18427,18470,16447,-1980
ISNE,"6/27/2021 5 p.m. EDT",19318,19600,17293,-2025
ISNE,"6/27/2021 6 p.m. EDT",20217,20290,18085,-2132
ISNE,"6/27/2021 7 p.m. EDT",20535,20680,17964,-2571
ISNE,"6/27/2021 8 p.m. EDT",20237,20210,17526,-2711
ISNE,"6/27/2021 9 p.m. EDT",19809,19890,17280,-2529
ISNE,"6/27/2021 10 p.m. EDT",19185,18950,16715,-2470
ISNE,"6/27/2021 11 p.m. EDT",17743,17390,15427,-2316
ISNE,"6/28/2021 12 a.m. EDT",16318,15980,13825,-2493
ISNE,"6/28/2021 1 a.m. EDT",16028,15040,13098,-2930
ISNE,"6/28/2021 2 a.m. EDT",15296,14240,12710,-2586
ISNE,"6/28/2021 3 a.m. EDT",14799,13750,12309,-2490
ISNE,"6/28/2021 4 a.m. EDT",14506,13490,11884,-2622
ISNE,"6/28/2021 5 a.m. EDT",14611,13610,12159,-2452
ISNE,"6/28/2021 6 a.m. EDT",15019,14120,12578,-2441
ISNE,"6/28/2021 7 a.m. EDT",15642,15180,13561,-2081
ISNE,"6/28/2021 8 a.m. EDT",16965,16560,14768,-2197
ISNE,"6/28/2021 9 a.m. EDT",18041,17510,16069,-1972
ISNE,"6/28/2021 10 a.m. EDT",18941,18380,16905,-2036
ISNE,"6/28/2021 11 a.m. EDT",19932,19330,17647,-2285
ISNE,"6/28/2021 12 p.m. EDT",20688,20370,18571,-2117
ISNE,"6/28/2021 1 p.m. EDT",21570,20900,19302,-2268
ISNE,"6/28/2021 2 p.m. EDT",22454,22010,20599,-1855
ISNE,"6/28/2021 3 p.m. EDT",23075,22810,21153,-1922
ISNE,"6/28/2021 4 p.m. EDT",23525,23380,21354,-2171
ISNE,"6/28/2021 5 p.m. EDT",23866,24210,21354,-2512
ISNE,"6/28/2021 6 p.m. EDT",24377,24500,21849,-2528
ISNE,"6/28/2021 7 p.m. EDT",24492,24240,21456,-3036
ISNE,"6/28/2021 8 p.m. EDT",24116,23610,20887,-3229
ISNE,"6/28/2021 9 p.m. EDT",23359,22900,19994,-3365
ISNE,"6/28/2021 10 p.m. EDT",22388,21620,19117,-3271
ISNE,"6/28/2021 11 p.m. EDT",20807,19780,17486,-3321
ISNE,"6/29/2021 12 a.m. EDT",19277,18020,16105,-3172
ISNE,"6/29/2021 1 a.m. EDT",18203,17270,14848,-3355
ISNE,"6/29/2021 2 a.m. EDT",17359,16280,13712,-3647
ISNE,"6/29/2021 3 a.m. EDT",16659,15600,13191,-3468
ISNE,"6/29/2021 4 a.m. EDT",16217,15160,12668,-3549
ISNE,"6/29/2021 5 a.m. EDT",16144,15020,12620,-3524
ISNE,"6/29/2021 6 a.m. EDT",16588,15250,13358,-3230
ISNE,"6/29/2021 7 a.m. EDT",17784,16410,14813,-2971
ISNE,"6/29/2021 8 a.m. EDT",19244,17790,16194,-3050
ISNE,"6/29/2021 9 a.m. EDT",19736,19040,16783,-2953
ISNE,"6/29/2021 10 a.m. EDT",20288,20610,17584,-2704
ISNE,"6/29/2021 11 a.m. EDT",21193,21150,18561,-2632
ISNE,"6/29/2021 12 p.m. EDT",22069,22030,19466,-2603
ISNE,"6/29/2021 1 p.m. EDT",22890,22940,20040,-2850
ISNE,"6/29/2021 2 p.m. EDT",23685,23580,20973,-2712
ISNE,"6/29/2021 3 p.m. EDT",24356,23960,21670,-2686
ISNE,"6/29/2021 4 p.m. EDT",24762,24480,22109,-2653
ISNE,"6/29/2021 5 p.m. EDT",24843,25200,22028,-2815
ISNE,"6/29/2021 6 p.m. EDT",25101,25250,22529,-2572
ISNE,"6/29/2021 7 p.m. EDT",25046,24940,22001,-3045
ISNE,"6/29/2021 8 p.m. EDT",24504,24250,21331,-3173
ISNE,"6/29/2021 9 p.m. EDT",23717,23390,20238,-3479
ISNE,"6/29/2021 10 p.m. EDT",22557,22240,19291,-3266
ISNE,"6/29/2021 11 p.m. EDT",20766,20430,17279,-3487
ISNE,"6/30/2021 12 a.m. EDT",19168,18630,15714,-3454
ISNE,"6/30/2021 1 a.m. EDT",18258,17470,14823,-3435
ISNE,"6/30/2021 2 a.m. EDT",17615,16530,14454,-3161
ISNE,"6/30/2021 3 a.m. EDT",16928,15850,14017,-2911
ISNE,"6/30/2021 4 a.m. EDT",16487,15420,13574,-2913
ISNE,"6/30/2021 5 a.m. EDT",16425,15450,13546,-2879
ISNE,"6/30/2021 6 a.m. EDT",16818,15730,14162,-2656
ISNE,"6/30/2021 7 a.m. EDT",17987,16860,15263,-2724
ISNE,"6/30/2021 8 a.m. EDT",19417,18210,16655,-2762
ISNE,"6/30/2021 9 a.m. EDT",19895,19230,17020,-2875
ISNE,"6/30/2021 10 a.m. EDT",20557,20510,17326,-3231
ISNE,"6/30/2021 11 a.m. EDT",21206,21350,18143,-3063
ISNE,"6/30/2021 12 p.m. EDT",21982,22190,19064,-2918
ISNE,"6/30/2021 1 p.m. EDT",22808,22890,19696,-3112
ISNE,"6/30/2021 2 p.m. EDT",23631,23580,20435,-3196
ISNE,"6/30/2021 3 p.m. EDT",24159,24090,20973,-3186
ISNE,"6/30/2021 4 p.m. EDT",24399,24720,21131,-3268
ISNE,"6/30/2021 5 p.m. EDT",24714,25240,21352,-3362
ISNE,"6/30/2021 6 p.m. EDT",24759,25200,21558,-3201
ISNE,"6/30/2021 7 p.m. EDT",23886,24630,20469,-3417
ISNE,"6/30/2021 8 p.m. EDT",22942,23820,19446,-3496
ISNE,"6/30/2021 9 p.m. EDT",21873,22850,18548,-3325
ISNE,"6/30/2021 10 p.m. EDT",20481,21590,17140,-3341
ISNE,"6/30/2021 11 p.m. EDT",18854,19770,15504,-3350
ISNE,"7/1/2021 12 a.m. EDT",17247,17980,13831,-3416
