"BA Code","Timestamp (Hour Ending)","Demand (MWh)","Demand Forecast (MWh)","Net Generation (MWh)","Total Interchange (MWh)"
ISNE,"2/1/2018 12 a.m. EST",13568,13560,10721,-2847
ISNE,"2/1/2018 1 a.m. EST",12936,12650,10130,-2806
ISNE,"2/1/2018 2 a.m. EST",12520,12250,9755,-2765
ISNE,"2/1/2018 3 a.m. EST",12294,12030,9524,-2770
ISNE,"2/1/2018 4 a.m. EST",12284,12020,9510,-2774
ISNE,"2/1/2018 5 a.m. EST",12610,12350,9908,-2702
ISNE,"2/1/2018 6 a.m. EST",13393,13380,10686,-2707
ISNE,"2/1/2018 7 a.m. EST",15078,15110,12342,-2736
ISNE,"2/1/2018 8 a.m. EST",16031,16030,13222,-2809
ISNE,"2/1/2018 9 a.m. EST",16151,16150,13309,-2842
ISNE,"2/1/2018 10 a.m. EST",16076,16090,13260,-2816
ISNE,"2/1/2018 11 a.m. EST",15827,15830,13169,-2658
ISNE,"2/1/2018 12 p.m. EST",15497,15510,12907,-2590
ISNE,"2/1/2018 1 p.m. EST",15230,15320,12667,-2563
ISNE,"2/1/2018 2 p.m. EST",15190,15280,12585,-2605
ISNE,"2/1/2018 3 p.m. EST",15303,15270,12771,-2532
ISNE,"2/1/2018 4 p.m. EST",15569,15450,13069,-2500
ISNE,"2/1/2018 5 p.m. EST",16014,16120,13494,-2520
ISNE,"2/1/2018 6 p.m. EST",16903,17140,14454,-2449
ISNE,"2/1/2018 7 p.m. EST",16872,17200,14161,-2711
ISNE,"2/1/2018 8 p.m. EST",16469,16650,13801,-2668
ISNE,"2/1/2018 9 p.m. EST",15842,15960,13091,-2751
ISNE,"2/1/2018 10 p.m. EST",15166,14940,12405,-2761
ISNE,"2/1/2018 11 p.m. EST",14401,13680,11553,-2848
ISNE,"2/2/2018 12 a.m. EST",13617,12580,10648,-2969
ISNE,"2/2/2018 1 a.m. EST",12959,11860,9805,-3154
ISNE,"2/2/2018 2 a.m. EST",12693,11490,9532,-3161
ISNE,"2/2/2018 3 a.m. EST",12629,11310,9528,-3101
ISNE,"2/2/2018 4 a.m. EST",12657,11350,9601,-3056
ISNE,"2/2/2018 5 a.m. EST",12992,11760,9975,-3017
ISNE,"2/2/2018 6 a.m. EST",13374,12810,10468,-2906
ISNE,"2/2/2018 7 a.m. EST",14944,14470,12080,-2864
ISNE,"2/2/2018 8 a.m. EST",15699,15650,12799,-2900
ISNE,"2/2/2018 9 a.m. EST",16203,16180,13409,-2794
ISNE,"2/2/2018 10 a.m. EST",16349,16380,13512,-2837
ISNE,"2/2/2018 11 a.m. EST",16256,16280,13468,-2788
ISNE,"2/2/2018 12 p.m. EST",15931,15960,13114,-2817
ISNE,"2/2/2018 1 p.m. EST",15659,15730,12810,-2849
ISNE,"2/2/2018 2 p.m. EST",15652,15660,12797,-2855
ISNE,"2/2/2018 3 p.m. EST",15752,15620,12989,-2763
ISNE,"2/2/2018 4 p.m. EST",16046,15840,13308,-2738
ISNE,"2/2/2018 5 p.m. EST",16766,16580,14012,-2754
ISNE,"2/2/2018 6 p.m. EST",17867,17740,15254,-2613
ISNE,"2/2/2018 7 p.m. EST",18090,17940,15419,-2671
ISNE,"2/2/2018 8 p.m. EST",17813,17370,14981,-2832
ISNE,"2/2/2018 9 p.m. EST",17406,16830,14637,-2769
ISNE,"2/2/2018 10 p.m. EST",16723,16070,13941,-2782
ISNE,"2/2/2018 11 p.m. EST",15774,15160,12963,-2811
ISNE,"2/3/2018 12 a.m. EST",14826,14210,11994,-2832
ISNE,"2/3/2018 1 a.m. EST",14173,14170,11460,-2713
ISNE,"2/3/2018 2 a.m. EST",13789,13680,10959,-2830
ISNE,"2/3/2018 3 a.m. EST",13607,13510,10616,-2991
ISNE,"2/3/2018 4 a.m. EST",13562,13440,10632,-2930
ISNE,"2/3/2018 5 a.m. EST",13717,13660,10739,-2978
ISNE,"2/3/2018 6 a.m. EST",14149,14050,11204,-2945
ISNE,"2/3/2018 7 a.m. EST",14882,14490,12023,-2859
ISNE,"2/3/2018 8 a.m. EST",15606,15430,12840,-2766
ISNE,"2/3/2018 9 a.m. EST",16034,15960,13527,-2507
ISNE,"2/3/2018 10 a.m. EST",16011,16040,13515,-2496
ISNE,"2/3/2018 11 a.m. EST",15722,15870,12976,-2746
ISNE,"2/3/2018 12 p.m. EST",15347,15500,12481,-2866
ISNE,"2/3/2018 1 p.m. EST",14935,15160,12125,-2810
ISNE,"2/3/2018 2 p.m. EST",14666,14920,11890,-2776
ISNE,"2/3/2018 3 p.m. EST",14896,14980,11992,-2904
ISNE,"2/3/2018 4 p.m. EST",15153,15420,12219,-2934
ISNE,"2/3/2018 5 p.m. EST",15842,16080,12964,-2878
ISNE,"2/3/2018 6 p.m. EST",17023,17050,14052,-2971
ISNE,"2/3/2018 7 p.m. EST",17195,17200,14166,-3029
ISNE,"2/3/2018 8 p.m. EST",16777,16730,13790,-2987
ISNE,"2/3/2018 9 p.m. EST",16289,16180,13444,-2845
ISNE,"2/3/2018 10 p.m. EST",15589,15500,12808,-2781
ISNE,"2/3/2018 11 p.m. EST",14671,14620,11886,-2785
ISNE,"2/4/2018 12 a.m. EST",13755,13790,10939,-2816
ISNE,"2/4/2018 1 a.m. EST",13294,13100,10538,-2756
ISNE,"2/4/2018 2 a.m. EST",12822,12660,10196,-2626
ISNE,"2/4/2018 3 a.m. EST",12608,12360,9977,-2631
ISNE,"2/4/2018 4 a.m. EST",12665,12230,10004,-2661
ISNE,"2/4/2018 5 a.m. EST",12671,12260,9986,-2685
ISNE,"2/4/2018 6 a.m. EST",12873,12550,10186,-2687
ISNE,"2/4/2018 7 a.m. EST",13157,12800,10532,-2625
ISNE,"2/4/2018 8 a.m. EST",13652,13570,10957,-2695
ISNE,"2/4/2018 9 a.m. EST",14232,14370,11488,-2744
ISNE,"2/4/2018 10 a.m. EST",14681,14680,11841,-2840
ISNE,"2/4/2018 11 a.m. EST",14753,14820,12005,-2748
ISNE,"2/4/2018 12 p.m. EST",14806,14860,12060,-2746
ISNE,"2/4/2018 1 p.m. EST",15079,14800,12184,-2895
ISNE,"2/4/2018 2 p.m. EST",15210,14760,12142,-3068
ISNE,"2/4/2018 3 p.m. EST",15478,14750,12342,-3136
ISNE,"2/4/2018 4 p.m. EST",15687,15040,12593,-3094
ISNE,"2/4/2018 5 p.m. EST",16041,15820,12993,-3048
ISNE,"2/4/2018 6 p.m. EST",16586,16380,13319,-3267
ISNE,"2/4/2018 7 p.m. EST",15885,15990,12715,-3170
ISNE,"2/4/2018 8 p.m. EST",14889,15170,11666,-3223
ISNE,"2/4/2018 9 p.m. EST",14375,14670,11134,-3241
ISNE,"2/4/2018 10 p.m. EST",13951,14070,10536,-3415
ISNE,"2/4/2018 11 p.m. EST",13762,13140,10449,-3313
ISNE,"2/5/2018 12 a.m. EST",12948,12240,9962,-2986
ISNE,"2/5/2018 1 a.m. EST",12494,11330,9385,-3109
ISNE,"2/5/2018 2 a.m. EST",12277,10900,9124,-3153
ISNE,"2/5/2018 3 a.m. EST",12359,10760,9198,-3161
ISNE,"2/5/2018 4 a.m. EST",12313,10770,9216,-3097
ISNE,"2/5/2018 5 a.m. EST",12384,11190,9269,-3115
ISNE,"2/5/2018 6 a.m. EST",12931,12250,9989,-2942
ISNE,"2/5/2018 7 a.m. EST",14158,14080,11332,-2826
ISNE,"2/5/2018 8 a.m. EST",14704,15030,11713,-2991
ISNE,"2/5/2018 9 a.m. EST",14781,15090,11737,-3044
ISNE,"2/5/2018 10 a.m. EST",14734,14720,11672,-3062
ISNE,"2/5/2018 11 a.m. EST",14799,14510,11760,-3039
ISNE,"2/5/2018 12 p.m. EST",14536,14350,11407,-3129
ISNE,"2/5/2018 1 p.m. EST",14220,14210,11151,-3069
ISNE,"2/5/2018 2 p.m. EST",14073,14220,11189,-2884
ISNE,"2/5/2018 3 p.m. EST",14078,14370,11402,-2676
ISNE,"2/5/2018 4 p.m. EST",14668,14800,11828,-2840
ISNE,"2/5/2018 5 p.m. EST",15758,15550,12573,-3185
ISNE,"2/5/2018 6 p.m. EST",17200,17100,14064,-3136
ISNE,"2/5/2018 7 p.m. EST",17603,17500,14368,-3235
ISNE,"2/5/2018 8 p.m. EST",17259,17140,13964,-3295
ISNE,"2/5/2018 9 p.m. EST",16675,16470,13436,-3239
ISNE,"2/5/2018 10 p.m. EST",15681,15440,12501,-3180
ISNE,"2/5/2018 11 p.m. EST",14453,14160,11353,-3100
ISNE,"2/6/2018 12 a.m. EST",13462,13090,10471,-2991
ISNE,"2/6/2018 1 a.m. EST",12848,12830,9884,-2964
ISNE,"2/6/2018 2 a.m. EST",12779,12520,9871,-2908
ISNE,"2/6/2018 3 a.m. EST",12643,12380,9773,-2870
ISNE,"2/6/2018 4 a.m. EST",12660,12400,9860,-2800
ISNE,"2/6/2018 5 a.m. EST",12978,12750,10257,-2721
ISNE,"2/6/2018 6 a.m. EST",13760,13790,11166,-2594
ISNE,"2/6/2018 7 a.m. EST",15530,15570,13066,-2464
ISNE,"2/6/2018 8 a.m. EST",16511,16510,13972,-2539
ISNE,"2/6/2018 9 a.m. EST",16615,16600,13970,-2645
ISNE,"2/6/2018 10 a.m. EST",16623,16600,13888,-2735
ISNE,"2/6/2018 11 a.m. EST",16534,16400,13880,-2654
ISNE,"2/6/2018 12 p.m. EST",16099,16120,13495,-2604
ISNE,"2/6/2018 1 p.m. EST",15701,15710,13111,-2590
ISNE,"2/6/2018 2 p.m. EST",15796,15420,13368,-2428
ISNE,"2/6/2018 3 p.m. EST",15718,15440,12953,-2765
ISNE,"2/6/2018 4 p.m. EST",15562,15710,12731,-2831
ISNE,"2/6/2018 5 p.m. EST",16152,16500,13384,-2768
ISNE,"2/6/2018 6 p.m. EST",17294,17460,14446,-2848
ISNE,"2/6/2018 7 p.m. EST",17577,17610,14739,-2838
ISNE,"2/6/2018 8 p.m. EST",17190,17220,14359,-2831
ISNE,"2/6/2018 9 p.m. EST",16591,16600,13784,-2807
ISNE,"2/6/2018 10 p.m. EST",15649,15580,12883,-2766
ISNE,"2/6/2018 11 p.m. EST",14469,14340,11533,-2936
ISNE,"2/7/2018 12 a.m. EST",13419,13360,10724,-2695
ISNE,"2/7/2018 1 a.m. EST",13184,12590,10303,-2881
ISNE,"2/7/2018 2 a.m. EST",13302,12200,10412,-2890
ISNE,"2/7/2018 3 a.m. EST",13181,12070,10334,-2847
ISNE,"2/7/2018 4 a.m. EST",13230,12080,10403,-2827
ISNE,"2/7/2018 5 a.m. EST",13601,12490,10843,-2758
ISNE,"2/7/2018 6 a.m. EST",14272,13600,11579,-2693
ISNE,"2/7/2018 7 a.m. EST",15341,15170,12940,-2401
ISNE,"2/7/2018 8 a.m. EST",16217,16260,13760,-2457
ISNE,"2/7/2018 9 a.m. EST",16492,16410,13826,-2666
ISNE,"2/7/2018 10 a.m. EST",16724,16480,14074,-2650
ISNE,"2/7/2018 11 a.m. EST",17139,16690,14582,-2557
ISNE,"2/7/2018 12 p.m. EST",17435,17520,14695,-2740
ISNE,"2/7/2018 1 p.m. EST",17511,17480,14758,-2753
ISNE,"2/7/2018 2 p.m. EST",17438,17520,14616,-2822
ISNE,"2/7/2018 3 p.m. EST",17222,17540,14467,-2755
ISNE,"2/7/2018 4 p.m. EST",17142,17590,14397,-2745
ISNE,"2/7/2018 5 p.m. EST",17481,17640,14760,-2721
ISNE,"2/7/2018 6 p.m. EST",18176,17900,15541,-2635
ISNE,"2/7/2018 7 p.m. EST",17923,17780,15230,-2693
ISNE,"2/7/2018 8 p.m. EST",17197,17120,14378,-2819
ISNE,"2/7/2018 9 p.m. EST",16290,16360,13439,-2851
ISNE,"2/7/2018 10 p.m. EST",15161,15310,12121,-3040
ISNE,"2/7/2018 11 p.m. EST",13925,14100,10702,-3223
ISNE,"2/8/2018 12 a.m. EST",13308,13050,10138,-3170
ISNE,"2/8/2018 1 a.m. EST",13131,12340,10112,-3019
ISNE,"2/8/2018 2 a.m. EST",12839,12030,9841,-2998
ISNE,"2/8/2018 3 a.m. EST",12830,11930,9838,-2992
ISNE,"2/8/2018 4 a.m. EST",12989,12030,10060,-2929
ISNE,"2/8/2018 5 a.m. EST",13033,12450,10177,-2856
ISNE,"2/8/2018 6 a.m. EST",13565,13580,10642,-2923
ISNE,"2/8/2018 7 a.m. EST",15245,15320,12538,-2707
ISNE,"2/8/2018 8 a.m. EST",16227,16240,13284,-2943
ISNE,"2/8/2018 9 a.m. EST",16378,16030,13311,-3067
ISNE,"2/8/2018 10 a.m. EST",16012,15750,12934,-3078
ISNE,"2/8/2018 11 a.m. EST",15631,15190,12668,-2963
ISNE,"2/8/2018 12 p.m. EST",15378,14850,12286,-3092
ISNE,"2/8/2018 1 p.m. EST",15156,14690,12026,-3130
ISNE,"2/8/2018 2 p.m. EST",15034,14660,11896,-3138
ISNE,"2/8/2018 3 p.m. EST",15008,14760,12277,-2731
ISNE,"2/8/2018 4 p.m. EST",15262,15260,12792,-2470
ISNE,"2/8/2018 5 p.m. EST",16023,16070,13390,-2633
ISNE,"2/8/2018 6 p.m. EST",17248,17320,14499,-2749
ISNE,"2/8/2018 7 p.m. EST",17617,17740,14919,-2698
ISNE,"2/8/2018 8 p.m. EST",17336,17410,14699,-2637
ISNE,"2/8/2018 9 p.m. EST",16780,16890,14257,-2523
ISNE,"2/8/2018 10 p.m. EST",15864,15980,13396,-2468
ISNE,"2/8/2018 11 p.m. EST",14675,14780,12126,-2549
ISNE,"2/9/2018 12 a.m. EST",13664,13760,11086,-2578
ISNE,"2/9/2018 1 a.m. EST",13042,13020,10527,-2515
ISNE,"2/9/2018 2 a.m. EST",12742,12720,10316,-2426
ISNE,"2/9/2018 3 a.m. EST",12639,12620,10276,-2363
ISNE,"2/9/2018 4 a.m. EST",12707,12700,10366,-2341
ISNE,"2/9/2018 5 a.m. EST",13113,13110,10884,-2229
ISNE,"2/9/2018 6 a.m. EST",14135,14100,11895,-2240
ISNE,"2/9/2018 7 a.m. EST",15925,15780,13692,-2233
ISNE,"2/9/2018 8 a.m. EST",16766,16760,14279,-2487
ISNE,"2/9/2018 9 a.m. EST",16549,16510,14262,-2287
ISNE,"2/9/2018 10 a.m. EST",16167,16210,13889,-2278
ISNE,"2/9/2018 11 a.m. EST",15880,16100,13403,-2477
ISNE,"2/9/2018 12 p.m. EST",15597,15910,13015,-2582
ISNE,"2/9/2018 1 p.m. EST",15496,15600,12987,-2509
ISNE,"2/9/2018 2 p.m. EST",15522,15520,13002,-2520
ISNE,"2/9/2018 3 p.m. EST",15663,15520,13136,-2527
ISNE,"2/9/2018 4 p.m. EST",15877,15660,13298,-2579
ISNE,"2/9/2018 5 p.m. EST",16282,16170,13555,-2727
ISNE,"2/9/2018 6 p.m. EST",17119,17100,14456,-2663
ISNE,"2/9/2018 7 p.m. EST",17171,17200,14385,-2786
ISNE,"2/9/2018 8 p.m. EST",16725,16700,14025,-2700
ISNE,"2/9/2018 9 p.m. EST",16153,16010,13427,-2726
ISNE,"2/9/2018 10 p.m. EST",15352,15200,12687,-2665
ISNE,"2/9/2018 11 p.m. EST",14303,14230,11687,-2616
ISNE,"2/10/2018 12 a.m. EST",13270,13260,10674,-2596
ISNE,"2/10/2018 1 a.m. EST",12523,12470,10123,-2400
ISNE,"2/10/2018 2 a.m. EST",12296,12040,9873,-2423
ISNE,"2/10/2018 3 a.m. EST",12296,11830,9908,-2388
ISNE,"2/10/2018 4 a.m. EST",12430,11680,10008,-2422
ISNE,"2/10/2018 5 a.m. EST",12513,11790,10083,-2430
ISNE,"2/10/2018 6 a.m. EST",12385,12180,9985,-2400
ISNE,"2/10/2018 7 a.m. EST",12718,12900,10198,-2520
ISNE,"2/10/2018 8 a.m. EST",13369,13600,10815,-2554
ISNE,"2/10/2018 9 a.m. EST",14031,14170,11482,-2549
ISNE,"2/10/2018 10 a.m. EST",14379,14450,11813,-2566
ISNE,"2/10/2018 11 a.m. EST",14337,14420,11752,-2585
ISNE,"2/10/2018 12 p.m. EST",14175,14330,11586,-2589
ISNE,"2/10/2018 1 p.m. EST",14051,14200,11263,-2788
ISNE,"2/10/2018 2 p.m. EST",14224,14090,11419,-2805
ISNE,"2/10/2018 3 p.m. EST",14072,13930,11393,-2679
ISNE,"2/10/2018 4 p.m. EST",13999,14090,11306,-2693
ISNE,"2/10/2018 5 p.m. EST",14399,14540,11815,-2584
ISNE,"2/10/2018 6 p.m. EST",15161,15300,12397,-2764
ISNE,"2/10/2018 7 p.m. EST",15117,15170,12371,-2746
ISNE,"2/10/2018 8 p.m. EST",14650,14640,11901,-2749
ISNE,"2/10/2018 9 p.m. EST",14153,14070,11330,-2823
ISNE,"2/10/2018 10 p.m. EST",13854,13410,11214,-2640
ISNE,"2/10/2018 11 p.m. EST",12958,12620,10138,-2820
ISNE,"2/11/2018 12 a.m. EST",12074,11820,9357,-2717
ISNE,"2/11/2018 1 a.m. EST",11586,11000,8939,-2647
ISNE,"2/11/2018 2 a.m. EST",11636,10570,8922,-2714
ISNE,"2/11/2018 3 a.m. EST",11837,10340,9338,-2499
ISNE,"2/11/2018 4 a.m. EST",11845,10250,9211,-2634
ISNE,"2/11/2018 5 a.m. EST",11856,10290,9225,-2631
ISNE,"2/11/2018 6 a.m. EST",11845,10560,9456,-2389
ISNE,"2/11/2018 7 a.m. EST",11895,11090,9537,-2358
ISNE,"2/11/2018 8 a.m. EST",12452,11730,9839,-2613
ISNE,"2/11/2018 9 a.m. EST",12797,12600,10232,-2565
ISNE,"2/11/2018 10 a.m. EST",13381,13390,10907,-2474
ISNE,"2/11/2018 11 a.m. EST",13899,13900,11481,-2418
ISNE,"2/11/2018 12 p.m. EST",14203,14200,11832,-2371
ISNE,"2/11/2018 1 p.m. EST",14372,14180,11935,-2437
ISNE,"2/11/2018 2 p.m. EST",14332,14240,11990,-2342
ISNE,"2/11/2018 3 p.m. EST",14317,14390,11948,-2369
ISNE,"2/11/2018 4 p.m. EST",14459,14780,11936,-2523
ISNE,"2/11/2018 5 p.m. EST",14957,15490,12447,-2510
ISNE,"2/11/2018 6 p.m. EST",15710,16150,13389,-2321
ISNE,"2/11/2018 7 p.m. EST",15651,16050,13349,-2302
ISNE,"2/11/2018 8 p.m. EST",15125,15550,12556,-2569
ISNE,"2/11/2018 9 p.m. EST",14435,14750,11868,-2567
ISNE,"2/11/2018 10 p.m. EST",13474,13690,10891,-2583
ISNE,"2/11/2018 11 p.m. EST",12407,12600,9797,-2610
ISNE,"2/12/2018 12 a.m. EST",11474,11630,8950,-2524
ISNE,"2/12/2018 1 a.m. EST",11250,10780,8713,-2537
ISNE,"2/12/2018 2 a.m. EST",11193,10430,8574,-2619
ISNE,"2/12/2018 3 a.m. EST",11193,10270,8620,-2573
ISNE,"2/12/2018 4 a.m. EST",10828,10290,8465,-2363
ISNE,"2/12/2018 5 a.m. EST",10972,10690,8661,-2311
ISNE,"2/12/2018 6 a.m. EST",12017,11790,9620,-2397
ISNE,"2/12/2018 7 a.m. EST",13588,13620,11271,-2317
ISNE,"2/12/2018 8 a.m. EST",14617,14610,12178,-2439
ISNE,"2/12/2018 9 a.m. EST",14844,14820,12219,-2625
ISNE,"2/12/2018 10 a.m. EST",15001,14940,12086,-2915
ISNE,"2/12/2018 11 a.m. EST",15051,14810,12265,-2786
ISNE,"2/12/2018 12 p.m. EST",15002,14650,12304,-2698
ISNE,"2/12/2018 1 p.m. EST",14778,14430,12112,-2666
ISNE,"2/12/2018 2 p.m. EST",14448,14280,11749,-2699
ISNE,"2/12/2018 3 p.m. EST",14046,14210,11333,-2713
ISNE,"2/12/2018 4 p.m. EST",14238,14440,11691,-2547
ISNE,"2/12/2018 5 p.m. EST",14976,15010,12281,-2695
ISNE,"2/12/2018 6 p.m. EST",16343,16220,13589,-2754
ISNE,"2/12/2018 7 p.m. EST",16873,16700,14259,-2614
ISNE,"2/12/2018 8 p.m. EST",16532,16350,13573,-2959
ISNE,"2/12/2018 9 p.m. EST",15940,15730,13063,-2877
ISNE,"2/12/2018 10 p.m. EST",15026,14790,12362,-2664
ISNE,"2/12/2018 11 p.m. EST",13906,13600,11085,-2821
ISNE,"2/13/2018 12 a.m. EST",13086,12610,10481,-2605
ISNE,"2/13/2018 1 a.m. EST",12485,12200,9618,-2867
ISNE,"2/13/2018 2 a.m. EST",12167,11890,9327,-2840
ISNE,"2/13/2018 3 a.m. EST",12073,11810,9222,-2851
ISNE,"2/13/2018 4 a.m. EST",12155,11890,9330,-2825
ISNE,"2/13/2018 5 a.m. EST",12341,12320,9786,-2555
ISNE,"2/13/2018 6 a.m. EST",13429,13460,10782,-2647
ISNE,"2/13/2018 7 a.m. EST",15255,15280,12766,-2489
ISNE,"2/13/2018 8 a.m. EST",15976,15970,13688,-2288
ISNE,"2/13/2018 9 a.m. EST",15464,15430,13023,-2441
ISNE,"2/13/2018 10 a.m. EST",14885,14900,12272,-2613
ISNE,"2/13/2018 11 a.m. EST",14374,14520,11723,-2651
ISNE,"2/13/2018 12 p.m. EST",13984,14180,11401,-2583
ISNE,"2/13/2018 1 p.m. EST",13836,14070,11322,-2514
ISNE,"2/13/2018 2 p.m. EST",14000,14160,11471,-2529
ISNE,"2/13/2018 3 p.m. EST",14158,14440,11763,-2395
ISNE,"2/13/2018 4 p.m. EST",14509,14870,12131,-2378
ISNE,"2/13/2018 5 p.m. EST",15456,15680,12788,-2668
ISNE,"2/13/2018 6 p.m. EST",16786,16810,14261,-2525
ISNE,"2/13/2018 7 p.m. EST",17251,17250,14671,-2580
ISNE,"2/13/2018 8 p.m. EST",16936,16790,14282,-2654
ISNE,"2/13/2018 9 p.m. EST",16387,16230,13705,-2682
ISNE,"2/13/2018 10 p.m. EST",15440,15290,12655,-2785
ISNE,"2/13/2018 11 p.m. EST",14229,14020,11447,-2782
ISNE,"2/14/2018 12 a.m. EST",13079,13000,10716,-2363
ISNE,"2/14/2018 1 a.m. EST",12410,12340,9766,-2644
ISNE,"2/14/2018 2 a.m. EST",12403,11960,9705,-2698
ISNE,"2/14/2018 3 a.m. EST",12289,11780,9611,-2678
ISNE,"2/14/2018 4 a.m. EST",12271,11750,9658,-2613
ISNE,"2/14/2018 5 a.m. EST",12261,12070,9789,-2472
ISNE,"2/14/2018 6 a.m. EST",13080,13100,10628,-2452
ISNE,"2/14/2018 7 a.m. EST",14806,14820,12360,-2446
ISNE,"2/14/2018 8 a.m. EST",15674,15660,13070,-2604
ISNE,"2/14/2018 9 a.m. EST",15742,15710,12824,-2918
ISNE,"2/14/2018 10 a.m. EST",15507,15500,12577,-2930
ISNE,"2/14/2018 11 a.m. EST",15066,15120,12292,-2774
ISNE,"2/14/2018 12 p.m. EST",14628,14580,12059,-2569
ISNE,"2/14/2018 1 p.m. EST",14078,14110,11581,-2497
ISNE,"2/14/2018 2 p.m. EST",13948,13960,11426,-2522
ISNE,"2/14/2018 3 p.m. EST",13648,14100,11001,-2647
ISNE,"2/14/2018 4 p.m. EST",13967,14470,11347,-2620
ISNE,"2/14/2018 5 p.m. EST",14685,15150,12052,-2633
ISNE,"2/14/2018 6 p.m. EST",15666,16430,13017,-2649
ISNE,"2/14/2018 7 p.m. EST",16117,16750,13594,-2523
ISNE,"2/14/2018 8 p.m. EST",15767,16200,13156,-2611
ISNE,"2/14/2018 9 p.m. EST",15222,15350,12600,-2622
ISNE,"2/14/2018 10 p.m. EST",14337,14360,11705,-2632
ISNE,"2/14/2018 11 p.m. EST",13378,13150,10638,-2740
ISNE,"2/15/2018 12 a.m. EST",12406,12160,9904,-2502
ISNE,"2/15/2018 1 a.m. EST",12165,11410,9556,-2609
ISNE,"2/15/2018 2 a.m. EST",12141,11040,9530,-2611
ISNE,"2/15/2018 3 a.m. EST",11998,10830,9318,-2680
ISNE,"2/15/2018 4 a.m. EST",11957,10790,9307,-2650
ISNE,"2/15/2018 5 a.m. EST",12022,11110,9402,-2620
ISNE,"2/15/2018 6 a.m. EST",12754,12080,10272,-2482
ISNE,"2/15/2018 7 a.m. EST",13970,13730,11707,-2263
ISNE,"2/15/2018 8 a.m. EST",14802,14640,12526,-2276
ISNE,"2/15/2018 9 a.m. EST",14873,14820,12570,-2303
ISNE,"2/15/2018 10 a.m. EST",14704,14710,12376,-2328
ISNE,"2/15/2018 11 a.m. EST",14608,14600,12298,-2310
ISNE,"2/15/2018 12 p.m. EST",14641,14440,12440,-2201
ISNE,"2/15/2018 1 p.m. EST",14499,14250,12367,-2132
ISNE,"2/15/2018 2 p.m. EST",14421,14300,12096,-2325
ISNE,"2/15/2018 3 p.m. EST",14522,14250,12238,-2284
ISNE,"2/15/2018 4 p.m. EST",14426,14450,12311,-2115
ISNE,"2/15/2018 5 p.m. EST",14876,14880,12743,-2133
ISNE,"2/15/2018 6 p.m. EST",15666,15630,13431,-2235
ISNE,"2/15/2018 7 p.m. EST",15906,15750,13741,-2165
ISNE,"2/15/2018 8 p.m. EST",15530,15200,13338,-2192
ISNE,"2/15/2018 9 p.m. EST",14914,14610,12760,-2154
ISNE,"2/15/2018 10 p.m. EST",13953,13650,11620,-2333
ISNE,"2/15/2018 11 p.m. EST",12771,12470,10243,-2528
ISNE,"2/16/2018 12 a.m. EST",12013,11460,9755,-2258
ISNE,"2/16/2018 1 a.m. EST",11648,10910,9274,-2374
ISNE,"2/16/2018 2 a.m. EST",11612,10580,9246,-2366
ISNE,"2/16/2018 3 a.m. EST",11189,10340,9108,-2081
ISNE,"2/16/2018 4 a.m. EST",11281,10360,9284,-1997
ISNE,"2/16/2018 5 a.m. EST",11664,10650,9626,-2038
ISNE,"2/16/2018 6 a.m. EST",12394,11620,10120,-2274
ISNE,"2/16/2018 7 a.m. EST",13453,13270,11150,-2303
ISNE,"2/16/2018 8 a.m. EST",14167,14280,11610,-2557
ISNE,"2/16/2018 9 a.m. EST",14457,14450,11974,-2483
ISNE,"2/16/2018 10 a.m. EST",14525,14530,12138,-2387
ISNE,"2/16/2018 11 a.m. EST",14538,14640,12305,-2233
ISNE,"2/16/2018 12 p.m. EST",14496,14570,12353,-2143
ISNE,"2/16/2018 1 p.m. EST",14425,14290,12162,-2263
ISNE,"2/16/2018 2 p.m. EST",14321,14290,11904,-2417
ISNE,"2/16/2018 3 p.m. EST",14198,14160,11766,-2432
ISNE,"2/16/2018 4 p.m. EST",14341,14290,12016,-2325
ISNE,"2/16/2018 5 p.m. EST",14751,14740,12479,-2272
ISNE,"2/16/2018 6 p.m. EST",15411,15450,12914,-2497
ISNE,"2/16/2018 7 p.m. EST",15498,15660,12978,-2520
ISNE,"2/16/2018 8 p.m. EST",15138,15250,12927,-2211
ISNE,"2/16/2018 9 p.m. EST",14659,14710,12389,-2270
ISNE,"2/16/2018 10 p.m. EST",14171,13940,11973,-2198
ISNE,"2/16/2018 11 p.m. EST",13438,13170,11212,-2226
ISNE,"2/17/2018 12 a.m. EST",12746,12320,10469,-2277
ISNE,"2/17/2018 1 a.m. EST",12318,11400,10149,-2169
ISNE,"2/17/2018 2 a.m. EST",12159,11130,9794,-2365
ISNE,"2/17/2018 3 a.m. EST",11993,10890,9629,-2364
ISNE,"2/17/2018 4 a.m. EST",11987,10890,9606,-2381
ISNE,"2/17/2018 5 a.m. EST",12112,11050,9837,-2275
ISNE,"2/17/2018 6 a.m. EST",12283,11450,10052,-2231
ISNE,"2/17/2018 7 a.m. EST",12566,12150,10198,-2368
ISNE,"2/17/2018 8 a.m. EST",13092,12740,10646,-2446
ISNE,"2/17/2018 9 a.m. EST",13181,13260,10641,-2540
ISNE,"2/17/2018 10 a.m. EST",12959,12970,10398,-2561
ISNE,"2/17/2018 11 a.m. EST",12719,12550,10333,-2386
ISNE,"2/17/2018 12 p.m. EST",12655,12380,10145,-2510
ISNE,"2/17/2018 1 p.m. EST",12745,12350,10035,-2710
ISNE,"2/17/2018 2 p.m. EST",12824,12280,9993,-2831
ISNE,"2/17/2018 3 p.m. EST",13508,12560,10964,-2544
ISNE,"2/17/2018 4 p.m. EST",13681,13180,11315,-2366
ISNE,"2/17/2018 5 p.m. EST",14336,13990,12181,-2155
ISNE,"2/17/2018 6 p.m. EST",15277,14820,13219,-2058
ISNE,"2/17/2018 7 p.m. EST",15488,15220,13262,-2226
ISNE,"2/17/2018 8 p.m. EST",15131,14890,12722,-2409
ISNE,"2/17/2018 9 p.m. EST",14690,14280,12498,-2192
ISNE,"2/17/2018 10 p.m. EST",14077,13600,12000,-2077
ISNE,"2/17/2018 11 p.m. EST",13255,12780,11341,-1914
ISNE,"2/18/2018 12 a.m. EST",12417,11900,10438,-1979
ISNE,"2/18/2018 1 a.m. EST",11818,11790,9806,-2012
ISNE,"2/18/2018 2 a.m. EST",11431,11410,9413,-2018
ISNE,"2/18/2018 3 a.m. EST",11450,11160,9297,-2153
ISNE,"2/18/2018 4 a.m. EST",11326,11020,9058,-2268
ISNE,"2/18/2018 5 a.m. EST",11359,11060,9042,-2317
ISNE,"2/18/2018 6 a.m. EST",11589,11290,9246,-2343
ISNE,"2/18/2018 7 a.m. EST",11936,11740,9436,-2500
ISNE,"2/18/2018 8 a.m. EST",12267,12270,9744,-2523
ISNE,"2/18/2018 9 a.m. EST",12825,12830,10314,-2511
ISNE,"2/18/2018 10 a.m. EST",13125,13130,10810,-2315
ISNE,"2/18/2018 11 a.m. EST",13178,13030,10906,-2272
ISNE,"2/18/2018 12 p.m. EST",12994,12720,10753,-2241
ISNE,"2/18/2018 1 p.m. EST",12741,12550,10351,-2390
ISNE,"2/18/2018 2 p.m. EST",12913,12470,10607,-2306
ISNE,"2/18/2018 3 p.m. EST",12797,12820,10231,-2566
ISNE,"2/18/2018 4 p.m. EST",12916,13110,10187,-2729
ISNE,"2/18/2018 5 p.m. EST",13425,13980,11051,-2374
ISNE,"2/18/2018 6 p.m. EST",14656,14910,12209,-2447
ISNE,"2/18/2018 7 p.m. EST",15214,15270,12780,-2434
ISNE,"2/18/2018 8 p.m. EST",14854,14890,12227,-2627
ISNE,"2/18/2018 9 p.m. EST",14368,14460,11688,-2680
ISNE,"2/18/2018 10 p.m. EST",13686,13670,11058,-2628
ISNE,"2/18/2018 11 p.m. EST",12854,12760,10195,-2659
ISNE,"2/19/2018 12 a.m. EST",12061,11970,9377,-2684
ISNE,"2/19/2018 1 a.m. EST",11642,11530,9458,-2184
ISNE,"2/19/2018 2 a.m. EST",11778,11250,9696,-2082
ISNE,"2/19/2018 3 a.m. EST",11736,11160,9774,-1962
ISNE,"2/19/2018 4 a.m. EST",11806,11240,9774,-2032
ISNE,"2/19/2018 5 a.m. EST",12152,11600,10076,-2076
ISNE,"2/19/2018 6 a.m. EST",12598,12400,10418,-2180
ISNE,"2/19/2018 7 a.m. EST",13550,13360,11097,-2453
ISNE,"2/19/2018 8 a.m. EST",14182,13970,11880,-2302
ISNE,"2/19/2018 9 a.m. EST",14131,14090,11944,-2187
ISNE,"2/19/2018 10 a.m. EST",13886,13890,11563,-2323
ISNE,"2/19/2018 11 a.m. EST",13661,13630,11186,-2475
ISNE,"2/19/2018 12 p.m. EST",13510,13510,11113,-2397
ISNE,"2/19/2018 1 p.m. EST",13492,13240,11102,-2390
ISNE,"2/19/2018 2 p.m. EST",13540,13190,11285,-2255
ISNE,"2/19/2018 3 p.m. EST",13847,13460,11716,-2131
ISNE,"2/19/2018 4 p.m. EST",14371,14000,12243,-2128
ISNE,"2/19/2018 5 p.m. EST",14976,14800,12693,-2283
ISNE,"2/19/2018 6 p.m. EST",15863,15850,13248,-2615
ISNE,"2/19/2018 7 p.m. EST",15929,16280,13229,-2700
ISNE,"2/19/2018 8 p.m. EST",15372,15780,12611,-2761
ISNE,"2/19/2018 9 p.m. EST",14664,15030,12134,-2530
ISNE,"2/19/2018 10 p.m. EST",13698,14080,10964,-2734
ISNE,"2/19/2018 11 p.m. EST",12550,12890,9604,-2946
ISNE,"2/20/2018 12 a.m. EST",11704,11870,9029,-2675
ISNE,"2/20/2018 1 a.m. EST",11349,10790,8954,-2395
ISNE,"2/20/2018 2 a.m. EST",10921,10380,8757,-2164
ISNE,"2/20/2018 3 a.m. EST",10727,10200,8611,-2116
ISNE,"2/20/2018 4 a.m. EST",10948,10180,8729,-2219
ISNE,"2/20/2018 5 a.m. EST",11143,10510,8969,-2174
ISNE,"2/20/2018 6 a.m. EST",11488,11490,9535,-1953
ISNE,"2/20/2018 7 a.m. EST",12794,13100,10812,-1982
ISNE,"2/20/2018 8 a.m. EST",13716,13990,11449,-2267
ISNE,"2/20/2018 9 a.m. EST",14039,14130,11484,-2555
ISNE,"2/20/2018 10 a.m. EST",13957,13970,11539,-2418
ISNE,"2/20/2018 11 a.m. EST",13684,13870,11227,-2457
ISNE,"2/20/2018 12 p.m. EST",13342,13480,10954,-2388
ISNE,"2/20/2018 1 p.m. EST",13064,13170,10645,-2419
ISNE,"2/20/2018 2 p.m. EST",13072,13030,10550,-2522
ISNE,"2/20/2018 3 p.m. EST",13118,13050,10650,-2468
ISNE,"2/20/2018 4 p.m. EST",13385,13290,10829,-2556
ISNE,"2/20/2018 5 p.m. EST",13976,13880,11256,-2720
ISNE,"2/20/2018 6 p.m. EST",14869,14760,11720,-3149
ISNE,"2/20/2018 7 p.m. EST",15301,15400,12264,-3037
ISNE,"2/20/2018 8 p.m. EST",14827,14970,11881,-2946
ISNE,"2/20/2018 9 p.m. EST",14140,14340,11371,-2769
ISNE,"2/20/2018 10 p.m. EST",13210,13300,10512,-2698
ISNE,"2/20/2018 11 p.m. EST",12093,12100,9478,-2615
ISNE,"2/21/2018 12 a.m. EST",11349,11000,8866,-2483
ISNE,"2/21/2018 1 a.m. EST",10920,10360,8874,-2046
ISNE,"2/21/2018 2 a.m. EST",10524,9980,8691,-1833
ISNE,"2/21/2018 3 a.m. EST",10589,9810,8868,-1721
ISNE,"2/21/2018 4 a.m. EST",10892,9820,8804,-2088
ISNE,"2/21/2018 5 a.m. EST",11035,10140,9143,-1892
ISNE,"2/21/2018 6 a.m. EST",11446,10950,9546,-1900
ISNE,"2/21/2018 7 a.m. EST",12704,12570,10733,-1971
ISNE,"2/21/2018 8 a.m. EST",13488,13480,11094,-2394
ISNE,"2/21/2018 9 a.m. EST",13735,13740,11246,-2489
ISNE,"2/21/2018 10 a.m. EST",13636,13740,11223,-2413
ISNE,"2/21/2018 11 a.m. EST",13308,13620,11094,-2214
ISNE,"2/21/2018 12 p.m. EST",13004,13390,10938,-2066
ISNE,"2/21/2018 1 p.m. EST",13022,13290,10968,-2054
ISNE,"2/21/2018 2 p.m. EST",12865,13400,10793,-2072
ISNE,"2/21/2018 3 p.m. EST",13047,13420,10949,-2098
ISNE,"2/21/2018 4 p.m. EST",13349,13580,11257,-2092
ISNE,"2/21/2018 5 p.m. EST",13913,14200,11763,-2150
ISNE,"2/21/2018 6 p.m. EST",14733,15090,12359,-2374
ISNE,"2/21/2018 7 p.m. EST",15145,15300,12709,-2436
ISNE,"2/21/2018 8 p.m. EST",14687,14770,12169,-2518
ISNE,"2/21/2018 9 p.m. EST",13996,14100,11728,-2268
ISNE,"2/21/2018 10 p.m. EST",13046,13170,10953,-2093
ISNE,"2/21/2018 11 p.m. EST",12203,11940,9907,-2296
ISNE,"2/22/2018 12 a.m. EST",11564,10910,9066,-2498
ISNE,"2/22/2018 1 a.m. EST",11264,10230,9170,-2094
ISNE,"2/22/2018 2 a.m. EST",11191,9860,8646,-2545
ISNE,"2/22/2018 3 a.m. EST",11017,9690,8599,-2418
ISNE,"2/22/2018 4 a.m. EST",10747,9670,8584,-2163
ISNE,"2/22/2018 5 a.m. EST",10893,10000,8692,-2201
ISNE,"2/22/2018 6 a.m. EST",11290,10940,9201,-2089
ISNE,"2/22/2018 7 a.m. EST",12447,12480,10609,-1838
ISNE,"2/22/2018 8 a.m. EST",13539,13540,11384,-2155
ISNE,"2/22/2018 9 a.m. EST",13978,13970,11912,-2066
ISNE,"2/22/2018 10 a.m. EST",14188,14200,12097,-2091
ISNE,"2/22/2018 11 a.m. EST",14439,14350,12115,-2324
ISNE,"2/22/2018 12 p.m. EST",14525,14450,12388,-2137
ISNE,"2/22/2018 1 p.m. EST",14562,14530,12602,-1960
ISNE,"2/22/2018 2 p.m. EST",14709,14530,12483,-2226
ISNE,"2/22/2018 3 p.m. EST",14751,14520,12595,-2156
ISNE,"2/22/2018 4 p.m. EST",14913,14620,12545,-2368
ISNE,"2/22/2018 5 p.m. EST",15338,15120,12997,-2341
ISNE,"2/22/2018 6 p.m. EST",16011,15850,13702,-2309
ISNE,"2/22/2018 7 p.m. EST",16250,16400,13740,-2510
ISNE,"2/22/2018 8 p.m. EST",15858,15970,13380,-2478
ISNE,"2/22/2018 9 p.m. EST",15254,15260,12990,-2264
ISNE,"2/22/2018 10 p.m. EST",14328,14280,12119,-2209
ISNE,"2/22/2018 11 p.m. EST",13233,13040,10814,-2419
ISNE,"2/23/2018 12 a.m. EST",12229,11940,9845,-2384
ISNE,"2/23/2018 1 a.m. EST",11586,11550,9241,-2345
ISNE,"2/23/2018 2 a.m. EST",11545,11150,9280,-2265
ISNE,"2/23/2018 3 a.m. EST",11538,10980,9218,-2320
ISNE,"2/23/2018 4 a.m. EST",11785,11010,9347,-2438
ISNE,"2/23/2018 5 a.m. EST",11761,11360,9312,-2449
ISNE,"2/23/2018 6 a.m. EST",12291,12320,10010,-2281
ISNE,"2/23/2018 7 a.m. EST",13747,13770,11249,-2498
ISNE,"2/23/2018 8 a.m. EST",14608,14610,12182,-2426
ISNE,"2/23/2018 9 a.m. EST",14746,14720,12343,-2403
ISNE,"2/23/2018 10 a.m. EST",14674,14650,12677,-1997
ISNE,"2/23/2018 11 a.m. EST",14607,14600,12716,-1891
ISNE,"2/23/2018 12 p.m. EST",14622,14580,12768,-1854
ISNE,"2/23/2018 1 p.m. EST",14701,14500,12544,-2157
ISNE,"2/23/2018 2 p.m. EST",14816,14560,12576,-2240
ISNE,"2/23/2018 3 p.m. EST",14865,14610,12534,-2331
ISNE,"2/23/2018 4 p.m. EST",14942,14840,12627,-2315
ISNE,"2/23/2018 5 p.m. EST",15237,15130,12699,-2538
ISNE,"2/23/2018 6 p.m. EST",15801,15800,13109,-2692
ISNE,"2/23/2018 7 p.m. EST",15840,16000,13072,-2768
ISNE,"2/23/2018 8 p.m. EST",15366,15420,12510,-2856
ISNE,"2/23/2018 9 p.m. EST",14758,14720,12040,-2718
ISNE,"2/23/2018 10 p.m. EST",14012,13920,11490,-2522
ISNE,"2/23/2018 11 p.m. EST",13013,12880,10567,-2446
ISNE,"2/24/2018 12 a.m. EST",12250,11970,9642,-2608
ISNE,"2/24/2018 1 a.m. EST",11380,11280,9037,-2343
ISNE,"2/24/2018 2 a.m. EST",10842,10810,8729,-2113
ISNE,"2/24/2018 3 a.m. EST",10737,10540,8729,-2008
ISNE,"2/24/2018 4 a.m. EST",10702,10430,8609,-2093
ISNE,"2/24/2018 5 a.m. EST",10991,10520,8747,-2244
ISNE,"2/24/2018 6 a.m. EST",11158,10870,8883,-2275
ISNE,"2/24/2018 7 a.m. EST",11521,11520,9315,-2206
ISNE,"2/24/2018 8 a.m. EST",12005,12000,9358,-2647
ISNE,"2/24/2018 9 a.m. EST",12123,12110,9558,-2565
ISNE,"2/24/2018 10 a.m. EST",12013,11990,9720,-2293
ISNE,"2/24/2018 11 a.m. EST",11865,11900,9515,-2350
ISNE,"2/24/2018 12 p.m. EST",12042,11740,9832,-2210
ISNE,"2/24/2018 1 p.m. EST",12520,11740,10353,-2167
ISNE,"2/24/2018 2 p.m. EST",12821,11710,10474,-2347
ISNE,"2/24/2018 3 p.m. EST",12833,11840,10312,-2521
ISNE,"2/24/2018 4 p.m. EST",12950,12210,10563,-2387
ISNE,"2/24/2018 5 p.m. EST",13347,12620,10989,-2358
ISNE,"2/24/2018 6 p.m. EST",13975,13690,11327,-2648
ISNE,"2/24/2018 7 p.m. EST",14182,14100,11772,-2410
ISNE,"2/24/2018 8 p.m. EST",13799,13700,11146,-2653
ISNE,"2/24/2018 9 p.m. EST",13350,13290,10563,-2787
ISNE,"2/24/2018 10 p.m. EST",12842,12740,10174,-2668
ISNE,"2/24/2018 11 p.m. EST",12087,12000,9400,-2687
ISNE,"2/25/2018 12 a.m. EST",11311,11200,8930,-2381
ISNE,"2/25/2018 1 a.m. EST",10826,10680,8786,-2040
ISNE,"2/25/2018 2 a.m. EST",11117,10340,8983,-2134
ISNE,"2/25/2018 3 a.m. EST",10955,10120,9001,-1954
ISNE,"2/25/2018 4 a.m. EST",10870,10050,8843,-2027
ISNE,"2/25/2018 5 a.m. EST",10956,10150,8829,-2127
ISNE,"2/25/2018 6 a.m. EST",11029,10490,9184,-1845
ISNE,"2/25/2018 7 a.m. EST",11368,11050,9454,-1914
ISNE,"2/25/2018 8 a.m. EST",12325,11710,10126,-2199
ISNE,"2/25/2018 9 a.m. EST",13274,12600,11118,-2156
ISNE,"2/25/2018 10 a.m. EST",13700,13450,11572,-2128
ISNE,"2/25/2018 11 a.m. EST",13945,13830,11765,-2180
ISNE,"2/25/2018 12 p.m. EST",14304,14010,12248,-2056
ISNE,"2/25/2018 1 p.m. EST",14392,14140,12283,-2109
ISNE,"2/25/2018 2 p.m. EST",14359,14010,12285,-2074
ISNE,"2/25/2018 3 p.m. EST",14265,13990,12173,-2092
ISNE,"2/25/2018 4 p.m. EST",14267,14030,12162,-2105
ISNE,"2/25/2018 5 p.m. EST",14604,14590,12680,-1924
ISNE,"2/25/2018 6 p.m. EST",15270,15220,13203,-2067
ISNE,"2/25/2018 7 p.m. EST",15426,15400,13363,-2063
ISNE,"2/25/2018 8 p.m. EST",14951,14910,12599,-2352
ISNE,"2/25/2018 9 p.m. EST",14281,14240,11839,-2442
ISNE,"2/25/2018 10 p.m. EST",13318,13350,10928,-2390
ISNE,"2/25/2018 11 p.m. EST",12253,12260,9739,-2514
ISNE,"2/26/2018 12 a.m. EST",11834,11400,9240,-2594
ISNE,"2/26/2018 1 a.m. EST",11777,10710,9188,-2589
ISNE,"2/26/2018 2 a.m. EST",11455,10370,8873,-2582
ISNE,"2/26/2018 3 a.m. EST",11309,10240,8716,-2593
ISNE,"2/26/2018 4 a.m. EST",11349,10290,8772,-2577
ISNE,"2/26/2018 5 a.m. EST",11450,10680,8966,-2484
ISNE,"2/26/2018 6 a.m. EST",11964,11770,9610,-2354
ISNE,"2/26/2018 7 a.m. EST",13402,13430,11028,-2374
ISNE,"2/26/2018 8 a.m. EST",14215,14200,11894,-2321
ISNE,"2/26/2018 9 a.m. EST",14141,14120,11794,-2347
ISNE,"2/26/2018 10 a.m. EST",14105,14120,11845,-2260
ISNE,"2/26/2018 11 a.m. EST",14076,13930,11724,-2352
ISNE,"2/26/2018 12 p.m. EST",13861,13650,11518,-2343
ISNE,"2/26/2018 1 p.m. EST",13516,13370,11348,-2168
ISNE,"2/26/2018 2 p.m. EST",13446,13200,11367,-2079
ISNE,"2/26/2018 3 p.m. EST",13189,13130,10918,-2271
ISNE,"2/26/2018 4 p.m. EST",13686,13390,11351,-2335
ISNE,"2/26/2018 5 p.m. EST",14001,14060,11820,-2181
ISNE,"2/26/2018 6 p.m. EST",14995,15310,12743,-2252
ISNE,"2/26/2018 7 p.m. EST",15801,16000,13639,-2162
ISNE,"2/26/2018 8 p.m. EST",15495,15670,13219,-2276
ISNE,"2/26/2018 9 p.m. EST",14897,15090,12499,-2398
ISNE,"2/26/2018 10 p.m. EST",13965,14160,11633,-2332
ISNE,"2/26/2018 11 p.m. EST",12809,13000,10378,-2431
ISNE,"2/27/2018 12 a.m. EST",12246,11980,10094,-2152
ISNE,"2/27/2018 1 a.m. EST",12245,11200,10172,-2073
ISNE,"2/27/2018 2 a.m. EST",12192,10910,10093,-2099
ISNE,"2/27/2018 3 a.m. EST",12100,10790,9852,-2248
ISNE,"2/27/2018 4 a.m. EST",12133,10830,9705,-2428
ISNE,"2/27/2018 5 a.m. EST",12189,11240,9929,-2260
ISNE,"2/27/2018 6 a.m. EST",12737,12330,10671,-2066
ISNE,"2/27/2018 7 a.m. EST",13936,13960,11807,-2129
ISNE,"2/27/2018 8 a.m. EST",14404,14400,12070,-2334
ISNE,"2/27/2018 9 a.m. EST",13760,13740,11660,-2100
ISNE,"2/27/2018 10 a.m. EST",13266,13060,11250,-2016
ISNE,"2/27/2018 11 a.m. EST",12934,12580,11003,-1931
ISNE,"2/27/2018 12 p.m. EST",12663,12350,10735,-1928
ISNE,"2/27/2018 1 p.m. EST",12437,12190,10728,-1709
ISNE,"2/27/2018 2 p.m. EST",12432,12280,10948,-1484
ISNE,"2/27/2018 3 p.m. EST",12311,12500,10777,-1534
ISNE,"2/27/2018 4 p.m. EST",12636,12940,10943,-1693
ISNE,"2/27/2018 5 p.m. EST",13495,13750,11360,-2135
ISNE,"2/27/2018 6 p.m. EST",14659,14920,12356,-2303
ISNE,"2/27/2018 7 p.m. EST",15464,15670,13339,-2125
ISNE,"2/27/2018 8 p.m. EST",15215,15210,13085,-2130
ISNE,"2/27/2018 9 p.m. EST",14669,14740,12509,-2160
ISNE,"2/27/2018 10 p.m. EST",13763,13840,11577,-2186
ISNE,"2/27/2018 11 p.m. EST",12616,12640,10218,-2398
ISNE,"2/28/2018 12 a.m. EST",11797,11630,9623,-2174
ISNE,"2/28/2018 1 a.m. EST",11249,10930,9125,-2124
ISNE,"2/28/2018 2 a.m. EST",11230,10610,9109,-2121
ISNE,"2/28/2018 3 a.m. EST",11033,10460,8876,-2157
ISNE,"2/28/2018 4 a.m. EST",11273,10480,8946,-2327
ISNE,"2/28/2018 5 a.m. EST",11348,10870,9059,-2289
ISNE,"2/28/2018 6 a.m. EST",11868,11890,9723,-2145
ISNE,"2/28/2018 7 a.m. EST",13469,13490,11333,-2136
ISNE,"2/28/2018 8 a.m. EST",14058,14040,11969,-2089
ISNE,"2/28/2018 9 a.m. EST",13544,13520,11545,-1999
ISNE,"2/28/2018 10 a.m. EST",12876,12850,10887,-1989
ISNE,"2/28/2018 11 a.m. EST",12476,12580,10822,-1654
ISNE,"2/28/2018 12 p.m. EST",12251,12560,10766,-1485
ISNE,"2/28/2018 1 p.m. EST",12257,12520,10598,-1659
ISNE,"2/28/2018 2 p.m. EST",12465,12600,10564,-1901
ISNE,"2/28/2018 3 p.m. EST",12627,12700,10591,-2036
ISNE,"2/28/2018 4 p.m. EST",12877,13040,10853,-2024
ISNE,"2/28/2018 5 p.m. EST",13528,13770,11574,-1954
ISNE,"2/28/2018 6 p.m. EST",14502,14770,12193,-2309
ISNE,"2/28/2018 7 p.m. EST",15145,15240,12929,-2216
ISNE,"2/28/2018 8 p.m. EST",14811,14910,12467,-2344
ISNE,"2/28/2018 9 p.m. EST",14221,14470,11977,-2244
ISNE,"2/28/2018 10 p.m. EST",13285,13420,11054,-2231
ISNE,"2/28/2018 11 p.m. EST",12114,12230,9801,-2313
ISNE,"3/1/2018 12 a.m. EST",11074,11190,8920,-2154
