"BA Code","Timestamp (Hour Ending)","Demand (MWh)","Demand Forecast (MWh)","Net Generation (MWh)","Total Interchange (MWh)"
ISNE,"9/1/2015 12 a.m. EDT",16378,16270,13583,-2795
ISNE,"9/1/2015 1 a.m. EDT",15239,14630,12776,-2463
ISNE,"9/1/2015 2 a.m. EDT",14821,13820,12110,-2711
ISNE,"9/1/2015 3 a.m. EDT",14485,13210,11391,-3094
ISNE,"9/1/2015 4 a.m. EDT",14153,12900,11071,-3082
ISNE,"9/1/2015 5 a.m. EDT",14197,13000,11250,-2947
ISNE,"9/1/2015 6 a.m. EDT",14486,13550,11720,-2766
ISNE,"9/1/2015 7 a.m. EDT",15262,15030,12392,-2870
ISNE,"9/1/2015 8 a.m. EDT",16193,16270,13253,-2940
ISNE,"9/1/2015 9 a.m. EDT",17145,17300,14004,-3141
ISNE,"9/1/2015 10 a.m. EDT",17981,18230,14606,-3375
ISNE,"9/1/2015 11 a.m. EDT",18794,19090,15310,-3484
ISNE,"9/1/2015 12 p.m. EDT",19398,20200,15726,-3672
ISNE,"9/1/2015 1 p.m. EDT",19812,20870,16566,-3246
ISNE,"9/1/2015 2 p.m. EDT",20396,21500,17733,-2663
ISNE,"9/1/2015 3 p.m. EDT",20801,21890,18509,-2292
ISNE,"9/1/2015 4 p.m. EDT",21109,22130,18330,-2779
ISNE,"9/1/2015 5 p.m. EDT",21344,22370,18353,-2991
ISNE,"9/1/2015 6 p.m. EDT",21212,21860,17890,-3322
ISNE,"9/1/2015 7 p.m. EDT",20622,20910,17010,-3612
ISNE,"9/1/2015 8 p.m. EDT",20267,20580,16591,-3676
ISNE,"9/1/2015 9 p.m. EDT",19888,20230,16570,-3318
ISNE,"9/1/2015 10 p.m. EDT",18382,18670,15118,-3264
ISNE,"9/1/2015 11 p.m. EDT",16491,16400,13335,-3156
ISNE,"9/2/2015 12 a.m. EDT",15221,14630,12496,-2725
ISNE,"9/2/2015 1 a.m. EDT",14157,13690,11317,-2840
ISNE,"9/2/2015 2 a.m. EDT",14022,12980,11520,-2502
ISNE,"9/2/2015 3 a.m. EDT",13553,12470,10992,-2561
ISNE,"9/2/2015 4 a.m. EDT",13216,12250,11128,-2088
ISNE,"9/2/2015 5 a.m. EDT",13355,12410,11256,-2099
ISNE,"9/2/2015 6 a.m. EDT",14187,13100,11587,-2600
ISNE,"9/2/2015 7 a.m. EDT",15052,14480,12128,-2924
ISNE,"9/2/2015 8 a.m. EDT",15862,15820,12704,-3158
ISNE,"9/2/2015 9 a.m. EDT",16738,16900,13518,-3220
ISNE,"9/2/2015 10 a.m. EDT",17650,17880,14021,-3629
ISNE,"9/2/2015 11 a.m. EDT",18650,18890,15200,-3450
ISNE,"9/2/2015 12 p.m. EDT",19640,19810,16261,-3379
ISNE,"9/2/2015 1 p.m. EDT",20422,20550,17330,-3092
ISNE,"9/2/2015 2 p.m. EDT",21255,21420,18190,-3065
ISNE,"9/2/2015 3 p.m. EDT",21808,22030,18839,-2969
ISNE,"9/2/2015 4 p.m. EDT",22319,22420,19062,-3257
ISNE,"9/2/2015 5 p.m. EDT",22654,22630,19235,-3419
ISNE,"9/2/2015 6 p.m. EDT",22592,22500,19181,-3411
ISNE,"9/2/2015 7 p.m. EDT",21961,21780,18262,-3699
ISNE,"9/2/2015 8 p.m. EDT",21597,21480,17574,-4023
ISNE,"9/2/2015 9 p.m. EDT",21117,20990,17104,-4013
ISNE,"9/2/2015 10 p.m. EDT",19529,19540,15620,-3909
ISNE,"9/2/2015 11 p.m. EDT",17539,17580,13995,-3544
ISNE,"9/3/2015 12 a.m. EDT",16079,15830,13009,-3070
ISNE,"9/3/2015 1 a.m. EDT",15002,14360,12419,-2583
ISNE,"9/3/2015 2 a.m. EDT",14640,13570,12126,-2514
ISNE,"9/3/2015 3 a.m. EDT",14200,13040,11492,-2708
ISNE,"9/3/2015 4 a.m. EDT",14139,12820,11422,-2717
ISNE,"9/3/2015 5 a.m. EDT",13831,12990,11152,-2679
ISNE,"9/3/2015 6 a.m. EDT",14288,13830,11815,-2473
ISNE,"9/3/2015 7 a.m. EDT",15260,15380,12855,-2405
ISNE,"9/3/2015 8 a.m. EDT",16430,16730,13856,-2574
ISNE,"9/3/2015 9 a.m. EDT",17388,17760,14518,-2870
ISNE,"9/3/2015 10 a.m. EDT",18352,18810,15136,-3216
ISNE,"9/3/2015 11 a.m. EDT",19359,19810,16093,-3266
ISNE,"9/3/2015 12 p.m. EDT",20297,20680,16739,-3558
ISNE,"9/3/2015 1 p.m. EDT",21095,21280,17696,-3399
ISNE,"9/3/2015 2 p.m. EDT",21865,21930,18936,-2929
ISNE,"9/3/2015 3 p.m. EDT",22272,22160,19409,-2863
ISNE,"9/3/2015 4 p.m. EDT",22605,22180,19895,-2710
ISNE,"9/3/2015 5 p.m. EDT",22753,22200,19832,-2921
ISNE,"9/3/2015 6 p.m. EDT",22427,21830,19511,-2916
ISNE,"9/3/2015 7 p.m. EDT",21830,21270,18554,-3276
ISNE,"9/3/2015 8 p.m. EDT",21708,21130,18425,-3283
ISNE,"9/3/2015 9 p.m. EDT",21253,20610,17927,-3326
ISNE,"9/3/2015 10 p.m. EDT",19843,19180,16503,-3340
ISNE,"9/3/2015 11 p.m. EDT",17909,17390,14875,-3034
ISNE,"9/4/2015 12 a.m. EDT",16140,15640,13392,-2748
ISNE,"9/4/2015 1 a.m. EDT",15344,14180,12552,-2792
ISNE,"9/4/2015 2 a.m. EDT",14935,13450,12097,-2838
ISNE,"9/4/2015 3 a.m. EDT",14908,12890,12025,-2883
ISNE,"9/4/2015 4 a.m. EDT",14597,12660,11781,-2816
ISNE,"9/4/2015 5 a.m. EDT",14406,12710,11762,-2644
ISNE,"9/4/2015 6 a.m. EDT",14603,14000,11941,-2662
ISNE,"9/4/2015 7 a.m. EDT",15137,15210,12435,-2702
ISNE,"9/4/2015 8 a.m. EDT",16080,16240,13689,-2391
ISNE,"9/4/2015 9 a.m. EDT",16647,16800,14453,-2194
ISNE,"9/4/2015 10 a.m. EDT",17050,17310,14431,-2619
ISNE,"9/4/2015 11 a.m. EDT",17426,17730,14287,-3139
ISNE,"9/4/2015 12 p.m. EDT",17765,18010,14830,-2935
ISNE,"9/4/2015 1 p.m. EDT",17959,18110,15470,-2489
ISNE,"9/4/2015 2 p.m. EDT",18138,18330,15945,-2193
ISNE,"9/4/2015 3 p.m. EDT",18213,18370,15805,-2408
ISNE,"9/4/2015 4 p.m. EDT",18195,18260,15734,-2461
ISNE,"9/4/2015 5 p.m. EDT",18252,18050,15960,-2292
ISNE,"9/4/2015 6 p.m. EDT",18063,17830,15310,-2753
ISNE,"9/4/2015 7 p.m. EDT",17443,17160,14509,-2934
ISNE,"9/4/2015 8 p.m. EDT",17147,17070,14304,-2843
ISNE,"9/4/2015 9 p.m. EDT",16801,16600,14103,-2698
ISNE,"9/4/2015 10 p.m. EDT",15791,15550,13616,-2175
ISNE,"9/4/2015 11 p.m. EDT",14432,14180,12350,-2082
ISNE,"9/5/2015 12 a.m. EDT",13054,12810,11052,-2002
ISNE,"9/5/2015 1 a.m. EDT",12578,11870,10730,-1848
ISNE,"9/5/2015 2 a.m. EDT",12187,11230,10773,-1414
ISNE,"9/5/2015 3 a.m. EDT",11939,10820,10962,-977
ISNE,"9/5/2015 4 a.m. EDT",11642,10560,10774,-868
ISNE,"9/5/2015 5 a.m. EDT",11835,10530,10482,-1353
ISNE,"9/5/2015 6 a.m. EDT",12017,10810,10173,-1844
ISNE,"9/5/2015 7 a.m. EDT",11977,11240,9843,-2134
ISNE,"9/5/2015 8 a.m. EDT",12478,12070,10150,-2328
ISNE,"9/5/2015 9 a.m. EDT",12735,13010,10901,-1834
ISNE,"9/5/2015 10 a.m. EDT",13445,13910,11513,-1932
ISNE,"9/5/2015 11 a.m. EDT",13946,14490,11973,-1973
ISNE,"9/5/2015 12 p.m. EDT",14276,14810,12386,-1890
ISNE,"9/5/2015 1 p.m. EDT",14556,14910,12553,-2003
ISNE,"9/5/2015 2 p.m. EDT",14799,15060,12832,-1967
ISNE,"9/5/2015 3 p.m. EDT",15065,15230,13194,-1871
ISNE,"9/5/2015 4 p.m. EDT",15379,15390,13749,-1630
ISNE,"9/5/2015 5 p.m. EDT",15726,15600,13663,-2063
ISNE,"9/5/2015 6 p.m. EDT",15948,15700,13661,-2287
ISNE,"9/5/2015 7 p.m. EDT",15745,15390,13438,-2307
ISNE,"9/5/2015 8 p.m. EDT",15632,15440,13634,-1998
ISNE,"9/5/2015 9 p.m. EDT",15441,15230,13328,-2113
ISNE,"9/5/2015 10 p.m. EDT",14619,14510,12247,-2372
ISNE,"9/5/2015 11 p.m. EDT",13683,13430,11384,-2299
ISNE,"9/6/2015 12 a.m. EDT",12616,12330,10774,-1842
ISNE,"9/6/2015 1 a.m. EDT",11715,11330,10301,-1414
ISNE,"9/6/2015 2 a.m. EDT",11126,10830,10060,-1066
ISNE,"9/6/2015 3 a.m. EDT",11394,10420,9874,-1520
ISNE,"9/6/2015 4 a.m. EDT",11574,10160,10119,-1455
ISNE,"9/6/2015 5 a.m. EDT",11536,10150,9840,-1696
ISNE,"9/6/2015 6 a.m. EDT",11643,10250,9855,-1788
ISNE,"9/6/2015 7 a.m. EDT",11345,10450,9897,-1448
ISNE,"9/6/2015 8 a.m. EDT",11708,11100,10157,-1551
ISNE,"9/6/2015 9 a.m. EDT",12124,12070,10840,-1284
ISNE,"9/6/2015 10 a.m. EDT",12972,13050,11199,-1773
ISNE,"9/6/2015 11 a.m. EDT",13704,13780,11677,-2027
ISNE,"9/6/2015 12 p.m. EDT",14369,14380,12054,-2315
ISNE,"9/6/2015 1 p.m. EDT",14962,14920,12900,-2062
ISNE,"9/6/2015 2 p.m. EDT",15469,15220,13485,-1984
ISNE,"9/6/2015 3 p.m. EDT",15907,15570,13613,-2294
ISNE,"9/6/2015 4 p.m. EDT",16393,15920,14189,-2204
ISNE,"9/6/2015 5 p.m. EDT",16845,16380,14669,-2176
ISNE,"9/6/2015 6 p.m. EDT",17091,16700,14931,-2160
ISNE,"9/6/2015 7 p.m. EDT",16783,16630,14207,-2576
ISNE,"9/6/2015 8 p.m. EDT",16597,16640,13578,-3019
ISNE,"9/6/2015 9 p.m. EDT",16326,16470,13768,-2558
ISNE,"9/6/2015 10 p.m. EDT",15464,15520,13108,-2356
ISNE,"9/6/2015 11 p.m. EDT",14350,14150,12226,-2124
ISNE,"9/7/2015 12 a.m. EDT",13225,12750,11144,-2081
ISNE,"9/7/2015 1 a.m. EDT",13120,12230,10673,-2447
ISNE,"9/7/2015 2 a.m. EDT",12871,11590,10716,-2155
ISNE,"9/7/2015 3 a.m. EDT",12483,11180,10334,-2149
ISNE,"9/7/2015 4 a.m. EDT",12246,10900,10120,-2126
ISNE,"9/7/2015 5 a.m. EDT",12223,10820,10218,-2005
ISNE,"9/7/2015 6 a.m. EDT",12207,10940,10742,-1465
ISNE,"9/7/2015 7 a.m. EDT",12467,11190,10884,-1583
ISNE,"9/7/2015 8 a.m. EDT",12874,11900,10742,-2132
ISNE,"9/7/2015 9 a.m. EDT",13830,13030,11404,-2426
ISNE,"9/7/2015 10 a.m. EDT",14482,14210,11894,-2588
ISNE,"9/7/2015 11 a.m. EDT",15624,15300,13368,-2256
ISNE,"9/7/2015 12 p.m. EDT",16710,16300,14294,-2416
ISNE,"9/7/2015 1 p.m. EDT",17702,17110,15164,-2538
ISNE,"9/7/2015 2 p.m. EDT",18534,17770,15835,-2699
ISNE,"9/7/2015 3 p.m. EDT",19303,18350,16512,-2791
ISNE,"9/7/2015 4 p.m. EDT",19978,18940,16861,-3117
ISNE,"9/7/2015 5 p.m. EDT",20596,19490,17253,-3343
ISNE,"9/7/2015 6 p.m. EDT",20935,19820,17699,-3236
ISNE,"9/7/2015 7 p.m. EDT",20670,19500,17352,-3318
ISNE,"9/7/2015 8 p.m. EDT",20748,19340,17533,-3215
ISNE,"9/7/2015 9 p.m. EDT",20432,19080,17180,-3252
ISNE,"9/7/2015 10 p.m. EDT",19018,17910,15902,-3116
ISNE,"9/7/2015 11 p.m. EDT",17176,16340,14321,-2855
ISNE,"9/8/2015 12 a.m. EDT",15971,14860,13171,-2800
ISNE,"9/8/2015 1 a.m. EDT",15410,14000,12345,-3065
ISNE,"9/8/2015 2 a.m. EDT",14974,13310,11886,-3088
ISNE,"9/8/2015 3 a.m. EDT",14608,12860,11871,-2737
ISNE,"9/8/2015 4 a.m. EDT",14384,12640,11847,-2537
ISNE,"9/8/2015 5 a.m. EDT",14551,13180,12141,-2410
ISNE,"9/8/2015 6 a.m. EDT",15251,14040,12772,-2479
ISNE,"9/8/2015 7 a.m. EDT",16394,15430,13893,-2501
ISNE,"9/8/2015 8 a.m. EDT",17557,16850,14669,-2888
ISNE,"9/8/2015 9 a.m. EDT",18415,18000,15308,-3107
ISNE,"9/8/2015 10 a.m. EDT",19584,19220,16269,-3315
ISNE,"9/8/2015 11 a.m. EDT",20837,20380,17490,-3347
ISNE,"9/8/2015 12 p.m. EDT",21963,21400,18472,-3491
ISNE,"9/8/2015 1 p.m. EDT",22923,22190,19522,-3401
ISNE,"9/8/2015 2 p.m. EDT",23765,22990,20394,-3371
ISNE,"9/8/2015 3 p.m. EDT",24138,23470,20755,-3383
ISNE,"9/8/2015 4 p.m. EDT",24257,23830,20840,-3417
ISNE,"9/8/2015 5 p.m. EDT",24280,24000,20849,-3431
ISNE,"9/8/2015 6 p.m. EDT",24058,23970,20544,-3514
ISNE,"9/8/2015 7 p.m. EDT",23531,23060,20058,-3473
ISNE,"9/8/2015 8 p.m. EDT",23434,22910,20033,-3401
ISNE,"9/8/2015 9 p.m. EDT",22714,22210,19029,-3685
ISNE,"9/8/2015 10 p.m. EDT",20998,20730,17423,-3575
ISNE,"9/8/2015 11 p.m. EDT",18878,18620,15589,-3289
ISNE,"9/9/2015 12 a.m. EDT",17469,16800,14402,-3067
ISNE,"9/9/2015 1 a.m. EDT",16472,15670,13697,-2775
ISNE,"9/9/2015 2 a.m. EDT",15834,14830,13079,-2755
ISNE,"9/9/2015 3 a.m. EDT",15492,14120,13054,-2438
ISNE,"9/9/2015 4 a.m. EDT",15377,13810,12863,-2514
ISNE,"9/9/2015 5 a.m. EDT",15441,14090,12917,-2524
ISNE,"9/9/2015 6 a.m. EDT",16286,14980,13555,-2731
ISNE,"9/9/2015 7 a.m. EDT",17215,16470,14857,-2358
ISNE,"9/9/2015 8 a.m. EDT",17818,17800,15203,-2615
ISNE,"9/9/2015 9 a.m. EDT",18755,18740,15831,-2924
ISNE,"9/9/2015 10 a.m. EDT",19766,19710,16385,-3381
ISNE,"9/9/2015 11 a.m. EDT",20825,20660,17405,-3420
ISNE,"9/9/2015 12 p.m. EDT",21694,21580,18306,-3388
ISNE,"9/9/2015 1 p.m. EDT",22468,22430,18949,-3519
ISNE,"9/9/2015 2 p.m. EDT",23295,23120,19768,-3527
ISNE,"9/9/2015 3 p.m. EDT",23811,23460,20404,-3407
ISNE,"9/9/2015 4 p.m. EDT",24091,23700,20912,-3179
ISNE,"9/9/2015 5 p.m. EDT",24247,23810,21256,-2991
ISNE,"9/9/2015 6 p.m. EDT",23971,23710,21240,-2731
ISNE,"9/9/2015 7 p.m. EDT",23379,22840,20298,-3081
ISNE,"9/9/2015 8 p.m. EDT",23269,22730,20058,-3211
ISNE,"9/9/2015 9 p.m. EDT",22621,22090,19348,-3273
ISNE,"9/9/2015 10 p.m. EDT",21036,20480,17824,-3212
ISNE,"9/9/2015 11 p.m. EDT",18995,18460,15948,-3047
ISNE,"9/10/2015 12 a.m. EDT",17354,16660,14817,-2537
ISNE,"9/10/2015 1 a.m. EDT",16147,15580,13553,-2594
ISNE,"9/10/2015 2 a.m. EDT",15756,14690,13310,-2446
ISNE,"9/10/2015 3 a.m. EDT",15879,14210,13280,-2599
ISNE,"9/10/2015 4 a.m. EDT",15623,13960,12944,-2679
ISNE,"9/10/2015 5 a.m. EDT",15687,14300,12921,-2766
ISNE,"9/10/2015 6 a.m. EDT",15897,15190,13413,-2484
ISNE,"9/10/2015 7 a.m. EDT",16974,16680,14410,-2564
ISNE,"9/10/2015 8 a.m. EDT",17843,17630,15493,-2350
ISNE,"9/10/2015 9 a.m. EDT",18392,18370,15682,-2710
ISNE,"9/10/2015 10 a.m. EDT",18784,19040,15776,-3008
ISNE,"9/10/2015 11 a.m. EDT",19051,19540,16175,-2876
ISNE,"9/10/2015 12 p.m. EDT",19127,19970,16149,-2978
ISNE,"9/10/2015 1 p.m. EDT",19066,20150,16033,-3033
ISNE,"9/10/2015 2 p.m. EDT",18963,20400,16042,-2921
ISNE,"9/10/2015 3 p.m. EDT",18628,20260,15784,-2844
ISNE,"9/10/2015 4 p.m. EDT",18369,20010,15481,-2888
ISNE,"9/10/2015 5 p.m. EDT",18262,19870,15396,-2866
ISNE,"9/10/2015 6 p.m. EDT",18184,19600,14873,-3311
ISNE,"9/10/2015 7 p.m. EDT",18027,19620,14663,-3364
ISNE,"9/10/2015 8 p.m. EDT",18066,19400,14656,-3410
ISNE,"9/10/2015 9 p.m. EDT",17469,18580,14216,-3253
ISNE,"9/10/2015 10 p.m. EDT",16299,17380,13151,-3148
ISNE,"9/10/2015 11 p.m. EDT",14956,15660,11983,-2973
ISNE,"9/11/2015 12 a.m. EDT",13616,14140,11093,-2523
ISNE,"9/11/2015 1 a.m. EDT",13137,12930,10199,-2938
ISNE,"9/11/2015 2 a.m. EDT",12989,12360,9799,-3190
ISNE,"9/11/2015 3 a.m. EDT",12605,11970,9847,-2758
ISNE,"9/11/2015 4 a.m. EDT",12453,11760,9906,-2547
ISNE,"9/11/2015 5 a.m. EDT",12629,11540,10333,-2296
ISNE,"9/11/2015 6 a.m. EDT",13303,12400,10613,-2690
ISNE,"9/11/2015 7 a.m. EDT",14442,13850,11537,-2905
ISNE,"9/11/2015 8 a.m. EDT",15070,14880,12021,-3049
ISNE,"9/11/2015 9 a.m. EDT",15619,15500,12478,-3141
ISNE,"9/11/2015 10 a.m. EDT",15989,15890,12789,-3200
ISNE,"9/11/2015 11 a.m. EDT",16223,16190,12903,-3320
ISNE,"9/11/2015 12 p.m. EDT",16309,16380,12917,-3392
ISNE,"9/11/2015 1 p.m. EDT",16325,16500,13053,-3272
ISNE,"9/11/2015 2 p.m. EDT",16504,16760,13069,-3435
ISNE,"9/11/2015 3 p.m. EDT",16618,16860,13221,-3397
ISNE,"9/11/2015 4 p.m. EDT",16679,16970,13060,-3619
ISNE,"9/11/2015 5 p.m. EDT",16789,17080,13493,-3296
ISNE,"9/11/2015 6 p.m. EDT",16756,16990,13906,-2850
ISNE,"9/11/2015 7 p.m. EDT",16471,16680,13510,-2961
ISNE,"9/11/2015 8 p.m. EDT",16553,16670,13532,-3021
ISNE,"9/11/2015 9 p.m. EDT",16176,16300,13632,-2544
ISNE,"9/11/2015 10 p.m. EDT",15197,15350,12405,-2792
ISNE,"9/11/2015 11 p.m. EDT",13952,14090,11501,-2451
ISNE,"9/12/2015 12 a.m. EDT",12975,12830,10950,-2025
ISNE,"9/12/2015 1 a.m. EDT",12255,11800,9990,-2265
ISNE,"9/12/2015 2 a.m. EDT",11614,11130,9602,-2012
ISNE,"9/12/2015 3 a.m. EDT",11759,10700,9670,-2089
ISNE,"9/12/2015 4 a.m. EDT",11850,10500,9759,-2091
ISNE,"9/12/2015 5 a.m. EDT",11838,10480,9269,-2569
ISNE,"9/12/2015 6 a.m. EDT",12082,10770,9155,-2927
ISNE,"9/12/2015 7 a.m. EDT",12030,11350,9443,-2587
ISNE,"9/12/2015 8 a.m. EDT",12482,12090,10081,-2401
ISNE,"9/12/2015 9 a.m. EDT",13030,13080,11254,-1776
ISNE,"9/12/2015 10 a.m. EDT",13735,13870,11724,-2011
ISNE,"9/12/2015 11 a.m. EDT",14239,14410,11726,-2513
ISNE,"9/12/2015 12 p.m. EDT",14595,14740,11903,-2692
ISNE,"9/12/2015 1 p.m. EDT",14854,14780,12022,-2832
ISNE,"9/12/2015 2 p.m. EDT",15031,14810,12351,-2680
ISNE,"9/12/2015 3 p.m. EDT",15146,14870,12292,-2854
ISNE,"9/12/2015 4 p.m. EDT",15305,14960,12486,-2819
ISNE,"9/12/2015 5 p.m. EDT",15360,15140,12627,-2733
ISNE,"9/12/2015 6 p.m. EDT",15351,15230,12465,-2886
ISNE,"9/12/2015 7 p.m. EDT",15384,15210,12112,-3272
ISNE,"9/12/2015 8 p.m. EDT",15681,15500,12733,-2948
ISNE,"9/12/2015 9 p.m. EDT",15317,15160,12275,-3042
ISNE,"9/12/2015 10 p.m. EDT",14557,14330,11747,-2810
ISNE,"9/12/2015 11 p.m. EDT",13563,13310,11229,-2334
ISNE,"9/13/2015 12 a.m. EDT",12480,12220,10250,-2230
ISNE,"9/13/2015 1 a.m. EDT",11709,11310,9283,-2426
ISNE,"9/13/2015 2 a.m. EDT",11282,10710,9188,-2094
ISNE,"9/13/2015 3 a.m. EDT",11207,10400,9142,-2065
ISNE,"9/13/2015 4 a.m. EDT",11272,10210,9062,-2210
ISNE,"9/13/2015 5 a.m. EDT",11245,10130,8973,-2272
ISNE,"9/13/2015 6 a.m. EDT",11396,10550,9027,-2369
ISNE,"9/13/2015 7 a.m. EDT",11730,10810,9367,-2363
ISNE,"9/13/2015 8 a.m. EDT",12408,11430,9896,-2512
ISNE,"9/13/2015 9 a.m. EDT",12568,12320,10221,-2347
ISNE,"9/13/2015 10 a.m. EDT",13323,13070,10685,-2638
ISNE,"9/13/2015 11 a.m. EDT",13927,13580,10989,-2938
ISNE,"9/13/2015 12 p.m. EDT",14303,13960,11027,-3276
ISNE,"9/13/2015 1 p.m. EDT",14573,14200,11222,-3351
ISNE,"9/13/2015 2 p.m. EDT",14714,14320,11584,-3130
ISNE,"9/13/2015 3 p.m. EDT",14750,14380,11600,-3150
ISNE,"9/13/2015 4 p.m. EDT",14875,14550,11634,-3241
ISNE,"9/13/2015 5 p.m. EDT",15186,14800,11799,-3387
ISNE,"9/13/2015 6 p.m. EDT",15493,15040,12065,-3428
ISNE,"9/13/2015 7 p.m. EDT",15634,15190,12001,-3633
ISNE,"9/13/2015 8 p.m. EDT",15848,15400,12437,-3411
ISNE,"9/13/2015 9 p.m. EDT",15362,15120,11843,-3519
ISNE,"9/13/2015 10 p.m. EDT",14361,14250,11206,-3155
ISNE,"9/13/2015 11 p.m. EDT",13148,13060,10512,-2636
ISNE,"9/14/2015 12 a.m. EDT",11962,11890,9699,-2263
ISNE,"9/14/2015 1 a.m. EDT",11380,10980,9454,-1926
ISNE,"9/14/2015 2 a.m. EDT",11100,10510,9147,-1953
ISNE,"9/14/2015 3 a.m. EDT",11046,10210,9074,-1972
ISNE,"9/14/2015 4 a.m. EDT",10939,10130,8809,-2130
ISNE,"9/14/2015 5 a.m. EDT",10942,10360,8954,-1988
ISNE,"9/14/2015 6 a.m. EDT",11207,11180,9452,-1755
ISNE,"9/14/2015 7 a.m. EDT",12673,12670,10482,-2191
ISNE,"9/14/2015 8 a.m. EDT",13710,13800,10953,-2757
ISNE,"9/14/2015 9 a.m. EDT",14275,14430,11105,-3170
ISNE,"9/14/2015 10 a.m. EDT",14681,14800,11110,-3571
ISNE,"9/14/2015 11 a.m. EDT",15071,15130,11367,-3704
ISNE,"9/14/2015 12 p.m. EDT",15296,15340,11972,-3324
ISNE,"9/14/2015 1 p.m. EDT",15384,15420,11899,-3485
ISNE,"9/14/2015 2 p.m. EDT",15540,15600,11903,-3637
ISNE,"9/14/2015 3 p.m. EDT",15498,15630,11866,-3632
ISNE,"9/14/2015 4 p.m. EDT",15495,15710,11854,-3641
ISNE,"9/14/2015 5 p.m. EDT",15569,15830,11992,-3577
ISNE,"9/14/2015 6 p.m. EDT",15699,15920,12133,-3566
ISNE,"9/14/2015 7 p.m. EDT",15691,15860,12058,-3633
ISNE,"9/14/2015 8 p.m. EDT",16012,16000,12358,-3654
ISNE,"9/14/2015 9 p.m. EDT",15562,15600,11937,-3625
ISNE,"9/14/2015 10 p.m. EDT",14363,14600,11308,-3055
ISNE,"9/14/2015 11 p.m. EDT",12966,13200,10359,-2607
ISNE,"9/15/2015 12 a.m. EDT",11914,11920,10133,-1781
ISNE,"9/15/2015 1 a.m. EDT",11038,10990,9582,-1456
ISNE,"9/15/2015 2 a.m. EDT",10498,10500,9624,-874
ISNE,"9/15/2015 3 a.m. EDT",10319,10170,9688,-631
ISNE,"9/15/2015 4 a.m. EDT",10247,10090,9679,-568
ISNE,"9/15/2015 5 a.m. EDT",10487,10330,9696,-791
ISNE,"9/15/2015 6 a.m. EDT",11417,11200,10127,-1290
ISNE,"9/15/2015 7 a.m. EDT",12844,12880,11041,-1803
ISNE,"9/15/2015 8 a.m. EDT",13804,14060,11518,-2286
ISNE,"9/15/2015 9 a.m. EDT",14333,14650,11954,-2379
ISNE,"9/15/2015 10 a.m. EDT",14780,15160,12246,-2534
ISNE,"9/15/2015 11 a.m. EDT",15225,15690,12865,-2360
ISNE,"9/15/2015 12 p.m. EDT",15593,16050,13291,-2302
ISNE,"9/15/2015 1 p.m. EDT",15890,16190,13643,-2247
ISNE,"9/15/2015 2 p.m. EDT",16320,16590,13959,-2361
ISNE,"9/15/2015 3 p.m. EDT",16689,16760,14367,-2322
ISNE,"9/15/2015 4 p.m. EDT",17010,16910,15054,-1956
ISNE,"9/15/2015 5 p.m. EDT",17361,17000,15502,-1859
ISNE,"9/15/2015 6 p.m. EDT",17569,17200,15701,-1868
ISNE,"9/15/2015 7 p.m. EDT",17340,16920,15385,-1955
ISNE,"9/15/2015 8 p.m. EDT",17530,17030,15280,-2250
ISNE,"9/15/2015 9 p.m. EDT",16999,16600,14638,-2361
ISNE,"9/15/2015 10 p.m. EDT",15699,15450,13562,-2137
ISNE,"9/15/2015 11 p.m. EDT",14087,13880,12068,-2019
ISNE,"9/16/2015 12 a.m. EDT",12703,12470,10762,-1941
ISNE,"9/16/2015 1 a.m. EDT",11958,11530,10146,-1812
ISNE,"9/16/2015 2 a.m. EDT",11885,10980,10152,-1733
ISNE,"9/16/2015 3 a.m. EDT",11832,10620,9821,-2011
ISNE,"9/16/2015 4 a.m. EDT",11700,10520,9594,-2106
ISNE,"9/16/2015 5 a.m. EDT",11883,10750,9680,-2203
ISNE,"9/16/2015 6 a.m. EDT",12504,11750,10585,-1919
ISNE,"9/16/2015 7 a.m. EDT",13549,13410,11348,-2201
ISNE,"9/16/2015 8 a.m. EDT",14286,14590,12150,-2136
ISNE,"9/16/2015 9 a.m. EDT",14887,15260,12928,-1959
ISNE,"9/16/2015 10 a.m. EDT",15485,15950,13410,-2075
ISNE,"9/16/2015 11 a.m. EDT",16136,16580,14318,-1818
ISNE,"9/16/2015 12 p.m. EDT",16675,17070,14778,-1897
ISNE,"9/16/2015 1 p.m. EDT",17111,17400,14948,-2163
ISNE,"9/16/2015 2 p.m. EDT",17694,17880,15373,-2321
ISNE,"9/16/2015 3 p.m. EDT",18124,18140,16165,-1959
ISNE,"9/16/2015 4 p.m. EDT",18516,18360,16257,-2259
ISNE,"9/16/2015 5 p.m. EDT",18837,18420,16506,-2331
ISNE,"9/16/2015 6 p.m. EDT",18859,18550,16607,-2252
ISNE,"9/16/2015 7 p.m. EDT",18466,18120,16175,-2291
ISNE,"9/16/2015 8 p.m. EDT",18623,18240,16298,-2325
ISNE,"9/16/2015 9 p.m. EDT",17989,17690,15480,-2509
ISNE,"9/16/2015 10 p.m. EDT",16630,16430,14183,-2447
ISNE,"9/16/2015 11 p.m. EDT",14980,14770,12756,-2224
ISNE,"9/17/2015 12 a.m. EDT",13614,13260,11763,-1851
ISNE,"9/17/2015 1 a.m. EDT",13367,12270,11269,-2098
ISNE,"9/17/2015 2 a.m. EDT",13036,11590,11081,-1955
ISNE,"9/17/2015 3 a.m. EDT",12668,11180,10463,-2205
ISNE,"9/17/2015 4 a.m. EDT",12432,11050,10357,-2075
ISNE,"9/17/2015 5 a.m. EDT",12589,11240,10622,-1967
ISNE,"9/17/2015 6 a.m. EDT",13419,12190,11605,-1814
ISNE,"9/17/2015 7 a.m. EDT",14496,13810,12423,-2073
ISNE,"9/17/2015 8 a.m. EDT",14729,14980,12602,-2127
ISNE,"9/17/2015 9 a.m. EDT",15403,15720,13299,-2104
ISNE,"9/17/2015 10 a.m. EDT",16035,16510,14030,-2005
ISNE,"9/17/2015 11 a.m. EDT",16803,17300,14522,-2281
ISNE,"9/17/2015 12 p.m. EDT",17458,17960,14987,-2471
ISNE,"9/17/2015 1 p.m. EDT",18028,18460,15465,-2563
ISNE,"9/17/2015 2 p.m. EDT",18710,19010,16064,-2646
ISNE,"9/17/2015 3 p.m. EDT",19218,19300,16941,-2277
ISNE,"9/17/2015 4 p.m. EDT",19598,19500,17078,-2520
ISNE,"9/17/2015 5 p.m. EDT",19837,19620,17234,-2603
ISNE,"9/17/2015 6 p.m. EDT",19723,19480,16926,-2797
ISNE,"9/17/2015 7 p.m. EDT",19184,18870,16313,-2871
ISNE,"9/17/2015 8 p.m. EDT",19253,19030,15919,-3334
ISNE,"9/17/2015 9 p.m. EDT",18595,18420,15022,-3573
ISNE,"9/17/2015 10 p.m. EDT",17222,17060,14069,-3153
ISNE,"9/17/2015 11 p.m. EDT",15471,15350,12789,-2682
ISNE,"9/18/2015 12 a.m. EDT",13889,13750,11580,-2309
ISNE,"9/18/2015 1 a.m. EDT",13132,12700,10599,-2533
ISNE,"9/18/2015 2 a.m. EDT",12861,11980,10339,-2522
ISNE,"9/18/2015 3 a.m. EDT",12907,11470,9865,-3042
ISNE,"9/18/2015 4 a.m. EDT",12682,11300,9287,-3395
ISNE,"9/18/2015 5 a.m. EDT",12791,11480,9549,-3242
ISNE,"9/18/2015 6 a.m. EDT",13370,12300,10287,-3083
ISNE,"9/18/2015 7 a.m. EDT",14307,13800,11130,-3177
ISNE,"9/18/2015 8 a.m. EDT",14775,14940,11506,-3269
ISNE,"9/18/2015 9 a.m. EDT",15474,15670,11907,-3567
ISNE,"9/18/2015 10 a.m. EDT",16154,16390,12720,-3434
ISNE,"9/18/2015 11 a.m. EDT",16920,17100,13734,-3186
ISNE,"9/18/2015 12 p.m. EDT",17587,17660,14694,-2893
ISNE,"9/18/2015 1 p.m. EDT",18064,18070,15043,-3021
ISNE,"9/18/2015 2 p.m. EDT",18610,18540,15223,-3387
ISNE,"9/18/2015 3 p.m. EDT",18969,18840,15366,-3603
ISNE,"9/18/2015 4 p.m. EDT",19243,19080,15659,-3584
ISNE,"9/18/2015 5 p.m. EDT",19373,18970,16108,-3265
ISNE,"9/18/2015 6 p.m. EDT",19086,18870,15761,-3325
ISNE,"9/18/2015 7 p.m. EDT",18401,18220,14847,-3554
ISNE,"9/18/2015 8 p.m. EDT",18250,18200,14648,-3602
ISNE,"9/18/2015 9 p.m. EDT",17525,17520,14068,-3457
ISNE,"9/18/2015 10 p.m. EDT",16375,16340,13358,-3017
ISNE,"9/18/2015 11 p.m. EDT",14960,14830,12054,-2906
ISNE,"9/19/2015 12 a.m. EDT",13565,13380,10401,-3164
ISNE,"9/19/2015 1 a.m. EDT",12484,12570,8921,-3563
ISNE,"9/19/2015 2 a.m. EDT",12177,11840,8543,-3634
ISNE,"9/19/2015 3 a.m. EDT",12088,11330,8585,-3503
ISNE,"9/19/2015 4 a.m. EDT",11870,11040,8205,-3665
ISNE,"9/19/2015 5 a.m. EDT",11782,11040,8024,-3758
ISNE,"9/19/2015 6 a.m. EDT",12077,11350,8479,-3598
ISNE,"9/19/2015 7 a.m. EDT",12120,11970,8820,-3300
ISNE,"9/19/2015 8 a.m. EDT",12603,12660,9709,-2894
ISNE,"9/19/2015 9 a.m. EDT",13610,13580,10829,-2781
ISNE,"9/19/2015 10 a.m. EDT",14329,14410,11355,-2974
ISNE,"9/19/2015 11 a.m. EDT",14878,15030,11642,-3236
ISNE,"9/19/2015 12 p.m. EDT",15350,15510,11959,-3391
ISNE,"9/19/2015 1 p.m. EDT",15733,15800,12480,-3253
ISNE,"9/19/2015 2 p.m. EDT",15995,16010,12612,-3383
ISNE,"9/19/2015 3 p.m. EDT",16216,16220,12846,-3370
ISNE,"9/19/2015 4 p.m. EDT",16461,16420,13170,-3291
ISNE,"9/19/2015 5 p.m. EDT",16683,16570,13349,-3334
ISNE,"9/19/2015 6 p.m. EDT",16717,16650,13091,-3626
ISNE,"9/19/2015 7 p.m. EDT",16484,16440,12892,-3592
ISNE,"9/19/2015 8 p.m. EDT",16638,16680,13110,-3528
ISNE,"9/19/2015 9 p.m. EDT",16147,16200,12570,-3577
ISNE,"9/19/2015 10 p.m. EDT",15324,15270,11920,-3404
ISNE,"9/19/2015 11 p.m. EDT",14269,14180,10820,-3449
ISNE,"9/20/2015 12 a.m. EDT",13207,13030,9817,-3390
ISNE,"9/20/2015 1 a.m. EDT",12348,12200,9198,-3150
ISNE,"9/20/2015 2 a.m. EDT",11780,11520,8751,-3029
ISNE,"9/20/2015 3 a.m. EDT",11675,11110,8602,-3073
ISNE,"9/20/2015 4 a.m. EDT",11729,10900,8553,-3176
ISNE,"9/20/2015 5 a.m. EDT",11729,11130,8570,-3159
ISNE,"9/20/2015 6 a.m. EDT",12182,11320,8937,-3245
ISNE,"9/20/2015 7 a.m. EDT",12792,11600,9351,-3441
ISNE,"9/20/2015 8 a.m. EDT",13360,12010,9965,-3395
ISNE,"9/20/2015 9 a.m. EDT",13656,12740,10288,-3368
ISNE,"9/20/2015 10 a.m. EDT",14121,13380,10700,-3421
ISNE,"9/20/2015 11 a.m. EDT",14009,13750,10736,-3273
ISNE,"9/20/2015 12 p.m. EDT",14113,14060,10980,-3133
ISNE,"9/20/2015 1 p.m. EDT",14293,14200,11074,-3219
ISNE,"9/20/2015 2 p.m. EDT",14346,14280,11176,-3170
ISNE,"9/20/2015 3 p.m. EDT",14398,14250,11214,-3184
ISNE,"9/20/2015 4 p.m. EDT",14534,14310,11597,-2937
ISNE,"9/20/2015 5 p.m. EDT",14731,14530,11731,-3000
ISNE,"9/20/2015 6 p.m. EDT",15060,14780,11940,-3120
ISNE,"9/20/2015 7 p.m. EDT",15068,14750,11912,-3156
ISNE,"9/20/2015 8 p.m. EDT",15363,15100,12168,-3195
ISNE,"9/20/2015 9 p.m. EDT",14781,14680,11899,-2882
ISNE,"9/20/2015 10 p.m. EDT",13641,13590,10922,-2719
ISNE,"9/20/2015 11 p.m. EDT",12301,12320,9337,-2964
ISNE,"9/21/2015 12 a.m. EDT",11319,11230,8559,-2760
ISNE,"9/21/2015 1 a.m. EDT",10637,10440,7855,-2782
ISNE,"9/21/2015 2 a.m. EDT",10594,10000,7746,-2848
ISNE,"9/21/2015 3 a.m. EDT",10524,9780,8037,-2487
ISNE,"9/21/2015 4 a.m. EDT",10719,9770,8191,-2528
ISNE,"9/21/2015 5 a.m. EDT",10938,9970,7991,-2947
ISNE,"9/21/2015 6 a.m. EDT",11339,10920,8267,-3072
ISNE,"9/21/2015 7 a.m. EDT",12464,12510,9298,-3166
ISNE,"9/21/2015 8 a.m. EDT",13399,13610,10480,-2919
ISNE,"9/21/2015 9 a.m. EDT",13750,14050,10751,-2999
ISNE,"9/21/2015 10 a.m. EDT",14001,14320,10849,-3152
ISNE,"9/21/2015 11 a.m. EDT",14247,14560,11172,-3075
ISNE,"9/21/2015 12 p.m. EDT",14420,14720,11375,-3045
ISNE,"9/21/2015 1 p.m. EDT",14458,14830,11481,-2977
ISNE,"9/21/2015 2 p.m. EDT",14672,14970,11675,-2997
ISNE,"9/21/2015 3 p.m. EDT",14711,14990,11762,-2949
ISNE,"9/21/2015 4 p.m. EDT",14769,15010,11994,-2775
ISNE,"9/21/2015 5 p.m. EDT",14908,15120,12164,-2744
ISNE,"9/21/2015 6 p.m. EDT",15063,15380,11973,-3090
ISNE,"9/21/2015 7 p.m. EDT",15226,15390,11960,-3266
ISNE,"9/21/2015 8 p.m. EDT",15654,15700,12451,-3203
ISNE,"9/21/2015 9 p.m. EDT",15006,15100,12042,-2964
ISNE,"9/21/2015 10 p.m. EDT",13851,13940,10966,-2885
ISNE,"9/21/2015 11 p.m. EDT",12442,12500,9350,-3092
ISNE,"9/22/2015 12 a.m. EDT",11281,11270,8328,-2953
ISNE,"9/22/2015 1 a.m. EDT",10525,10450,7976,-2549
ISNE,"9/22/2015 2 a.m. EDT",10003,10010,7828,-2175
ISNE,"9/22/2015 3 a.m. EDT",10224,9780,7973,-2251
ISNE,"9/22/2015 4 a.m. EDT",10306,9730,7914,-2392
ISNE,"9/22/2015 5 a.m. EDT",10419,10010,8027,-2392
ISNE,"9/22/2015 6 a.m. EDT",11151,10960,8525,-2626
ISNE,"9/22/2015 7 a.m. EDT",12644,12680,9710,-2934
ISNE,"9/22/2015 8 a.m. EDT",13711,13740,11069,-2642
ISNE,"9/22/2015 9 a.m. EDT",14088,14130,11535,-2553
ISNE,"9/22/2015 10 a.m. EDT",14379,14420,11808,-2571
ISNE,"9/22/2015 11 a.m. EDT",14684,14680,11922,-2762
ISNE,"9/22/2015 12 p.m. EDT",14814,14890,12280,-2534
ISNE,"9/22/2015 1 p.m. EDT",14858,14920,12416,-2442
ISNE,"9/22/2015 2 p.m. EDT",14953,15090,12404,-2549
ISNE,"9/22/2015 3 p.m. EDT",14928,15100,12277,-2651
ISNE,"9/22/2015 4 p.m. EDT",14968,15160,12103,-2865
ISNE,"9/22/2015 5 p.m. EDT",15035,15220,12335,-2700
ISNE,"9/22/2015 6 p.m. EDT",15148,15430,12509,-2639
ISNE,"9/22/2015 7 p.m. EDT",15263,15410,12763,-2500
ISNE,"9/22/2015 8 p.m. EDT",15661,15750,12942,-2719
ISNE,"9/22/2015 9 p.m. EDT",15096,15170,12535,-2561
ISNE,"9/22/2015 10 p.m. EDT",13963,14060,11517,-2446
ISNE,"9/22/2015 11 p.m. EDT",12543,12610,9990,-2553
ISNE,"9/23/2015 12 a.m. EDT",11286,11370,9065,-2221
ISNE,"9/23/2015 1 a.m. EDT",10933,10540,8307,-2626
ISNE,"9/23/2015 2 a.m. EDT",10615,10090,8154,-2461
ISNE,"9/23/2015 3 a.m. EDT",10862,9840,8500,-2362
ISNE,"9/23/2015 4 a.m. EDT",10826,9750,8356,-2470
ISNE,"9/23/2015 5 a.m. EDT",10955,10010,8233,-2722
ISNE,"9/23/2015 6 a.m. EDT",11256,10950,8641,-2615
ISNE,"9/23/2015 7 a.m. EDT",12382,12620,9895,-2487
ISNE,"9/23/2015 8 a.m. EDT",13362,13710,10883,-2479
ISNE,"9/23/2015 9 a.m. EDT",13774,14080,11224,-2550
ISNE,"9/23/2015 10 a.m. EDT",14021,14350,11632,-2389
ISNE,"9/23/2015 11 a.m. EDT",14325,14670,11994,-2331
ISNE,"9/23/2015 12 p.m. EDT",14508,14900,12094,-2414
ISNE,"9/23/2015 1 p.m. EDT",14633,15000,12284,-2349
ISNE,"9/23/2015 2 p.m. EDT",14858,15240,12616,-2242
ISNE,"9/23/2015 3 p.m. EDT",14986,15350,12638,-2348
ISNE,"9/23/2015 4 p.m. EDT",15164,15430,12672,-2492
ISNE,"9/23/2015 5 p.m. EDT",15420,15560,12928,-2492
ISNE,"9/23/2015 6 p.m. EDT",15604,15680,13033,-2571
ISNE,"9/23/2015 7 p.m. EDT",15604,15560,12987,-2617
ISNE,"9/23/2015 8 p.m. EDT",15928,15900,13381,-2547
ISNE,"9/23/2015 9 p.m. EDT",15306,15380,12759,-2547
ISNE,"9/23/2015 10 p.m. EDT",14123,14300,11639,-2484
ISNE,"9/23/2015 11 p.m. EDT",12773,12800,10089,-2684
ISNE,"9/24/2015 12 a.m. EDT",11678,11520,9487,-2191
ISNE,"9/24/2015 1 a.m. EDT",11272,10610,9293,-1979
ISNE,"9/24/2015 2 a.m. EDT",11049,10170,9369,-1680
ISNE,"9/24/2015 3 a.m. EDT",10649,9890,8944,-1705
ISNE,"9/24/2015 4 a.m. EDT",10552,9800,8947,-1605
ISNE,"9/24/2015 5 a.m. EDT",10807,10080,9478,-1329
ISNE,"9/24/2015 6 a.m. EDT",11459,11000,9941,-1518
ISNE,"9/24/2015 7 a.m. EDT",12672,12660,10726,-1946
ISNE,"9/24/2015 8 a.m. EDT",13573,13670,11650,-1923
ISNE,"9/24/2015 9 a.m. EDT",13988,14140,11996,-1992
ISNE,"9/24/2015 10 a.m. EDT",14317,14470,12146,-2171
ISNE,"9/24/2015 11 a.m. EDT",14655,14810,12230,-2425
ISNE,"9/24/2015 12 p.m. EDT",14906,15050,12531,-2375
ISNE,"9/24/2015 1 p.m. EDT",15043,15080,12934,-2109
ISNE,"9/24/2015 2 p.m. EDT",15307,15380,13316,-1991
ISNE,"9/24/2015 3 p.m. EDT",15398,15480,13351,-2047
ISNE,"9/24/2015 4 p.m. EDT",15507,15570,13303,-2204
ISNE,"9/24/2015 5 p.m. EDT",15644,15610,13408,-2236
ISNE,"9/24/2015 6 p.m. EDT",15697,15680,13391,-2306
ISNE,"9/24/2015 7 p.m. EDT",15658,15540,13251,-2407
ISNE,"9/24/2015 8 p.m. EDT",16056,15900,13928,-2128
ISNE,"9/24/2015 9 p.m. EDT",15463,15340,13351,-2112
ISNE,"9/24/2015 10 p.m. EDT",14307,14280,12166,-2141
ISNE,"9/24/2015 11 p.m. EDT",12871,12830,10995,-1876
ISNE,"9/25/2015 12 a.m. EDT",11836,11560,9887,-1949
ISNE,"9/25/2015 1 a.m. EDT",10726,10710,9042,-1684
ISNE,"9/25/2015 2 a.m. EDT",10459,10240,8741,-1718
ISNE,"9/25/2015 3 a.m. EDT",10297,9970,8564,-1733
ISNE,"9/25/2015 4 a.m. EDT",10329,9870,8367,-1962
ISNE,"9/25/2015 5 a.m. EDT",10558,10070,8558,-2000
ISNE,"9/25/2015 6 a.m. EDT",11166,10940,9189,-1977
ISNE,"9/25/2015 7 a.m. EDT",12416,12510,10523,-1893
ISNE,"9/25/2015 8 a.m. EDT",13399,13440,11465,-1934
ISNE,"9/25/2015 9 a.m. EDT",13842,13770,11932,-1910
ISNE,"9/25/2015 10 a.m. EDT",14079,13900,11987,-2092
ISNE,"9/25/2015 11 a.m. EDT",14335,14060,12392,-1943
ISNE,"9/25/2015 12 p.m. EDT",14474,14120,12106,-2368
ISNE,"9/25/2015 1 p.m. EDT",14429,14120,12069,-2360
ISNE,"9/25/2015 2 p.m. EDT",14515,14250,12066,-2449
ISNE,"9/25/2015 3 p.m. EDT",14509,14280,12322,-2187
ISNE,"9/25/2015 4 p.m. EDT",14459,14340,12348,-2111
ISNE,"9/25/2015 5 p.m. EDT",14507,14490,12445,-2062
ISNE,"9/25/2015 6 p.m. EDT",14528,14610,12278,-2250
ISNE,"9/25/2015 7 p.m. EDT",14595,14650,12469,-2126
ISNE,"9/25/2015 8 p.m. EDT",14856,14920,12912,-1944
ISNE,"9/25/2015 9 p.m. EDT",14298,14430,12366,-1932
ISNE,"9/25/2015 10 p.m. EDT",13424,13510,11713,-1711
ISNE,"9/25/2015 11 p.m. EDT",12309,12370,10595,-1714
ISNE,"9/26/2015 12 a.m. EDT",11212,11220,9156,-2056
ISNE,"9/26/2015 1 a.m. EDT",10368,10440,8426,-1942
ISNE,"9/26/2015 2 a.m. EDT",10297,9960,8402,-1895
ISNE,"9/26/2015 3 a.m. EDT",10391,9670,8437,-1954
ISNE,"9/26/2015 4 a.m. EDT",10527,9540,8422,-2105
ISNE,"9/26/2015 5 a.m. EDT",10562,9570,8375,-2187
ISNE,"9/26/2015 6 a.m. EDT",10580,9790,8852,-1728
ISNE,"9/26/2015 7 a.m. EDT",10946,10380,9042,-1904
ISNE,"9/26/2015 8 a.m. EDT",11795,11070,9368,-2427
ISNE,"9/26/2015 9 a.m. EDT",12234,11870,10223,-2011
ISNE,"9/26/2015 10 a.m. EDT",12645,12400,10725,-1920
ISNE,"9/26/2015 11 a.m. EDT",12499,12570,10683,-1816
ISNE,"9/26/2015 12 p.m. EDT",12497,12600,10398,-2099
ISNE,"9/26/2015 1 p.m. EDT",12396,12540,10082,-2314
ISNE,"9/26/2015 2 p.m. EDT",12248,12500,10055,-2193
ISNE,"9/26/2015 3 p.m. EDT",12163,12490,10134,-2029
ISNE,"9/26/2015 4 p.m. EDT",12255,12640,10029,-2226
ISNE,"9/26/2015 5 p.m. EDT",12510,12980,10345,-2165
ISNE,"9/26/2015 6 p.m. EDT",12850,13440,10600,-2250
ISNE,"9/26/2015 7 p.m. EDT",13231,13650,11157,-2074
ISNE,"9/26/2015 8 p.m. EDT",13631,13930,11787,-1844
ISNE,"9/26/2015 9 p.m. EDT",13211,13580,11197,-2014
ISNE,"9/26/2015 10 p.m. EDT",12507,12820,10577,-1930
ISNE,"9/26/2015 11 p.m. EDT",11587,11880,9439,-2148
ISNE,"9/27/2015 12 a.m. EDT",10644,10920,8521,-2123
ISNE,"9/27/2015 1 a.m. EDT",10164,10080,8385,-1779
ISNE,"9/27/2015 2 a.m. EDT",9863,9650,8078,-1785
ISNE,"9/27/2015 3 a.m. EDT",10009,9350,8211,-1798
ISNE,"9/27/2015 4 a.m. EDT",10149,9210,8219,-1930
ISNE,"9/27/2015 5 a.m. EDT",10172,9190,8257,-1915
ISNE,"9/27/2015 6 a.m. EDT",10390,9360,8313,-2077
ISNE,"9/27/2015 7 a.m. EDT",10511,9760,8583,-1928
ISNE,"9/27/2015 8 a.m. EDT",10908,10220,8938,-1970
ISNE,"9/27/2015 9 a.m. EDT",11287,11150,9215,-2072
ISNE,"9/27/2015 10 a.m. EDT",11591,11750,9563,-2028
ISNE,"9/27/2015 11 a.m. EDT",11815,11990,9655,-2160
ISNE,"9/27/2015 12 p.m. EDT",11953,12130,9710,-2243
ISNE,"9/27/2015 1 p.m. EDT",12101,12230,10057,-2044
ISNE,"9/27/2015 2 p.m. EDT",12155,12240,10330,-1825
ISNE,"9/27/2015 3 p.m. EDT",12232,12250,10187,-2045
ISNE,"9/27/2015 4 p.m. EDT",12407,12300,10167,-2240
ISNE,"9/27/2015 5 p.m. EDT",12893,12650,10850,-2043
ISNE,"9/27/2015 6 p.m. EDT",13459,13270,11297,-2162
ISNE,"9/27/2015 7 p.m. EDT",13971,13740,11434,-2537
ISNE,"9/27/2015 8 p.m. EDT",14473,14280,12159,-2314
ISNE,"9/27/2015 9 p.m. EDT",13881,13730,11825,-2056
ISNE,"9/27/2015 10 p.m. EDT",12879,12770,10931,-1948
ISNE,"9/27/2015 11 p.m. EDT",11698,11570,9626,-2072
ISNE,"9/28/2015 12 a.m. EDT",10712,10640,8697,-2015
ISNE,"9/28/2015 1 a.m. EDT",10091,9950,7860,-2231
ISNE,"9/28/2015 2 a.m. EDT",10127,9550,7937,-2190
ISNE,"9/28/2015 3 a.m. EDT",9936,9380,7747,-2189
ISNE,"9/28/2015 4 a.m. EDT",10118,9340,7845,-2273
ISNE,"9/28/2015 5 a.m. EDT",10205,9650,7920,-2285
ISNE,"9/28/2015 6 a.m. EDT",11174,10620,8950,-2224
ISNE,"9/28/2015 7 a.m. EDT",12490,12310,10186,-2304
ISNE,"9/28/2015 8 a.m. EDT",13481,13450,11282,-2199
ISNE,"9/28/2015 9 a.m. EDT",13948,13930,11755,-2193
ISNE,"9/28/2015 10 a.m. EDT",14329,14250,12245,-2084
ISNE,"9/28/2015 11 a.m. EDT",14732,14680,12643,-2089
ISNE,"9/28/2015 12 p.m. EDT",15027,15020,12876,-2151
ISNE,"9/28/2015 1 p.m. EDT",15249,15230,12960,-2289
ISNE,"9/28/2015 2 p.m. EDT",15581,15550,13303,-2278
ISNE,"9/28/2015 3 p.m. EDT",15723,15730,13493,-2230
ISNE,"9/28/2015 4 p.m. EDT",15815,15910,13653,-2162
ISNE,"9/28/2015 5 p.m. EDT",16000,15970,13876,-2124
ISNE,"9/28/2015 6 p.m. EDT",16192,16180,14130,-2062
ISNE,"9/28/2015 7 p.m. EDT",16473,16340,14364,-2109
ISNE,"9/28/2015 8 p.m. EDT",16815,16570,14487,-2328
ISNE,"9/28/2015 9 p.m. EDT",16101,16080,13791,-2310
ISNE,"9/28/2015 10 p.m. EDT",14903,14690,12640,-2263
ISNE,"9/28/2015 11 p.m. EDT",13443,13200,11061,-2382
ISNE,"9/29/2015 12 a.m. EDT",12154,11890,9845,-2309
ISNE,"9/29/2015 1 a.m. EDT",11771,10940,9445,-2326
ISNE,"9/29/2015 2 a.m. EDT",11519,10350,9206,-2313
ISNE,"9/29/2015 3 a.m. EDT",11544,10110,9039,-2505
ISNE,"9/29/2015 4 a.m. EDT",11505,10100,8818,-2687
ISNE,"9/29/2015 5 a.m. EDT",11783,10580,9159,-2624
ISNE,"9/29/2015 6 a.m. EDT",12297,11660,10046,-2251
ISNE,"9/29/2015 7 a.m. EDT",13669,13450,11583,-2086
ISNE,"9/29/2015 8 a.m. EDT",14844,14430,12666,-2178
ISNE,"9/29/2015 9 a.m. EDT",15451,15110,13306,-2145
ISNE,"9/29/2015 10 a.m. EDT",15950,15480,13931,-2019
ISNE,"9/29/2015 11 a.m. EDT",16449,15870,14418,-2031
ISNE,"9/29/2015 12 p.m. EDT",16828,16250,14637,-2191
ISNE,"9/29/2015 1 p.m. EDT",17185,16450,15071,-2114
ISNE,"9/29/2015 2 p.m. EDT",17526,16630,15599,-1927
ISNE,"9/29/2015 3 p.m. EDT",17627,16800,15270,-2357
ISNE,"9/29/2015 4 p.m. EDT",17673,16760,15233,-2440
ISNE,"9/29/2015 5 p.m. EDT",17741,16810,15325,-2416
ISNE,"9/29/2015 6 p.m. EDT",17848,17010,15563,-2285
ISNE,"9/29/2015 7 p.m. EDT",18132,17320,15927,-2205
ISNE,"9/29/2015 8 p.m. EDT",18246,17580,15894,-2352
ISNE,"9/29/2015 9 p.m. EDT",17519,17140,15424,-2095
ISNE,"9/29/2015 10 p.m. EDT",16326,15690,14298,-2028
ISNE,"9/29/2015 11 p.m. EDT",14840,14160,12798,-2042
ISNE,"9/30/2015 12 a.m. EDT",13514,12800,11481,-2033
ISNE,"9/30/2015 1 a.m. EDT",13047,12260,10795,-2252
ISNE,"9/30/2015 2 a.m. EDT",12989,11710,10557,-2432
ISNE,"9/30/2015 3 a.m. EDT",12845,11410,10330,-2515
ISNE,"9/30/2015 4 a.m. EDT",12911,11230,10330,-2581
ISNE,"9/30/2015 5 a.m. EDT",13189,11840,10689,-2500
ISNE,"9/30/2015 6 a.m. EDT",13769,12670,11325,-2444
ISNE,"9/30/2015 7 a.m. EDT",15010,14480,12554,-2456
ISNE,"9/30/2015 8 a.m. EDT",16273,15610,14014,-2259
ISNE,"9/30/2015 9 a.m. EDT",16915,16070,14569,-2346
ISNE,"9/30/2015 10 a.m. EDT",17352,16420,15113,-2239
ISNE,"9/30/2015 11 a.m. EDT",17754,16700,15197,-2557
ISNE,"9/30/2015 12 p.m. EDT",17902,16900,15446,-2456
ISNE,"9/30/2015 1 p.m. EDT",17857,16890,15331,-2526
ISNE,"9/30/2015 2 p.m. EDT",17801,17000,15237,-2564
ISNE,"9/30/2015 3 p.m. EDT",17476,16910,14881,-2595
ISNE,"9/30/2015 4 p.m. EDT",17007,16810,14410,-2597
ISNE,"9/30/2015 5 p.m. EDT",16702,16700,14121,-2581
ISNE,"9/30/2015 6 p.m. EDT",16595,16670,14035,-2560
ISNE,"9/30/2015 7 p.m. EDT",16605,16980,14273,-2332
ISNE,"9/30/2015 8 p.m. EDT",16587,16690,14350,-2237
ISNE,"9/30/2015 9 p.m. EDT",15861,15840,13535,-2326
ISNE,"9/30/2015 10 p.m. EDT",14740,14650,12563,-2177
ISNE,"9/30/2015 11 p.m. EDT",13713,13120,11493,-2220
ISNE,"10/1/2015 12 a.m. EDT",12396,11850,10224,-2172
