"BA Code","Timestamp (Hour Ending)","Demand (MWh)","Demand Forecast (MWh)","Net Generation (MWh)","Total Interchange (MWh)"
ISNE,"8/1/2020 12 a.m. EDT",15113,14940,12014,-3099
ISNE,"8/1/2020 1 a.m. EDT",13940,13910,10704,-3236
ISNE,"8/1/2020 2 a.m. EDT",13414,13070,10234,-3180
ISNE,"8/1/2020 3 a.m. EDT",13215,12450,10103,-3112
ISNE,"8/1/2020 4 a.m. EDT",13128,12060,10250,-2878
ISNE,"8/1/2020 5 a.m. EDT",12960,11910,10039,-2921
ISNE,"8/1/2020 6 a.m. EDT",12960,11900,9959,-3001
ISNE,"8/1/2020 7 a.m. EDT",13264,12220,10208,-3056
ISNE,"8/1/2020 8 a.m. EDT",13721,12920,11092,-2629
ISNE,"8/1/2020 9 a.m. EDT",13976,13650,11093,-2883
ISNE,"8/1/2020 10 a.m. EDT",14379,14400,11416,-2963
ISNE,"8/1/2020 11 a.m. EDT",15148,15170,12260,-2888
ISNE,"8/1/2020 12 p.m. EDT",15996,16010,13089,-2907
ISNE,"8/1/2020 1 p.m. EDT",16788,16810,13946,-2842
ISNE,"8/1/2020 2 p.m. EDT",17428,17350,14361,-3067
ISNE,"8/1/2020 3 p.m. EDT",18020,17760,14535,-3485
ISNE,"8/1/2020 4 p.m. EDT",18651,18310,14941,-3710
ISNE,"8/1/2020 5 p.m. EDT",19367,18890,15828,-3539
ISNE,"8/1/2020 6 p.m. EDT",20009,19250,16864,-3145
ISNE,"8/1/2020 7 p.m. EDT",20162,19120,16754,-3408
ISNE,"8/1/2020 8 p.m. EDT",19510,18560,16138,-3372
ISNE,"8/1/2020 9 p.m. EDT",18958,18370,15069,-3889
ISNE,"8/1/2020 10 p.m. EDT",18222,17490,14403,-3819
ISNE,"8/1/2020 11 p.m. EDT",17023,16260,13613,-3410
ISNE,"8/2/2020 12 a.m. EDT",15713,15080,12850,-2863
ISNE,"8/2/2020 1 a.m. EDT",14595,14540,12063,-2532
ISNE,"8/2/2020 2 a.m. EDT",14121,13720,11696,-2425
ISNE,"8/2/2020 3 a.m. EDT",14013,13190,11464,-2549
ISNE,"8/2/2020 4 a.m. EDT",13876,12820,10863,-3013
ISNE,"8/2/2020 5 a.m. EDT",13702,12630,10455,-3247
ISNE,"8/2/2020 6 a.m. EDT",13652,12590,10390,-3262
ISNE,"8/2/2020 7 a.m. EDT",13851,12800,10666,-3185
ISNE,"8/2/2020 8 a.m. EDT",14437,13160,11488,-2949
ISNE,"8/2/2020 9 a.m. EDT",15135,14420,12038,-3097
ISNE,"8/2/2020 10 a.m. EDT",15640,15260,12525,-3115
ISNE,"8/2/2020 11 a.m. EDT",16306,15880,13209,-3097
ISNE,"8/2/2020 12 p.m. EDT",16699,16570,13660,-3039
ISNE,"8/2/2020 1 p.m. EDT",17391,17230,14171,-3220
ISNE,"8/2/2020 2 p.m. EDT",17497,17920,14401,-3096
ISNE,"8/2/2020 3 p.m. EDT",17927,18430,14814,-3113
ISNE,"8/2/2020 4 p.m. EDT",18482,18860,15294,-3188
ISNE,"8/2/2020 5 p.m. EDT",18852,19430,15712,-3140
ISNE,"8/2/2020 6 p.m. EDT",19183,20330,16140,-3043
ISNE,"8/2/2020 7 p.m. EDT",19236,20560,16120,-3116
ISNE,"8/2/2020 8 p.m. EDT",19081,20290,15904,-3177
ISNE,"8/2/2020 9 p.m. EDT",19024,19680,15877,-3147
ISNE,"8/2/2020 10 p.m. EDT",18479,19010,15174,-3305
ISNE,"8/2/2020 11 p.m. EDT",17454,17570,14179,-3275
ISNE,"8/3/2020 12 a.m. EDT",16649,16510,13539,-3110
ISNE,"8/3/2020 1 a.m. EDT",16267,15480,12949,-3318
ISNE,"8/3/2020 2 a.m. EDT",15769,14880,12535,-3234
ISNE,"8/3/2020 3 a.m. EDT",15575,14420,12311,-3264
ISNE,"8/3/2020 4 a.m. EDT",15393,14240,12281,-3112
ISNE,"8/3/2020 5 a.m. EDT",15507,14390,12389,-3118
ISNE,"8/3/2020 6 a.m. EDT",16079,15040,12848,-3231
ISNE,"8/3/2020 7 a.m. EDT",16925,16190,13653,-3272
ISNE,"8/3/2020 8 a.m. EDT",17604,17480,14274,-3330
ISNE,"8/3/2020 9 a.m. EDT",18246,18050,14706,-3540
ISNE,"8/3/2020 10 a.m. EDT",18790,18780,15276,-3514
ISNE,"8/3/2020 11 a.m. EDT",19309,19540,15792,-3517
ISNE,"8/3/2020 12 p.m. EDT",19865,20160,16251,-3614
ISNE,"8/3/2020 1 p.m. EDT",20431,20710,16847,-3584
ISNE,"8/3/2020 2 p.m. EDT",21009,21270,17460,-3549
ISNE,"8/3/2020 3 p.m. EDT",21423,21710,18323,-3100
ISNE,"8/3/2020 4 p.m. EDT",21899,22130,19055,-2844
ISNE,"8/3/2020 5 p.m. EDT",22324,22790,19532,-2792
ISNE,"8/3/2020 6 p.m. EDT",22824,23170,19888,-2936
ISNE,"8/3/2020 7 p.m. EDT",22716,22710,19508,-3208
ISNE,"8/3/2020 8 p.m. EDT",22015,21920,18572,-3443
ISNE,"8/3/2020 9 p.m. EDT",21296,21320,17651,-3645
ISNE,"8/3/2020 10 p.m. EDT",20107,20040,16735,-3372
ISNE,"8/3/2020 11 p.m. EDT",18369,18190,14702,-3667
ISNE,"8/4/2020 12 a.m. EDT",16915,16520,13301,-3614
ISNE,"8/4/2020 1 a.m. EDT",15784,14990,11984,-3800
ISNE,"8/4/2020 2 a.m. EDT",15181,14170,11754,-3427
ISNE,"8/4/2020 3 a.m. EDT",15052,13740,11732,-3320
ISNE,"8/4/2020 4 a.m. EDT",14822,13520,11568,-3254
ISNE,"8/4/2020 5 a.m. EDT",14861,13590,11540,-3321
ISNE,"8/4/2020 6 a.m. EDT",15170,14140,11941,-3229
ISNE,"8/4/2020 7 a.m. EDT",15539,15350,12434,-3105
ISNE,"8/4/2020 8 a.m. EDT",16326,16460,13151,-3175
ISNE,"8/4/2020 9 a.m. EDT",17234,17210,13965,-3269
ISNE,"8/4/2020 10 a.m. EDT",17883,17670,14660,-3223
ISNE,"8/4/2020 11 a.m. EDT",18657,18280,15477,-3180
ISNE,"8/4/2020 12 p.m. EDT",19404,18670,15869,-3535
ISNE,"8/4/2020 1 p.m. EDT",19745,19240,16176,-3569
ISNE,"8/4/2020 2 p.m. EDT",20005,19330,16318,-3687
ISNE,"8/4/2020 3 p.m. EDT",19545,19280,15961,-3584
ISNE,"8/4/2020 4 p.m. EDT",18803,19120,15260,-3543
ISNE,"8/4/2020 5 p.m. EDT",17843,17800,14738,-3105
ISNE,"8/4/2020 6 p.m. EDT",17131,17470,14039,-3092
ISNE,"8/4/2020 7 p.m. EDT",16489,14620,13621,-2868
ISNE,"8/4/2020 8 p.m. EDT",15757,14730,12864,-2893
ISNE,"8/4/2020 9 p.m. EDT",15299,14420,12243,-3056
ISNE,"8/4/2020 10 p.m. EDT",14694,13580,11784,-2910
ISNE,"8/4/2020 11 p.m. EDT",13710,12420,10749,-2961
ISNE,"8/5/2020 12 a.m. EDT",12742,11590,9740,-3002
ISNE,"8/5/2020 1 a.m. EDT",12461,11940,9449,-3012
ISNE,"8/5/2020 2 a.m. EDT",12248,11440,9107,-3141
ISNE,"8/5/2020 3 a.m. EDT",12129,11110,9149,-2980
ISNE,"8/5/2020 4 a.m. EDT",12021,10980,9206,-2815
ISNE,"8/5/2020 5 a.m. EDT",12139,11100,9235,-2904
ISNE,"8/5/2020 6 a.m. EDT",12329,11580,9127,-3202
ISNE,"8/5/2020 7 a.m. EDT",12968,12540,9729,-3239
ISNE,"8/5/2020 8 a.m. EDT",13784,13650,10388,-3396
ISNE,"8/5/2020 9 a.m. EDT",14476,14500,11022,-3454
ISNE,"8/5/2020 10 a.m. EDT",15167,15190,11744,-3423
ISNE,"8/5/2020 11 a.m. EDT",15937,15950,12731,-3206
ISNE,"8/5/2020 12 p.m. EDT",16825,16850,13704,-3121
ISNE,"8/5/2020 1 p.m. EDT",17483,17490,14540,-2943
ISNE,"8/5/2020 2 p.m. EDT",18032,18060,14970,-3062
ISNE,"8/5/2020 3 p.m. EDT",18438,18440,15460,-2978
ISNE,"8/5/2020 4 p.m. EDT",18831,19000,15713,-3118
ISNE,"8/5/2020 5 p.m. EDT",19295,19200,16432,-2863
ISNE,"8/5/2020 6 p.m. EDT",19704,19490,16583,-3121
ISNE,"8/5/2020 7 p.m. EDT",19573,19250,16525,-3048
ISNE,"8/5/2020 8 p.m. EDT",18827,18560,15612,-3215
ISNE,"8/5/2020 9 p.m. EDT",18182,18010,14814,-3368
ISNE,"8/5/2020 10 p.m. EDT",17108,17120,13697,-3411
ISNE,"8/5/2020 11 p.m. EDT",15640,15580,12155,-3485
ISNE,"8/6/2020 12 a.m. EDT",14313,14050,11072,-3241
ISNE,"8/6/2020 1 a.m. EDT",13162,12880,10190,-2972
ISNE,"8/6/2020 2 a.m. EDT",12554,12060,9679,-2875
ISNE,"8/6/2020 3 a.m. EDT",12219,11500,9233,-2986
ISNE,"8/6/2020 4 a.m. EDT",11887,11140,8611,-3276
ISNE,"8/6/2020 5 a.m. EDT",11839,11100,8595,-3244
ISNE,"8/6/2020 6 a.m. EDT",12196,11480,8775,-3421
ISNE,"8/6/2020 7 a.m. EDT",12613,12230,9769,-2844
ISNE,"8/6/2020 8 a.m. EDT",13084,13120,10109,-2975
ISNE,"8/6/2020 9 a.m. EDT",13659,13700,10671,-2988
ISNE,"8/6/2020 10 a.m. EDT",14054,14070,10687,-3367
ISNE,"8/6/2020 11 a.m. EDT",14517,14850,11242,-3275
ISNE,"8/6/2020 12 p.m. EDT",15098,15320,11728,-3370
ISNE,"8/6/2020 1 p.m. EDT",15535,15800,12305,-3230
ISNE,"8/6/2020 2 p.m. EDT",16058,16340,12629,-3429
ISNE,"8/6/2020 3 p.m. EDT",16245,16610,12776,-3469
ISNE,"8/6/2020 4 p.m. EDT",16521,17210,13150,-3371
ISNE,"8/6/2020 5 p.m. EDT",16918,17710,13556,-3362
ISNE,"8/6/2020 6 p.m. EDT",17522,18020,14274,-3248
ISNE,"8/6/2020 7 p.m. EDT",17639,18000,14030,-3609
ISNE,"8/6/2020 8 p.m. EDT",17134,17450,13540,-3594
ISNE,"8/6/2020 9 p.m. EDT",16721,17110,13071,-3650
ISNE,"8/6/2020 10 p.m. EDT",15902,16220,12314,-3588
ISNE,"8/6/2020 11 p.m. EDT",14535,14860,11095,-3440
ISNE,"8/7/2020 12 a.m. EDT",13262,13480,10185,-3077
ISNE,"8/7/2020 1 a.m. EDT",12297,12380,9353,-2944
ISNE,"8/7/2020 2 a.m. EDT",11892,11690,9440,-2452
ISNE,"8/7/2020 3 a.m. EDT",11711,11260,9269,-2442
ISNE,"8/7/2020 4 a.m. EDT",11487,11020,9168,-2319
ISNE,"8/7/2020 5 a.m. EDT",11541,11090,9394,-2147
ISNE,"8/7/2020 6 a.m. EDT",12004,11610,9653,-2351
ISNE,"8/7/2020 7 a.m. EDT",12640,12400,9685,-2955
ISNE,"8/7/2020 8 a.m. EDT",13075,13290,10020,-3055
ISNE,"8/7/2020 9 a.m. EDT",13829,13930,10748,-3081
ISNE,"8/7/2020 10 a.m. EDT",14265,14380,11302,-2963
ISNE,"8/7/2020 11 a.m. EDT",14457,14630,11535,-2922
ISNE,"8/7/2020 12 p.m. EDT",14525,14860,11590,-2935
ISNE,"8/7/2020 1 p.m. EDT",14944,15210,12297,-2647
ISNE,"8/7/2020 2 p.m. EDT",15531,15710,13212,-2319
ISNE,"8/7/2020 3 p.m. EDT",15894,16070,13005,-2889
ISNE,"8/7/2020 4 p.m. EDT",16066,16300,13727,-2339
ISNE,"8/7/2020 5 p.m. EDT",16353,16640,13972,-2381
ISNE,"8/7/2020 6 p.m. EDT",16706,16910,14054,-2652
ISNE,"8/7/2020 7 p.m. EDT",16698,16950,13752,-2946
ISNE,"8/7/2020 8 p.m. EDT",16314,16300,13490,-2824
ISNE,"8/7/2020 9 p.m. EDT",16067,16010,13314,-2753
ISNE,"8/7/2020 10 p.m. EDT",15382,15360,12499,-2883
ISNE,"8/7/2020 11 p.m. EDT",14250,14310,11302,-2948
ISNE,"8/8/2020 12 a.m. EDT",13143,13160,10340,-2803
ISNE,"8/8/2020 1 a.m. EDT",12479,12250,10075,-2404
ISNE,"8/8/2020 2 a.m. EDT",11921,11610,9611,-2310
ISNE,"8/8/2020 3 a.m. EDT",11765,11220,9186,-2579
ISNE,"8/8/2020 4 a.m. EDT",11525,10980,9183,-2342
ISNE,"8/8/2020 5 a.m. EDT",11449,10910,9272,-2177
ISNE,"8/8/2020 6 a.m. EDT",11605,11060,9487,-2118
ISNE,"8/8/2020 7 a.m. EDT",12124,11360,9804,-2320
ISNE,"8/8/2020 8 a.m. EDT",12254,11850,9708,-2546
ISNE,"8/8/2020 9 a.m. EDT",12821,12560,10160,-2661
ISNE,"8/8/2020 10 a.m. EDT",13322,13200,10703,-2619
ISNE,"8/8/2020 11 a.m. EDT",13623,13630,10968,-2655
ISNE,"8/8/2020 12 p.m. EDT",13818,13820,11144,-2674
ISNE,"8/8/2020 1 p.m. EDT",14233,14250,12050,-2183
ISNE,"8/8/2020 2 p.m. EDT",14844,14860,12507,-2337
ISNE,"8/8/2020 3 p.m. EDT",15550,15570,13199,-2351
ISNE,"8/8/2020 4 p.m. EDT",16300,16330,13377,-2923
ISNE,"8/8/2020 5 p.m. EDT",17092,16930,13936,-3156
ISNE,"8/8/2020 6 p.m. EDT",17769,17570,14822,-2947
ISNE,"8/8/2020 7 p.m. EDT",17968,18000,14912,-3056
ISNE,"8/8/2020 8 p.m. EDT",17438,17450,14128,-3310
ISNE,"8/8/2020 9 p.m. EDT",17071,17010,13694,-3377
ISNE,"8/8/2020 10 p.m. EDT",16338,16110,12863,-3475
ISNE,"8/8/2020 11 p.m. EDT",15238,14940,12028,-3210
ISNE,"8/9/2020 12 a.m. EDT",14318,13900,11431,-2887
ISNE,"8/9/2020 1 a.m. EDT",13525,13090,10392,-3133
ISNE,"8/9/2020 2 a.m. EDT",13197,12400,10115,-3082
ISNE,"8/9/2020 3 a.m. EDT",12978,11900,9880,-3098
ISNE,"8/9/2020 4 a.m. EDT",12660,11610,10154,-2506
ISNE,"8/9/2020 5 a.m. EDT",12514,11460,9629,-2885
ISNE,"8/9/2020 6 a.m. EDT",12534,11480,9627,-2907
ISNE,"8/9/2020 7 a.m. EDT",12690,11660,9713,-2977
ISNE,"8/9/2020 8 a.m. EDT",13199,12180,10461,-2738
ISNE,"8/9/2020 9 a.m. EDT",13628,12970,11124,-2504
ISNE,"8/9/2020 10 a.m. EDT",13974,13780,11657,-2317
ISNE,"8/9/2020 11 a.m. EDT",14770,14800,12493,-2277
ISNE,"8/9/2020 12 p.m. EDT",16063,16080,14036,-2027
ISNE,"8/9/2020 1 p.m. EDT",17191,17210,14731,-2460
ISNE,"8/9/2020 2 p.m. EDT",17793,17800,14943,-2850
ISNE,"8/9/2020 3 p.m. EDT",18223,18210,15371,-2852
ISNE,"8/9/2020 4 p.m. EDT",18892,18920,16174,-2718
ISNE,"8/9/2020 5 p.m. EDT",19630,19670,16839,-2791
ISNE,"8/9/2020 6 p.m. EDT",20321,20290,17596,-2725
ISNE,"8/9/2020 7 p.m. EDT",20409,20570,17240,-3169
ISNE,"8/9/2020 8 p.m. EDT",19904,20040,16707,-3197
ISNE,"8/9/2020 9 p.m. EDT",19518,19730,16094,-3424
ISNE,"8/9/2020 10 p.m. EDT",18595,18610,15311,-3284
ISNE,"8/9/2020 11 p.m. EDT",17153,17000,14056,-3097
ISNE,"8/10/2020 12 a.m. EDT",15724,15360,12589,-3135
ISNE,"8/10/2020 1 a.m. EDT",15310,14610,11896,-3414
ISNE,"8/10/2020 2 a.m. EDT",14940,13840,11762,-3178
ISNE,"8/10/2020 3 a.m. EDT",14425,13350,11126,-3299
ISNE,"8/10/2020 4 a.m. EDT",14166,13090,10939,-3227
ISNE,"8/10/2020 5 a.m. EDT",14201,13150,11211,-2990
ISNE,"8/10/2020 6 a.m. EDT",14707,13680,11549,-3158
ISNE,"8/10/2020 7 a.m. EDT",15444,14600,12343,-3101
ISNE,"8/10/2020 8 a.m. EDT",16346,15820,13025,-3321
ISNE,"8/10/2020 9 a.m. EDT",16943,16820,13818,-3125
ISNE,"8/10/2020 10 a.m. EDT",17665,17700,14879,-2786
ISNE,"8/10/2020 11 a.m. EDT",18648,18560,15706,-2942
ISNE,"8/10/2020 12 p.m. EDT",19742,19470,16802,-2940
ISNE,"8/10/2020 1 p.m. EDT",20807,20320,17735,-3072
ISNE,"8/10/2020 2 p.m. EDT",21619,21320,18580,-3039
ISNE,"8/10/2020 3 p.m. EDT",22122,21960,19417,-2705
ISNE,"8/10/2020 4 p.m. EDT",22634,22530,19976,-2658
ISNE,"8/10/2020 5 p.m. EDT",23145,22910,20567,-2578
ISNE,"8/10/2020 6 p.m. EDT",23696,23500,20893,-2803
ISNE,"8/10/2020 7 p.m. EDT",23473,23240,20170,-3303
ISNE,"8/10/2020 8 p.m. EDT",22745,22530,19248,-3497
ISNE,"8/10/2020 9 p.m. EDT",22079,21880,18310,-3769
ISNE,"8/10/2020 10 p.m. EDT",20750,20450,17047,-3703
ISNE,"8/10/2020 11 p.m. EDT",19613,18650,15846,-3767
ISNE,"8/11/2020 12 a.m. EDT",18161,17050,14487,-3674
ISNE,"8/11/2020 1 a.m. EDT",17168,15730,13912,-3256
ISNE,"8/11/2020 2 a.m. EDT",16337,15050,13040,-3297
ISNE,"8/11/2020 3 a.m. EDT",15694,14410,12260,-3434
ISNE,"8/11/2020 4 a.m. EDT",15304,14130,11839,-3465
ISNE,"8/11/2020 5 a.m. EDT",15286,14190,12110,-3176
ISNE,"8/11/2020 6 a.m. EDT",15743,14710,12417,-3326
ISNE,"8/11/2020 7 a.m. EDT",16638,15730,13417,-3221
ISNE,"8/11/2020 8 a.m. EDT",17687,17020,14575,-3112
ISNE,"8/11/2020 9 a.m. EDT",18511,17910,15465,-3046
ISNE,"8/11/2020 10 a.m. EDT",19179,19040,16469,-2710
ISNE,"8/11/2020 11 a.m. EDT",20090,19990,17249,-2841
ISNE,"8/11/2020 12 p.m. EDT",21186,20960,18147,-3039
ISNE,"8/11/2020 1 p.m. EDT",22122,21780,18731,-3391
ISNE,"8/11/2020 2 p.m. EDT",22616,22500,19054,-3562
ISNE,"8/11/2020 3 p.m. EDT",23023,22940,19602,-3421
ISNE,"8/11/2020 4 p.m. EDT",23422,23210,20024,-3398
ISNE,"8/11/2020 5 p.m. EDT",23611,23540,20469,-3142
ISNE,"8/11/2020 6 p.m. EDT",23970,24100,20952,-3018
ISNE,"8/11/2020 7 p.m. EDT",23730,23760,20446,-3284
ISNE,"8/11/2020 8 p.m. EDT",23104,23110,19335,-3769
ISNE,"8/11/2020 9 p.m. EDT",22395,22320,18631,-3764
ISNE,"8/11/2020 10 p.m. EDT",21067,20950,17443,-3624
ISNE,"8/11/2020 11 p.m. EDT",19621,19200,16017,-3604
ISNE,"8/12/2020 12 a.m. EDT",18160,17400,14580,-3580
ISNE,"8/12/2020 1 a.m. EDT",17535,16670,13715,-3820
ISNE,"8/12/2020 2 a.m. EDT",16986,15900,13200,-3786
ISNE,"8/12/2020 3 a.m. EDT",16447,15370,12938,-3509
ISNE,"8/12/2020 4 a.m. EDT",16161,15090,12632,-3529
ISNE,"8/12/2020 5 a.m. EDT",16177,15130,12714,-3463
ISNE,"8/12/2020 6 a.m. EDT",16654,15640,13177,-3477
ISNE,"8/12/2020 7 a.m. EDT",17200,16530,13882,-3318
ISNE,"8/12/2020 8 a.m. EDT",17578,17600,14388,-3190
ISNE,"8/12/2020 9 a.m. EDT",18515,18530,15312,-3203
ISNE,"8/12/2020 10 a.m. EDT",19252,19250,16040,-3212
ISNE,"8/12/2020 11 a.m. EDT",20026,19880,16733,-3293
ISNE,"8/12/2020 12 p.m. EDT",20797,20600,17272,-3525
ISNE,"8/12/2020 1 p.m. EDT",21638,21660,17901,-3737
ISNE,"8/12/2020 2 p.m. EDT",22543,22240,18911,-3632
ISNE,"8/12/2020 3 p.m. EDT",22995,22750,19631,-3364
ISNE,"8/12/2020 4 p.m. EDT",23181,23060,19721,-3460
ISNE,"8/12/2020 5 p.m. EDT",23538,23200,20294,-3244
ISNE,"8/12/2020 6 p.m. EDT",23886,23400,20297,-3589
ISNE,"8/12/2020 7 p.m. EDT",23783,23390,20181,-3602
ISNE,"8/12/2020 8 p.m. EDT",23035,22620,19125,-3910
ISNE,"8/12/2020 9 p.m. EDT",22271,21930,18397,-3874
ISNE,"8/12/2020 10 p.m. EDT",20876,20660,16985,-3891
ISNE,"8/12/2020 11 p.m. EDT",19037,18890,15141,-3896
ISNE,"8/13/2020 12 a.m. EDT",17303,17210,13587,-3716
ISNE,"8/13/2020 1 a.m. EDT",16225,15770,12757,-3468
ISNE,"8/13/2020 2 a.m. EDT",15627,14770,12149,-3478
ISNE,"8/13/2020 3 a.m. EDT",15282,14140,11935,-3347
ISNE,"8/13/2020 4 a.m. EDT",14994,13820,11543,-3451
ISNE,"8/13/2020 5 a.m. EDT",14865,13800,11432,-3433
ISNE,"8/13/2020 6 a.m. EDT",15194,14210,11985,-3209
ISNE,"8/13/2020 7 a.m. EDT",15558,15210,12430,-3128
ISNE,"8/13/2020 8 a.m. EDT",15958,16230,12819,-3139
ISNE,"8/13/2020 9 a.m. EDT",16764,16690,13711,-3053
ISNE,"8/13/2020 10 a.m. EDT",17489,17470,14607,-2882
ISNE,"8/13/2020 11 a.m. EDT",18133,17930,14733,-3400
ISNE,"8/13/2020 12 p.m. EDT",18839,18550,15463,-3376
ISNE,"8/13/2020 1 p.m. EDT",19492,19420,15961,-3531
ISNE,"8/13/2020 2 p.m. EDT",20051,19940,16531,-3520
ISNE,"8/13/2020 3 p.m. EDT",20263,20420,16941,-3322
ISNE,"8/13/2020 4 p.m. EDT",20481,20660,17265,-3216
ISNE,"8/13/2020 5 p.m. EDT",20606,20920,17489,-3117
ISNE,"8/13/2020 6 p.m. EDT",20601,21250,17342,-3259
ISNE,"8/13/2020 7 p.m. EDT",20272,20800,16974,-3298
ISNE,"8/13/2020 8 p.m. EDT",19753,19770,16056,-3697
ISNE,"8/13/2020 9 p.m. EDT",19383,19190,15688,-3695
ISNE,"8/13/2020 10 p.m. EDT",18328,18200,14685,-3643
ISNE,"8/13/2020 11 p.m. EDT",16835,16630,13118,-3717
ISNE,"8/14/2020 12 a.m. EDT",15595,15070,12065,-3530
ISNE,"8/14/2020 1 a.m. EDT",14932,14110,11406,-3526
ISNE,"8/14/2020 2 a.m. EDT",14462,13380,11052,-3410
ISNE,"8/14/2020 3 a.m. EDT",13890,12730,10401,-3489
ISNE,"8/14/2020 4 a.m. EDT",13559,12440,10602,-2957
ISNE,"8/14/2020 5 a.m. EDT",13556,12620,10697,-2859
ISNE,"8/14/2020 6 a.m. EDT",13956,13140,10993,-2963
ISNE,"8/14/2020 7 a.m. EDT",14689,14100,11704,-2985
ISNE,"8/14/2020 8 a.m. EDT",15622,15070,12363,-3259
ISNE,"8/14/2020 9 a.m. EDT",15879,15610,12590,-3289
ISNE,"8/14/2020 10 a.m. EDT",15816,16240,13092,-2724
ISNE,"8/14/2020 11 a.m. EDT",16434,16650,13980,-2454
ISNE,"8/14/2020 12 p.m. EDT",17202,17160,14761,-2441
ISNE,"8/14/2020 1 p.m. EDT",17713,17600,15185,-2528
ISNE,"8/14/2020 2 p.m. EDT",18366,18520,15596,-2770
ISNE,"8/14/2020 3 p.m. EDT",18887,18850,16183,-2704
ISNE,"8/14/2020 4 p.m. EDT",19259,19240,16199,-3060
ISNE,"8/14/2020 5 p.m. EDT",19567,19420,16676,-2891
ISNE,"8/14/2020 6 p.m. EDT",19807,19600,16729,-3078
ISNE,"8/14/2020 7 p.m. EDT",19417,19270,15939,-3478
ISNE,"8/14/2020 8 p.m. EDT",18668,18570,15068,-3600
ISNE,"8/14/2020 9 p.m. EDT",18109,18000,14747,-3362
ISNE,"8/14/2020 10 p.m. EDT",17023,17000,14137,-2886
ISNE,"8/14/2020 11 p.m. EDT",15635,15550,12801,-2834
ISNE,"8/15/2020 12 a.m. EDT",14504,14240,11327,-3177
ISNE,"8/15/2020 1 a.m. EDT",13399,12780,10164,-3235
ISNE,"8/15/2020 2 a.m. EDT",12625,12170,9733,-2892
ISNE,"8/15/2020 3 a.m. EDT",12069,11550,9144,-2925
ISNE,"8/15/2020 4 a.m. EDT",11977,11110,8995,-2982
ISNE,"8/15/2020 5 a.m. EDT",11874,10950,8846,-3028
ISNE,"8/15/2020 6 a.m. EDT",12000,10990,8762,-3238
ISNE,"8/15/2020 7 a.m. EDT",12124,11120,8998,-3126
ISNE,"8/15/2020 8 a.m. EDT",12801,11500,9547,-3254
ISNE,"8/15/2020 9 a.m. EDT",13017,12390,10149,-2868
ISNE,"8/15/2020 10 a.m. EDT",13365,12990,10517,-2848
ISNE,"8/15/2020 11 a.m. EDT",13823,13380,10990,-2833
ISNE,"8/15/2020 12 p.m. EDT",14133,13710,11234,-2899
ISNE,"8/15/2020 1 p.m. EDT",14264,13840,11282,-2982
ISNE,"8/15/2020 2 p.m. EDT",14231,14010,11605,-2626
ISNE,"8/15/2020 3 p.m. EDT",14116,14010,11737,-2379
ISNE,"8/15/2020 4 p.m. EDT",14135,14200,11858,-2277
ISNE,"8/15/2020 5 p.m. EDT",14418,14740,12091,-2327
ISNE,"8/15/2020 6 p.m. EDT",14782,15200,12312,-2470
ISNE,"8/15/2020 7 p.m. EDT",14886,15150,12086,-2800
ISNE,"8/15/2020 8 p.m. EDT",14757,14830,11719,-3038
ISNE,"8/15/2020 9 p.m. EDT",14650,14730,11558,-3092
ISNE,"8/15/2020 10 p.m. EDT",14055,14150,11156,-2899
ISNE,"8/15/2020 11 p.m. EDT",13210,13230,10628,-2582
ISNE,"8/16/2020 12 a.m. EDT",12323,12410,9869,-2454
ISNE,"8/16/2020 1 a.m. EDT",11870,11600,9474,-2396
ISNE,"8/16/2020 2 a.m. EDT",11361,11020,9433,-1928
ISNE,"8/16/2020 3 a.m. EDT",11017,10640,9139,-1878
ISNE,"8/16/2020 4 a.m. EDT",10887,10350,8954,-1933
ISNE,"8/16/2020 5 a.m. EDT",11077,10310,9077,-2000
ISNE,"8/16/2020 6 a.m. EDT",11640,10430,9384,-2256
ISNE,"8/16/2020 7 a.m. EDT",11797,10410,9585,-2212
ISNE,"8/16/2020 8 a.m. EDT",11731,10860,9838,-1893
ISNE,"8/16/2020 9 a.m. EDT",11972,11520,10640,-1332
ISNE,"8/16/2020 10 a.m. EDT",12493,12030,10761,-1732
ISNE,"8/16/2020 11 a.m. EDT",12985,12490,10881,-2104
ISNE,"8/16/2020 12 p.m. EDT",13370,12840,11165,-2205
ISNE,"8/16/2020 1 p.m. EDT",13584,13050,11302,-2282
ISNE,"8/16/2020 2 p.m. EDT",13639,13230,11180,-2459
ISNE,"8/16/2020 3 p.m. EDT",13573,13550,10866,-2707
ISNE,"8/16/2020 4 p.m. EDT",13592,13850,10927,-2665
ISNE,"8/16/2020 5 p.m. EDT",13872,13900,11243,-2629
ISNE,"8/16/2020 6 p.m. EDT",14215,14540,11496,-2719
ISNE,"8/16/2020 7 p.m. EDT",14261,14780,11681,-2580
ISNE,"8/16/2020 8 p.m. EDT",14184,14750,11410,-2774
ISNE,"8/16/2020 9 p.m. EDT",14057,14640,11494,-2563
ISNE,"8/16/2020 10 p.m. EDT",13410,13900,11015,-2395
ISNE,"8/16/2020 11 p.m. EDT",12516,12860,10606,-1910
ISNE,"8/17/2020 12 a.m. EDT",11681,11940,9679,-2002
ISNE,"8/17/2020 1 a.m. EDT",11530,10990,9127,-2403
ISNE,"8/17/2020 2 a.m. EDT",11106,10550,9298,-1808
ISNE,"8/17/2020 3 a.m. EDT",11081,10300,8831,-2250
ISNE,"8/17/2020 4 a.m. EDT",10993,10210,8550,-2443
ISNE,"8/17/2020 5 a.m. EDT",11162,10400,8603,-2559
ISNE,"8/17/2020 6 a.m. EDT",11529,11200,8892,-2637
ISNE,"8/17/2020 7 a.m. EDT",12383,12350,9763,-2620
ISNE,"8/17/2020 8 a.m. EDT",13067,13310,10435,-2632
ISNE,"8/17/2020 9 a.m. EDT",13826,13780,11300,-2526
ISNE,"8/17/2020 10 a.m. EDT",13763,13440,11207,-2556
ISNE,"8/17/2020 11 a.m. EDT",13764,13670,11352,-2412
ISNE,"8/17/2020 12 p.m. EDT",13972,13880,11835,-2137
ISNE,"8/17/2020 1 p.m. EDT",14322,14220,12479,-1843
ISNE,"8/17/2020 2 p.m. EDT",14779,14650,12659,-2120
ISNE,"8/17/2020 3 p.m. EDT",15192,14950,13167,-2025
ISNE,"8/17/2020 4 p.m. EDT",15698,15410,13641,-2057
ISNE,"8/17/2020 5 p.m. EDT",16237,16140,14092,-2145
ISNE,"8/17/2020 6 p.m. EDT",16828,16810,14189,-2639
ISNE,"8/17/2020 7 p.m. EDT",16807,16680,13733,-3074
ISNE,"8/17/2020 8 p.m. EDT",16380,16470,13425,-2955
ISNE,"8/17/2020 9 p.m. EDT",16034,16190,12993,-3041
ISNE,"8/17/2020 10 p.m. EDT",15123,15010,11982,-3141
ISNE,"8/17/2020 11 p.m. EDT",13984,13700,10845,-3139
ISNE,"8/18/2020 12 a.m. EDT",12942,12500,10059,-2883
ISNE,"8/18/2020 1 a.m. EDT",12133,12110,9377,-2756
ISNE,"8/18/2020 2 a.m. EDT",11583,11570,9244,-2339
ISNE,"8/18/2020 3 a.m. EDT",11485,11240,8919,-2566
ISNE,"8/18/2020 4 a.m. EDT",11338,11070,9030,-2308
ISNE,"8/18/2020 5 a.m. EDT",11227,11220,9144,-2083
ISNE,"8/18/2020 6 a.m. EDT",11745,11800,9343,-2402
ISNE,"8/18/2020 7 a.m. EDT",12618,12830,10105,-2513
ISNE,"8/18/2020 8 a.m. EDT",13721,13720,10715,-3006
ISNE,"8/18/2020 9 a.m. EDT",14208,14080,11069,-3139
ISNE,"8/18/2020 10 a.m. EDT",14515,14310,11746,-2769
ISNE,"8/18/2020 11 a.m. EDT",14928,14620,11953,-2975
ISNE,"8/18/2020 12 p.m. EDT",15388,15070,12170,-3218
ISNE,"8/18/2020 1 p.m. EDT",15971,15560,12846,-3125
ISNE,"8/18/2020 2 p.m. EDT",16564,16040,13415,-3149
ISNE,"8/18/2020 3 p.m. EDT",17004,16540,13730,-3274
ISNE,"8/18/2020 4 p.m. EDT",17185,17120,13868,-3317
ISNE,"8/18/2020 5 p.m. EDT",17752,17750,14536,-3216
ISNE,"8/18/2020 6 p.m. EDT",18223,18200,14894,-3329
ISNE,"8/18/2020 7 p.m. EDT",18208,17920,15108,-3100
ISNE,"8/18/2020 8 p.m. EDT",17556,17500,14415,-3141
ISNE,"8/18/2020 9 p.m. EDT",17044,17110,13524,-3520
ISNE,"8/18/2020 10 p.m. EDT",15923,15990,12436,-3487
ISNE,"8/18/2020 11 p.m. EDT",14495,14500,11085,-3410
ISNE,"8/19/2020 12 a.m. EDT",13201,13140,9947,-3254
ISNE,"8/19/2020 1 a.m. EDT",12221,12160,9486,-2735
ISNE,"8/19/2020 2 a.m. EDT",12034,11470,9405,-2629
ISNE,"8/19/2020 3 a.m. EDT",12104,11060,9274,-2830
ISNE,"8/19/2020 4 a.m. EDT",11832,10770,9250,-2582
ISNE,"8/19/2020 5 a.m. EDT",11855,10810,9397,-2458
ISNE,"8/19/2020 6 a.m. EDT",12173,11270,9328,-2845
ISNE,"8/19/2020 7 a.m. EDT",12820,12050,9625,-3195
ISNE,"8/19/2020 8 a.m. EDT",13604,12900,10543,-3061
ISNE,"8/19/2020 9 a.m. EDT",13421,13390,10751,-2670
ISNE,"8/19/2020 10 a.m. EDT",13608,13610,11006,-2602
ISNE,"8/19/2020 11 a.m. EDT",13968,13980,11080,-2888
ISNE,"8/19/2020 12 p.m. EDT",14668,14680,11935,-2733
ISNE,"8/19/2020 1 p.m. EDT",15164,15160,12266,-2898
ISNE,"8/19/2020 2 p.m. EDT",15537,15540,12186,-3351
ISNE,"8/19/2020 3 p.m. EDT",15365,15360,11919,-3446
ISNE,"8/19/2020 4 p.m. EDT",15132,15130,11527,-3605
ISNE,"8/19/2020 5 p.m. EDT",15364,15380,11797,-3567
ISNE,"8/19/2020 6 p.m. EDT",15880,15920,12359,-3521
ISNE,"8/19/2020 7 p.m. EDT",15908,15920,12574,-3334
ISNE,"8/19/2020 8 p.m. EDT",15592,15880,12186,-3406
ISNE,"8/19/2020 9 p.m. EDT",15327,15690,11918,-3409
ISNE,"8/19/2020 10 p.m. EDT",14465,14730,11058,-3407
ISNE,"8/19/2020 11 p.m. EDT",13434,13380,10214,-3220
ISNE,"8/20/2020 12 a.m. EDT",12467,12140,9613,-2854
ISNE,"8/20/2020 1 a.m. EDT",11885,11310,9417,-2468
ISNE,"8/20/2020 2 a.m. EDT",11330,10730,8896,-2434
ISNE,"8/20/2020 3 a.m. EDT",11325,10350,8803,-2522
ISNE,"8/20/2020 4 a.m. EDT",11207,10150,8830,-2377
ISNE,"8/20/2020 5 a.m. EDT",11265,10230,8875,-2390
ISNE,"8/20/2020 6 a.m. EDT",11693,10750,8958,-2735
ISNE,"8/20/2020 7 a.m. EDT",12294,11550,9495,-2799
ISNE,"8/20/2020 8 a.m. EDT",12869,12340,9941,-2928
ISNE,"8/20/2020 9 a.m. EDT",12949,12650,10137,-2812
ISNE,"8/20/2020 10 a.m. EDT",12710,12700,10284,-2426
ISNE,"8/20/2020 11 a.m. EDT",12828,13060,10362,-2466
ISNE,"8/20/2020 12 p.m. EDT",13125,13540,10443,-2682
ISNE,"8/20/2020 1 p.m. EDT",13508,14010,10813,-2695
ISNE,"8/20/2020 2 p.m. EDT",13890,14340,11231,-2659
ISNE,"8/20/2020 3 p.m. EDT",14297,14450,11488,-2809
ISNE,"8/20/2020 4 p.m. EDT",14804,14800,11787,-3017
ISNE,"8/20/2020 5 p.m. EDT",15542,15240,12479,-3063
ISNE,"8/20/2020 6 p.m. EDT",16294,15740,12913,-3381
ISNE,"8/20/2020 7 p.m. EDT",16443,15830,12876,-3567
ISNE,"8/20/2020 8 p.m. EDT",15971,15470,12254,-3717
ISNE,"8/20/2020 9 p.m. EDT",15629,15260,11921,-3708
ISNE,"8/20/2020 10 p.m. EDT",14733,14540,11186,-3547
ISNE,"8/20/2020 11 p.m. EDT",13738,13350,10450,-3288
ISNE,"8/21/2020 12 a.m. EDT",12619,12240,9490,-3129
ISNE,"8/21/2020 1 a.m. EDT",11746,11470,8998,-2748
ISNE,"8/21/2020 2 a.m. EDT",11309,10900,8794,-2515
ISNE,"8/21/2020 3 a.m. EDT",11202,10580,8779,-2423
ISNE,"8/21/2020 4 a.m. EDT",11110,10380,8916,-2194
ISNE,"8/21/2020 5 a.m. EDT",10997,10510,8735,-2262
ISNE,"8/21/2020 6 a.m. EDT",11280,11020,8835,-2445
ISNE,"8/21/2020 7 a.m. EDT",12119,11860,9415,-2704
ISNE,"8/21/2020 8 a.m. EDT",12708,12730,9702,-3006
ISNE,"8/21/2020 9 a.m. EDT",13280,13290,10198,-3082
ISNE,"8/21/2020 10 a.m. EDT",13639,13630,10742,-2897
ISNE,"8/21/2020 11 a.m. EDT",14018,14040,11165,-2853
ISNE,"8/21/2020 12 p.m. EDT",14614,14640,11699,-2915
ISNE,"8/21/2020 1 p.m. EDT",15374,15400,12502,-2872
ISNE,"8/21/2020 2 p.m. EDT",16202,16220,13329,-2873
ISNE,"8/21/2020 3 p.m. EDT",16958,16940,13967,-2991
ISNE,"8/21/2020 4 p.m. EDT",17687,17710,14514,-3173
ISNE,"8/21/2020 5 p.m. EDT",18442,18330,15375,-3067
ISNE,"8/21/2020 6 p.m. EDT",18954,18850,15506,-3448
ISNE,"8/21/2020 7 p.m. EDT",18860,18190,15114,-3746
ISNE,"8/21/2020 8 p.m. EDT",18244,17610,14586,-3658
ISNE,"8/21/2020 9 p.m. EDT",17814,17070,14228,-3586
ISNE,"8/21/2020 10 p.m. EDT",16808,16340,13564,-3244
ISNE,"8/21/2020 11 p.m. EDT",15528,15230,12483,-3045
ISNE,"8/22/2020 12 a.m. EDT",14259,13960,11485,-2774
ISNE,"8/22/2020 1 a.m. EDT",13247,13200,10852,-2395
ISNE,"8/22/2020 2 a.m. EDT",12550,12470,10125,-2425
ISNE,"8/22/2020 3 a.m. EDT",12253,11980,10046,-2207
ISNE,"8/22/2020 4 a.m. EDT",12176,11640,9712,-2464
ISNE,"8/22/2020 5 a.m. EDT",12179,11500,9872,-2307
ISNE,"8/22/2020 6 a.m. EDT",12410,11610,9807,-2603
ISNE,"8/22/2020 7 a.m. EDT",12633,11830,10027,-2606
ISNE,"8/22/2020 8 a.m. EDT",13012,12390,10581,-2431
ISNE,"8/22/2020 9 a.m. EDT",13485,13150,11135,-2350
ISNE,"8/22/2020 10 a.m. EDT",14028,13820,11497,-2531
ISNE,"8/22/2020 11 a.m. EDT",14561,14380,11875,-2686
ISNE,"8/22/2020 12 p.m. EDT",15224,15010,12854,-2370
ISNE,"8/22/2020 1 p.m. EDT",15750,15740,13332,-2418
ISNE,"8/22/2020 2 p.m. EDT",16468,16310,14103,-2365
ISNE,"8/22/2020 3 p.m. EDT",17073,17030,14585,-2488
ISNE,"8/22/2020 4 p.m. EDT",17369,17530,14809,-2560
ISNE,"8/22/2020 5 p.m. EDT",17786,18100,15204,-2582
ISNE,"8/22/2020 6 p.m. EDT",18260,18300,15589,-2671
ISNE,"8/22/2020 7 p.m. EDT",18247,18200,15325,-2922
ISNE,"8/22/2020 8 p.m. EDT",17716,17660,14571,-3145
ISNE,"8/22/2020 9 p.m. EDT",17288,17360,14151,-3137
ISNE,"8/22/2020 10 p.m. EDT",16361,16600,13544,-2817
ISNE,"8/22/2020 11 p.m. EDT",15196,15460,12342,-2854
ISNE,"8/23/2020 12 a.m. EDT",14178,14290,11166,-3012
ISNE,"8/23/2020 1 a.m. EDT",13268,13000,10580,-2688
ISNE,"8/23/2020 2 a.m. EDT",12734,12260,10275,-2459
ISNE,"8/23/2020 3 a.m. EDT",12552,11740,9923,-2629
ISNE,"8/23/2020 4 a.m. EDT",12429,11360,9851,-2578
ISNE,"8/23/2020 5 a.m. EDT",12240,11190,9547,-2693
ISNE,"8/23/2020 6 a.m. EDT",12217,11190,9487,-2730
ISNE,"8/23/2020 7 a.m. EDT",12310,11300,9329,-2981
ISNE,"8/23/2020 8 a.m. EDT",12456,11740,9590,-2866
ISNE,"8/23/2020 9 a.m. EDT",12717,12480,9846,-2871
ISNE,"8/23/2020 10 a.m. EDT",13249,13280,10430,-2819
ISNE,"8/23/2020 11 a.m. EDT",14106,14160,11373,-2733
ISNE,"8/23/2020 12 p.m. EDT",15141,15200,12762,-2379
ISNE,"8/23/2020 1 p.m. EDT",16182,16030,14182,-2000
ISNE,"8/23/2020 2 p.m. EDT",17151,17130,14483,-2668
ISNE,"8/23/2020 3 p.m. EDT",17906,17810,14896,-3010
ISNE,"8/23/2020 4 p.m. EDT",18608,18630,15659,-2949
ISNE,"8/23/2020 5 p.m. EDT",19180,19350,16138,-3042
ISNE,"8/23/2020 6 p.m. EDT",19307,20250,16696,-2611
ISNE,"8/23/2020 7 p.m. EDT",19039,19750,16430,-2609
ISNE,"8/23/2020 8 p.m. EDT",18369,19270,15405,-2964
ISNE,"8/23/2020 9 p.m. EDT",17797,18780,14539,-3258
ISNE,"8/23/2020 10 p.m. EDT",16759,16530,13896,-2863
ISNE,"8/23/2020 11 p.m. EDT",15508,15580,12453,-3055
ISNE,"8/24/2020 12 a.m. EDT",14543,14580,11261,-3282
ISNE,"8/24/2020 1 a.m. EDT",13902,13340,10440,-3462
ISNE,"8/24/2020 2 a.m. EDT",13645,12720,10354,-3291
ISNE,"8/24/2020 3 a.m. EDT",13384,12340,10266,-3118
ISNE,"8/24/2020 4 a.m. EDT",13213,12160,10326,-2887
ISNE,"8/24/2020 5 a.m. EDT",13352,12340,10340,-3012
ISNE,"8/24/2020 6 a.m. EDT",14003,13000,10597,-3406
ISNE,"8/24/2020 7 a.m. EDT",14627,14010,11299,-3328
ISNE,"8/24/2020 8 a.m. EDT",15455,15070,11909,-3546
ISNE,"8/24/2020 9 a.m. EDT",16020,16000,13090,-2930
ISNE,"8/24/2020 10 a.m. EDT",16649,16640,13821,-2828
ISNE,"8/24/2020 11 a.m. EDT",17470,17520,14843,-2627
ISNE,"8/24/2020 12 p.m. EDT",18478,18430,15633,-2845
ISNE,"8/24/2020 1 p.m. EDT",19453,19520,16659,-2794
ISNE,"8/24/2020 2 p.m. EDT",20359,20320,17670,-2689
ISNE,"8/24/2020 3 p.m. EDT",20954,21010,18120,-2834
ISNE,"8/24/2020 4 p.m. EDT",21225,21530,18023,-3202
ISNE,"8/24/2020 5 p.m. EDT",21326,21900,17820,-3506
ISNE,"8/24/2020 6 p.m. EDT",21515,22250,18069,-3446
ISNE,"8/24/2020 7 p.m. EDT",21415,21780,17800,-3615
ISNE,"8/24/2020 8 p.m. EDT",20802,21140,16788,-4014
ISNE,"8/24/2020 9 p.m. EDT",20165,20510,16173,-3992
ISNE,"8/24/2020 10 p.m. EDT",18857,19140,14980,-3877
ISNE,"8/24/2020 11 p.m. EDT",17301,17390,13671,-3630
ISNE,"8/25/2020 12 a.m. EDT",15834,15840,12351,-3483
ISNE,"8/25/2020 1 a.m. EDT",14987,14690,11588,-3399
ISNE,"8/25/2020 2 a.m. EDT",14433,13900,10916,-3517
ISNE,"8/25/2020 3 a.m. EDT",14152,13360,10913,-3239
ISNE,"8/25/2020 4 a.m. EDT",13846,13050,10845,-3001
ISNE,"8/25/2020 5 a.m. EDT",13873,13090,10648,-3225
ISNE,"8/25/2020 6 a.m. EDT",14420,13640,11067,-3353
ISNE,"8/25/2020 7 a.m. EDT",15116,14600,11627,-3489
ISNE,"8/25/2020 8 a.m. EDT",15848,15670,12533,-3315
ISNE,"8/25/2020 9 a.m. EDT",16618,16640,13596,-3022
ISNE,"8/25/2020 10 a.m. EDT",17460,17500,14329,-3131
ISNE,"8/25/2020 11 a.m. EDT",17972,18320,14809,-3163
ISNE,"8/25/2020 12 p.m. EDT",18583,18980,15308,-3275
ISNE,"8/25/2020 1 p.m. EDT",19047,19620,15718,-3329
ISNE,"8/25/2020 2 p.m. EDT",19703,20030,16724,-2979
ISNE,"8/25/2020 3 p.m. EDT",20361,20560,17710,-2651
ISNE,"8/25/2020 4 p.m. EDT",20942,20810,18129,-2813
ISNE,"8/25/2020 5 p.m. EDT",21359,20870,19238,-2121
ISNE,"8/25/2020 6 p.m. EDT",21249,21000,18627,-2622
ISNE,"8/25/2020 7 p.m. EDT",20583,20400,17297,-3286
ISNE,"8/25/2020 8 p.m. EDT",19663,19540,15976,-3687
ISNE,"8/25/2020 9 p.m. EDT",18848,18800,15363,-3485
ISNE,"8/25/2020 10 p.m. EDT",17434,17300,13710,-3724
ISNE,"8/25/2020 11 p.m. EDT",15777,15500,12167,-3610
ISNE,"8/26/2020 12 a.m. EDT",14207,13900,10679,-3528
ISNE,"8/26/2020 1 a.m. EDT",13011,12960,9998,-3013
ISNE,"8/26/2020 2 a.m. EDT",12687,12130,9706,-2981
ISNE,"8/26/2020 3 a.m. EDT",12358,11540,9642,-2716
ISNE,"8/26/2020 4 a.m. EDT",11947,11120,9469,-2478
ISNE,"8/26/2020 5 a.m. EDT",11901,11100,9302,-2599
ISNE,"8/26/2020 6 a.m. EDT",12292,11530,9922,-2370
ISNE,"8/26/2020 7 a.m. EDT",12773,12250,10184,-2589
ISNE,"8/26/2020 8 a.m. EDT",12955,12930,9877,-3078
ISNE,"8/26/2020 9 a.m. EDT",13033,12980,9901,-3132
ISNE,"8/26/2020 10 a.m. EDT",12915,12900,10315,-2600
ISNE,"8/26/2020 11 a.m. EDT",13041,12930,10572,-2469
ISNE,"8/26/2020 12 p.m. EDT",13068,13130,10767,-2301
ISNE,"8/26/2020 1 p.m. EDT",12876,13220,10650,-2226
ISNE,"8/26/2020 2 p.m. EDT",13089,13530,10918,-2171
ISNE,"8/26/2020 3 p.m. EDT",13255,13790,11182,-2073
ISNE,"8/26/2020 4 p.m. EDT",13741,14220,11583,-2158
ISNE,"8/26/2020 5 p.m. EDT",14487,14970,11830,-2657
ISNE,"8/26/2020 6 p.m. EDT",15251,15750,12506,-2745
ISNE,"8/26/2020 7 p.m. EDT",15327,15480,12276,-3051
ISNE,"8/26/2020 8 p.m. EDT",15045,15200,11681,-3364
ISNE,"8/26/2020 9 p.m. EDT",14700,14860,11473,-3227
ISNE,"8/26/2020 10 p.m. EDT",13819,13950,11074,-2745
ISNE,"8/26/2020 11 p.m. EDT",12892,12770,10311,-2581
ISNE,"8/27/2020 12 a.m. EDT",11841,11710,9540,-2301
ISNE,"8/27/2020 1 a.m. EDT",11349,10820,9162,-2187
ISNE,"8/27/2020 2 a.m. EDT",10857,10400,9173,-1684
ISNE,"8/27/2020 3 a.m. EDT",11007,10080,9629,-1378
ISNE,"8/27/2020 4 a.m. EDT",10920,9870,9480,-1440
ISNE,"8/27/2020 5 a.m. EDT",11084,10050,9610,-1474
ISNE,"8/27/2020 6 a.m. EDT",11394,10790,9368,-2026
ISNE,"8/27/2020 7 a.m. EDT",11897,11780,9813,-2084
ISNE,"8/27/2020 8 a.m. EDT",12764,12650,10203,-2561
ISNE,"8/27/2020 9 a.m. EDT",13200,13130,10797,-2403
ISNE,"8/27/2020 10 a.m. EDT",13479,13360,11125,-2354
ISNE,"8/27/2020 11 a.m. EDT",13854,13940,11487,-2367
ISNE,"8/27/2020 12 p.m. EDT",13768,14190,11452,-2316
ISNE,"8/27/2020 1 p.m. EDT",13935,14320,12004,-1931
ISNE,"8/27/2020 2 p.m. EDT",14789,15000,12820,-1969
ISNE,"8/27/2020 3 p.m. EDT",15284,15160,12979,-2305
ISNE,"8/27/2020 4 p.m. EDT",15463,15300,13075,-2388
ISNE,"8/27/2020 5 p.m. EDT",15317,15460,12809,-2508
ISNE,"8/27/2020 6 p.m. EDT",15259,15500,13211,-2048
ISNE,"8/27/2020 7 p.m. EDT",15117,15480,12926,-2191
ISNE,"8/27/2020 8 p.m. EDT",14977,15360,12634,-2343
ISNE,"8/27/2020 9 p.m. EDT",14554,15080,12187,-2367
ISNE,"8/27/2020 10 p.m. EDT",13732,14060,11264,-2468
ISNE,"8/27/2020 11 p.m. EDT",12738,12830,10063,-2675
ISNE,"8/28/2020 12 a.m. EDT",12147,11760,9727,-2420
ISNE,"8/28/2020 1 a.m. EDT",11619,11060,9675,-1944
ISNE,"8/28/2020 2 a.m. EDT",11178,10590,9518,-1660
ISNE,"8/28/2020 3 a.m. EDT",11380,10330,9516,-1864
ISNE,"8/28/2020 4 a.m. EDT",11260,10210,9226,-2034
ISNE,"8/28/2020 5 a.m. EDT",11433,10360,8995,-2438
ISNE,"8/28/2020 6 a.m. EDT",12008,10740,9437,-2571
ISNE,"8/28/2020 7 a.m. EDT",12365,11670,9844,-2521
ISNE,"8/28/2020 8 a.m. EDT",12992,12570,10326,-2666
ISNE,"8/28/2020 9 a.m. EDT",13330,13050,10782,-2548
ISNE,"8/28/2020 10 a.m. EDT",13518,13420,11134,-2384
ISNE,"8/28/2020 11 a.m. EDT",13689,13680,11444,-2245
ISNE,"8/28/2020 12 p.m. EDT",14239,14030,12312,-1927
ISNE,"8/28/2020 1 p.m. EDT",14591,14430,12432,-2159
ISNE,"8/28/2020 2 p.m. EDT",14768,14940,12434,-2334
ISNE,"8/28/2020 3 p.m. EDT",15084,15410,12794,-2290
ISNE,"8/28/2020 4 p.m. EDT",15580,15840,13194,-2386
ISNE,"8/28/2020 5 p.m. EDT",16178,16330,13799,-2379
ISNE,"8/28/2020 6 p.m. EDT",16675,16600,14032,-2643
ISNE,"8/28/2020 7 p.m. EDT",16638,16520,13558,-3080
ISNE,"8/28/2020 8 p.m. EDT",16325,16190,13210,-3115
ISNE,"8/28/2020 9 p.m. EDT",15898,15900,12779,-3119
ISNE,"8/28/2020 10 p.m. EDT",14996,14950,12090,-2906
ISNE,"8/28/2020 11 p.m. EDT",14097,13830,11083,-3014
ISNE,"8/29/2020 12 a.m. EDT",13101,12720,10047,-3054
ISNE,"8/29/2020 1 a.m. EDT",12126,11930,9434,-2692
ISNE,"8/29/2020 2 a.m. EDT",11486,11320,9301,-2185
ISNE,"8/29/2020 3 a.m. EDT",11218,10950,9187,-2031
ISNE,"8/29/2020 4 a.m. EDT",11007,10740,8849,-2158
ISNE,"8/29/2020 5 a.m. EDT",11236,10740,8911,-2325
ISNE,"8/29/2020 6 a.m. EDT",11312,11000,9252,-2060
ISNE,"8/29/2020 7 a.m. EDT",11973,11490,9693,-2280
ISNE,"8/29/2020 8 a.m. EDT",12372,12160,10043,-2329
ISNE,"8/29/2020 9 a.m. EDT",13067,13100,10808,-2259
ISNE,"8/29/2020 10 a.m. EDT",13913,13930,11549,-2364
ISNE,"8/29/2020 11 a.m. EDT",14614,14620,12226,-2388
ISNE,"8/29/2020 12 p.m. EDT",15048,15070,12249,-2799
ISNE,"8/29/2020 1 p.m. EDT",15213,15210,12476,-2737
ISNE,"8/29/2020 2 p.m. EDT",15214,15220,12266,-2948
ISNE,"8/29/2020 3 p.m. EDT",15191,15190,12199,-2992
ISNE,"8/29/2020 4 p.m. EDT",15054,15080,11950,-3104
ISNE,"8/29/2020 5 p.m. EDT",15391,15410,12696,-2695
ISNE,"8/29/2020 6 p.m. EDT",15978,15990,13289,-2689
ISNE,"8/29/2020 7 p.m. EDT",16279,16240,13362,-2917
ISNE,"8/29/2020 8 p.m. EDT",16294,16110,13332,-2962
ISNE,"8/29/2020 9 p.m. EDT",16026,15730,13208,-2818
ISNE,"8/29/2020 10 p.m. EDT",15253,14900,12345,-2908
ISNE,"8/29/2020 11 p.m. EDT",14263,13880,11403,-2860
ISNE,"8/30/2020 12 a.m. EDT",13199,12870,10435,-2764
ISNE,"8/30/2020 1 a.m. EDT",12245,12170,9468,-2777
ISNE,"8/30/2020 2 a.m. EDT",11657,11390,9087,-2570
ISNE,"8/30/2020 3 a.m. EDT",11485,10840,8807,-2678
ISNE,"8/30/2020 4 a.m. EDT",11300,10460,8932,-2368
ISNE,"8/30/2020 5 a.m. EDT",11079,10260,9125,-1954
ISNE,"8/30/2020 6 a.m. EDT",11095,10260,9434,-1661
ISNE,"8/30/2020 7 a.m. EDT",11225,10400,9574,-1651
ISNE,"8/30/2020 8 a.m. EDT",11588,10760,9711,-1877
ISNE,"8/30/2020 9 a.m. EDT",11977,11110,10106,-1871
ISNE,"8/30/2020 10 a.m. EDT",12321,11570,10101,-2220
ISNE,"8/30/2020 11 a.m. EDT",12243,11880,9964,-2279
ISNE,"8/30/2020 12 p.m. EDT",12159,12230,10322,-1837
ISNE,"8/30/2020 1 p.m. EDT",12065,12550,10156,-1909
ISNE,"8/30/2020 2 p.m. EDT",12041,12180,10231,-1810
ISNE,"8/30/2020 3 p.m. EDT",12122,12410,10567,-1555
ISNE,"8/30/2020 4 p.m. EDT",12727,12870,10894,-1833
ISNE,"8/30/2020 5 p.m. EDT",13215,13650,11536,-1679
ISNE,"8/30/2020 6 p.m. EDT",14029,14230,12135,-1894
ISNE,"8/30/2020 7 p.m. EDT",14333,14300,12338,-1995
ISNE,"8/30/2020 8 p.m. EDT",14178,14210,11702,-2476
ISNE,"8/30/2020 9 p.m. EDT",13885,14030,11744,-2141
ISNE,"8/30/2020 10 p.m. EDT",13006,13240,10768,-2238
ISNE,"8/30/2020 11 p.m. EDT",11962,12210,9416,-2546
ISNE,"8/31/2020 12 a.m. EDT",10966,11200,8950,-2016
ISNE,"8/31/2020 1 a.m. EDT",10729,10220,9077,-1652
ISNE,"8/31/2020 2 a.m. EDT",10560,9760,9470,-1090
ISNE,"8/31/2020 3 a.m. EDT",10440,9500,9198,-1242
ISNE,"8/31/2020 4 a.m. EDT",10279,9390,9170,-1109
ISNE,"8/31/2020 5 a.m. EDT",10334,9590,9349,-985
ISNE,"8/31/2020 6 a.m. EDT",10455,10210,9364,-1091
ISNE,"8/31/2020 7 a.m. EDT",11292,11170,9827,-1465
ISNE,"8/31/2020 8 a.m. EDT",11878,11920,9848,-2030
ISNE,"8/31/2020 9 a.m. EDT",12100,12120,10038,-2062
ISNE,"8/31/2020 10 a.m. EDT",12114,12140,10252,-1862
ISNE,"8/31/2020 11 a.m. EDT",12178,12240,10463,-1715
ISNE,"8/31/2020 12 p.m. EDT",12459,12570,10677,-1782
ISNE,"8/31/2020 1 p.m. EDT",12953,12800,10959,-1994
ISNE,"8/31/2020 2 p.m. EDT",13365,13180,11070,-2295
ISNE,"8/31/2020 3 p.m. EDT",13636,13440,11141,-2495
ISNE,"8/31/2020 4 p.m. EDT",13795,13750,11176,-2619
ISNE,"8/31/2020 5 p.m. EDT",14184,14260,11465,-2719
ISNE,"8/31/2020 6 p.m. EDT",14715,14750,11886,-2829
ISNE,"8/31/2020 7 p.m. EDT",14904,15070,11887,-3017
ISNE,"8/31/2020 8 p.m. EDT",14922,14810,11878,-3044
ISNE,"8/31/2020 9 p.m. EDT",14566,14600,11733,-2833
ISNE,"8/31/2020 10 p.m. EDT",13638,13550,11140,-2498
ISNE,"8/31/2020 11 p.m. EDT",12548,12390,9945,-2603
ISNE,"9/1/2020 12 a.m. EDT",11516,11320,9540,-1976
