"BA Code","Timestamp (Hour Ending)","Demand (MWh)","Demand Forecast (MWh)","Net Generation (MWh)","Total Interchange (MWh)"
ISNE,"6/1/2020 12 a.m. EDT",9819,9800,6908,-2911
ISNE,"6/1/2020 1 a.m. EDT",9204,9200,6167,-3037
ISNE,"6/1/2020 2 a.m. EDT",8754,8750,5942,-2812
ISNE,"6/1/2020 3 a.m. EDT",8538,8540,5781,-2757
ISNE,"6/1/2020 4 a.m. EDT",8504,8510,5753,-2751
ISNE,"6/1/2020 5 a.m. EDT",8727,8740,6192,-2535
ISNE,"6/1/2020 6 a.m. EDT",9202,9220,6428,-2774
ISNE,"6/1/2020 7 a.m. EDT",9977,10000,7147,-2830
ISNE,"6/1/2020 8 a.m. EDT",10468,10470,7747,-2721
ISNE,"6/1/2020 9 a.m. EDT",10526,10530,7628,-2898
ISNE,"6/1/2020 10 a.m. EDT",10425,10380,7535,-2890
ISNE,"6/1/2020 11 a.m. EDT",10538,10410,7717,-2821
ISNE,"6/1/2020 12 p.m. EDT",10897,10470,8146,-2751
ISNE,"6/1/2020 1 p.m. EDT",11146,10590,8669,-2477
ISNE,"6/1/2020 2 p.m. EDT",11141,10670,8460,-2681
ISNE,"6/1/2020 3 p.m. EDT",11059,10580,8353,-2706
ISNE,"6/1/2020 4 p.m. EDT",11114,10880,8673,-2441
ISNE,"6/1/2020 5 p.m. EDT",11505,11300,9118,-2387
ISNE,"6/1/2020 6 p.m. EDT",12329,12230,9601,-2728
ISNE,"6/1/2020 7 p.m. EDT",12651,12680,9947,-2704
ISNE,"6/1/2020 8 p.m. EDT",12527,12800,9764,-2763
ISNE,"6/1/2020 9 p.m. EDT",12419,12510,9472,-2947
ISNE,"6/1/2020 10 p.m. EDT",11887,11920,8951,-2936
ISNE,"6/1/2020 11 p.m. EDT",10947,10910,7962,-2985
ISNE,"6/2/2020 12 a.m. EDT",10169,9980,7447,-2722
ISNE,"6/2/2020 1 a.m. EDT",9805,9370,7342,-2463
ISNE,"6/2/2020 2 a.m. EDT",9516,8980,7135,-2381
ISNE,"6/2/2020 3 a.m. EDT",9303,8770,7042,-2261
ISNE,"6/2/2020 4 a.m. EDT",9231,8720,7029,-2202
ISNE,"6/2/2020 5 a.m. EDT",9410,8900,7146,-2264
ISNE,"6/2/2020 6 a.m. EDT",9838,9330,7237,-2601
ISNE,"6/2/2020 7 a.m. EDT",10577,10080,7700,-2877
ISNE,"6/2/2020 8 a.m. EDT",11222,10710,8301,-2921
ISNE,"6/2/2020 9 a.m. EDT",11615,11110,8724,-2891
ISNE,"6/2/2020 10 a.m. EDT",11575,11210,8795,-2780
ISNE,"6/2/2020 11 a.m. EDT",11488,11280,9035,-2453
ISNE,"6/2/2020 12 p.m. EDT",11578,11460,9352,-2226
ISNE,"6/2/2020 1 p.m. EDT",11285,11520,9343,-1942
ISNE,"6/2/2020 2 p.m. EDT",11308,11670,9390,-1918
ISNE,"6/2/2020 3 p.m. EDT",11547,11530,9629,-1918
ISNE,"6/2/2020 4 p.m. EDT",11657,11730,9708,-1949
ISNE,"6/2/2020 5 p.m. EDT",11949,12050,9756,-2193
ISNE,"6/2/2020 6 p.m. EDT",12497,12680,9956,-2541
ISNE,"6/2/2020 7 p.m. EDT",12827,13050,10344,-2483
ISNE,"6/2/2020 8 p.m. EDT",12874,12910,10361,-2513
ISNE,"6/2/2020 9 p.m. EDT",12736,12780,10020,-2716
ISNE,"6/2/2020 10 p.m. EDT",12115,12280,9405,-2710
ISNE,"6/2/2020 11 p.m. EDT",11185,11200,8623,-2562
ISNE,"6/3/2020 12 a.m. EDT",10508,10210,8451,-2057
ISNE,"6/3/2020 1 a.m. EDT",9898,9620,7603,-2295
ISNE,"6/3/2020 2 a.m. EDT",9514,9210,7148,-2366
ISNE,"6/3/2020 3 a.m. EDT",9494,8980,7197,-2297
ISNE,"6/3/2020 4 a.m. EDT",9417,8910,7033,-2384
ISNE,"6/3/2020 5 a.m. EDT",9563,9100,7351,-2212
ISNE,"6/3/2020 6 a.m. EDT",9788,9550,7523,-2265
ISNE,"6/3/2020 7 a.m. EDT",10511,10370,7969,-2542
ISNE,"6/3/2020 8 a.m. EDT",11185,11210,8682,-2503
ISNE,"6/3/2020 9 a.m. EDT",11684,11700,9268,-2416
ISNE,"6/3/2020 10 a.m. EDT",11616,11580,9442,-2174
ISNE,"6/3/2020 11 a.m. EDT",11774,11660,9919,-1855
ISNE,"6/3/2020 12 p.m. EDT",12321,12150,10439,-1882
ISNE,"6/3/2020 1 p.m. EDT",13271,12880,11370,-1901
ISNE,"6/3/2020 2 p.m. EDT",13856,13300,11831,-2025
ISNE,"6/3/2020 3 p.m. EDT",13573,13760,11361,-2212
ISNE,"6/3/2020 4 p.m. EDT",13375,14160,11298,-2077
ISNE,"6/3/2020 5 p.m. EDT",13771,14460,11690,-2081
ISNE,"6/3/2020 6 p.m. EDT",14556,14870,12221,-2335
ISNE,"6/3/2020 7 p.m. EDT",14903,15000,12634,-2269
ISNE,"6/3/2020 8 p.m. EDT",14739,14980,12282,-2457
ISNE,"6/3/2020 9 p.m. EDT",14627,14600,12103,-2524
ISNE,"6/3/2020 10 p.m. EDT",13992,13780,11635,-2357
ISNE,"6/3/2020 11 p.m. EDT",12883,12640,10242,-2641
ISNE,"6/4/2020 12 a.m. EDT",11746,11480,9360,-2386
ISNE,"6/4/2020 1 a.m. EDT",10861,10730,8649,-2212
ISNE,"6/4/2020 2 a.m. EDT",10500,10110,8275,-2225
ISNE,"6/4/2020 3 a.m. EDT",10119,9750,7673,-2446
ISNE,"6/4/2020 4 a.m. EDT",9944,9620,7509,-2435
ISNE,"6/4/2020 5 a.m. EDT",9987,9770,7437,-2550
ISNE,"6/4/2020 6 a.m. EDT",10140,10230,7681,-2459
ISNE,"6/4/2020 7 a.m. EDT",10998,11250,8382,-2616
ISNE,"6/4/2020 8 a.m. EDT",11885,12270,9120,-2765
ISNE,"6/4/2020 9 a.m. EDT",12407,12430,9625,-2782
ISNE,"6/4/2020 10 a.m. EDT",12675,12730,9767,-2908
ISNE,"6/4/2020 11 a.m. EDT",12969,13040,10329,-2640
ISNE,"6/4/2020 12 p.m. EDT",13444,13430,11045,-2399
ISNE,"6/4/2020 1 p.m. EDT",14073,13900,11684,-2389
ISNE,"6/4/2020 2 p.m. EDT",14703,14650,12288,-2415
ISNE,"6/4/2020 3 p.m. EDT",15154,15110,13007,-2147
ISNE,"6/4/2020 4 p.m. EDT",15603,15530,13692,-1911
ISNE,"6/4/2020 5 p.m. EDT",16203,16080,13939,-2264
ISNE,"6/4/2020 6 p.m. EDT",16759,16570,14261,-2498
ISNE,"6/4/2020 7 p.m. EDT",16751,16690,13922,-2829
ISNE,"6/4/2020 8 p.m. EDT",16432,16300,13429,-3003
ISNE,"6/4/2020 9 p.m. EDT",16159,16050,12861,-3298
ISNE,"6/4/2020 10 p.m. EDT",15505,15280,12414,-3091
ISNE,"6/4/2020 11 p.m. EDT",14266,13920,10757,-3509
ISNE,"6/5/2020 12 a.m. EDT",13011,12620,9795,-3216
ISNE,"6/5/2020 1 a.m. EDT",12047,12020,9045,-3002
ISNE,"6/5/2020 2 a.m. EDT",11388,11370,8663,-2725
ISNE,"6/5/2020 3 a.m. EDT",10950,10950,8307,-2643
ISNE,"6/5/2020 4 a.m. EDT",10967,10710,8219,-2748
ISNE,"6/5/2020 5 a.m. EDT",11042,10810,8189,-2853
ISNE,"6/5/2020 6 a.m. EDT",11440,11210,8536,-2904
ISNE,"6/5/2020 7 a.m. EDT",12047,12020,8945,-3102
ISNE,"6/5/2020 8 a.m. EDT",12956,12970,9882,-3074
ISNE,"6/5/2020 9 a.m. EDT",13672,13690,10858,-2814
ISNE,"6/5/2020 10 a.m. EDT",14087,14090,11322,-2765
ISNE,"6/5/2020 11 a.m. EDT",14307,14310,11720,-2587
ISNE,"6/5/2020 12 p.m. EDT",14559,14560,12064,-2495
ISNE,"6/5/2020 1 p.m. EDT",14807,14820,12581,-2226
ISNE,"6/5/2020 2 p.m. EDT",14805,14800,12732,-2073
ISNE,"6/5/2020 3 p.m. EDT",14835,15290,12868,-1967
ISNE,"6/5/2020 4 p.m. EDT",15194,15550,13185,-2009
ISNE,"6/5/2020 5 p.m. EDT",15766,15780,13589,-2177
ISNE,"6/5/2020 6 p.m. EDT",16388,16400,13693,-2695
ISNE,"6/5/2020 7 p.m. EDT",16549,16610,13699,-2850
ISNE,"6/5/2020 8 p.m. EDT",16275,16470,13183,-3092
ISNE,"6/5/2020 9 p.m. EDT",15949,15920,12630,-3319
ISNE,"6/5/2020 10 p.m. EDT",15419,15020,12307,-3112
ISNE,"6/5/2020 11 p.m. EDT",14356,14010,11339,-3017
ISNE,"6/6/2020 12 a.m. EDT",13221,12920,10652,-2569
ISNE,"6/6/2020 1 a.m. EDT",12271,12050,9797,-2474
ISNE,"6/6/2020 2 a.m. EDT",11594,11410,9281,-2313
ISNE,"6/6/2020 3 a.m. EDT",11161,11100,8566,-2595
ISNE,"6/6/2020 4 a.m. EDT",10882,10840,8351,-2531
ISNE,"6/6/2020 5 a.m. EDT",10785,10720,8423,-2362
ISNE,"6/6/2020 6 a.m. EDT",10840,11040,8425,-2415
ISNE,"6/6/2020 7 a.m. EDT",11127,11480,8620,-2507
ISNE,"6/6/2020 8 a.m. EDT",11696,12250,9264,-2432
ISNE,"6/6/2020 9 a.m. EDT",12385,12970,10277,-2108
ISNE,"6/6/2020 10 a.m. EDT",13184,13660,10708,-2476
ISNE,"6/6/2020 11 a.m. EDT",13697,13800,11318,-2379
ISNE,"6/6/2020 12 p.m. EDT",14253,14060,11202,-3051
ISNE,"6/6/2020 1 p.m. EDT",14910,14380,11833,-3077
ISNE,"6/6/2020 2 p.m. EDT",15483,14840,12274,-3209
ISNE,"6/6/2020 3 p.m. EDT",16057,15380,13037,-3020
ISNE,"6/6/2020 4 p.m. EDT",16072,15810,13036,-3036
ISNE,"6/6/2020 5 p.m. EDT",15670,16290,12679,-2991
ISNE,"6/6/2020 6 p.m. EDT",15945,16500,12948,-2997
ISNE,"6/6/2020 7 p.m. EDT",15975,16360,12923,-3052
ISNE,"6/6/2020 8 p.m. EDT",15550,15910,13135,-2415
ISNE,"6/6/2020 9 p.m. EDT",15069,15420,12711,-2358
ISNE,"6/6/2020 10 p.m. EDT",14413,14880,11852,-2561
ISNE,"6/6/2020 11 p.m. EDT",13113,13550,10315,-2798
ISNE,"6/7/2020 12 a.m. EDT",11881,12230,9016,-2865
ISNE,"6/7/2020 1 a.m. EDT",11056,10890,8367,-2689
ISNE,"6/7/2020 2 a.m. EDT",10473,10190,7941,-2532
ISNE,"6/7/2020 3 a.m. EDT",9772,9710,7409,-2363
ISNE,"6/7/2020 4 a.m. EDT",9669,9420,7374,-2295
ISNE,"6/7/2020 5 a.m. EDT",9561,9290,7315,-2246
ISNE,"6/7/2020 6 a.m. EDT",9462,9190,7384,-2078
ISNE,"6/7/2020 7 a.m. EDT",9785,9290,7703,-2082
ISNE,"6/7/2020 8 a.m. EDT",9981,9450,7592,-2389
ISNE,"6/7/2020 9 a.m. EDT",10086,10130,7529,-2557
ISNE,"6/7/2020 10 a.m. EDT",10294,10250,7855,-2439
ISNE,"6/7/2020 11 a.m. EDT",10805,10470,8145,-2660
ISNE,"6/7/2020 12 p.m. EDT",10920,10740,8260,-2660
ISNE,"6/7/2020 1 p.m. EDT",11179,10940,8360,-2819
ISNE,"6/7/2020 2 p.m. EDT",11177,11090,8251,-2926
ISNE,"6/7/2020 3 p.m. EDT",11106,11090,8161,-2945
ISNE,"6/7/2020 4 p.m. EDT",11098,11070,8517,-2581
ISNE,"6/7/2020 5 p.m. EDT",11466,11570,9032,-2434
ISNE,"6/7/2020 6 p.m. EDT",12173,12400,9583,-2590
ISNE,"6/7/2020 7 p.m. EDT",12622,13000,9947,-2675
ISNE,"6/7/2020 8 p.m. EDT",12657,12910,9883,-2774
ISNE,"6/7/2020 9 p.m. EDT",12621,12750,9651,-2970
ISNE,"6/7/2020 10 p.m. EDT",12224,12170,9238,-2986
ISNE,"6/7/2020 11 p.m. EDT",11330,11300,8274,-3056
ISNE,"6/8/2020 12 a.m. EDT",10400,10390,7671,-2729
ISNE,"6/8/2020 1 a.m. EDT",9917,9660,7117,-2800
ISNE,"6/8/2020 2 a.m. EDT",9745,9200,6911,-2834
ISNE,"6/8/2020 3 a.m. EDT",9742,8950,6799,-2943
ISNE,"6/8/2020 4 a.m. EDT",9627,8890,6975,-2652
ISNE,"6/8/2020 5 a.m. EDT",9774,9120,7123,-2651
ISNE,"6/8/2020 6 a.m. EDT",9960,9650,7171,-2789
ISNE,"6/8/2020 7 a.m. EDT",10583,10660,7727,-2856
ISNE,"6/8/2020 8 a.m. EDT",11008,11400,8154,-2854
ISNE,"6/8/2020 9 a.m. EDT",11270,11210,8182,-3088
ISNE,"6/8/2020 10 a.m. EDT",11248,11260,8336,-2912
ISNE,"6/8/2020 11 a.m. EDT",11279,11340,8456,-2823
ISNE,"6/8/2020 12 p.m. EDT",11647,11420,8775,-2872
ISNE,"6/8/2020 1 p.m. EDT",11951,11590,8985,-2966
ISNE,"6/8/2020 2 p.m. EDT",12206,11800,9211,-2995
ISNE,"6/8/2020 3 p.m. EDT",12437,12080,9633,-2804
ISNE,"6/8/2020 4 p.m. EDT",12833,12520,9970,-2863
ISNE,"6/8/2020 5 p.m. EDT",13370,13220,10416,-2954
ISNE,"6/8/2020 6 p.m. EDT",14300,14000,11163,-3137
ISNE,"6/8/2020 7 p.m. EDT",14749,14440,11438,-3311
ISNE,"6/8/2020 8 p.m. EDT",14540,14270,11168,-3372
ISNE,"6/8/2020 9 p.m. EDT",14145,14070,10733,-3412
ISNE,"6/8/2020 10 p.m. EDT",13550,13320,10219,-3331
ISNE,"6/8/2020 11 p.m. EDT",12404,12070,8986,-3418
ISNE,"6/9/2020 12 a.m. EDT",11399,10880,8181,-3218
ISNE,"6/9/2020 1 a.m. EDT",10775,10100,7688,-3087
ISNE,"6/9/2020 2 a.m. EDT",10656,9630,7721,-2935
ISNE,"6/9/2020 3 a.m. EDT",10402,9330,7373,-3029
ISNE,"6/9/2020 4 a.m. EDT",10265,9230,7200,-3065
ISNE,"6/9/2020 5 a.m. EDT",10398,9470,7255,-3143
ISNE,"6/9/2020 6 a.m. EDT",10633,10210,7593,-3040
ISNE,"6/9/2020 7 a.m. EDT",10959,11290,8056,-2903
ISNE,"6/9/2020 8 a.m. EDT",11785,12330,8787,-2998
ISNE,"6/9/2020 9 a.m. EDT",12597,12420,9511,-3086
ISNE,"6/9/2020 10 a.m. EDT",12528,12400,9797,-2731
ISNE,"6/9/2020 11 a.m. EDT",12665,12500,10249,-2416
ISNE,"6/9/2020 12 p.m. EDT",13028,12750,10873,-2155
ISNE,"6/9/2020 1 p.m. EDT",13173,13020,11309,-1864
ISNE,"6/9/2020 2 p.m. EDT",13199,13420,11294,-1905
ISNE,"6/9/2020 3 p.m. EDT",13528,13660,11827,-1701
ISNE,"6/9/2020 4 p.m. EDT",14215,14060,12342,-1873
ISNE,"6/9/2020 5 p.m. EDT",14933,14730,12957,-1976
ISNE,"6/9/2020 6 p.m. EDT",15642,15340,13508,-2134
ISNE,"6/9/2020 7 p.m. EDT",15742,15500,13413,-2329
ISNE,"6/9/2020 8 p.m. EDT",15454,15270,13232,-2222
ISNE,"6/9/2020 9 p.m. EDT",15102,15080,12723,-2379
ISNE,"6/9/2020 10 p.m. EDT",14502,14370,11828,-2674
ISNE,"6/9/2020 11 p.m. EDT",13339,13050,10767,-2572
ISNE,"6/10/2020 12 a.m. EDT",12146,11750,9425,-2721
ISNE,"6/10/2020 1 a.m. EDT",11553,11050,8973,-2580
ISNE,"6/10/2020 2 a.m. EDT",11465,10440,8575,-2890
ISNE,"6/10/2020 3 a.m. EDT",11291,10230,8429,-2862
ISNE,"6/10/2020 4 a.m. EDT",11065,10090,8287,-2778
ISNE,"6/10/2020 5 a.m. EDT",11134,10150,8428,-2706
ISNE,"6/10/2020 6 a.m. EDT",11494,10720,8614,-2880
ISNE,"6/10/2020 7 a.m. EDT",12043,11560,9379,-2664
ISNE,"6/10/2020 8 a.m. EDT",12800,12520,9966,-2834
ISNE,"6/10/2020 9 a.m. EDT",12774,12890,10081,-2693
ISNE,"6/10/2020 10 a.m. EDT",12754,13010,10106,-2648
ISNE,"6/10/2020 11 a.m. EDT",12919,13140,10564,-2355
ISNE,"6/10/2020 12 p.m. EDT",13197,13350,10941,-2256
ISNE,"6/10/2020 1 p.m. EDT",13586,13610,11583,-2003
ISNE,"6/10/2020 2 p.m. EDT",14030,14040,11754,-2276
ISNE,"6/10/2020 3 p.m. EDT",14502,14100,12379,-2123
ISNE,"6/10/2020 4 p.m. EDT",14937,14380,12817,-2120
ISNE,"6/10/2020 5 p.m. EDT",15452,14770,13555,-1897
ISNE,"6/10/2020 6 p.m. EDT",15895,15300,13710,-2185
ISNE,"6/10/2020 7 p.m. EDT",15784,15280,12986,-2798
ISNE,"6/10/2020 8 p.m. EDT",15437,15170,12520,-2917
ISNE,"6/10/2020 9 p.m. EDT",15119,15020,12330,-2789
ISNE,"6/10/2020 10 p.m. EDT",14527,14240,11703,-2824
ISNE,"6/10/2020 11 p.m. EDT",13426,13180,10805,-2621
ISNE,"6/11/2020 12 a.m. EDT",12497,12000,9608,-2889
ISNE,"6/11/2020 1 a.m. EDT",12004,11540,9136,-2868
ISNE,"6/11/2020 2 a.m. EDT",11585,11020,8839,-2746
ISNE,"6/11/2020 3 a.m. EDT",11497,10730,8669,-2828
ISNE,"6/11/2020 4 a.m. EDT",11399,10590,8414,-2985
ISNE,"6/11/2020 5 a.m. EDT",11526,10730,8486,-3040
ISNE,"6/11/2020 6 a.m. EDT",11714,11200,8637,-3077
ISNE,"6/11/2020 7 a.m. EDT",12251,12160,9199,-3052
ISNE,"6/11/2020 8 a.m. EDT",13212,13240,10166,-3046
ISNE,"6/11/2020 9 a.m. EDT",14076,14100,11238,-2838
ISNE,"6/11/2020 10 a.m. EDT",14642,14650,12056,-2586
ISNE,"6/11/2020 11 a.m. EDT",15041,14900,12322,-2719
ISNE,"6/11/2020 12 p.m. EDT",15233,15230,12423,-2810
ISNE,"6/11/2020 1 p.m. EDT",15383,15350,12684,-2699
ISNE,"6/11/2020 2 p.m. EDT",15450,15430,12571,-2879
ISNE,"6/11/2020 3 p.m. EDT",15403,15360,12451,-2952
ISNE,"6/11/2020 4 p.m. EDT",15299,15380,12633,-2666
ISNE,"6/11/2020 5 p.m. EDT",15377,15450,12664,-2713
ISNE,"6/11/2020 6 p.m. EDT",15620,15850,12828,-2792
ISNE,"6/11/2020 7 p.m. EDT",15484,15700,12765,-2719
ISNE,"6/11/2020 8 p.m. EDT",15136,15540,12673,-2463
ISNE,"6/11/2020 9 p.m. EDT",14829,15320,12542,-2287
ISNE,"6/11/2020 10 p.m. EDT",14342,14760,11919,-2423
ISNE,"6/11/2020 11 p.m. EDT",13411,13650,10968,-2443
ISNE,"6/12/2020 12 a.m. EDT",12578,12440,9976,-2602
ISNE,"6/12/2020 1 a.m. EDT",12162,11520,9583,-2579
ISNE,"6/12/2020 2 a.m. EDT",11759,10950,9330,-2429
ISNE,"6/12/2020 3 a.m. EDT",11497,10600,8978,-2519
ISNE,"6/12/2020 4 a.m. EDT",11481,10430,8714,-2767
ISNE,"6/12/2020 5 a.m. EDT",11526,10480,8746,-2780
ISNE,"6/12/2020 6 a.m. EDT",11821,10880,8869,-2952
ISNE,"6/12/2020 7 a.m. EDT",12192,11710,9111,-3081
ISNE,"6/12/2020 8 a.m. EDT",12857,12650,9739,-3118
ISNE,"6/12/2020 9 a.m. EDT",13231,13250,10443,-2788
ISNE,"6/12/2020 10 a.m. EDT",13539,13540,11283,-2256
ISNE,"6/12/2020 11 a.m. EDT",13786,13840,11631,-2155
ISNE,"6/12/2020 12 p.m. EDT",14092,14150,11788,-2304
ISNE,"6/12/2020 1 p.m. EDT",14356,14400,12423,-1933
ISNE,"6/12/2020 2 p.m. EDT",14656,14830,12635,-2021
ISNE,"6/12/2020 3 p.m. EDT",14950,15130,12892,-2058
ISNE,"6/12/2020 4 p.m. EDT",15282,15420,13400,-1882
ISNE,"6/12/2020 5 p.m. EDT",15743,15880,13695,-2048
ISNE,"6/12/2020 6 p.m. EDT",16168,16300,13906,-2262
ISNE,"6/12/2020 7 p.m. EDT",16293,16200,13902,-2391
ISNE,"6/12/2020 8 p.m. EDT",15835,15690,13363,-2472
ISNE,"6/12/2020 9 p.m. EDT",15239,15430,12790,-2449
ISNE,"6/12/2020 10 p.m. EDT",14618,14840,12103,-2515
ISNE,"6/12/2020 11 p.m. EDT",13407,13630,10839,-2568
ISNE,"6/13/2020 12 a.m. EDT",12152,12320,9654,-2498
ISNE,"6/13/2020 1 a.m. EDT",11135,11100,8810,-2325
ISNE,"6/13/2020 2 a.m. EDT",10387,10370,8119,-2268
ISNE,"6/13/2020 3 a.m. EDT",9883,9870,7697,-2186
ISNE,"6/13/2020 4 a.m. EDT",9563,9560,7618,-1945
ISNE,"6/13/2020 5 a.m. EDT",9442,9440,7612,-1830
ISNE,"6/13/2020 6 a.m. EDT",9363,9360,7371,-1992
ISNE,"6/13/2020 7 a.m. EDT",9592,9600,7202,-2390
ISNE,"6/13/2020 8 a.m. EDT",9869,9870,7338,-2531
ISNE,"6/13/2020 9 a.m. EDT",10096,10110,7834,-2262
ISNE,"6/13/2020 10 a.m. EDT",10224,10220,7962,-2262
ISNE,"6/13/2020 11 a.m. EDT",10519,10290,8185,-2334
ISNE,"6/13/2020 12 p.m. EDT",10707,10450,8455,-2252
ISNE,"6/13/2020 1 p.m. EDT",10846,10590,8555,-2291
ISNE,"6/13/2020 2 p.m. EDT",10951,10640,8704,-2247
ISNE,"6/13/2020 3 p.m. EDT",11128,10710,8706,-2422
ISNE,"6/13/2020 4 p.m. EDT",11374,10980,8933,-2441
ISNE,"6/13/2020 5 p.m. EDT",11780,11470,9185,-2595
ISNE,"6/13/2020 6 p.m. EDT",12442,12000,9603,-2839
ISNE,"6/13/2020 7 p.m. EDT",12791,12500,9703,-3088
ISNE,"6/13/2020 8 p.m. EDT",12640,12400,9512,-3128
ISNE,"6/13/2020 9 p.m. EDT",12447,12220,9314,-3133
ISNE,"6/13/2020 10 p.m. EDT",12099,11900,9093,-3006
ISNE,"6/13/2020 11 p.m. EDT",11246,11350,8363,-2883
ISNE,"6/14/2020 12 a.m. EDT",10439,10380,7509,-2930
ISNE,"6/14/2020 1 a.m. EDT",9878,9610,7295,-2583
ISNE,"6/14/2020 2 a.m. EDT",9131,9110,6838,-2293
ISNE,"6/14/2020 3 a.m. EDT",8805,8790,6899,-1906
ISNE,"6/14/2020 4 a.m. EDT",8638,8640,6732,-1906
ISNE,"6/14/2020 5 a.m. EDT",8604,8600,6665,-1939
ISNE,"6/14/2020 6 a.m. EDT",8793,8570,6771,-2022
ISNE,"6/14/2020 7 a.m. EDT",8952,8690,6885,-2067
ISNE,"6/14/2020 8 a.m. EDT",9326,8850,6852,-2474
ISNE,"6/14/2020 9 a.m. EDT",9553,9050,7012,-2541
ISNE,"6/14/2020 10 a.m. EDT",9521,9280,7205,-2316
ISNE,"6/14/2020 11 a.m. EDT",9672,9490,7476,-2196
ISNE,"6/14/2020 12 p.m. EDT",9870,9650,7518,-2352
ISNE,"6/14/2020 1 p.m. EDT",10002,9920,7813,-2189
ISNE,"6/14/2020 2 p.m. EDT",10180,10110,8030,-2150
ISNE,"6/14/2020 3 p.m. EDT",10327,10260,8326,-2001
ISNE,"6/14/2020 4 p.m. EDT",10607,10560,8388,-2219
ISNE,"6/14/2020 5 p.m. EDT",11244,11080,8563,-2681
ISNE,"6/14/2020 6 p.m. EDT",12171,12050,9384,-2787
ISNE,"6/14/2020 7 p.m. EDT",12680,12350,9807,-2873
ISNE,"6/14/2020 8 p.m. EDT",12682,12500,9762,-2920
ISNE,"6/14/2020 9 p.m. EDT",12589,12370,9503,-3086
ISNE,"6/14/2020 10 p.m. EDT",12203,11990,9170,-3033
ISNE,"6/14/2020 11 p.m. EDT",11268,11060,8287,-2981
ISNE,"6/15/2020 12 a.m. EDT",10320,10140,8069,-2251
ISNE,"6/15/2020 1 a.m. EDT",9917,9610,7253,-2664
ISNE,"6/15/2020 2 a.m. EDT",9478,9180,7021,-2457
ISNE,"6/15/2020 3 a.m. EDT",9469,8960,6700,-2769
ISNE,"6/15/2020 4 a.m. EDT",9436,8900,7102,-2334
ISNE,"6/15/2020 5 a.m. EDT",9616,9100,7484,-2132
ISNE,"6/15/2020 6 a.m. EDT",9843,9570,7664,-2179
ISNE,"6/15/2020 7 a.m. EDT",10511,10420,8022,-2489
ISNE,"6/15/2020 8 a.m. EDT",11156,11170,8593,-2563
ISNE,"6/15/2020 9 a.m. EDT",11471,11460,8686,-2785
ISNE,"6/15/2020 10 a.m. EDT",11422,11420,9056,-2366
ISNE,"6/15/2020 11 a.m. EDT",11459,11460,9537,-1922
ISNE,"6/15/2020 12 p.m. EDT",11658,11670,9510,-2148
ISNE,"6/15/2020 1 p.m. EDT",12012,12020,9914,-2098
ISNE,"6/15/2020 2 p.m. EDT",12351,12290,10153,-2198
ISNE,"6/15/2020 3 p.m. EDT",12462,12390,10374,-2088
ISNE,"6/15/2020 4 p.m. EDT",12574,12490,10576,-1998
ISNE,"6/15/2020 5 p.m. EDT",12917,12870,10531,-2386
ISNE,"6/15/2020 6 p.m. EDT",13500,13630,10991,-2509
ISNE,"6/15/2020 7 p.m. EDT",13815,14000,11277,-2538
ISNE,"6/15/2020 8 p.m. EDT",13677,13800,10985,-2692
ISNE,"6/15/2020 9 p.m. EDT",13443,13500,10535,-2908
ISNE,"6/15/2020 10 p.m. EDT",12972,12870,10089,-2883
ISNE,"6/15/2020 11 p.m. EDT",11886,11710,8801,-3085
ISNE,"6/16/2020 12 a.m. EDT",10863,10610,8282,-2581
ISNE,"6/16/2020 1 a.m. EDT",10461,10000,7892,-2569
ISNE,"6/16/2020 2 a.m. EDT",10296,9510,7659,-2637
ISNE,"6/16/2020 3 a.m. EDT",10264,9250,7594,-2670
ISNE,"6/16/2020 4 a.m. EDT",10192,9140,7436,-2756
ISNE,"6/16/2020 5 a.m. EDT",10081,9270,7289,-2792
ISNE,"6/16/2020 6 a.m. EDT",10433,9670,7569,-2864
ISNE,"6/16/2020 7 a.m. EDT",10811,10560,8041,-2770
ISNE,"6/16/2020 8 a.m. EDT",11480,11290,8635,-2845
ISNE,"6/16/2020 9 a.m. EDT",11812,11410,8909,-2903
ISNE,"6/16/2020 10 a.m. EDT",11848,11230,9366,-2482
ISNE,"6/16/2020 11 a.m. EDT",11901,11260,9751,-2150
ISNE,"6/16/2020 12 p.m. EDT",12049,11400,9969,-2080
ISNE,"6/16/2020 1 p.m. EDT",12001,11600,10032,-1969
ISNE,"6/16/2020 2 p.m. EDT",12261,11990,10159,-2102
ISNE,"6/16/2020 3 p.m. EDT",12482,12310,10265,-2217
ISNE,"6/16/2020 4 p.m. EDT",12916,12700,10622,-2294
ISNE,"6/16/2020 5 p.m. EDT",13609,13300,11167,-2442
ISNE,"6/16/2020 6 p.m. EDT",14458,14140,11943,-2515
ISNE,"6/16/2020 7 p.m. EDT",14847,14440,11976,-2871
ISNE,"6/16/2020 8 p.m. EDT",14603,14230,11635,-2968
ISNE,"6/16/2020 9 p.m. EDT",14145,13980,11410,-2735
ISNE,"6/16/2020 10 p.m. EDT",13595,13340,10463,-3132
ISNE,"6/16/2020 11 p.m. EDT",12447,12130,9263,-3184
ISNE,"6/17/2020 12 a.m. EDT",11266,10960,8566,-2700
ISNE,"6/17/2020 1 a.m. EDT",10416,10370,7868,-2548
ISNE,"6/17/2020 2 a.m. EDT",10048,9820,7293,-2755
ISNE,"6/17/2020 3 a.m. EDT",9977,9490,6976,-3001
ISNE,"6/17/2020 4 a.m. EDT",9843,9320,7132,-2711
ISNE,"6/17/2020 5 a.m. EDT",9707,9440,7162,-2545
ISNE,"6/17/2020 6 a.m. EDT",10097,9890,7542,-2555
ISNE,"6/17/2020 7 a.m. EDT",10923,11040,8011,-2912
ISNE,"6/17/2020 8 a.m. EDT",11682,11800,8658,-3024
ISNE,"6/17/2020 9 a.m. EDT",12089,11930,9385,-2704
ISNE,"6/17/2020 10 a.m. EDT",12007,11910,9388,-2619
ISNE,"6/17/2020 11 a.m. EDT",12119,12100,9599,-2520
ISNE,"6/17/2020 12 p.m. EDT",12419,12270,10381,-2038
ISNE,"6/17/2020 1 p.m. EDT",12752,12550,10587,-2165
ISNE,"6/17/2020 2 p.m. EDT",13161,13010,11103,-2058
ISNE,"6/17/2020 3 p.m. EDT",13581,13530,11683,-1898
ISNE,"6/17/2020 4 p.m. EDT",14164,14060,11902,-2262
ISNE,"6/17/2020 5 p.m. EDT",15007,14820,12386,-2621
ISNE,"6/17/2020 6 p.m. EDT",15916,15490,12820,-3096
ISNE,"6/17/2020 7 p.m. EDT",16292,15790,12932,-3360
ISNE,"6/17/2020 8 p.m. EDT",15977,15400,12650,-3327
ISNE,"6/17/2020 9 p.m. EDT",15412,15120,12221,-3191
ISNE,"6/17/2020 10 p.m. EDT",14845,14330,11559,-3286
ISNE,"6/17/2020 11 p.m. EDT",13642,13000,10308,-3334
ISNE,"6/18/2020 12 a.m. EDT",12512,11730,9732,-2780
ISNE,"6/18/2020 1 a.m. EDT",11728,11250,9134,-2594
ISNE,"6/18/2020 2 a.m. EDT",11345,10630,8705,-2640
ISNE,"6/18/2020 3 a.m. EDT",11183,10270,8579,-2604
ISNE,"6/18/2020 4 a.m. EDT",11031,10110,8663,-2368
ISNE,"6/18/2020 5 a.m. EDT",11117,10280,8869,-2248
ISNE,"6/18/2020 6 a.m. EDT",11519,10790,9143,-2376
ISNE,"6/18/2020 7 a.m. EDT",11977,11880,9545,-2432
ISNE,"6/18/2020 8 a.m. EDT",12807,13010,9751,-3056
ISNE,"6/18/2020 9 a.m. EDT",13221,13420,10300,-2921
ISNE,"6/18/2020 10 a.m. EDT",13491,13570,10964,-2527
ISNE,"6/18/2020 11 a.m. EDT",13880,14030,11482,-2398
ISNE,"6/18/2020 12 p.m. EDT",14510,14590,12173,-2337
ISNE,"6/18/2020 1 p.m. EDT",15166,15120,13011,-2155
ISNE,"6/18/2020 2 p.m. EDT",15938,16210,13636,-2302
ISNE,"6/18/2020 3 p.m. EDT",16541,16970,13900,-2641
ISNE,"6/18/2020 4 p.m. EDT",17183,17490,14174,-3009
ISNE,"6/18/2020 5 p.m. EDT",17882,18040,14715,-3167
ISNE,"6/18/2020 6 p.m. EDT",18561,18780,15328,-3233
ISNE,"6/18/2020 7 p.m. EDT",18766,18710,15478,-3288
ISNE,"6/18/2020 8 p.m. EDT",18353,18230,14934,-3419
ISNE,"6/18/2020 9 p.m. EDT",17722,17490,14302,-3420
ISNE,"6/18/2020 10 p.m. EDT",17042,16760,13673,-3369
ISNE,"6/18/2020 11 p.m. EDT",15672,15240,12244,-3428
ISNE,"6/19/2020 12 a.m. EDT",14359,13710,11321,-3038
ISNE,"6/19/2020 1 a.m. EDT",14037,13080,10813,-3224
ISNE,"6/19/2020 2 a.m. EDT",13611,12300,10563,-3048
ISNE,"6/19/2020 3 a.m. EDT",13139,11820,10089,-3050
ISNE,"6/19/2020 4 a.m. EDT",12858,11550,9772,-3086
ISNE,"6/19/2020 5 a.m. EDT",12896,11590,9823,-3073
ISNE,"6/19/2020 6 a.m. EDT",13103,12050,10042,-3061
ISNE,"6/19/2020 7 a.m. EDT",13403,13310,10337,-3066
ISNE,"6/19/2020 8 a.m. EDT",14005,14480,10767,-3238
ISNE,"6/19/2020 9 a.m. EDT",14843,15220,11634,-3209
ISNE,"6/19/2020 10 a.m. EDT",15315,15470,12812,-2503
ISNE,"6/19/2020 11 a.m. EDT",15805,16090,13773,-2032
ISNE,"6/19/2020 12 p.m. EDT",16387,16630,13971,-2416
ISNE,"6/19/2020 1 p.m. EDT",17028,17210,14377,-2651
ISNE,"6/19/2020 2 p.m. EDT",17624,18120,14710,-2914
ISNE,"6/19/2020 3 p.m. EDT",18037,18750,15241,-2796
ISNE,"6/19/2020 4 p.m. EDT",18411,19070,15497,-2914
ISNE,"6/19/2020 5 p.m. EDT",18831,19560,15993,-2838
ISNE,"6/19/2020 6 p.m. EDT",19233,19900,16318,-2915
ISNE,"6/19/2020 7 p.m. EDT",19223,19680,15812,-3411
ISNE,"6/19/2020 8 p.m. EDT",18678,18890,15244,-3434
ISNE,"6/19/2020 9 p.m. EDT",17910,18190,14766,-3144
ISNE,"6/19/2020 10 p.m. EDT",17237,17490,14260,-2977
ISNE,"6/19/2020 11 p.m. EDT",15883,15960,12814,-3069
ISNE,"6/20/2020 12 a.m. EDT",14491,14540,11276,-3215
ISNE,"6/20/2020 1 a.m. EDT",13379,13320,10296,-3083
ISNE,"6/20/2020 2 a.m. EDT",12932,12490,9648,-3284
ISNE,"6/20/2020 3 a.m. EDT",12738,11930,9546,-3192
ISNE,"6/20/2020 4 a.m. EDT",12355,11560,9082,-3273
ISNE,"6/20/2020 5 a.m. EDT",12181,11380,8797,-3384
ISNE,"6/20/2020 6 a.m. EDT",12264,11270,8932,-3332
ISNE,"6/20/2020 7 a.m. EDT",12791,11670,9367,-3424
ISNE,"6/20/2020 8 a.m. EDT",13488,12490,10223,-3265
ISNE,"6/20/2020 9 a.m. EDT",13928,13510,10988,-2940
ISNE,"6/20/2020 10 a.m. EDT",14368,14560,11733,-2635
ISNE,"6/20/2020 11 a.m. EDT",15097,15250,12650,-2447
ISNE,"6/20/2020 12 p.m. EDT",15950,16140,13746,-2204
ISNE,"6/20/2020 1 p.m. EDT",16668,16940,14340,-2328
ISNE,"6/20/2020 2 p.m. EDT",17156,17650,14750,-2406
ISNE,"6/20/2020 3 p.m. EDT",17670,18280,15171,-2499
ISNE,"6/20/2020 4 p.m. EDT",18230,18850,15505,-2725
ISNE,"6/20/2020 5 p.m. EDT",18873,19180,15884,-2989
ISNE,"6/20/2020 6 p.m. EDT",19487,19590,16298,-3189
ISNE,"6/20/2020 7 p.m. EDT",19647,19620,16395,-3252
ISNE,"6/20/2020 8 p.m. EDT",19133,19060,15852,-3281
ISNE,"6/20/2020 9 p.m. EDT",18466,18360,15063,-3403
ISNE,"6/20/2020 10 p.m. EDT",17835,17640,14447,-3388
ISNE,"6/20/2020 11 p.m. EDT",16536,16260,13128,-3408
ISNE,"6/21/2020 12 a.m. EDT",15137,14920,11793,-3344
ISNE,"6/21/2020 1 a.m. EDT",13993,13890,10451,-3542
ISNE,"6/21/2020 2 a.m. EDT",13332,13020,9810,-3522
ISNE,"6/21/2020 3 a.m. EDT",13062,12380,9511,-3551
ISNE,"6/21/2020 4 a.m. EDT",12770,11860,9249,-3521
ISNE,"6/21/2020 5 a.m. EDT",12510,11660,9079,-3431
ISNE,"6/21/2020 6 a.m. EDT",12320,11460,8834,-3486
ISNE,"6/21/2020 7 a.m. EDT",12560,11620,9057,-3503
ISNE,"6/21/2020 8 a.m. EDT",13212,12130,9687,-3525
ISNE,"6/21/2020 9 a.m. EDT",13518,12940,10364,-3154
ISNE,"6/21/2020 10 a.m. EDT",14275,13590,11447,-2828
ISNE,"6/21/2020 11 a.m. EDT",15175,15140,12382,-2793
ISNE,"6/21/2020 12 p.m. EDT",16096,15970,13095,-3001
ISNE,"6/21/2020 1 p.m. EDT",16810,16800,13552,-3258
ISNE,"6/21/2020 2 p.m. EDT",17319,17410,14128,-3191
ISNE,"6/21/2020 3 p.m. EDT",17746,17990,14524,-3222
ISNE,"6/21/2020 4 p.m. EDT",18244,18610,15036,-3208
ISNE,"6/21/2020 5 p.m. EDT",18710,19070,15464,-3246
ISNE,"6/21/2020 6 p.m. EDT",19047,19530,15830,-3217
ISNE,"6/21/2020 7 p.m. EDT",19108,19800,15933,-3175
ISNE,"6/21/2020 8 p.m. EDT",18806,19240,15571,-3235
ISNE,"6/21/2020 9 p.m. EDT",18358,18710,15025,-3333
ISNE,"6/21/2020 10 p.m. EDT",17752,18010,14286,-3466
ISNE,"6/21/2020 11 p.m. EDT",16331,16550,12984,-3347
ISNE,"6/22/2020 12 a.m. EDT",15121,15060,11543,-3578
ISNE,"6/22/2020 1 a.m. EDT",14209,13740,10788,-3421
ISNE,"6/22/2020 2 a.m. EDT",13940,12950,10352,-3588
ISNE,"6/22/2020 3 a.m. EDT",13607,12430,10161,-3446
ISNE,"6/22/2020 4 a.m. EDT",13469,12170,10048,-3421
ISNE,"6/22/2020 5 a.m. EDT",13494,12230,10061,-3433
ISNE,"6/22/2020 6 a.m. EDT",13626,12600,10259,-3367
ISNE,"6/22/2020 7 a.m. EDT",14247,13560,11117,-3130
ISNE,"6/22/2020 8 a.m. EDT",14998,14590,11942,-3056
ISNE,"6/22/2020 9 a.m. EDT",15749,15430,12922,-2827
ISNE,"6/22/2020 10 a.m. EDT",16052,15950,13936,-2116
ISNE,"6/22/2020 11 a.m. EDT",16446,16520,14618,-1828
ISNE,"6/22/2020 12 p.m. EDT",17014,17450,15464,-1550
ISNE,"6/22/2020 1 p.m. EDT",17566,17970,15915,-1651
ISNE,"6/22/2020 2 p.m. EDT",18081,18480,16537,-1544
ISNE,"6/22/2020 3 p.m. EDT",18546,19110,17057,-1489
ISNE,"6/22/2020 4 p.m. EDT",19027,19610,17347,-1680
ISNE,"6/22/2020 5 p.m. EDT",19558,19740,17571,-1987
ISNE,"6/22/2020 6 p.m. EDT",20062,20230,17684,-2378
ISNE,"6/22/2020 7 p.m. EDT",19911,20300,16987,-2924
ISNE,"6/22/2020 8 p.m. EDT",19300,19900,16307,-2993
ISNE,"6/22/2020 9 p.m. EDT",18566,18970,15694,-2872
ISNE,"6/22/2020 10 p.m. EDT",17722,17830,14846,-2876
ISNE,"6/22/2020 11 p.m. EDT",16517,16210,13562,-2955
ISNE,"6/23/2020 12 a.m. EDT",15229,14610,12533,-2696
ISNE,"6/23/2020 1 a.m. EDT",14133,13510,11038,-3095
ISNE,"6/23/2020 2 a.m. EDT",13548,12730,10604,-2944
ISNE,"6/23/2020 3 a.m. EDT",13130,12220,10167,-2963
ISNE,"6/23/2020 4 a.m. EDT",12991,11940,9813,-3178
ISNE,"6/23/2020 5 a.m. EDT",13015,11990,9868,-3147
ISNE,"6/23/2020 6 a.m. EDT",12750,12370,9542,-3208
ISNE,"6/23/2020 7 a.m. EDT",13329,13380,10117,-3212
ISNE,"6/23/2020 8 a.m. EDT",14400,14440,11129,-3271
ISNE,"6/23/2020 9 a.m. EDT",15245,15290,12264,-2981
ISNE,"6/23/2020 10 a.m. EDT",15876,15900,13420,-2456
ISNE,"6/23/2020 11 a.m. EDT",16676,16850,14679,-1997
ISNE,"6/23/2020 12 p.m. EDT",17679,17570,15989,-1690
ISNE,"6/23/2020 1 p.m. EDT",18597,18240,16642,-1955
ISNE,"6/23/2020 2 p.m. EDT",19327,19160,16928,-2399
ISNE,"6/23/2020 3 p.m. EDT",19812,19690,17067,-2745
ISNE,"6/23/2020 4 p.m. EDT",20241,20150,17337,-2904
ISNE,"6/23/2020 5 p.m. EDT",20701,20670,17668,-3033
ISNE,"6/23/2020 6 p.m. EDT",21094,21000,18216,-2878
ISNE,"6/23/2020 7 p.m. EDT",20986,20740,18049,-2937
ISNE,"6/23/2020 8 p.m. EDT",20382,19960,17102,-3280
ISNE,"6/23/2020 9 p.m. EDT",19519,19340,16171,-3348
ISNE,"6/23/2020 10 p.m. EDT",18635,18320,15325,-3310
ISNE,"6/23/2020 11 p.m. EDT",17308,16680,14400,-2908
ISNE,"6/24/2020 12 a.m. EDT",15739,15110,13031,-2708
ISNE,"6/24/2020 1 a.m. EDT",14549,14220,12168,-2381
ISNE,"6/24/2020 2 a.m. EDT",13770,13440,11235,-2535
ISNE,"6/24/2020 3 a.m. EDT",13540,12970,10860,-2680
ISNE,"6/24/2020 4 a.m. EDT",13527,12740,10777,-2750
ISNE,"6/24/2020 5 a.m. EDT",13558,12840,10810,-2748
ISNE,"6/24/2020 6 a.m. EDT",13836,13310,11135,-2701
ISNE,"6/24/2020 7 a.m. EDT",14420,14330,11782,-2638
ISNE,"6/24/2020 8 a.m. EDT",15443,15460,12435,-3008
ISNE,"6/24/2020 9 a.m. EDT",16377,16410,13391,-2986
ISNE,"6/24/2020 10 a.m. EDT",17011,16950,14436,-2575
ISNE,"6/24/2020 11 a.m. EDT",17570,17380,14951,-2619
ISNE,"6/24/2020 12 p.m. EDT",17910,17990,15130,-2780
ISNE,"6/24/2020 1 p.m. EDT",18242,18270,15476,-2766
ISNE,"6/24/2020 2 p.m. EDT",18841,18710,16113,-2728
ISNE,"6/24/2020 3 p.m. EDT",18968,18970,16779,-2189
ISNE,"6/24/2020 4 p.m. EDT",19101,19190,16708,-2393
ISNE,"6/24/2020 5 p.m. EDT",19691,19410,17344,-2347
ISNE,"6/24/2020 6 p.m. EDT",20323,19640,18177,-2146
ISNE,"6/24/2020 7 p.m. EDT",20200,19510,18106,-2094
ISNE,"6/24/2020 8 p.m. EDT",19513,18650,17169,-2344
ISNE,"6/24/2020 9 p.m. EDT",18501,18120,16099,-2402
ISNE,"6/24/2020 10 p.m. EDT",17487,17280,15150,-2337
ISNE,"6/24/2020 11 p.m. EDT",15878,15550,13215,-2663
ISNE,"6/25/2020 12 a.m. EDT",14283,13900,12036,-2247
ISNE,"6/25/2020 1 a.m. EDT",13347,13100,11186,-2161
ISNE,"6/25/2020 2 a.m. EDT",12759,12240,10698,-2061
ISNE,"6/25/2020 3 a.m. EDT",12462,11600,10270,-2192
ISNE,"6/25/2020 4 a.m. EDT",12341,11290,10233,-2108
ISNE,"6/25/2020 5 a.m. EDT",12356,11300,10259,-2097
ISNE,"6/25/2020 6 a.m. EDT",12403,11720,10269,-2134
ISNE,"6/25/2020 7 a.m. EDT",13158,12740,11042,-2116
ISNE,"6/25/2020 8 a.m. EDT",13777,13690,11375,-2402
ISNE,"6/25/2020 9 a.m. EDT",14631,14040,12180,-2451
ISNE,"6/25/2020 10 a.m. EDT",14531,14490,12344,-2187
ISNE,"6/25/2020 11 a.m. EDT",15179,14870,13160,-2019
ISNE,"6/25/2020 12 p.m. EDT",15579,15390,13714,-1865
ISNE,"6/25/2020 1 p.m. EDT",16009,15820,13976,-2033
ISNE,"6/25/2020 2 p.m. EDT",16420,16450,14246,-2174
ISNE,"6/25/2020 3 p.m. EDT",16826,16810,14833,-1993
ISNE,"6/25/2020 4 p.m. EDT",17308,17230,15241,-2067
ISNE,"6/25/2020 5 p.m. EDT",17924,17650,15646,-2278
ISNE,"6/25/2020 6 p.m. EDT",18519,18100,15653,-2866
ISNE,"6/25/2020 7 p.m. EDT",18674,17950,15735,-2939
ISNE,"6/25/2020 8 p.m. EDT",18135,17580,15296,-2839
ISNE,"6/25/2020 9 p.m. EDT",17380,17110,14630,-2750
ISNE,"6/25/2020 10 p.m. EDT",16679,16350,14049,-2630
ISNE,"6/25/2020 11 p.m. EDT",15290,14910,12264,-3026
ISNE,"6/26/2020 12 a.m. EDT",13871,13480,11046,-2825
ISNE,"6/26/2020 1 a.m. EDT",13062,12770,10536,-2526
ISNE,"6/26/2020 2 a.m. EDT",12555,12000,10048,-2507
ISNE,"6/26/2020 3 a.m. EDT",12029,11480,9244,-2785
ISNE,"6/26/2020 4 a.m. EDT",11740,11210,8927,-2813
ISNE,"6/26/2020 5 a.m. EDT",11723,11190,8918,-2805
ISNE,"6/26/2020 6 a.m. EDT",12034,11520,9267,-2767
ISNE,"6/26/2020 7 a.m. EDT",12646,12420,10068,-2578
ISNE,"6/26/2020 8 a.m. EDT",13657,13440,11097,-2560
ISNE,"6/26/2020 9 a.m. EDT",14300,14180,11861,-2439
ISNE,"6/26/2020 10 a.m. EDT",14670,14680,12609,-2061
ISNE,"6/26/2020 11 a.m. EDT",15232,15250,13289,-1943
ISNE,"6/26/2020 12 p.m. EDT",15862,15950,13844,-2018
ISNE,"6/26/2020 1 p.m. EDT",16425,16440,14491,-1934
ISNE,"6/26/2020 2 p.m. EDT",16961,16790,15099,-1862
ISNE,"6/26/2020 3 p.m. EDT",17252,17110,15014,-2238
ISNE,"6/26/2020 4 p.m. EDT",17512,17480,15179,-2333
ISNE,"6/26/2020 5 p.m. EDT",17796,18050,15662,-2134
ISNE,"6/26/2020 6 p.m. EDT",18177,18550,15825,-2352
ISNE,"6/26/2020 7 p.m. EDT",18351,18610,15789,-2562
ISNE,"6/26/2020 8 p.m. EDT",17810,17920,15052,-2758
ISNE,"6/26/2020 9 p.m. EDT",17052,17010,14154,-2898
ISNE,"6/26/2020 10 p.m. EDT",16415,16320,13792,-2623
ISNE,"6/26/2020 11 p.m. EDT",15142,15130,12243,-2899
ISNE,"6/27/2020 12 a.m. EDT",13744,13830,10803,-2941
ISNE,"6/27/2020 1 a.m. EDT",12604,12560,9527,-3077
ISNE,"6/27/2020 2 a.m. EDT",11771,11750,8992,-2779
ISNE,"6/27/2020 3 a.m. EDT",11390,11160,8486,-2904
ISNE,"6/27/2020 4 a.m. EDT",11356,10810,8299,-3057
ISNE,"6/27/2020 5 a.m. EDT",11193,10650,8240,-2953
ISNE,"6/27/2020 6 a.m. EDT",11192,10590,8381,-2811
ISNE,"6/27/2020 7 a.m. EDT",11737,10970,8840,-2897
ISNE,"6/27/2020 8 a.m. EDT",12252,11540,9081,-3171
ISNE,"6/27/2020 9 a.m. EDT",12830,12350,9973,-2857
ISNE,"6/27/2020 10 a.m. EDT",13185,13210,10197,-2988
ISNE,"6/27/2020 11 a.m. EDT",13992,14010,11037,-2955
ISNE,"6/27/2020 12 p.m. EDT",14907,14920,11936,-2971
ISNE,"6/27/2020 1 p.m. EDT",15638,15640,12905,-2733
ISNE,"6/27/2020 2 p.m. EDT",15677,15650,13009,-2668
ISNE,"6/27/2020 3 p.m. EDT",15481,15480,12476,-3005
ISNE,"6/27/2020 4 p.m. EDT",15296,15340,12132,-3164
ISNE,"6/27/2020 5 p.m. EDT",15232,15170,12105,-3127
ISNE,"6/27/2020 6 p.m. EDT",15357,15460,12284,-3073
ISNE,"6/27/2020 7 p.m. EDT",15340,15590,12194,-3146
ISNE,"6/27/2020 8 p.m. EDT",15075,15400,11843,-3232
ISNE,"6/27/2020 9 p.m. EDT",14859,15160,11857,-3002
ISNE,"6/27/2020 10 p.m. EDT",14493,14810,11791,-2702
ISNE,"6/27/2020 11 p.m. EDT",13629,13860,10918,-2711
ISNE,"6/28/2020 12 a.m. EDT",12659,12900,9899,-2760
ISNE,"6/28/2020 1 a.m. EDT",11823,11800,9253,-2570
ISNE,"6/28/2020 2 a.m. EDT",11195,11180,9046,-2149
ISNE,"6/28/2020 3 a.m. EDT",11014,10760,8877,-2137
ISNE,"6/28/2020 4 a.m. EDT",11018,10490,8554,-2464
ISNE,"6/28/2020 5 a.m. EDT",10915,10370,8629,-2286
ISNE,"6/28/2020 6 a.m. EDT",10830,10280,8583,-2247
ISNE,"6/28/2020 7 a.m. EDT",11065,10530,8879,-2186
ISNE,"6/28/2020 8 a.m. EDT",11533,11050,9100,-2433
ISNE,"6/28/2020 9 a.m. EDT",11813,11760,9652,-2161
ISNE,"6/28/2020 10 a.m. EDT",12610,12630,10576,-2034
ISNE,"6/28/2020 11 a.m. EDT",13526,13550,11516,-2010
ISNE,"6/28/2020 12 p.m. EDT",14636,14540,12624,-2012
ISNE,"6/28/2020 1 p.m. EDT",15577,15540,13611,-1966
ISNE,"6/28/2020 2 p.m. EDT",16047,15810,13691,-2356
ISNE,"6/28/2020 3 p.m. EDT",16383,15960,13641,-2742
ISNE,"6/28/2020 4 p.m. EDT",16736,16290,13986,-2750
ISNE,"6/28/2020 5 p.m. EDT",17038,16830,14371,-2667
ISNE,"6/28/2020 6 p.m. EDT",17253,17550,14657,-2596
ISNE,"6/28/2020 7 p.m. EDT",16955,17880,14065,-2890
ISNE,"6/28/2020 8 p.m. EDT",16336,17550,13551,-2785
ISNE,"6/28/2020 9 p.m. EDT",15844,17040,13079,-2765
ISNE,"6/28/2020 10 p.m. EDT",15222,16430,12672,-2550
ISNE,"6/28/2020 11 p.m. EDT",14145,15140,11763,-2382
ISNE,"6/29/2020 12 a.m. EDT",13070,13800,10402,-2668
ISNE,"6/29/2020 1 a.m. EDT",12262,11970,9783,-2479
ISNE,"6/29/2020 2 a.m. EDT",12116,11440,9625,-2491
ISNE,"6/29/2020 3 a.m. EDT",12269,11070,9472,-2797
ISNE,"6/29/2020 4 a.m. EDT",12120,10930,9225,-2895
ISNE,"6/29/2020 5 a.m. EDT",12265,11150,9621,-2644
ISNE,"6/29/2020 6 a.m. EDT",12529,11720,9660,-2869
ISNE,"6/29/2020 7 a.m. EDT",12818,12890,10203,-2615
ISNE,"6/29/2020 8 a.m. EDT",13788,14010,11206,-2582
ISNE,"6/29/2020 9 a.m. EDT",14612,14520,12160,-2452
ISNE,"6/29/2020 10 a.m. EDT",15185,15250,13062,-2123
ISNE,"6/29/2020 11 a.m. EDT",15494,15520,13472,-2022
ISNE,"6/29/2020 12 p.m. EDT",15795,15980,13737,-2058
ISNE,"6/29/2020 1 p.m. EDT",16170,16070,14417,-1753
ISNE,"6/29/2020 2 p.m. EDT",16390,16200,14416,-1974
ISNE,"6/29/2020 3 p.m. EDT",16524,16410,14479,-2045
ISNE,"6/29/2020 4 p.m. EDT",16432,16600,14436,-1996
ISNE,"6/29/2020 5 p.m. EDT",16139,16810,14425,-1714
ISNE,"6/29/2020 6 p.m. EDT",16188,17200,14695,-1493
ISNE,"6/29/2020 7 p.m. EDT",16068,17130,14297,-1771
ISNE,"6/29/2020 8 p.m. EDT",15689,16780,13712,-1977
ISNE,"6/29/2020 9 p.m. EDT",15291,16250,13031,-2260
ISNE,"6/29/2020 10 p.m. EDT",14648,15520,12518,-2130
ISNE,"6/29/2020 11 p.m. EDT",13579,14150,11361,-2218
ISNE,"6/30/2020 12 a.m. EDT",12479,12850,10354,-2125
ISNE,"6/30/2020 1 a.m. EDT",11930,11650,10008,-1922
ISNE,"6/30/2020 2 a.m. EDT",11679,11150,9400,-2279
ISNE,"6/30/2020 3 a.m. EDT",11809,10810,9288,-2521
ISNE,"6/30/2020 4 a.m. EDT",11855,10660,9074,-2781
ISNE,"6/30/2020 5 a.m. EDT",11980,10840,9036,-2944
ISNE,"6/30/2020 6 a.m. EDT",12126,11400,9179,-2947
ISNE,"6/30/2020 7 a.m. EDT",12234,12470,9724,-2510
ISNE,"6/30/2020 8 a.m. EDT",13079,13460,10188,-2891
ISNE,"6/30/2020 9 a.m. EDT",13834,14090,11127,-2707
ISNE,"6/30/2020 10 a.m. EDT",14198,14390,11786,-2412
ISNE,"6/30/2020 11 a.m. EDT",14440,14590,12141,-2299
ISNE,"6/30/2020 12 p.m. EDT",14682,14790,12640,-2042
ISNE,"6/30/2020 1 p.m. EDT",14844,14900,12759,-2085
ISNE,"6/30/2020 2 p.m. EDT",14897,15120,12965,-1932
ISNE,"6/30/2020 3 p.m. EDT",14945,15160,12954,-1991
ISNE,"6/30/2020 4 p.m. EDT",15072,15250,12953,-2119
ISNE,"6/30/2020 5 p.m. EDT",15415,15380,13472,-1943
ISNE,"6/30/2020 6 p.m. EDT",15792,15750,13687,-2105
ISNE,"6/30/2020 7 p.m. EDT",15742,15700,13444,-2298
ISNE,"6/30/2020 8 p.m. EDT",15373,15490,12969,-2404
ISNE,"6/30/2020 9 p.m. EDT",15044,15200,12696,-2348
ISNE,"6/30/2020 10 p.m. EDT",14523,14640,12186,-2337
ISNE,"6/30/2020 11 p.m. EDT",13475,13390,11096,-2379
ISNE,"7/1/2020 12 a.m. EDT",12389,12210,10223,-2166
