"BA Code","Timestamp (Hour Ending)","Demand (MWh)","Demand Forecast (MWh)","Net Generation (MWh)","Total Interchange (MWh)"
ISNE,"5/1/2017 12 a.m. EDT",10071,10140,7294,-2777
ISNE,"5/1/2017 1 a.m. EDT",9694,9560,6995,-2699
ISNE,"5/1/2017 2 a.m. EDT",9613,9250,6925,-2688
ISNE,"5/1/2017 3 a.m. EDT",9454,9060,6666,-2788
ISNE,"5/1/2017 4 a.m. EDT",9476,9060,6730,-2746
ISNE,"5/1/2017 5 a.m. EDT",9604,9340,7051,-2553
ISNE,"5/1/2017 6 a.m. EDT",10283,10240,8345,-1938
ISNE,"5/1/2017 7 a.m. EDT",11944,11890,9895,-2049
ISNE,"5/1/2017 8 a.m. EDT",13048,13010,11185,-1863
ISNE,"5/1/2017 9 a.m. EDT",13417,13260,11690,-1727
ISNE,"5/1/2017 10 a.m. EDT",13617,13350,11879,-1738
ISNE,"5/1/2017 11 a.m. EDT",13746,13550,12189,-1557
ISNE,"5/1/2017 12 p.m. EDT",13685,13470,12160,-1525
ISNE,"5/1/2017 1 p.m. EDT",13539,13380,11767,-1772
ISNE,"5/1/2017 2 p.m. EDT",13419,13270,11626,-1793
ISNE,"5/1/2017 3 p.m. EDT",13342,13160,11846,-1496
ISNE,"5/1/2017 4 p.m. EDT",13291,13140,11852,-1439
ISNE,"5/1/2017 5 p.m. EDT",13454,13250,12025,-1429
ISNE,"5/1/2017 6 p.m. EDT",13845,13550,12225,-1620
ISNE,"5/1/2017 7 p.m. EDT",14036,13780,12270,-1766
ISNE,"5/1/2017 8 p.m. EDT",14215,13890,12555,-1660
ISNE,"5/1/2017 9 p.m. EDT",14210,14110,12347,-1863
ISNE,"5/1/2017 10 p.m. EDT",13246,13090,11514,-1732
ISNE,"5/1/2017 11 p.m. EDT",11963,11740,10207,-1756
ISNE,"5/2/2017 12 a.m. EDT",11034,10600,8848,-2186
ISNE,"5/2/2017 1 a.m. EDT",10573,9970,8621,-1952
ISNE,"5/2/2017 2 a.m. EDT",10367,9490,8346,-2021
ISNE,"5/2/2017 3 a.m. EDT",10190,9350,8141,-2049
ISNE,"5/2/2017 4 a.m. EDT",10152,9310,8075,-2077
ISNE,"5/2/2017 5 a.m. EDT",10439,9600,8153,-2286
ISNE,"5/2/2017 6 a.m. EDT",11272,10570,9431,-1841
ISNE,"5/2/2017 7 a.m. EDT",12285,12190,10890,-1395
ISNE,"5/2/2017 8 a.m. EDT",13412,13310,12200,-1212
ISNE,"5/2/2017 9 a.m. EDT",13761,13650,12424,-1337
ISNE,"5/2/2017 10 a.m. EDT",13935,13640,12814,-1121
ISNE,"5/2/2017 11 a.m. EDT",13960,13780,12777,-1183
ISNE,"5/2/2017 12 p.m. EDT",14011,13790,12368,-1643
ISNE,"5/2/2017 1 p.m. EDT",13881,13700,12184,-1697
ISNE,"5/2/2017 2 p.m. EDT",13770,13740,12116,-1654
ISNE,"5/2/2017 3 p.m. EDT",13479,13680,12129,-1350
ISNE,"5/2/2017 4 p.m. EDT",13287,13650,12090,-1197
ISNE,"5/2/2017 5 p.m. EDT",13374,13830,12246,-1128
ISNE,"5/2/2017 6 p.m. EDT",13690,13980,12583,-1107
ISNE,"5/2/2017 7 p.m. EDT",13812,13930,12515,-1297
ISNE,"5/2/2017 8 p.m. EDT",13943,14080,12388,-1555
ISNE,"5/2/2017 9 p.m. EDT",14158,14180,12644,-1514
ISNE,"5/2/2017 10 p.m. EDT",13308,13150,11814,-1494
ISNE,"5/2/2017 11 p.m. EDT",11940,11770,10377,-1563
ISNE,"5/3/2017 12 a.m. EDT",10971,10610,8997,-1974
ISNE,"5/3/2017 1 a.m. EDT",10294,9860,7816,-2478
ISNE,"5/3/2017 2 a.m. EDT",10092,9470,7566,-2526
ISNE,"5/3/2017 3 a.m. EDT",10032,9260,7576,-2456
ISNE,"5/3/2017 4 a.m. EDT",9995,9230,7559,-2436
ISNE,"5/3/2017 5 a.m. EDT",9996,9500,7692,-2304
ISNE,"5/3/2017 6 a.m. EDT",10615,10410,8914,-1701
ISNE,"5/3/2017 7 a.m. EDT",11860,11970,10479,-1381
ISNE,"5/3/2017 8 a.m. EDT",12738,12940,11657,-1081
ISNE,"5/3/2017 9 a.m. EDT",12745,13120,11569,-1176
ISNE,"5/3/2017 10 a.m. EDT",12747,13150,11579,-1168
ISNE,"5/3/2017 11 a.m. EDT",12889,13180,11542,-1347
ISNE,"5/3/2017 12 p.m. EDT",12872,13180,11413,-1459
ISNE,"5/3/2017 1 p.m. EDT",12789,13120,11403,-1386
ISNE,"5/3/2017 2 p.m. EDT",12849,13130,11633,-1216
ISNE,"5/3/2017 3 p.m. EDT",12657,13080,11236,-1421
ISNE,"5/3/2017 4 p.m. EDT",12655,13090,11223,-1432
ISNE,"5/3/2017 5 p.m. EDT",12897,13230,11487,-1410
ISNE,"5/3/2017 6 p.m. EDT",13105,13440,11863,-1242
ISNE,"5/3/2017 7 p.m. EDT",13310,13640,12059,-1251
ISNE,"5/3/2017 8 p.m. EDT",13551,13860,12374,-1177
ISNE,"5/3/2017 9 p.m. EDT",13928,13960,12761,-1167
ISNE,"5/3/2017 10 p.m. EDT",13208,13100,12350,-858
ISNE,"5/3/2017 11 p.m. EDT",11919,11820,10807,-1112
ISNE,"5/4/2017 12 a.m. EDT",11129,10660,9400,-1729
ISNE,"5/4/2017 1 a.m. EDT",10475,9940,8764,-1711
ISNE,"5/4/2017 2 a.m. EDT",10126,9530,8363,-1763
ISNE,"5/4/2017 3 a.m. EDT",10147,9350,8125,-2022
ISNE,"5/4/2017 4 a.m. EDT",10150,9340,8015,-2135
ISNE,"5/4/2017 5 a.m. EDT",10246,9670,8112,-2134
ISNE,"5/4/2017 6 a.m. EDT",10816,10570,9242,-1574
ISNE,"5/4/2017 7 a.m. EDT",12166,12230,10905,-1261
ISNE,"5/4/2017 8 a.m. EDT",12918,13080,12087,-831
ISNE,"5/4/2017 9 a.m. EDT",12758,13020,12045,-713
ISNE,"5/4/2017 10 a.m. EDT",12499,12900,11974,-525
ISNE,"5/4/2017 11 a.m. EDT",12373,12800,11711,-662
ISNE,"5/4/2017 12 p.m. EDT",12239,12690,11592,-647
ISNE,"5/4/2017 1 p.m. EDT",12169,12650,11417,-752
ISNE,"5/4/2017 2 p.m. EDT",12171,12610,11570,-601
ISNE,"5/4/2017 3 p.m. EDT",12113,12640,11455,-658
ISNE,"5/4/2017 4 p.m. EDT",12181,12710,11413,-768
ISNE,"5/4/2017 5 p.m. EDT",12535,12890,11892,-643
ISNE,"5/4/2017 6 p.m. EDT",12903,13190,12291,-612
ISNE,"5/4/2017 7 p.m. EDT",13120,13310,12268,-852
ISNE,"5/4/2017 8 p.m. EDT",13529,13490,12647,-882
ISNE,"5/4/2017 9 p.m. EDT",13836,13860,12719,-1117
ISNE,"5/4/2017 10 p.m. EDT",13059,13050,12053,-1006
ISNE,"5/4/2017 11 p.m. EDT",11840,11770,10647,-1193
ISNE,"5/5/2017 12 a.m. EDT",11041,10600,9574,-1467
ISNE,"5/5/2017 1 a.m. EDT",10347,9910,8508,-1839
ISNE,"5/5/2017 2 a.m. EDT",9912,9520,7999,-1913
ISNE,"5/5/2017 3 a.m. EDT",9794,9340,7719,-2075
ISNE,"5/5/2017 4 a.m. EDT",9920,9320,7583,-2337
ISNE,"5/5/2017 5 a.m. EDT",10197,9630,7918,-2279
ISNE,"5/5/2017 6 a.m. EDT",11097,10400,9143,-1954
ISNE,"5/5/2017 7 a.m. EDT",12054,11880,10297,-1757
ISNE,"5/5/2017 8 a.m. EDT",13084,12980,11915,-1169
ISNE,"5/5/2017 9 a.m. EDT",13556,13330,12372,-1184
ISNE,"5/5/2017 10 a.m. EDT",13808,13500,12344,-1464
ISNE,"5/5/2017 11 a.m. EDT",13917,13700,12390,-1527
ISNE,"5/5/2017 12 p.m. EDT",13993,13520,12564,-1429
ISNE,"5/5/2017 1 p.m. EDT",13925,13470,12462,-1463
ISNE,"5/5/2017 2 p.m. EDT",13888,13400,12522,-1366
ISNE,"5/5/2017 3 p.m. EDT",13931,13280,12542,-1389
ISNE,"5/5/2017 4 p.m. EDT",13977,13290,12914,-1063
ISNE,"5/5/2017 5 p.m. EDT",14026,13340,12591,-1435
ISNE,"5/5/2017 6 p.m. EDT",14123,13420,12139,-1984
ISNE,"5/5/2017 7 p.m. EDT",13954,13320,12236,-1718
ISNE,"5/5/2017 8 p.m. EDT",13821,13310,12044,-1777
ISNE,"5/5/2017 9 p.m. EDT",13631,13400,12334,-1297
ISNE,"5/5/2017 10 p.m. EDT",12900,12730,11845,-1055
ISNE,"5/5/2017 11 p.m. EDT",11871,11730,10830,-1041
ISNE,"5/6/2017 12 a.m. EDT",10796,10680,9223,-1573
ISNE,"5/6/2017 1 a.m. EDT",10265,9850,8235,-2030
ISNE,"5/6/2017 2 a.m. EDT",9801,9420,7797,-2004
ISNE,"5/6/2017 3 a.m. EDT",9765,9200,7680,-2085
ISNE,"5/6/2017 4 a.m. EDT",9655,9070,7845,-1810
ISNE,"5/6/2017 5 a.m. EDT",9718,9160,7877,-1841
ISNE,"5/6/2017 6 a.m. EDT",9936,9500,8004,-1932
ISNE,"5/6/2017 7 a.m. EDT",10398,10140,8674,-1724
ISNE,"5/6/2017 8 a.m. EDT",11074,10880,9401,-1673
ISNE,"5/6/2017 9 a.m. EDT",11986,11760,10056,-1930
ISNE,"5/6/2017 10 a.m. EDT",12531,12170,10304,-2227
ISNE,"5/6/2017 11 a.m. EDT",12871,12360,10571,-2300
ISNE,"5/6/2017 12 p.m. EDT",12868,12260,10488,-2380
ISNE,"5/6/2017 1 p.m. EDT",12587,12060,10109,-2478
ISNE,"5/6/2017 2 p.m. EDT",12099,11770,9928,-2171
ISNE,"5/6/2017 3 p.m. EDT",11637,11630,9636,-2001
ISNE,"5/6/2017 4 p.m. EDT",11370,11740,9385,-1985
ISNE,"5/6/2017 5 p.m. EDT",11569,11880,9830,-1739
ISNE,"5/6/2017 6 p.m. EDT",12023,12100,10225,-1798
ISNE,"5/6/2017 7 p.m. EDT",12266,12360,10141,-2125
ISNE,"5/6/2017 8 p.m. EDT",12474,12460,10361,-2113
ISNE,"5/6/2017 9 p.m. EDT",12660,12750,10705,-1955
ISNE,"5/6/2017 10 p.m. EDT",12138,12170,10324,-1814
ISNE,"5/6/2017 11 p.m. EDT",11291,11300,9540,-1751
ISNE,"5/7/2017 12 a.m. EDT",10465,10390,8841,-1624
ISNE,"5/7/2017 1 a.m. EDT",9924,9620,8156,-1768
ISNE,"5/7/2017 2 a.m. EDT",9681,9190,7733,-1948
ISNE,"5/7/2017 3 a.m. EDT",9599,8960,7717,-1882
ISNE,"5/7/2017 4 a.m. EDT",9549,8810,7788,-1761
ISNE,"5/7/2017 5 a.m. EDT",9569,8850,7782,-1787
ISNE,"5/7/2017 6 a.m. EDT",9567,8980,7640,-1927
ISNE,"5/7/2017 7 a.m. EDT",10003,9270,7872,-2131
ISNE,"5/7/2017 8 a.m. EDT",10245,9900,8028,-2217
ISNE,"5/7/2017 9 a.m. EDT",10635,10580,8478,-2157
ISNE,"5/7/2017 10 a.m. EDT",10798,11040,8885,-1913
ISNE,"5/7/2017 11 a.m. EDT",10797,11180,9062,-1735
ISNE,"5/7/2017 12 p.m. EDT",11054,11270,9188,-1866
ISNE,"5/7/2017 1 p.m. EDT",11084,11270,9493,-1591
ISNE,"5/7/2017 2 p.m. EDT",10943,11130,9469,-1474
ISNE,"5/7/2017 3 p.m. EDT",11090,11040,9407,-1683
ISNE,"5/7/2017 4 p.m. EDT",11249,11230,9273,-1976
ISNE,"5/7/2017 5 p.m. EDT",11641,11550,9786,-1855
ISNE,"5/7/2017 6 p.m. EDT",12198,12000,10241,-1957
ISNE,"5/7/2017 7 p.m. EDT",12558,12320,10468,-2090
ISNE,"5/7/2017 8 p.m. EDT",12768,12690,10465,-2303
ISNE,"5/7/2017 9 p.m. EDT",12957,13050,10512,-2445
ISNE,"5/7/2017 10 p.m. EDT",12262,12210,10011,-2251
ISNE,"5/7/2017 11 p.m. EDT",11158,11030,8818,-2340
ISNE,"5/8/2017 12 a.m. EDT",10366,10070,8206,-2160
ISNE,"5/8/2017 1 a.m. EDT",9734,9420,7814,-1920
ISNE,"5/8/2017 2 a.m. EDT",9375,9080,7525,-1850
ISNE,"5/8/2017 3 a.m. EDT",9264,8960,7442,-1822
ISNE,"5/8/2017 4 a.m. EDT",9520,9020,7517,-2003
ISNE,"5/8/2017 5 a.m. EDT",9769,9370,7742,-2027
ISNE,"5/8/2017 6 a.m. EDT",10426,10300,8563,-1863
ISNE,"5/8/2017 7 a.m. EDT",11871,11940,9934,-1937
ISNE,"5/8/2017 8 a.m. EDT",12817,12950,10901,-1916
ISNE,"5/8/2017 9 a.m. EDT",12880,13060,10882,-1998
ISNE,"5/8/2017 10 a.m. EDT",12892,13070,10845,-2047
ISNE,"5/8/2017 11 a.m. EDT",13041,13060,11049,-1992
ISNE,"5/8/2017 12 p.m. EDT",13024,12960,11210,-1814
ISNE,"5/8/2017 1 p.m. EDT",12892,12960,11040,-1852
ISNE,"5/8/2017 2 p.m. EDT",12930,12930,11045,-1885
ISNE,"5/8/2017 3 p.m. EDT",12911,12860,11046,-1865
ISNE,"5/8/2017 4 p.m. EDT",12896,12900,11181,-1715
ISNE,"5/8/2017 5 p.m. EDT",13006,13100,11161,-1845
ISNE,"5/8/2017 6 p.m. EDT",13380,13440,11589,-1791
ISNE,"5/8/2017 7 p.m. EDT",13675,13640,11676,-1999
ISNE,"5/8/2017 8 p.m. EDT",13878,13790,11794,-2084
ISNE,"5/8/2017 9 p.m. EDT",14080,14000,11780,-2300
ISNE,"5/8/2017 10 p.m. EDT",13292,13090,11093,-2199
ISNE,"5/8/2017 11 p.m. EDT",11974,11780,10064,-1910
ISNE,"5/9/2017 12 a.m. EDT",11025,10700,8667,-2358
ISNE,"5/9/2017 1 a.m. EDT",10367,9940,7885,-2482
ISNE,"5/9/2017 2 a.m. EDT",10124,9570,7643,-2481
ISNE,"5/9/2017 3 a.m. EDT",10325,9380,7643,-2682
ISNE,"5/9/2017 4 a.m. EDT",10072,9400,7797,-2275
ISNE,"5/9/2017 5 a.m. EDT",10385,9750,8286,-2099
ISNE,"5/9/2017 6 a.m. EDT",11059,10800,9415,-1644
ISNE,"5/9/2017 7 a.m. EDT",12331,12330,11253,-1078
ISNE,"5/9/2017 8 a.m. EDT",13189,13140,11931,-1258
ISNE,"5/9/2017 9 a.m. EDT",13118,12990,11679,-1439
ISNE,"5/9/2017 10 a.m. EDT",13010,12980,11614,-1396
ISNE,"5/9/2017 11 a.m. EDT",13003,12900,11537,-1466
ISNE,"5/9/2017 12 p.m. EDT",13080,12870,11636,-1444
ISNE,"5/9/2017 1 p.m. EDT",13196,12820,11816,-1380
ISNE,"5/9/2017 2 p.m. EDT",13323,12820,11899,-1424
ISNE,"5/9/2017 3 p.m. EDT",13224,12750,11754,-1470
ISNE,"5/9/2017 4 p.m. EDT",13174,12800,11708,-1466
ISNE,"5/9/2017 5 p.m. EDT",13369,12880,11908,-1461
ISNE,"5/9/2017 6 p.m. EDT",13680,13070,12101,-1579
ISNE,"5/9/2017 7 p.m. EDT",13957,13300,12423,-1534
ISNE,"5/9/2017 8 p.m. EDT",14139,13620,12486,-1653
ISNE,"5/9/2017 9 p.m. EDT",14183,14000,12442,-1741
ISNE,"5/9/2017 10 p.m. EDT",13305,13070,11744,-1561
ISNE,"5/9/2017 11 p.m. EDT",11995,11770,10221,-1774
ISNE,"5/10/2017 12 a.m. EDT",10829,10600,8778,-2051
ISNE,"5/10/2017 1 a.m. EDT",10497,10090,8042,-2455
ISNE,"5/10/2017 2 a.m. EDT",10184,9680,7799,-2385
ISNE,"5/10/2017 3 a.m. EDT",10174,9480,7934,-2240
ISNE,"5/10/2017 4 a.m. EDT",10226,9470,7991,-2235
ISNE,"5/10/2017 5 a.m. EDT",10344,9810,8182,-2162
ISNE,"5/10/2017 6 a.m. EDT",10894,10710,8841,-2053
ISNE,"5/10/2017 7 a.m. EDT",12255,12300,10358,-1897
ISNE,"5/10/2017 8 a.m. EDT",13145,13200,11176,-1969
ISNE,"5/10/2017 9 a.m. EDT",13095,13160,11317,-1778
ISNE,"5/10/2017 10 a.m. EDT",12772,12970,10953,-1819
ISNE,"5/10/2017 11 a.m. EDT",12751,12660,10889,-1862
ISNE,"5/10/2017 12 p.m. EDT",13148,12650,11046,-2102
ISNE,"5/10/2017 1 p.m. EDT",13171,12650,10912,-2259
ISNE,"5/10/2017 2 p.m. EDT",13096,12670,10642,-2454
ISNE,"5/10/2017 3 p.m. EDT",12911,12550,10751,-2160
ISNE,"5/10/2017 4 p.m. EDT",12823,12640,10613,-2210
ISNE,"5/10/2017 5 p.m. EDT",12951,12910,10914,-2037
ISNE,"5/10/2017 6 p.m. EDT",13213,13220,11155,-2058
ISNE,"5/10/2017 7 p.m. EDT",13467,13380,11270,-2197
ISNE,"5/10/2017 8 p.m. EDT",13712,13530,11460,-2252
ISNE,"5/10/2017 9 p.m. EDT",13960,13860,11625,-2335
ISNE,"5/10/2017 10 p.m. EDT",13202,13010,10927,-2275
ISNE,"5/10/2017 11 p.m. EDT",11936,11730,9636,-2300
ISNE,"5/11/2017 12 a.m. EDT",10951,10530,8395,-2556
ISNE,"5/11/2017 1 a.m. EDT",10280,9900,7612,-2668
ISNE,"5/11/2017 2 a.m. EDT",10061,9500,7500,-2561
ISNE,"5/11/2017 3 a.m. EDT",9921,9300,7422,-2499
ISNE,"5/11/2017 4 a.m. EDT",9992,9310,7185,-2807
ISNE,"5/11/2017 5 a.m. EDT",10451,9650,7724,-2727
ISNE,"5/11/2017 6 a.m. EDT",10892,10580,8516,-2376
ISNE,"5/11/2017 7 a.m. EDT",12106,12220,9928,-2178
ISNE,"5/11/2017 8 a.m. EDT",12951,13120,10972,-1979
ISNE,"5/11/2017 9 a.m. EDT",12828,13210,10916,-1912
ISNE,"5/11/2017 10 a.m. EDT",12865,13130,11163,-1702
ISNE,"5/11/2017 11 a.m. EDT",13031,12840,11252,-1779
ISNE,"5/11/2017 12 p.m. EDT",13087,12880,10944,-2143
ISNE,"5/11/2017 1 p.m. EDT",12854,12880,10634,-2220
ISNE,"5/11/2017 2 p.m. EDT",12664,12860,10618,-2046
ISNE,"5/11/2017 3 p.m. EDT",12394,12730,10589,-1805
ISNE,"5/11/2017 4 p.m. EDT",12361,12720,10702,-1659
ISNE,"5/11/2017 5 p.m. EDT",12654,12920,10917,-1737
ISNE,"5/11/2017 6 p.m. EDT",13064,13200,11241,-1823
ISNE,"5/11/2017 7 p.m. EDT",13283,13340,11167,-2116
ISNE,"5/11/2017 8 p.m. EDT",13515,13580,11436,-2079
ISNE,"5/11/2017 9 p.m. EDT",13831,13850,11815,-2016
ISNE,"5/11/2017 10 p.m. EDT",13158,13080,11120,-2038
ISNE,"5/11/2017 11 p.m. EDT",11896,11790,9572,-2324
ISNE,"5/12/2017 12 a.m. EDT",10944,10640,8472,-2472
ISNE,"5/12/2017 1 a.m. EDT",10369,9960,7935,-2434
ISNE,"5/12/2017 2 a.m. EDT",10023,9540,7514,-2509
ISNE,"5/12/2017 3 a.m. EDT",10109,9330,7520,-2589
ISNE,"5/12/2017 4 a.m. EDT",10082,9280,7494,-2588
ISNE,"5/12/2017 5 a.m. EDT",10139,9570,7569,-2570
ISNE,"5/12/2017 6 a.m. EDT",10876,10450,8500,-2376
ISNE,"5/12/2017 7 a.m. EDT",11949,12030,10041,-1908
ISNE,"5/12/2017 8 a.m. EDT",12950,13060,11165,-1785
ISNE,"5/12/2017 9 a.m. EDT",13180,13300,11616,-1564
ISNE,"5/12/2017 10 a.m. EDT",13228,13340,11414,-1814
ISNE,"5/12/2017 11 a.m. EDT",13246,13330,11318,-1928
ISNE,"5/12/2017 12 p.m. EDT",13176,13290,11310,-1866
ISNE,"5/12/2017 1 p.m. EDT",12974,13210,11020,-1954
ISNE,"5/12/2017 2 p.m. EDT",12779,13100,10765,-2014
ISNE,"5/12/2017 3 p.m. EDT",12499,12990,10468,-2031
ISNE,"5/12/2017 4 p.m. EDT",12359,12890,10354,-2005
ISNE,"5/12/2017 5 p.m. EDT",12408,12940,10435,-1973
ISNE,"5/12/2017 6 p.m. EDT",12629,12920,10730,-1899
ISNE,"5/12/2017 7 p.m. EDT",12763,12890,10749,-2014
ISNE,"5/12/2017 8 p.m. EDT",12881,13020,10801,-2080
ISNE,"5/12/2017 9 p.m. EDT",13227,13310,11181,-2046
ISNE,"5/12/2017 10 p.m. EDT",12763,12700,10720,-2043
ISNE,"5/12/2017 11 p.m. EDT",11833,11650,9924,-1909
ISNE,"5/13/2017 12 a.m. EDT",10937,10630,8673,-2264
ISNE,"5/13/2017 1 a.m. EDT",10481,9820,7919,-2562
ISNE,"5/13/2017 2 a.m. EDT",10222,9400,7828,-2394
ISNE,"5/13/2017 3 a.m. EDT",9955,9160,7550,-2405
ISNE,"5/13/2017 4 a.m. EDT",9853,9060,7348,-2505
ISNE,"5/13/2017 5 a.m. EDT",9932,9150,7551,-2381
ISNE,"5/13/2017 6 a.m. EDT",10131,9460,7803,-2328
ISNE,"5/13/2017 7 a.m. EDT",10275,9980,8379,-1896
ISNE,"5/13/2017 8 a.m. EDT",11076,10820,9074,-2002
ISNE,"5/13/2017 9 a.m. EDT",11586,11610,9750,-1836
ISNE,"5/13/2017 10 a.m. EDT",12026,12100,10120,-1906
ISNE,"5/13/2017 11 a.m. EDT",12188,12220,10396,-1792
ISNE,"5/13/2017 12 p.m. EDT",12129,12220,9994,-2135
ISNE,"5/13/2017 1 p.m. EDT",11895,12070,9666,-2229
ISNE,"5/13/2017 2 p.m. EDT",11674,11940,9678,-1996
ISNE,"5/13/2017 3 p.m. EDT",11611,11890,9405,-2206
ISNE,"5/13/2017 4 p.m. EDT",11707,11920,9405,-2302
ISNE,"5/13/2017 5 p.m. EDT",11933,12050,9697,-2236
ISNE,"5/13/2017 6 p.m. EDT",12312,12320,9954,-2358
ISNE,"5/13/2017 7 p.m. EDT",12562,12470,10129,-2433
ISNE,"5/13/2017 8 p.m. EDT",12707,12670,10066,-2641
ISNE,"5/13/2017 9 p.m. EDT",12816,12820,10129,-2687
ISNE,"5/13/2017 10 p.m. EDT",12320,12300,10127,-2193
ISNE,"5/13/2017 11 p.m. EDT",11495,11420,9317,-2178
ISNE,"5/14/2017 12 a.m. EDT",10723,10500,8456,-2267
ISNE,"5/14/2017 1 a.m. EDT",10343,9820,7823,-2520
ISNE,"5/14/2017 2 a.m. EDT",9986,9340,7629,-2357
ISNE,"5/14/2017 3 a.m. EDT",9960,9080,7613,-2347
ISNE,"5/14/2017 4 a.m. EDT",9876,8960,7549,-2327
ISNE,"5/14/2017 5 a.m. EDT",9907,9050,7679,-2228
ISNE,"5/14/2017 6 a.m. EDT",9888,9320,7618,-2270
ISNE,"5/14/2017 7 a.m. EDT",10002,9520,7801,-2201
ISNE,"5/14/2017 8 a.m. EDT",10726,10280,8687,-2039
ISNE,"5/14/2017 9 a.m. EDT",11336,11070,9337,-1999
ISNE,"5/14/2017 10 a.m. EDT",11975,11870,9880,-2095
ISNE,"5/14/2017 11 a.m. EDT",12208,12270,10070,-2138
ISNE,"5/14/2017 12 p.m. EDT",12197,12190,9981,-2216
ISNE,"5/14/2017 1 p.m. EDT",12112,12150,9652,-2460
ISNE,"5/14/2017 2 p.m. EDT",11847,12080,9324,-2523
ISNE,"5/14/2017 3 p.m. EDT",11630,11900,9110,-2520
ISNE,"5/14/2017 4 p.m. EDT",11645,11980,9172,-2473
ISNE,"5/14/2017 5 p.m. EDT",11889,12120,9417,-2472
ISNE,"5/14/2017 6 p.m. EDT",12287,12340,9759,-2528
ISNE,"5/14/2017 7 p.m. EDT",12506,12570,10059,-2447
ISNE,"5/14/2017 8 p.m. EDT",12800,12790,10332,-2468
ISNE,"5/14/2017 9 p.m. EDT",13078,13150,10626,-2452
ISNE,"5/14/2017 10 p.m. EDT",12480,12570,9995,-2485
ISNE,"5/14/2017 11 p.m. EDT",11422,11470,8852,-2570
ISNE,"5/15/2017 12 a.m. EDT",10606,10310,8075,-2531
ISNE,"5/15/2017 1 a.m. EDT",9981,9650,7898,-2083
ISNE,"5/15/2017 2 a.m. EDT",9799,9300,8017,-1782
ISNE,"5/15/2017 3 a.m. EDT",9722,9140,8049,-1673
ISNE,"5/15/2017 4 a.m. EDT",9732,9160,7972,-1760
ISNE,"5/15/2017 5 a.m. EDT",10059,9500,7994,-2065
ISNE,"5/15/2017 6 a.m. EDT",10745,10490,8707,-2038
ISNE,"5/15/2017 7 a.m. EDT",12174,12110,9745,-2429
ISNE,"5/15/2017 8 a.m. EDT",13240,13250,10956,-2284
ISNE,"5/15/2017 9 a.m. EDT",13727,13530,11357,-2370
ISNE,"5/15/2017 10 a.m. EDT",13958,13610,11590,-2368
ISNE,"5/15/2017 11 a.m. EDT",14023,13660,11597,-2426
ISNE,"5/15/2017 12 p.m. EDT",13852,13640,11467,-2385
ISNE,"5/15/2017 1 p.m. EDT",13688,13530,11648,-2040
ISNE,"5/15/2017 2 p.m. EDT",13607,13410,11530,-2077
ISNE,"5/15/2017 3 p.m. EDT",13486,13210,11495,-1991
ISNE,"5/15/2017 4 p.m. EDT",13519,13210,11424,-2095
ISNE,"5/15/2017 5 p.m. EDT",13658,13380,11627,-2031
ISNE,"5/15/2017 6 p.m. EDT",13828,13510,11676,-2152
ISNE,"5/15/2017 7 p.m. EDT",13865,13730,11733,-2132
ISNE,"5/15/2017 8 p.m. EDT",13927,13860,11704,-2223
ISNE,"5/15/2017 9 p.m. EDT",14074,14110,11926,-2148
ISNE,"5/15/2017 10 p.m. EDT",13345,13250,11189,-2156
ISNE,"5/15/2017 11 p.m. EDT",12042,11900,9725,-2317
ISNE,"5/16/2017 12 a.m. EDT",10851,10720,8405,-2446
ISNE,"5/16/2017 1 a.m. EDT",10062,9780,7852,-2210
ISNE,"5/16/2017 2 a.m. EDT",9857,9390,7489,-2368
ISNE,"5/16/2017 3 a.m. EDT",9479,9210,7481,-1998
ISNE,"5/16/2017 4 a.m. EDT",9883,9230,7918,-1965
ISNE,"5/16/2017 5 a.m. EDT",9985,9630,8178,-1807
ISNE,"5/16/2017 6 a.m. EDT",10708,10460,9037,-1671
ISNE,"5/16/2017 7 a.m. EDT",12004,12000,10249,-1755
ISNE,"5/16/2017 8 a.m. EDT",12816,13120,10885,-1931
ISNE,"5/16/2017 9 a.m. EDT",12804,13350,10957,-1847
ISNE,"5/16/2017 10 a.m. EDT",12708,13400,10742,-1966
ISNE,"5/16/2017 11 a.m. EDT",12692,13530,10927,-1765
ISNE,"5/16/2017 12 p.m. EDT",12786,13550,11369,-1417
ISNE,"5/16/2017 1 p.m. EDT",13025,13570,11572,-1453
ISNE,"5/16/2017 2 p.m. EDT",13191,13690,11786,-1405
ISNE,"5/16/2017 3 p.m. EDT",13282,13760,11865,-1417
ISNE,"5/16/2017 4 p.m. EDT",13574,13800,11815,-1759
ISNE,"5/16/2017 5 p.m. EDT",13790,14050,11834,-1956
ISNE,"5/16/2017 6 p.m. EDT",13981,14180,11995,-1986
ISNE,"5/16/2017 7 p.m. EDT",14163,14320,12200,-1963
ISNE,"5/16/2017 8 p.m. EDT",14273,14270,12146,-2127
ISNE,"5/16/2017 9 p.m. EDT",14523,14550,12272,-2251
ISNE,"5/16/2017 10 p.m. EDT",13818,13720,11540,-2278
ISNE,"5/16/2017 11 p.m. EDT",12371,12320,9850,-2521
ISNE,"5/17/2017 12 a.m. EDT",11174,11020,8775,-2399
ISNE,"5/17/2017 1 a.m. EDT",10654,10230,8461,-2193
ISNE,"5/17/2017 2 a.m. EDT",10417,9800,7998,-2419
ISNE,"5/17/2017 3 a.m. EDT",10123,9560,8034,-2089
ISNE,"5/17/2017 4 a.m. EDT",9910,9500,7796,-2114
ISNE,"5/17/2017 5 a.m. EDT",10275,9480,8181,-2094
ISNE,"5/17/2017 6 a.m. EDT",11088,10290,9206,-1882
ISNE,"5/17/2017 7 a.m. EDT",12498,11920,10160,-2338
ISNE,"5/17/2017 8 a.m. EDT",12931,13270,10390,-2541
ISNE,"5/17/2017 9 a.m. EDT",13196,13580,10773,-2423
ISNE,"5/17/2017 10 a.m. EDT",13387,13900,10934,-2453
ISNE,"5/17/2017 11 a.m. EDT",13659,13730,11100,-2559
ISNE,"5/17/2017 12 p.m. EDT",14031,14300,11333,-2698
ISNE,"5/17/2017 1 p.m. EDT",14409,14560,11666,-2743
ISNE,"5/17/2017 2 p.m. EDT",14952,15060,12146,-2806
ISNE,"5/17/2017 3 p.m. EDT",15371,15420,12806,-2565
ISNE,"5/17/2017 4 p.m. EDT",15868,15650,13590,-2278
ISNE,"5/17/2017 5 p.m. EDT",16494,16080,14161,-2333
ISNE,"5/17/2017 6 p.m. EDT",16985,16340,14482,-2503
ISNE,"5/17/2017 7 p.m. EDT",17107,16620,14521,-2586
ISNE,"5/17/2017 8 p.m. EDT",17062,16460,14457,-2605
ISNE,"5/17/2017 9 p.m. EDT",17230,16500,14522,-2708
ISNE,"5/17/2017 10 p.m. EDT",16464,15690,13749,-2715
ISNE,"5/17/2017 11 p.m. EDT",14913,14130,12543,-2370
ISNE,"5/18/2017 12 a.m. EDT",13579,12780,11371,-2208
ISNE,"5/18/2017 1 a.m. EDT",12542,11890,10008,-2534
ISNE,"5/18/2017 2 a.m. EDT",12131,11300,9922,-2209
ISNE,"5/18/2017 3 a.m. EDT",11899,10910,9508,-2391
ISNE,"5/18/2017 4 a.m. EDT",11678,10760,9269,-2409
ISNE,"5/18/2017 5 a.m. EDT",11829,11070,9748,-2081
ISNE,"5/18/2017 6 a.m. EDT",12340,11800,10058,-2282
ISNE,"5/18/2017 7 a.m. EDT",13521,13540,11279,-2242
ISNE,"5/18/2017 8 a.m. EDT",14920,14860,12576,-2344
ISNE,"5/18/2017 9 a.m. EDT",15752,15620,13597,-2155
ISNE,"5/18/2017 10 a.m. EDT",16489,16320,14276,-2213
ISNE,"5/18/2017 11 a.m. EDT",17154,17120,15011,-2143
ISNE,"5/18/2017 12 p.m. EDT",17684,17790,15587,-2097
ISNE,"5/18/2017 1 p.m. EDT",18094,18190,16001,-2093
ISNE,"5/18/2017 2 p.m. EDT",18682,18850,16597,-2085
ISNE,"5/18/2017 3 p.m. EDT",19233,19050,17030,-2203
ISNE,"5/18/2017 4 p.m. EDT",19577,19440,17451,-2126
ISNE,"5/18/2017 5 p.m. EDT",19787,19900,17384,-2403
ISNE,"5/18/2017 6 p.m. EDT",20011,20000,17388,-2623
ISNE,"5/18/2017 7 p.m. EDT",19794,19450,16806,-2988
ISNE,"5/18/2017 8 p.m. EDT",19427,19140,16306,-3121
ISNE,"5/18/2017 9 p.m. EDT",19294,18960,16343,-2951
ISNE,"5/18/2017 10 p.m. EDT",18297,17870,15386,-2911
ISNE,"5/18/2017 11 p.m. EDT",16403,16060,13568,-2835
ISNE,"5/19/2017 12 a.m. EDT",14936,14340,12319,-2617
ISNE,"5/19/2017 1 a.m. EDT",14131,13490,12032,-2099
ISNE,"5/19/2017 2 a.m. EDT",13006,12840,11242,-1764
ISNE,"5/19/2017 3 a.m. EDT",12766,12280,10825,-1941
ISNE,"5/19/2017 4 a.m. EDT",12460,12010,10482,-1978
ISNE,"5/19/2017 5 a.m. EDT",12526,11810,10608,-1918
ISNE,"5/19/2017 6 a.m. EDT",13119,12510,11231,-1888
ISNE,"5/19/2017 7 a.m. EDT",14086,13940,12521,-1565
ISNE,"5/19/2017 8 a.m. EDT",15391,15390,13776,-1615
ISNE,"5/19/2017 9 a.m. EDT",16134,16190,14426,-1708
ISNE,"5/19/2017 10 a.m. EDT",16742,16840,14588,-2154
ISNE,"5/19/2017 11 a.m. EDT",17317,17230,15244,-2073
ISNE,"5/19/2017 12 p.m. EDT",17785,17290,15498,-2287
ISNE,"5/19/2017 1 p.m. EDT",18192,17310,16120,-2072
ISNE,"5/19/2017 2 p.m. EDT",18595,18250,16442,-2153
ISNE,"5/19/2017 3 p.m. EDT",18805,18350,16402,-2403
ISNE,"5/19/2017 4 p.m. EDT",18967,18280,16661,-2306
ISNE,"5/19/2017 5 p.m. EDT",19084,18900,16716,-2368
ISNE,"5/19/2017 6 p.m. EDT",18969,18460,16464,-2505
ISNE,"5/19/2017 7 p.m. EDT",18307,17990,15754,-2553
ISNE,"5/19/2017 8 p.m. EDT",17442,17130,15010,-2432
ISNE,"5/19/2017 9 p.m. EDT",16842,16480,14486,-2356
ISNE,"5/19/2017 10 p.m. EDT",15767,15100,13480,-2287
ISNE,"5/19/2017 11 p.m. EDT",14106,13630,11709,-2397
ISNE,"5/20/2017 12 a.m. EDT",12488,12290,10062,-2426
ISNE,"5/20/2017 1 a.m. EDT",11548,11050,9620,-1928
ISNE,"5/20/2017 2 a.m. EDT",10790,10380,9129,-1661
ISNE,"5/20/2017 3 a.m. EDT",10339,9930,8725,-1614
ISNE,"5/20/2017 4 a.m. EDT",10201,9700,8427,-1774
ISNE,"5/20/2017 5 a.m. EDT",10255,9740,8459,-1796
ISNE,"5/20/2017 6 a.m. EDT",10349,9960,8521,-1828
ISNE,"5/20/2017 7 a.m. EDT",10751,10510,8775,-1976
ISNE,"5/20/2017 8 a.m. EDT",11190,11220,9486,-1704
ISNE,"5/20/2017 9 a.m. EDT",11460,12010,9923,-1537
ISNE,"5/20/2017 10 a.m. EDT",11705,12400,10112,-1593
ISNE,"5/20/2017 11 a.m. EDT",11786,11850,10193,-1593
ISNE,"5/20/2017 12 p.m. EDT",11702,11880,9983,-1719
ISNE,"5/20/2017 1 p.m. EDT",11365,11900,9854,-1511
ISNE,"5/20/2017 2 p.m. EDT",11278,11960,9750,-1528
ISNE,"5/20/2017 3 p.m. EDT",11505,11290,9820,-1685
ISNE,"5/20/2017 4 p.m. EDT",11715,11440,9848,-1867
ISNE,"5/20/2017 5 p.m. EDT",11987,11790,10186,-1801
ISNE,"5/20/2017 6 p.m. EDT",12510,12300,10412,-2098
ISNE,"5/20/2017 7 p.m. EDT",12816,12480,10664,-2152
ISNE,"5/20/2017 8 p.m. EDT",12757,12700,10451,-2306
ISNE,"5/20/2017 9 p.m. EDT",12878,13000,10655,-2223
ISNE,"5/20/2017 10 p.m. EDT",12529,12140,10579,-1950
ISNE,"5/20/2017 11 p.m. EDT",11635,11310,9560,-2075
ISNE,"5/21/2017 12 a.m. EDT",10609,10450,8248,-2361
ISNE,"5/21/2017 1 a.m. EDT",9935,9770,7792,-2143
ISNE,"5/21/2017 2 a.m. EDT",9783,9450,7798,-1985
ISNE,"5/21/2017 3 a.m. EDT",9519,9150,7799,-1720
ISNE,"5/21/2017 4 a.m. EDT",9396,9010,7595,-1801
ISNE,"5/21/2017 5 a.m. EDT",9420,9040,7576,-1844
ISNE,"5/21/2017 6 a.m. EDT",9430,8990,7570,-1860
ISNE,"5/21/2017 7 a.m. EDT",9737,9500,7528,-2209
ISNE,"5/21/2017 8 a.m. EDT",10214,10030,8099,-2115
ISNE,"5/21/2017 9 a.m. EDT",10544,10600,8698,-1846
ISNE,"5/21/2017 10 a.m. EDT",10945,11090,8994,-1951
ISNE,"5/21/2017 11 a.m. EDT",11127,11280,9068,-2059
ISNE,"5/21/2017 12 p.m. EDT",11044,11360,9066,-1978
ISNE,"5/21/2017 1 p.m. EDT",11104,11370,9143,-1961
ISNE,"5/21/2017 2 p.m. EDT",11050,11400,8972,-2078
ISNE,"5/21/2017 3 p.m. EDT",11009,11440,8848,-2161
ISNE,"5/21/2017 4 p.m. EDT",11160,11590,8934,-2226
ISNE,"5/21/2017 5 p.m. EDT",11707,11940,9468,-2239
ISNE,"5/21/2017 6 p.m. EDT",12405,12380,10566,-1839
ISNE,"5/21/2017 7 p.m. EDT",12768,12620,11187,-1581
ISNE,"5/21/2017 8 p.m. EDT",12860,12810,11428,-1432
ISNE,"5/21/2017 9 p.m. EDT",13152,13000,11605,-1547
ISNE,"5/21/2017 10 p.m. EDT",12592,12460,10430,-2162
ISNE,"5/21/2017 11 p.m. EDT",11425,11290,9185,-2240
ISNE,"5/22/2017 12 a.m. EDT",10529,10250,8273,-2256
ISNE,"5/22/2017 1 a.m. EDT",9884,9540,7649,-2235
ISNE,"5/22/2017 2 a.m. EDT",9709,9220,7421,-2288
ISNE,"5/22/2017 3 a.m. EDT",9507,9070,7436,-2071
ISNE,"5/22/2017 4 a.m. EDT",9493,9060,7520,-1973
ISNE,"5/22/2017 5 a.m. EDT",9770,9370,7829,-1941
ISNE,"5/22/2017 6 a.m. EDT",10648,10130,8855,-1793
ISNE,"5/22/2017 7 a.m. EDT",11904,11870,10018,-1886
ISNE,"5/22/2017 8 a.m. EDT",12889,12980,11167,-1722
ISNE,"5/22/2017 9 a.m. EDT",13371,13350,11735,-1636
ISNE,"5/22/2017 10 a.m. EDT",13639,13550,11946,-1693
ISNE,"5/22/2017 11 a.m. EDT",13882,13720,12251,-1631
ISNE,"5/22/2017 12 p.m. EDT",13923,13690,12247,-1676
ISNE,"5/22/2017 1 p.m. EDT",13938,13630,12232,-1706
ISNE,"5/22/2017 2 p.m. EDT",13984,13600,12258,-1726
ISNE,"5/22/2017 3 p.m. EDT",13906,13550,12159,-1747
ISNE,"5/22/2017 4 p.m. EDT",13890,13560,12081,-1809
ISNE,"5/22/2017 5 p.m. EDT",14063,13830,12249,-1814
ISNE,"5/22/2017 6 p.m. EDT",14396,14040,12584,-1812
ISNE,"5/22/2017 7 p.m. EDT",14458,14110,12802,-1656
ISNE,"5/22/2017 8 p.m. EDT",14321,14150,12564,-1757
ISNE,"5/22/2017 9 p.m. EDT",14097,14250,12354,-1743
ISNE,"5/22/2017 10 p.m. EDT",13174,13290,11376,-1798
ISNE,"5/22/2017 11 p.m. EDT",11858,11910,9919,-1939
ISNE,"5/23/2017 12 a.m. EDT",10938,10740,8911,-2027
ISNE,"5/23/2017 1 a.m. EDT",10204,10080,8141,-2063
ISNE,"5/23/2017 2 a.m. EDT",10022,9560,7970,-2052
ISNE,"5/23/2017 3 a.m. EDT",9828,9340,7783,-2045
ISNE,"5/23/2017 4 a.m. EDT",9790,9290,7723,-2067
ISNE,"5/23/2017 5 a.m. EDT",10027,9560,7913,-2114
ISNE,"5/23/2017 6 a.m. EDT",10568,10410,8420,-2148
ISNE,"5/23/2017 7 a.m. EDT",11785,12050,9874,-1911
ISNE,"5/23/2017 8 a.m. EDT",12776,13230,11064,-1712
ISNE,"5/23/2017 9 a.m. EDT",12931,13580,11259,-1672
ISNE,"5/23/2017 10 a.m. EDT",12885,13640,11605,-1280
ISNE,"5/23/2017 11 a.m. EDT",12889,13670,11543,-1346
ISNE,"5/23/2017 12 p.m. EDT",13110,13750,11862,-1248
ISNE,"5/23/2017 1 p.m. EDT",13301,13730,11915,-1386
ISNE,"5/23/2017 2 p.m. EDT",13378,13830,12196,-1182
ISNE,"5/23/2017 3 p.m. EDT",13430,13860,12095,-1335
ISNE,"5/23/2017 4 p.m. EDT",13456,13850,12039,-1417
ISNE,"5/23/2017 5 p.m. EDT",13616,14130,12230,-1386
ISNE,"5/23/2017 6 p.m. EDT",13823,14370,12586,-1237
ISNE,"5/23/2017 7 p.m. EDT",13903,14380,12335,-1568
ISNE,"5/23/2017 8 p.m. EDT",13963,14360,12387,-1576
ISNE,"5/23/2017 9 p.m. EDT",14195,14480,12929,-1266
ISNE,"5/23/2017 10 p.m. EDT",13537,13750,12620,-917
ISNE,"5/23/2017 11 p.m. EDT",12205,12330,10922,-1283
ISNE,"5/24/2017 12 a.m. EDT",11167,11060,9492,-1675
ISNE,"5/24/2017 1 a.m. EDT",10383,10160,8391,-1992
ISNE,"5/24/2017 2 a.m. EDT",10103,9690,7926,-2177
ISNE,"5/24/2017 3 a.m. EDT",9842,9440,7813,-2029
ISNE,"5/24/2017 4 a.m. EDT",9774,9390,8309,-1465
ISNE,"5/24/2017 5 a.m. EDT",10021,9600,9003,-1018
ISNE,"5/24/2017 6 a.m. EDT",10632,10420,9834,-798
ISNE,"5/24/2017 7 a.m. EDT",11907,11820,11438,-469
ISNE,"5/24/2017 8 a.m. EDT",12992,12930,12800,-192
ISNE,"5/24/2017 9 a.m. EDT",13337,13060,13310,-27
ISNE,"5/24/2017 10 a.m. EDT",13477,13180,13501,24
ISNE,"5/24/2017 11 a.m. EDT",13687,13250,13523,-164
ISNE,"5/24/2017 12 p.m. EDT",13702,13370,13498,-204
ISNE,"5/24/2017 1 p.m. EDT",13596,13420,13486,-110
ISNE,"5/24/2017 2 p.m. EDT",13548,13760,13790,242
ISNE,"5/24/2017 3 p.m. EDT",13375,13920,14176,801
ISNE,"5/24/2017 4 p.m. EDT",13420,14070,14146,726
ISNE,"5/24/2017 5 p.m. EDT",13707,14410,13850,143
ISNE,"5/24/2017 6 p.m. EDT",13873,14560,13699,-174
ISNE,"5/24/2017 7 p.m. EDT",13931,14660,13519,-412
ISNE,"5/24/2017 8 p.m. EDT",13927,14490,13437,-490
ISNE,"5/24/2017 9 p.m. EDT",14125,14500,13672,-453
ISNE,"5/24/2017 10 p.m. EDT",13530,13670,13309,-221
ISNE,"5/24/2017 11 p.m. EDT",12199,12210,11746,-453
ISNE,"5/25/2017 12 a.m. EDT",11159,10950,10279,-880
ISNE,"5/25/2017 1 a.m. EDT",10110,10110,9135,-975
ISNE,"5/25/2017 2 a.m. EDT",9812,9630,8886,-926
ISNE,"5/25/2017 3 a.m. EDT",9589,9380,8820,-769
ISNE,"5/25/2017 4 a.m. EDT",9505,9330,8735,-770
ISNE,"5/25/2017 5 a.m. EDT",9520,9540,8978,-542
ISNE,"5/25/2017 6 a.m. EDT",10297,10350,10089,-208
ISNE,"5/25/2017 7 a.m. EDT",11818,11910,11664,-154
ISNE,"5/25/2017 8 a.m. EDT",13053,13070,12736,-317
ISNE,"5/25/2017 9 a.m. EDT",13551,13440,13307,-244
ISNE,"5/25/2017 10 a.m. EDT",13796,13580,13532,-264
ISNE,"5/25/2017 11 a.m. EDT",13958,13740,13695,-263
ISNE,"5/25/2017 12 p.m. EDT",14065,13850,13804,-261
ISNE,"5/25/2017 1 p.m. EDT",14043,13840,13881,-162
ISNE,"5/25/2017 2 p.m. EDT",14062,13860,13991,-71
ISNE,"5/25/2017 3 p.m. EDT",13969,13860,14036,67
ISNE,"5/25/2017 4 p.m. EDT",13910,13850,13763,-147
ISNE,"5/25/2017 5 p.m. EDT",13962,14040,13842,-120
ISNE,"5/25/2017 6 p.m. EDT",14185,14180,14158,-27
ISNE,"5/25/2017 7 p.m. EDT",14219,14060,13981,-238
ISNE,"5/25/2017 8 p.m. EDT",14171,14050,13910,-261
ISNE,"5/25/2017 9 p.m. EDT",14119,14200,13852,-267
ISNE,"5/25/2017 10 p.m. EDT",13341,13440,13037,-304
ISNE,"5/25/2017 11 p.m. EDT",12075,12130,11359,-716
ISNE,"5/26/2017 12 a.m. EDT",10915,10890,10128,-787
ISNE,"5/26/2017 1 a.m. EDT",10317,10080,9357,-960
ISNE,"5/26/2017 2 a.m. EDT",9932,9610,8946,-986
ISNE,"5/26/2017 3 a.m. EDT",9687,9380,8990,-697
ISNE,"5/26/2017 4 a.m. EDT",9629,9350,9010,-619
ISNE,"5/26/2017 5 a.m. EDT",9847,9610,9292,-555
ISNE,"5/26/2017 6 a.m. EDT",10595,10430,9905,-690
ISNE,"5/26/2017 7 a.m. EDT",11841,11950,11244,-597
ISNE,"5/26/2017 8 a.m. EDT",13061,13110,12412,-649
ISNE,"5/26/2017 9 a.m. EDT",13610,13500,12891,-719
ISNE,"5/26/2017 10 a.m. EDT",13816,13670,13097,-719
ISNE,"5/26/2017 11 a.m. EDT",13908,13810,13127,-781
ISNE,"5/26/2017 12 p.m. EDT",13787,13850,13089,-698
ISNE,"5/26/2017 1 p.m. EDT",13696,13800,13041,-655
ISNE,"5/26/2017 2 p.m. EDT",13747,13680,12908,-839
ISNE,"5/26/2017 3 p.m. EDT",13617,13590,12806,-811
ISNE,"5/26/2017 4 p.m. EDT",13495,13520,12699,-796
ISNE,"5/26/2017 5 p.m. EDT",13477,13590,12785,-692
ISNE,"5/26/2017 6 p.m. EDT",13605,13620,12590,-1015
ISNE,"5/26/2017 7 p.m. EDT",13562,13520,12511,-1051
ISNE,"5/26/2017 8 p.m. EDT",13479,13450,12317,-1162
ISNE,"5/26/2017 9 p.m. EDT",13493,13510,12459,-1034
ISNE,"5/26/2017 10 p.m. EDT",12926,12940,12071,-855
ISNE,"5/26/2017 11 p.m. EDT",11892,11900,10829,-1063
ISNE,"5/27/2017 12 a.m. EDT",10796,10810,9401,-1395
ISNE,"5/27/2017 1 a.m. EDT",10014,10010,8413,-1601
ISNE,"5/27/2017 2 a.m. EDT",9516,9540,7956,-1560
ISNE,"5/27/2017 3 a.m. EDT",9504,9250,8171,-1333
ISNE,"5/27/2017 4 a.m. EDT",9622,9080,8495,-1127
ISNE,"5/27/2017 5 a.m. EDT",9651,9150,8485,-1166
ISNE,"5/27/2017 6 a.m. EDT",9826,9340,8911,-915
ISNE,"5/27/2017 7 a.m. EDT",10284,9910,9153,-1131
ISNE,"5/27/2017 8 a.m. EDT",10930,10610,10060,-870
ISNE,"5/27/2017 9 a.m. EDT",11246,11430,10471,-775
ISNE,"5/27/2017 10 a.m. EDT",11497,11740,10782,-715
ISNE,"5/27/2017 11 a.m. EDT",11556,11890,10892,-664
ISNE,"5/27/2017 12 p.m. EDT",11419,11720,10706,-713
ISNE,"5/27/2017 1 p.m. EDT",11287,11580,10593,-694
ISNE,"5/27/2017 2 p.m. EDT",11148,11540,10419,-729
ISNE,"5/27/2017 3 p.m. EDT",11129,11460,10403,-726
ISNE,"5/27/2017 4 p.m. EDT",11265,11600,10493,-772
ISNE,"5/27/2017 5 p.m. EDT",11609,11880,10829,-780
ISNE,"5/27/2017 6 p.m. EDT",11990,12150,11151,-839
ISNE,"5/27/2017 7 p.m. EDT",12166,12400,11048,-1118
ISNE,"5/27/2017 8 p.m. EDT",12215,12420,10924,-1291
ISNE,"5/27/2017 9 p.m. EDT",12456,12700,11361,-1095
ISNE,"5/27/2017 10 p.m. EDT",12224,12300,11221,-1003
ISNE,"5/27/2017 11 p.m. EDT",11361,11390,10200,-1161
ISNE,"5/28/2017 12 a.m. EDT",10420,10450,9103,-1317
ISNE,"5/28/2017 1 a.m. EDT",9904,9710,8056,-1848
ISNE,"5/28/2017 2 a.m. EDT",9467,9260,7614,-1853
ISNE,"5/28/2017 3 a.m. EDT",9177,8970,7890,-1287
ISNE,"5/28/2017 4 a.m. EDT",9057,8810,7975,-1082
ISNE,"5/28/2017 5 a.m. EDT",9205,8860,7665,-1540
ISNE,"5/28/2017 6 a.m. EDT",9361,8930,7617,-1744
ISNE,"5/28/2017 7 a.m. EDT",9666,9190,7997,-1669
ISNE,"5/28/2017 8 a.m. EDT",10117,9870,8352,-1765
ISNE,"5/28/2017 9 a.m. EDT",10645,10730,8751,-1894
ISNE,"5/28/2017 10 a.m. EDT",10739,11330,8807,-1932
ISNE,"5/28/2017 11 a.m. EDT",10934,11550,8929,-2005
ISNE,"5/28/2017 12 p.m. EDT",11143,11720,9237,-1906
ISNE,"5/28/2017 1 p.m. EDT",11421,11720,9486,-1935
ISNE,"5/28/2017 2 p.m. EDT",11537,11710,9553,-1984
ISNE,"5/28/2017 3 p.m. EDT",11529,11680,9581,-1948
ISNE,"5/28/2017 4 p.m. EDT",11479,11790,9495,-1984
ISNE,"5/28/2017 5 p.m. EDT",11619,12130,9632,-1987
ISNE,"5/28/2017 6 p.m. EDT",11862,12490,9752,-2110
ISNE,"5/28/2017 7 p.m. EDT",11976,12700,9751,-2225
ISNE,"5/28/2017 8 p.m. EDT",12022,12750,9577,-2445
ISNE,"5/28/2017 9 p.m. EDT",12257,12950,9911,-2346
ISNE,"5/28/2017 10 p.m. EDT",11973,12510,9536,-2437
ISNE,"5/28/2017 11 p.m. EDT",11156,11470,9011,-2145
ISNE,"5/29/2017 12 a.m. EDT",10631,10450,8447,-2184
ISNE,"5/29/2017 1 a.m. EDT",10037,9710,7720,-2317
ISNE,"5/29/2017 2 a.m. EDT",9581,9220,7611,-1970
ISNE,"5/29/2017 3 a.m. EDT",9342,8950,7569,-1773
ISNE,"5/29/2017 4 a.m. EDT",9220,8720,7541,-1679
ISNE,"5/29/2017 5 a.m. EDT",9018,8840,7503,-1515
ISNE,"5/29/2017 6 a.m. EDT",9193,8940,7603,-1590
ISNE,"5/29/2017 7 a.m. EDT",9587,9170,7891,-1696
ISNE,"5/29/2017 8 a.m. EDT",10125,9810,8434,-1691
ISNE,"5/29/2017 9 a.m. EDT",10942,10560,9538,-1404
ISNE,"5/29/2017 10 a.m. EDT",11750,11230,10226,-1524
ISNE,"5/29/2017 11 a.m. EDT",12309,11650,10570,-1739
ISNE,"5/29/2017 12 p.m. EDT",12684,11820,10945,-1739
ISNE,"5/29/2017 1 p.m. EDT",12744,11850,11028,-1716
ISNE,"5/29/2017 2 p.m. EDT",12633,11790,10834,-1799
ISNE,"5/29/2017 3 p.m. EDT",12596,11810,10724,-1872
ISNE,"5/29/2017 4 p.m. EDT",12534,11880,10649,-1885
ISNE,"5/29/2017 5 p.m. EDT",12757,12200,10908,-1849
ISNE,"5/29/2017 6 p.m. EDT",13121,12620,11207,-1914
ISNE,"5/29/2017 7 p.m. EDT",13179,12750,10931,-2248
ISNE,"5/29/2017 8 p.m. EDT",13148,12890,11049,-2099
ISNE,"5/29/2017 9 p.m. EDT",13144,13150,11074,-2070
ISNE,"5/29/2017 10 p.m. EDT",12451,12400,10182,-2269
ISNE,"5/29/2017 11 p.m. EDT",11273,11240,8955,-2318
ISNE,"5/30/2017 12 a.m. EDT",10272,10160,8028,-2244
ISNE,"5/30/2017 1 a.m. EDT",9609,9620,7362,-2247
ISNE,"5/30/2017 2 a.m. EDT",9277,9200,7088,-2189
ISNE,"5/30/2017 3 a.m. EDT",9160,9000,7143,-2017
ISNE,"5/30/2017 4 a.m. EDT",9407,8900,7171,-2236
ISNE,"5/30/2017 5 a.m. EDT",9725,9200,7607,-2118
ISNE,"5/30/2017 6 a.m. EDT",10604,9970,8773,-1831
ISNE,"5/30/2017 7 a.m. EDT",11828,11670,10191,-1637
ISNE,"5/30/2017 8 a.m. EDT",12925,12870,11336,-1589
ISNE,"5/30/2017 9 a.m. EDT",13329,13310,11761,-1568
ISNE,"5/30/2017 10 a.m. EDT",13482,13430,11933,-1549
ISNE,"5/30/2017 11 a.m. EDT",13567,13530,11963,-1604
ISNE,"5/30/2017 12 p.m. EDT",13609,13570,11937,-1672
ISNE,"5/30/2017 1 p.m. EDT",13655,13540,11915,-1740
ISNE,"5/30/2017 2 p.m. EDT",13761,13590,12008,-1753
ISNE,"5/30/2017 3 p.m. EDT",13650,13490,11835,-1815
ISNE,"5/30/2017 4 p.m. EDT",13620,13450,11565,-2055
ISNE,"5/30/2017 5 p.m. EDT",13758,13580,11595,-2163
ISNE,"5/30/2017 6 p.m. EDT",13969,13680,11798,-2171
ISNE,"5/30/2017 7 p.m. EDT",14035,13680,11815,-2220
ISNE,"5/30/2017 8 p.m. EDT",14037,13650,11710,-2327
ISNE,"5/30/2017 9 p.m. EDT",14048,13860,11762,-2286
ISNE,"5/30/2017 10 p.m. EDT",13308,13220,11140,-2168
ISNE,"5/30/2017 11 p.m. EDT",11996,11940,9788,-2208
ISNE,"5/31/2017 12 a.m. EDT",10800,10760,8604,-2196
ISNE,"5/31/2017 1 a.m. EDT",10206,10130,7902,-2304
ISNE,"5/31/2017 2 a.m. EDT",9869,9670,7643,-2226
ISNE,"5/31/2017 3 a.m. EDT",9862,9440,7501,-2361
ISNE,"5/31/2017 4 a.m. EDT",9830,9380,7405,-2425
ISNE,"5/31/2017 5 a.m. EDT",10076,9660,7513,-2563
ISNE,"5/31/2017 6 a.m. EDT",10908,10480,8336,-2572
ISNE,"5/31/2017 7 a.m. EDT",12279,12090,10075,-2204
ISNE,"5/31/2017 8 a.m. EDT",13190,13300,11042,-2148
ISNE,"5/31/2017 9 a.m. EDT",13680,13710,11523,-2157
ISNE,"5/31/2017 10 a.m. EDT",13849,13880,11643,-2206
ISNE,"5/31/2017 11 a.m. EDT",14002,14060,11593,-2409
ISNE,"5/31/2017 12 p.m. EDT",14133,14130,11740,-2393
ISNE,"5/31/2017 1 p.m. EDT",14009,14130,11656,-2353
ISNE,"5/31/2017 2 p.m. EDT",13893,14230,11708,-2185
ISNE,"5/31/2017 3 p.m. EDT",13862,14200,11692,-2170
ISNE,"5/31/2017 4 p.m. EDT",13889,14270,11800,-2089
ISNE,"5/31/2017 5 p.m. EDT",14104,14480,11946,-2158
ISNE,"5/31/2017 6 p.m. EDT",14338,14580,12324,-2014
ISNE,"5/31/2017 7 p.m. EDT",14421,14580,12198,-2223
ISNE,"5/31/2017 8 p.m. EDT",14479,14530,11908,-2571
ISNE,"5/31/2017 9 p.m. EDT",14464,14720,12270,-2194
ISNE,"5/31/2017 10 p.m. EDT",13690,13890,11904,-1786
ISNE,"5/31/2017 11 p.m. EDT",12310,12480,10306,-2004
ISNE,"6/1/2017 12 a.m. EDT",11028,11200,9019,-2009
