"BA Code","Timestamp (Hour Ending)","Demand (MWh)","Demand Forecast (MWh)","Net Generation (MWh)","Total Interchange (MWh)"
ISNE,"7/1/2015 1 a.m. EDT",12583,11810,11322,-1261
ISNE,"7/1/2015 2 a.m. EDT",12349,11190,11376,-973
ISNE,"7/1/2015 3 a.m. EDT",12445,10860,11305,-1140
ISNE,"7/1/2015 4 a.m. EDT",12385,10760,11303,-1082
ISNE,"7/1/2015 5 a.m. EDT",12387,11200,11460,-927
ISNE,"7/1/2015 6 a.m. EDT",12931,11830,11817,-1114
ISNE,"7/1/2015 7 a.m. EDT",13655,13200,12358,-1297
ISNE,"7/1/2015 8 a.m. EDT",14740,14640,13630,-1110
ISNE,"7/1/2015 9 a.m. EDT",15669,15530,14357,-1312
ISNE,"7/1/2015 10 a.m. EDT",16275,16160,14684,-1591
ISNE,"7/1/2015 11 a.m. EDT",16801,16750,15202,-1599
ISNE,"7/1/2015 12 p.m. EDT",17112,17160,15482,-1630
ISNE,"7/1/2015 1 p.m. EDT",17218,17450,15560,-1658
ISNE,"7/1/2015 2 p.m. EDT",17569,17830,15763,-1806
ISNE,"7/1/2015 3 p.m. EDT",17846,18060,16163,-1683
ISNE,"7/1/2015 4 p.m. EDT",18117,18180,16443,-1674
ISNE,"7/1/2015 5 p.m. EDT",18354,18260,16771,-1583
ISNE,"7/1/2015 6 p.m. EDT",18456,18190,16906,-1550
ISNE,"7/1/2015 7 p.m. EDT",18150,17820,16488,-1662
ISNE,"7/1/2015 8 p.m. EDT",17653,17410,16007,-1646
ISNE,"7/1/2015 9 p.m. EDT",17286,17290,15468,-1818
ISNE,"7/1/2015 10 p.m. EDT",16701,16720,14882,-1819
ISNE,"7/1/2015 11 p.m. EDT",15220,15240,13830,-1390
ISNE,"7/2/2015 12 a.m. EDT",13594,13690,12151,-1443
ISNE,"7/2/2015 1 a.m. EDT",13011,12460,11606,-1405
ISNE,"7/2/2015 2 a.m. EDT",12881,11770,11648,-1233
ISNE,"7/2/2015 3 a.m. EDT",12635,11320,11237,-1398
ISNE,"7/2/2015 4 a.m. EDT",12426,11090,11085,-1341
ISNE,"7/2/2015 5 a.m. EDT",12459,11190,11109,-1350
ISNE,"7/2/2015 6 a.m. EDT",12942,11580,11656,-1286
ISNE,"7/2/2015 7 a.m. EDT",13642,13030,12557,-1085
ISNE,"7/2/2015 8 a.m. EDT",14158,14380,13124,-1034
ISNE,"7/2/2015 9 a.m. EDT",15123,15220,14120,-1003
ISNE,"7/2/2015 10 a.m. EDT",15784,15860,14661,-1123
ISNE,"7/2/2015 11 a.m. EDT",16339,16450,15030,-1309
ISNE,"7/2/2015 12 p.m. EDT",16730,16880,15205,-1525
ISNE,"7/2/2015 1 p.m. EDT",16988,17030,15328,-1660
ISNE,"7/2/2015 2 p.m. EDT",17270,17370,15646,-1624
ISNE,"7/2/2015 3 p.m. EDT",17394,17770,15860,-1534
ISNE,"7/2/2015 4 p.m. EDT",17342,17930,15794,-1548
ISNE,"7/2/2015 5 p.m. EDT",17280,18200,15573,-1707
ISNE,"7/2/2015 6 p.m. EDT",17139,18000,15336,-1803
ISNE,"7/2/2015 7 p.m. EDT",16726,17520,14943,-1783
ISNE,"7/2/2015 8 p.m. EDT",16305,16950,14608,-1697
ISNE,"7/2/2015 9 p.m. EDT",16178,16730,14409,-1769
ISNE,"7/2/2015 10 p.m. EDT",15779,16140,14308,-1471
ISNE,"7/2/2015 11 p.m. EDT",14564,14690,13521,-1043
ISNE,"7/3/2015 12 a.m. EDT",13356,13250,12292,-1064
ISNE,"7/3/2015 1 a.m. EDT",12463,12130,11312,-1151
ISNE,"7/3/2015 2 a.m. EDT",11827,11340,11003,-824
ISNE,"7/3/2015 3 a.m. EDT",11543,10850,10788,-755
ISNE,"7/3/2015 4 a.m. EDT",11491,10560,10781,-710
ISNE,"7/3/2015 5 a.m. EDT",11705,10340,10922,-783
ISNE,"7/3/2015 6 a.m. EDT",11785,10380,10666,-1119
ISNE,"7/3/2015 7 a.m. EDT",11714,10830,10899,-815
ISNE,"7/3/2015 8 a.m. EDT",12415,11800,11388,-1027
ISNE,"7/3/2015 9 a.m. EDT",13099,12860,12052,-1047
ISNE,"7/3/2015 10 a.m. EDT",13793,13660,12840,-953
ISNE,"7/3/2015 11 a.m. EDT",14295,14170,13421,-874
ISNE,"7/3/2015 12 p.m. EDT",14614,14480,13470,-1144
ISNE,"7/3/2015 1 p.m. EDT",14792,14670,13754,-1038
ISNE,"7/3/2015 2 p.m. EDT",14984,14760,13878,-1106
ISNE,"7/3/2015 3 p.m. EDT",15227,14820,14071,-1156
ISNE,"7/3/2015 4 p.m. EDT",15551,14860,14482,-1069
ISNE,"7/3/2015 5 p.m. EDT",15947,14830,14826,-1121
ISNE,"7/3/2015 6 p.m. EDT",16186,14910,15143,-1043
ISNE,"7/3/2015 7 p.m. EDT",15858,14830,14978,-880
ISNE,"7/3/2015 8 p.m. EDT",15256,14660,14273,-983
ISNE,"7/3/2015 9 p.m. EDT",14964,14510,14000,-964
ISNE,"7/3/2015 10 p.m. EDT",14578,14490,13604,-974
ISNE,"7/3/2015 11 p.m. EDT",13600,13500,12707,-893
ISNE,"7/4/2015 12 a.m. EDT",12491,12310,11715,-776
ISNE,"7/4/2015 1 a.m. EDT",11669,11410,11010,-659
ISNE,"7/4/2015 2 a.m. EDT",11348,10840,10590,-758
ISNE,"7/4/2015 3 a.m. EDT",11348,10520,10270,-1078
ISNE,"7/4/2015 4 a.m. EDT",11349,10330,10211,-1138
ISNE,"7/4/2015 5 a.m. EDT",11283,10270,10283,-1000
ISNE,"7/4/2015 6 a.m. EDT",11274,10090,10233,-1041
ISNE,"7/4/2015 7 a.m. EDT",11574,10420,10484,-1090
ISNE,"7/4/2015 8 a.m. EDT",11956,11230,11218,-738
ISNE,"7/4/2015 9 a.m. EDT",12243,12580,11525,-718
ISNE,"7/4/2015 10 a.m. EDT",12809,13530,12030,-779
ISNE,"7/4/2015 11 a.m. EDT",13352,14150,12686,-666
ISNE,"7/4/2015 12 p.m. EDT",13635,14480,12837,-798
ISNE,"7/4/2015 1 p.m. EDT",13828,14650,13059,-769
ISNE,"7/4/2015 2 p.m. EDT",13749,14680,12893,-856
ISNE,"7/4/2015 3 p.m. EDT",13511,14860,12566,-945
ISNE,"7/4/2015 4 p.m. EDT",13334,14890,12372,-962
ISNE,"7/4/2015 5 p.m. EDT",13297,14820,12349,-948
ISNE,"7/4/2015 6 p.m. EDT",13386,14860,12405,-981
ISNE,"7/4/2015 7 p.m. EDT",13371,14860,12491,-880
ISNE,"7/4/2015 8 p.m. EDT",13208,14600,12524,-684
ISNE,"7/4/2015 9 p.m. EDT",13137,14350,12372,-765
ISNE,"7/4/2015 10 p.m. EDT",12953,14020,12344,-609
ISNE,"7/4/2015 11 p.m. EDT",12421,13070,11713,-708
ISNE,"7/5/2015 12 a.m. EDT",11655,11980,11168,-487
ISNE,"7/5/2015 1 a.m. EDT",10803,10980,10455,-348
ISNE,"7/5/2015 2 a.m. EDT",10678,10420,10381,-297
ISNE,"7/5/2015 3 a.m. EDT",10755,10020,10405,-350
ISNE,"7/5/2015 4 a.m. EDT",10711,9790,10303,-408
ISNE,"7/5/2015 5 a.m. EDT",10885,9740,10326,-559
ISNE,"7/5/2015 6 a.m. EDT",10675,9620,10342,-333
ISNE,"7/5/2015 7 a.m. EDT",10368,10020,10446,78
ISNE,"7/5/2015 8 a.m. EDT",10611,10950,10808,197
ISNE,"7/5/2015 9 a.m. EDT",11543,12030,11539,-4
ISNE,"7/5/2015 10 a.m. EDT",12519,13010,12007,-512
ISNE,"7/5/2015 11 a.m. EDT",13338,13790,12627,-711
ISNE,"7/5/2015 12 p.m. EDT",13975,14430,13287,-688
ISNE,"7/5/2015 1 p.m. EDT",14510,14840,14082,-428
ISNE,"7/5/2015 2 p.m. EDT",14883,15190,14002,-881
ISNE,"7/5/2015 3 p.m. EDT",15226,15540,14288,-938
ISNE,"7/5/2015 4 p.m. EDT",15647,15740,14705,-942
ISNE,"7/5/2015 5 p.m. EDT",16138,16300,14696,-1442
ISNE,"7/5/2015 6 p.m. EDT",16595,16670,15247,-1348
ISNE,"7/5/2015 7 p.m. EDT",16653,16580,15470,-1183
ISNE,"7/5/2015 8 p.m. EDT",16440,16260,15442,-998
ISNE,"7/5/2015 9 p.m. EDT",16383,16140,14972,-1411
ISNE,"7/5/2015 10 p.m. EDT",16084,15810,15156,-928
ISNE,"7/5/2015 11 p.m. EDT",14848,14580,14383,-465
ISNE,"7/6/2015 12 a.m. EDT",13411,13360,12850,-561
ISNE,"7/6/2015 1 a.m. EDT",12775,12080,12073,-702
ISNE,"7/6/2015 2 a.m. EDT",12634,11480,12030,-604
ISNE,"7/6/2015 3 a.m. EDT",12607,11090,11992,-615
ISNE,"7/6/2015 4 a.m. EDT",12590,10960,12016,-574
ISNE,"7/6/2015 5 a.m. EDT",12640,11130,11983,-657
ISNE,"7/6/2015 6 a.m. EDT",12575,11750,11953,-622
ISNE,"7/6/2015 7 a.m. EDT",13004,13250,12449,-555
ISNE,"7/6/2015 8 a.m. EDT",14476,14840,13836,-640
ISNE,"7/6/2015 9 a.m. EDT",15660,15920,14843,-817
ISNE,"7/6/2015 10 a.m. EDT",16665,16810,15852,-813
ISNE,"7/6/2015 11 a.m. EDT",17625,17690,16720,-905
ISNE,"7/6/2015 12 p.m. EDT",18394,18350,17444,-950
ISNE,"7/6/2015 1 p.m. EDT",18838,18870,17521,-1317
ISNE,"7/6/2015 2 p.m. EDT",19262,19420,17925,-1337
ISNE,"7/6/2015 3 p.m. EDT",19504,19790,18032,-1472
ISNE,"7/6/2015 4 p.m. EDT",19680,20080,18282,-1398
ISNE,"7/6/2015 5 p.m. EDT",19896,20340,18601,-1295
ISNE,"7/6/2015 6 p.m. EDT",20011,20170,18966,-1045
ISNE,"7/6/2015 7 p.m. EDT",19683,19730,18562,-1121
ISNE,"7/6/2015 8 p.m. EDT",19154,19080,17852,-1302
ISNE,"7/6/2015 9 p.m. EDT",18843,18790,17354,-1489
ISNE,"7/6/2015 10 p.m. EDT",18103,17950,16899,-1204
ISNE,"7/6/2015 11 p.m. EDT",16373,16300,14982,-1391
ISNE,"7/7/2015 12 a.m. EDT",15134,14680,13164,-1970
ISNE,"7/7/2015 1 a.m. EDT",14126,13240,12822,-1304
ISNE,"7/7/2015 2 a.m. EDT",13627,12470,12504,-1123
ISNE,"7/7/2015 3 a.m. EDT",13608,11980,12031,-1577
ISNE,"7/7/2015 4 a.m. EDT",13501,11780,11428,-2073
ISNE,"7/7/2015 5 a.m. EDT",13659,11910,12014,-1645
ISNE,"7/7/2015 6 a.m. EDT",14141,12600,12664,-1477
ISNE,"7/7/2015 7 a.m. EDT",14813,14050,13423,-1390
ISNE,"7/7/2015 8 a.m. EDT",16068,15650,14661,-1407
ISNE,"7/7/2015 9 a.m. EDT",16864,16710,15785,-1079
ISNE,"7/7/2015 10 a.m. EDT",17751,17550,16755,-996
ISNE,"7/7/2015 11 a.m. EDT",18678,18420,17163,-1515
ISNE,"7/7/2015 12 p.m. EDT",19376,19180,17471,-1905
ISNE,"7/7/2015 1 p.m. EDT",19910,19670,17966,-1944
ISNE,"7/7/2015 2 p.m. EDT",20424,20190,18405,-2019
ISNE,"7/7/2015 3 p.m. EDT",20699,20590,18750,-1949
ISNE,"7/7/2015 4 p.m. EDT",20835,20820,19174,-1661
ISNE,"7/7/2015 5 p.m. EDT",20867,21020,19107,-1760
ISNE,"7/7/2015 6 p.m. EDT",20831,20720,18779,-2052
ISNE,"7/7/2015 7 p.m. EDT",20474,20320,18410,-2064
ISNE,"7/7/2015 8 p.m. EDT",20000,19790,17833,-2167
ISNE,"7/7/2015 9 p.m. EDT",19794,19520,17422,-2372
ISNE,"7/7/2015 10 p.m. EDT",19039,18750,16849,-2190
ISNE,"7/7/2015 11 p.m. EDT",17421,17110,15314,-2107
ISNE,"7/8/2015 12 a.m. EDT",16032,15430,14210,-1822
ISNE,"7/8/2015 1 a.m. EDT",15512,14510,13939,-1573
ISNE,"7/8/2015 2 a.m. EDT",15199,13710,13501,-1698
ISNE,"7/8/2015 3 a.m. EDT",14746,13190,13115,-1631
ISNE,"7/8/2015 4 a.m. EDT",14464,12930,12860,-1604
ISNE,"7/8/2015 5 a.m. EDT",14589,13100,13101,-1488
ISNE,"7/8/2015 6 a.m. EDT",14968,13730,13284,-1684
ISNE,"7/8/2015 7 a.m. EDT",15884,15150,14123,-1761
ISNE,"7/8/2015 8 a.m. EDT",17112,16810,15303,-1809
ISNE,"7/8/2015 9 a.m. EDT",17857,17950,16118,-1739
ISNE,"7/8/2015 10 a.m. EDT",18572,18840,16706,-1866
ISNE,"7/8/2015 11 a.m. EDT",19338,19670,17300,-2038
ISNE,"7/8/2015 12 p.m. EDT",20077,20330,17765,-2312
ISNE,"7/8/2015 1 p.m. EDT",20625,20860,18368,-2257
ISNE,"7/8/2015 2 p.m. EDT",21114,21300,18943,-2171
ISNE,"7/8/2015 3 p.m. EDT",21407,21600,19094,-2313
ISNE,"7/8/2015 4 p.m. EDT",21497,21740,19047,-2450
ISNE,"7/8/2015 5 p.m. EDT",21512,21810,19490,-2022
ISNE,"7/8/2015 6 p.m. EDT",21340,21580,19477,-1863
ISNE,"7/8/2015 7 p.m. EDT",20865,20920,18550,-2315
ISNE,"7/8/2015 8 p.m. EDT",20138,20240,17939,-2199
ISNE,"7/8/2015 9 p.m. EDT",19668,19810,17736,-1932
ISNE,"7/8/2015 10 p.m. EDT",18789,18940,17004,-1785
ISNE,"7/8/2015 11 p.m. EDT",16971,17120,15436,-1535
ISNE,"7/9/2015 12 a.m. EDT",15323,15330,13825,-1498
ISNE,"7/9/2015 1 a.m. EDT",14004,13840,12775,-1229
ISNE,"7/9/2015 2 a.m. EDT",13562,12950,12346,-1216
ISNE,"7/9/2015 3 a.m. EDT",13381,12410,11838,-1543
ISNE,"7/9/2015 4 a.m. EDT",13019,12170,11965,-1054
ISNE,"7/9/2015 5 a.m. EDT",13025,12200,12049,-976
ISNE,"7/9/2015 6 a.m. EDT",13505,12550,12698,-807
ISNE,"7/9/2015 7 a.m. EDT",13941,13830,13446,-495
ISNE,"7/9/2015 8 a.m. EDT",14967,15150,14554,-413
ISNE,"7/9/2015 9 a.m. EDT",15762,16030,15182,-580
ISNE,"7/9/2015 10 a.m. EDT",16240,16600,15280,-960
ISNE,"7/9/2015 11 a.m. EDT",16666,17100,15486,-1180
ISNE,"7/9/2015 12 p.m. EDT",16952,17570,15730,-1222
ISNE,"7/9/2015 1 p.m. EDT",17145,17790,15777,-1368
ISNE,"7/9/2015 2 p.m. EDT",17508,18100,16013,-1495
ISNE,"7/9/2015 3 p.m. EDT",17663,18270,15994,-1669
ISNE,"7/9/2015 4 p.m. EDT",17724,18340,15982,-1742
ISNE,"7/9/2015 5 p.m. EDT",17799,18400,15973,-1826
ISNE,"7/9/2015 6 p.m. EDT",17693,18290,15768,-1925
ISNE,"7/9/2015 7 p.m. EDT",17350,17860,15692,-1658
ISNE,"7/9/2015 8 p.m. EDT",17043,17430,15512,-1531
ISNE,"7/9/2015 9 p.m. EDT",16991,17330,15525,-1466
ISNE,"7/9/2015 10 p.m. EDT",16392,16820,15166,-1226
ISNE,"7/9/2015 11 p.m. EDT",15007,15340,13610,-1397
ISNE,"7/10/2015 12 a.m. EDT",13574,13900,12351,-1223
ISNE,"7/10/2015 1 a.m. EDT",12940,12800,11437,-1503
ISNE,"7/10/2015 2 a.m. EDT",12637,12170,11388,-1249
ISNE,"7/10/2015 3 a.m. EDT",12559,11810,11441,-1118
ISNE,"7/10/2015 4 a.m. EDT",12417,11610,11242,-1175
ISNE,"7/10/2015 5 a.m. EDT",12516,11670,11273,-1243
ISNE,"7/10/2015 6 a.m. EDT",13077,12180,11848,-1229
ISNE,"7/10/2015 7 a.m. EDT",13712,13420,12770,-942
ISNE,"7/10/2015 8 a.m. EDT",14813,14870,13561,-1252
ISNE,"7/10/2015 9 a.m. EDT",15615,15790,14395,-1220
ISNE,"7/10/2015 10 a.m. EDT",16253,16580,15075,-1178
ISNE,"7/10/2015 11 a.m. EDT",16819,17170,15399,-1420
ISNE,"7/10/2015 12 p.m. EDT",17349,17650,15903,-1446
ISNE,"7/10/2015 1 p.m. EDT",17648,17940,16197,-1451
ISNE,"7/10/2015 2 p.m. EDT",17963,18340,16553,-1410
ISNE,"7/10/2015 3 p.m. EDT",18197,18650,16786,-1411
ISNE,"7/10/2015 4 p.m. EDT",18431,18850,16996,-1435
ISNE,"7/10/2015 5 p.m. EDT",18666,19000,17217,-1449
ISNE,"7/10/2015 6 p.m. EDT",18688,18800,17227,-1461
ISNE,"7/10/2015 7 p.m. EDT",18296,18200,16671,-1625
ISNE,"7/10/2015 8 p.m. EDT",17663,17480,15960,-1703
ISNE,"7/10/2015 9 p.m. EDT",17255,17270,15440,-1815
ISNE,"7/10/2015 10 p.m. EDT",16814,16700,15142,-1672
ISNE,"7/10/2015 11 p.m. EDT",15499,15380,13984,-1515
ISNE,"7/11/2015 12 a.m. EDT",14234,13910,13134,-1100
ISNE,"7/11/2015 1 a.m. EDT",12817,12890,11311,-1506
ISNE,"7/11/2015 2 a.m. EDT",11882,12050,10885,-997
ISNE,"7/11/2015 3 a.m. EDT",11890,11580,10622,-1268
ISNE,"7/11/2015 4 a.m. EDT",12001,11250,10447,-1554
ISNE,"7/11/2015 5 a.m. EDT",11966,11150,10466,-1500
ISNE,"7/11/2015 6 a.m. EDT",11762,10960,10458,-1304
ISNE,"7/11/2015 7 a.m. EDT",12048,11390,10510,-1538
ISNE,"7/11/2015 8 a.m. EDT",12524,12380,11312,-1212
ISNE,"7/11/2015 9 a.m. EDT",13772,13530,12181,-1591
ISNE,"7/11/2015 10 a.m. EDT",14857,14790,13351,-1506
ISNE,"7/11/2015 11 a.m. EDT",15700,15690,13865,-1835
ISNE,"7/11/2015 12 p.m. EDT",16345,16430,14395,-1950
ISNE,"7/11/2015 1 p.m. EDT",16781,16990,14947,-1834
ISNE,"7/11/2015 2 p.m. EDT",17103,17430,15059,-2044
ISNE,"7/11/2015 3 p.m. EDT",17407,17780,15329,-2078
ISNE,"7/11/2015 4 p.m. EDT",17806,18110,15558,-2248
ISNE,"7/11/2015 5 p.m. EDT",18196,18370,16019,-2177
ISNE,"7/11/2015 6 p.m. EDT",18480,18430,16214,-2266
ISNE,"7/11/2015 7 p.m. EDT",18400,18160,15862,-2538
ISNE,"7/11/2015 8 p.m. EDT",17888,17660,15299,-2589
ISNE,"7/11/2015 9 p.m. EDT",17515,17350,15126,-2389
ISNE,"7/11/2015 10 p.m. EDT",17081,16900,14891,-2190
ISNE,"7/11/2015 11 p.m. EDT",15884,15700,13583,-2301
ISNE,"7/12/2015 12 a.m. EDT",14587,14290,12499,-2088
ISNE,"7/12/2015 1 a.m. EDT",13361,13100,11573,-1788
ISNE,"7/12/2015 2 a.m. EDT",12462,12360,11187,-1275
ISNE,"7/12/2015 3 a.m. EDT",12165,11800,11096,-1069
ISNE,"7/12/2015 4 a.m. EDT",12151,11360,10739,-1412
ISNE,"7/12/2015 5 a.m. EDT",12149,11260,10653,-1496
ISNE,"7/12/2015 6 a.m. EDT",11991,11220,10413,-1578
ISNE,"7/12/2015 7 a.m. EDT",12480,11520,10729,-1751
ISNE,"7/12/2015 8 a.m. EDT",13251,12490,11611,-1640
ISNE,"7/12/2015 9 a.m. EDT",14056,13730,12158,-1898
ISNE,"7/12/2015 10 a.m. EDT",14866,14940,12732,-2134
ISNE,"7/12/2015 11 a.m. EDT",16020,16000,13660,-2360
ISNE,"7/12/2015 12 p.m. EDT",17041,16960,14379,-2662
ISNE,"7/12/2015 1 p.m. EDT",17832,17790,15096,-2736
ISNE,"7/12/2015 2 p.m. EDT",18371,18400,15483,-2888
ISNE,"7/12/2015 3 p.m. EDT",18827,18940,15902,-2925
ISNE,"7/12/2015 4 p.m. EDT",19319,19490,16484,-2835
ISNE,"7/12/2015 5 p.m. EDT",19763,19950,16882,-2881
ISNE,"7/12/2015 6 p.m. EDT",20069,20190,17059,-3010
ISNE,"7/12/2015 7 p.m. EDT",19963,20030,16716,-3247
ISNE,"7/12/2015 8 p.m. EDT",19591,19640,16312,-3279
ISNE,"7/12/2015 9 p.m. EDT",19468,19310,16705,-2763
ISNE,"7/12/2015 10 p.m. EDT",19004,18650,16719,-2285
ISNE,"7/12/2015 11 p.m. EDT",17433,17150,14897,-2536
ISNE,"7/13/2015 12 a.m. EDT",15685,15590,13479,-2206
ISNE,"7/13/2015 1 a.m. EDT",14398,14520,12387,-2011
ISNE,"7/13/2015 2 a.m. EDT",13699,13650,11911,-1788
ISNE,"7/13/2015 3 a.m. EDT",13808,13120,12041,-1767
ISNE,"7/13/2015 4 a.m. EDT",13584,12830,11845,-1739
ISNE,"7/13/2015 5 a.m. EDT",13672,12890,11922,-1750
ISNE,"7/13/2015 6 a.m. EDT",14027,13460,12110,-1917
ISNE,"7/13/2015 7 a.m. EDT",14903,15000,12757,-2146
ISNE,"7/13/2015 8 a.m. EDT",16424,16740,13924,-2500
ISNE,"7/13/2015 9 a.m. EDT",17567,17890,15239,-2328
ISNE,"7/13/2015 10 a.m. EDT",18480,18860,16335,-2145
ISNE,"7/13/2015 11 a.m. EDT",19336,19760,17275,-2061
ISNE,"7/13/2015 12 p.m. EDT",20003,20430,18025,-1978
ISNE,"7/13/2015 1 p.m. EDT",20500,20900,18586,-1914
ISNE,"7/13/2015 2 p.m. EDT",20915,21300,19144,-1771
ISNE,"7/13/2015 3 p.m. EDT",20990,21520,19519,-1471
ISNE,"7/13/2015 4 p.m. EDT",20975,21470,19125,-1850
ISNE,"7/13/2015 5 p.m. EDT",21027,21340,19190,-1837
ISNE,"7/13/2015 6 p.m. EDT",20950,21080,18862,-2088
ISNE,"7/13/2015 7 p.m. EDT",20481,20520,18014,-2467
ISNE,"7/13/2015 8 p.m. EDT",19759,19920,17611,-2148
ISNE,"7/13/2015 9 p.m. EDT",19266,19490,16951,-2315
ISNE,"7/13/2015 10 p.m. EDT",18457,18620,16151,-2306
ISNE,"7/13/2015 11 p.m. EDT",16655,16840,14601,-2054
ISNE,"7/14/2015 12 a.m. EDT",14902,15060,12891,-2011
ISNE,"7/14/2015 1 a.m. EDT",13601,13540,11977,-1624
ISNE,"7/14/2015 2 a.m. EDT",13335,12730,11940,-1395
ISNE,"7/14/2015 3 a.m. EDT",13262,12230,11811,-1451
ISNE,"7/14/2015 4 a.m. EDT",13293,11990,11518,-1775
ISNE,"7/14/2015 5 a.m. EDT",13456,12260,11773,-1683
ISNE,"7/14/2015 6 a.m. EDT",14058,12900,12073,-1985
ISNE,"7/14/2015 7 a.m. EDT",14655,14250,12688,-1967
ISNE,"7/14/2015 8 a.m. EDT",16011,15710,13908,-2103
ISNE,"7/14/2015 9 a.m. EDT",17114,16620,15262,-1852
ISNE,"7/14/2015 10 a.m. EDT",17975,17310,16204,-1771
ISNE,"7/14/2015 11 a.m. EDT",18632,18000,16722,-1910
ISNE,"7/14/2015 12 p.m. EDT",18972,18590,16943,-2029
ISNE,"7/14/2015 1 p.m. EDT",19170,19060,17185,-1985
ISNE,"7/14/2015 2 p.m. EDT",19616,19480,17325,-2291
ISNE,"7/14/2015 3 p.m. EDT",19905,19730,17573,-2332
ISNE,"7/14/2015 4 p.m. EDT",19930,19800,17536,-2394
ISNE,"7/14/2015 5 p.m. EDT",19759,19950,17413,-2346
ISNE,"7/14/2015 6 p.m. EDT",19637,19800,17061,-2576
ISNE,"7/14/2015 7 p.m. EDT",19536,19630,17178,-2358
ISNE,"7/14/2015 8 p.m. EDT",19221,19100,17100,-2121
ISNE,"7/14/2015 9 p.m. EDT",19165,18870,17116,-2049
ISNE,"7/14/2015 10 p.m. EDT",18545,18130,16120,-2425
ISNE,"7/14/2015 11 p.m. EDT",17080,16500,14406,-2674
ISNE,"7/15/2015 12 a.m. EDT",15631,14880,13332,-2299
ISNE,"7/15/2015 1 a.m. EDT",14560,13940,12432,-2128
ISNE,"7/15/2015 2 a.m. EDT",14361,13180,12089,-2272
ISNE,"7/15/2015 3 a.m. EDT",14373,12740,11831,-2542
ISNE,"7/15/2015 4 a.m. EDT",14277,12530,11712,-2565
ISNE,"7/15/2015 5 a.m. EDT",14405,12870,11910,-2495
ISNE,"7/15/2015 6 a.m. EDT",14846,13530,12546,-2300
ISNE,"7/15/2015 7 a.m. EDT",15716,14960,13303,-2413
ISNE,"7/15/2015 8 a.m. EDT",16837,16470,14721,-2116
ISNE,"7/15/2015 9 a.m. EDT",17893,17380,15895,-1998
ISNE,"7/15/2015 10 a.m. EDT",18763,18090,16561,-2202
ISNE,"7/15/2015 11 a.m. EDT",19580,18790,16895,-2685
ISNE,"7/15/2015 12 p.m. EDT",20169,19300,17314,-2855
ISNE,"7/15/2015 1 p.m. EDT",20539,19640,17501,-3038
ISNE,"7/15/2015 2 p.m. EDT",20904,19930,17827,-3077
ISNE,"7/15/2015 3 p.m. EDT",20974,19980,17949,-3025
ISNE,"7/15/2015 4 p.m. EDT",20839,20000,17631,-3208
ISNE,"7/15/2015 5 p.m. EDT",20668,20100,17702,-2966
ISNE,"7/15/2015 6 p.m. EDT",20289,19780,17432,-2857
ISNE,"7/15/2015 7 p.m. EDT",19627,19370,17092,-2535
ISNE,"7/15/2015 8 p.m. EDT",18847,18860,16216,-2631
ISNE,"7/15/2015 9 p.m. EDT",18333,18450,15852,-2481
ISNE,"7/15/2015 10 p.m. EDT",17428,17580,15126,-2302
ISNE,"7/15/2015 11 p.m. EDT",15874,15900,13645,-2229
ISNE,"7/16/2015 12 a.m. EDT",14342,14290,12310,-2032
ISNE,"7/16/2015 1 a.m. EDT",13540,12960,11257,-2283
ISNE,"7/16/2015 2 a.m. EDT",13094,12130,10836,-2258
ISNE,"7/16/2015 3 a.m. EDT",12970,11620,10573,-2397
ISNE,"7/16/2015 4 a.m. EDT",12754,11340,10381,-2373
ISNE,"7/16/2015 5 a.m. EDT",12799,11320,10326,-2473
ISNE,"7/16/2015 6 a.m. EDT",13168,11860,10903,-2265
ISNE,"7/16/2015 7 a.m. EDT",13305,13100,11038,-2267
ISNE,"7/16/2015 8 a.m. EDT",14393,14410,12229,-2164
ISNE,"7/16/2015 9 a.m. EDT",14873,15200,13027,-1846
ISNE,"7/16/2015 10 a.m. EDT",15319,15860,13131,-2188
ISNE,"7/16/2015 11 a.m. EDT",15914,16310,13648,-2266
ISNE,"7/16/2015 12 p.m. EDT",15955,16620,14012,-1943
ISNE,"7/16/2015 1 p.m. EDT",16079,16820,13999,-2080
ISNE,"7/16/2015 2 p.m. EDT",16325,17150,14207,-2118
ISNE,"7/16/2015 3 p.m. EDT",16503,17360,14424,-2079
ISNE,"7/16/2015 4 p.m. EDT",16698,17510,15021,-1677
ISNE,"7/16/2015 5 p.m. EDT",16981,17650,15198,-1783
ISNE,"7/16/2015 6 p.m. EDT",17119,17550,15478,-1641
ISNE,"7/16/2015 7 p.m. EDT",16892,17250,15234,-1658
ISNE,"7/16/2015 8 p.m. EDT",16410,16700,14492,-1918
ISNE,"7/16/2015 9 p.m. EDT",16191,16560,14398,-1793
ISNE,"7/16/2015 10 p.m. EDT",15734,15950,14057,-1677
ISNE,"7/16/2015 11 p.m. EDT",14338,14520,12359,-1979
ISNE,"7/17/2015 12 a.m. EDT",12918,13030,10925,-1993
ISNE,"7/17/2015 1 a.m. EDT",12039,11720,10250,-1789
ISNE,"7/17/2015 2 a.m. EDT",11355,11090,10005,-1350
ISNE,"7/17/2015 3 a.m. EDT",11490,10720,9991,-1499
ISNE,"7/17/2015 4 a.m. EDT",11340,10500,9801,-1539
ISNE,"7/17/2015 5 a.m. EDT",11473,10660,9816,-1657
ISNE,"7/17/2015 6 a.m. EDT",11723,11250,10000,-1723
ISNE,"7/17/2015 7 a.m. EDT",12765,12460,10882,-1883
ISNE,"7/17/2015 8 a.m. EDT",13807,14010,12170,-1637
ISNE,"7/17/2015 9 a.m. EDT",14726,15050,13226,-1500
ISNE,"7/17/2015 10 a.m. EDT",15390,15730,13944,-1446
ISNE,"7/17/2015 11 a.m. EDT",15996,16320,14115,-1881
ISNE,"7/17/2015 12 p.m. EDT",16459,16790,14596,-1863
ISNE,"7/17/2015 1 p.m. EDT",16771,17080,15018,-1753
ISNE,"7/17/2015 2 p.m. EDT",17160,17440,15271,-1889
ISNE,"7/17/2015 3 p.m. EDT",17388,17650,15513,-1875
ISNE,"7/17/2015 4 p.m. EDT",17523,17800,15690,-1833
ISNE,"7/17/2015 5 p.m. EDT",17637,17960,15947,-1690
ISNE,"7/17/2015 6 p.m. EDT",17649,17850,15933,-1716
ISNE,"7/17/2015 7 p.m. EDT",17190,17450,15121,-2069
ISNE,"7/17/2015 8 p.m. EDT",16666,16860,14525,-2141
ISNE,"7/17/2015 9 p.m. EDT",16568,16570,14526,-2042
ISNE,"7/17/2015 10 p.m. EDT",16128,16130,14246,-1882
ISNE,"7/17/2015 11 p.m. EDT",14946,14900,12954,-1992
ISNE,"7/18/2015 12 a.m. EDT",13649,13510,11656,-1993
ISNE,"7/18/2015 1 a.m. EDT",12574,12230,11076,-1498
ISNE,"7/18/2015 2 a.m. EDT",12176,11600,11174,-1002
ISNE,"7/18/2015 3 a.m. EDT",11777,11200,10914,-863
ISNE,"7/18/2015 4 a.m. EDT",11633,11010,10814,-819
ISNE,"7/18/2015 5 a.m. EDT",11819,10960,10929,-890
ISNE,"7/18/2015 6 a.m. EDT",12021,11380,10874,-1147
ISNE,"7/18/2015 7 a.m. EDT",12491,11850,11356,-1135
ISNE,"7/18/2015 8 a.m. EDT",13008,12780,12046,-962
ISNE,"7/18/2015 9 a.m. EDT",14143,13850,12700,-1443
ISNE,"7/18/2015 10 a.m. EDT",14779,14770,13274,-1505
ISNE,"7/18/2015 11 a.m. EDT",15279,15430,13493,-1786
ISNE,"7/18/2015 12 p.m. EDT",15509,15920,13751,-1758
ISNE,"7/18/2015 1 p.m. EDT",15629,16150,13788,-1841
ISNE,"7/18/2015 2 p.m. EDT",15766,16300,13904,-1862
ISNE,"7/18/2015 3 p.m. EDT",15841,16380,14143,-1698
ISNE,"7/18/2015 4 p.m. EDT",16085,16590,14531,-1554
ISNE,"7/18/2015 5 p.m. EDT",16460,16870,14935,-1525
ISNE,"7/18/2015 6 p.m. EDT",16770,17200,15268,-1502
ISNE,"7/18/2015 7 p.m. EDT",16819,17050,15251,-1568
ISNE,"7/18/2015 8 p.m. EDT",16657,16780,15080,-1577
ISNE,"7/18/2015 9 p.m. EDT",16699,16840,14968,-1731
ISNE,"7/18/2015 10 p.m. EDT",16465,16550,14604,-1861
ISNE,"7/18/2015 11 p.m. EDT",15438,15540,13710,-1728
ISNE,"7/19/2015 12 a.m. EDT",14279,14320,12851,-1428
ISNE,"7/19/2015 1 a.m. EDT",13293,13400,12009,-1284
ISNE,"7/19/2015 2 a.m. EDT",12958,12690,12014,-944
ISNE,"7/19/2015 3 a.m. EDT",12778,12230,12036,-742
ISNE,"7/19/2015 4 a.m. EDT",12517,11940,11735,-782
ISNE,"7/19/2015 5 a.m. EDT",12426,11840,11585,-841
ISNE,"7/19/2015 6 a.m. EDT",12458,11870,11455,-1003
ISNE,"7/19/2015 7 a.m. EDT",12770,12150,11772,-998
ISNE,"7/19/2015 8 a.m. EDT",13575,13080,12550,-1025
ISNE,"7/19/2015 9 a.m. EDT",14988,14340,13587,-1401
ISNE,"7/19/2015 10 a.m. EDT",16248,15660,14601,-1647
ISNE,"7/19/2015 11 a.m. EDT",17522,16840,15888,-1634
ISNE,"7/19/2015 12 p.m. EDT",18636,17890,16758,-1878
ISNE,"7/19/2015 1 p.m. EDT",19517,18730,17365,-2152
ISNE,"7/19/2015 2 p.m. EDT",20094,19340,17890,-2204
ISNE,"7/19/2015 3 p.m. EDT",20354,19900,17892,-2462
ISNE,"7/19/2015 4 p.m. EDT",20522,20440,17806,-2716
ISNE,"7/19/2015 5 p.m. EDT",20904,20950,18267,-2637
ISNE,"7/19/2015 6 p.m. EDT",21290,21370,18958,-2332
ISNE,"7/19/2015 7 p.m. EDT",21142,21200,18749,-2393
ISNE,"7/19/2015 8 p.m. EDT",20788,20780,18122,-2666
ISNE,"7/19/2015 9 p.m. EDT",20690,20600,18152,-2538
ISNE,"7/19/2015 10 p.m. EDT",19878,19980,17407,-2471
ISNE,"7/19/2015 11 p.m. EDT",18326,18440,15865,-2461
ISNE,"7/20/2015 12 a.m. EDT",16938,16840,14618,-2320
ISNE,"7/20/2015 1 a.m. EDT",16223,15600,14092,-2131
ISNE,"7/20/2015 2 a.m. EDT",15725,14820,13828,-1897
ISNE,"7/20/2015 3 a.m. EDT",15478,14320,13322,-2156
ISNE,"7/20/2015 4 a.m. EDT",15274,14050,12788,-2486
ISNE,"7/20/2015 5 a.m. EDT",15534,14130,13193,-2341
ISNE,"7/20/2015 6 a.m. EDT",16157,14680,13663,-2494
ISNE,"7/20/2015 7 a.m. EDT",16634,16190,14354,-2280
ISNE,"7/20/2015 8 a.m. EDT",18149,17860,16243,-1906
ISNE,"7/20/2015 9 a.m. EDT",19750,19310,17853,-1897
ISNE,"7/20/2015 10 a.m. EDT",21013,20550,18632,-2381
ISNE,"7/20/2015 11 a.m. EDT",22137,22070,19290,-2847
ISNE,"7/20/2015 12 p.m. EDT",22970,22970,19948,-3022
ISNE,"7/20/2015 1 p.m. EDT",23474,23500,20487,-2987
ISNE,"7/20/2015 2 p.m. EDT",23930,23990,20799,-3131
ISNE,"7/20/2015 3 p.m. EDT",24087,24150,20644,-3443
ISNE,"7/20/2015 4 p.m. EDT",24174,24270,20665,-3509
ISNE,"7/20/2015 5 p.m. EDT",24298,24300,20975,-3323
ISNE,"7/20/2015 6 p.m. EDT",24287,23970,20881,-3406
ISNE,"7/20/2015 7 p.m. EDT",23818,23210,20249,-3569
ISNE,"7/20/2015 8 p.m. EDT",23021,22460,19415,-3606
ISNE,"7/20/2015 9 p.m. EDT",22482,21930,19019,-3463
ISNE,"7/20/2015 10 p.m. EDT",21419,20690,18340,-3079
ISNE,"7/20/2015 11 p.m. EDT",19303,18610,16345,-2958
ISNE,"7/21/2015 12 a.m. EDT",17385,16650,14805,-2580
ISNE,"7/21/2015 1 a.m. EDT",16428,15030,13789,-2639
ISNE,"7/21/2015 2 a.m. EDT",16070,14140,13517,-2553
ISNE,"7/21/2015 3 a.m. EDT",15459,13560,12642,-2817
ISNE,"7/21/2015 4 a.m. EDT",15225,13250,12271,-2954
ISNE,"7/21/2015 5 a.m. EDT",15295,13700,12504,-2791
ISNE,"7/21/2015 6 a.m. EDT",15646,14240,12832,-2814
ISNE,"7/21/2015 7 a.m. EDT",16310,15610,13526,-2784
ISNE,"7/21/2015 8 a.m. EDT",17210,17150,14632,-2578
ISNE,"7/21/2015 9 a.m. EDT",17943,18200,15057,-2886
ISNE,"7/21/2015 10 a.m. EDT",18498,19070,15540,-2958
ISNE,"7/21/2015 11 a.m. EDT",19179,19890,16297,-2882
ISNE,"7/21/2015 12 p.m. EDT",19778,20690,16831,-2947
ISNE,"7/21/2015 1 p.m. EDT",20288,21310,17537,-2751
ISNE,"7/21/2015 2 p.m. EDT",20971,21900,18046,-2925
ISNE,"7/21/2015 3 p.m. EDT",21490,22370,18306,-3184
ISNE,"7/21/2015 4 p.m. EDT",22035,22620,18819,-3216
ISNE,"7/21/2015 5 p.m. EDT",22398,22750,19290,-3108
ISNE,"7/21/2015 6 p.m. EDT",22549,22580,19286,-3263
ISNE,"7/21/2015 7 p.m. EDT",21977,21820,18816,-3161
ISNE,"7/21/2015 8 p.m. EDT",21199,21170,17995,-3204
ISNE,"7/21/2015 9 p.m. EDT",20691,20820,17583,-3108
ISNE,"7/21/2015 10 p.m. EDT",19794,19830,16630,-3164
ISNE,"7/21/2015 11 p.m. EDT",17947,17970,15120,-2827
ISNE,"7/22/2015 12 a.m. EDT",16043,16120,13489,-2554
ISNE,"7/22/2015 1 a.m. EDT",15114,14640,12581,-2533
ISNE,"7/22/2015 2 a.m. EDT",14527,13690,12452,-2075
ISNE,"7/22/2015 3 a.m. EDT",14027,13070,12419,-1608
ISNE,"7/22/2015 4 a.m. EDT",13787,12730,12182,-1605
ISNE,"7/22/2015 5 a.m. EDT",13945,12610,11909,-2036
ISNE,"7/22/2015 6 a.m. EDT",14092,13170,12079,-2013
ISNE,"7/22/2015 7 a.m. EDT",15133,14390,12788,-2345
ISNE,"7/22/2015 8 a.m. EDT",15778,15780,13459,-2319
ISNE,"7/22/2015 9 a.m. EDT",16684,16720,14439,-2245
ISNE,"7/22/2015 10 a.m. EDT",17322,17360,14939,-2383
ISNE,"7/22/2015 11 a.m. EDT",17903,17980,15615,-2288
ISNE,"7/22/2015 12 p.m. EDT",18341,18440,15685,-2656
ISNE,"7/22/2015 1 p.m. EDT",18690,18740,15959,-2731
ISNE,"7/22/2015 2 p.m. EDT",19132,19110,16218,-2914
ISNE,"7/22/2015 3 p.m. EDT",19364,19320,16515,-2849
ISNE,"7/22/2015 4 p.m. EDT",19517,19400,16845,-2672
ISNE,"7/22/2015 5 p.m. EDT",19572,19500,16902,-2670
ISNE,"7/22/2015 6 p.m. EDT",19494,19320,16879,-2615
ISNE,"7/22/2015 7 p.m. EDT",18971,18830,16392,-2579
ISNE,"7/22/2015 8 p.m. EDT",18328,18320,15719,-2609
ISNE,"7/22/2015 9 p.m. EDT",18004,18040,15470,-2534
ISNE,"7/22/2015 10 p.m. EDT",17408,17330,15098,-2310
ISNE,"7/22/2015 11 p.m. EDT",15842,15730,13805,-2037
ISNE,"7/23/2015 12 a.m. EDT",14345,14110,12564,-1781
ISNE,"7/23/2015 1 a.m. EDT",13022,12920,11667,-1355
ISNE,"7/23/2015 2 a.m. EDT",12704,12150,11632,-1072
ISNE,"7/23/2015 3 a.m. EDT",12534,11660,11694,-840
ISNE,"7/23/2015 4 a.m. EDT",12245,11430,11068,-1177
ISNE,"7/23/2015 5 a.m. EDT",12299,11540,11048,-1251
ISNE,"7/23/2015 6 a.m. EDT",12626,12140,11582,-1044
ISNE,"7/23/2015 7 a.m. EDT",13605,13410,12493,-1112
ISNE,"7/23/2015 8 a.m. EDT",14834,14830,13584,-1250
ISNE,"7/23/2015 9 a.m. EDT",15814,15730,14150,-1664
ISNE,"7/23/2015 10 a.m. EDT",16493,16380,14812,-1681
ISNE,"7/23/2015 11 a.m. EDT",17099,17120,15357,-1742
ISNE,"7/23/2015 12 p.m. EDT",17583,17560,15564,-2019
ISNE,"7/23/2015 1 p.m. EDT",17942,17810,15838,-2104
ISNE,"7/23/2015 2 p.m. EDT",18361,18210,16428,-1933
ISNE,"7/23/2015 3 p.m. EDT",18572,18470,16559,-2013
ISNE,"7/23/2015 4 p.m. EDT",18649,18610,16624,-2025
ISNE,"7/23/2015 5 p.m. EDT",18760,18750,16822,-1938
ISNE,"7/23/2015 6 p.m. EDT",18720,18620,16837,-1883
ISNE,"7/23/2015 7 p.m. EDT",18397,18150,16309,-2088
ISNE,"7/23/2015 8 p.m. EDT",17867,17650,15975,-1892
ISNE,"7/23/2015 9 p.m. EDT",17678,17480,15711,-1967
ISNE,"7/23/2015 10 p.m. EDT",17088,16820,15376,-1712
ISNE,"7/23/2015 11 p.m. EDT",15588,15280,13936,-1652
ISNE,"7/24/2015 12 a.m. EDT",14049,13760,12798,-1251
ISNE,"7/24/2015 1 a.m. EDT",12825,12620,11960,-865
ISNE,"7/24/2015 2 a.m. EDT",12311,11900,11545,-766
ISNE,"7/24/2015 3 a.m. EDT",12335,11440,11334,-1001
ISNE,"7/24/2015 4 a.m. EDT",12367,11220,11393,-974
ISNE,"7/24/2015 5 a.m. EDT",12249,11370,11359,-890
ISNE,"7/24/2015 6 a.m. EDT",12525,11950,11467,-1058
ISNE,"7/24/2015 7 a.m. EDT",13391,13170,11810,-1581
ISNE,"7/24/2015 8 a.m. EDT",14491,14630,13179,-1312
ISNE,"7/24/2015 9 a.m. EDT",15549,15590,14150,-1399
ISNE,"7/24/2015 10 a.m. EDT",16267,16240,15006,-1261
ISNE,"7/24/2015 11 a.m. EDT",16882,16800,15185,-1697
ISNE,"7/24/2015 12 p.m. EDT",17360,17230,15340,-2020
ISNE,"7/24/2015 1 p.m. EDT",17682,17470,15846,-1836
ISNE,"7/24/2015 2 p.m. EDT",17921,17820,16061,-1860
ISNE,"7/24/2015 3 p.m. EDT",18027,17980,16108,-1919
ISNE,"7/24/2015 4 p.m. EDT",18068,18030,16201,-1867
ISNE,"7/24/2015 5 p.m. EDT",18039,18100,16371,-1668
ISNE,"7/24/2015 6 p.m. EDT",17856,17950,16137,-1719
ISNE,"7/24/2015 7 p.m. EDT",17349,17450,15680,-1669
ISNE,"7/24/2015 8 p.m. EDT",16759,16910,15329,-1430
ISNE,"7/24/2015 9 p.m. EDT",16574,16690,14894,-1680
ISNE,"7/24/2015 10 p.m. EDT",16084,16210,14476,-1608
ISNE,"7/24/2015 11 p.m. EDT",14836,14970,13753,-1083
ISNE,"7/25/2015 12 a.m. EDT",13491,13630,12509,-982
ISNE,"7/25/2015 1 a.m. EDT",12639,12430,11920,-719
ISNE,"7/25/2015 2 a.m. EDT",11886,11730,11351,-535
ISNE,"7/25/2015 3 a.m. EDT",11770,11270,10987,-783
ISNE,"7/25/2015 4 a.m. EDT",11894,10980,11012,-882
ISNE,"7/25/2015 5 a.m. EDT",11892,10910,11102,-790
ISNE,"7/25/2015 6 a.m. EDT",11732,10810,10933,-799
ISNE,"7/25/2015 7 a.m. EDT",11967,11250,11047,-920
ISNE,"7/25/2015 8 a.m. EDT",12577,12280,11809,-768
ISNE,"7/25/2015 9 a.m. EDT",13336,13430,12428,-908
ISNE,"7/25/2015 10 a.m. EDT",14180,14290,13034,-1146
ISNE,"7/25/2015 11 a.m. EDT",14711,14920,13379,-1332
ISNE,"7/25/2015 12 p.m. EDT",15052,15340,13820,-1232
ISNE,"7/25/2015 1 p.m. EDT",15195,15570,13904,-1291
ISNE,"7/25/2015 2 p.m. EDT",15230,15670,13738,-1492
ISNE,"7/25/2015 3 p.m. EDT",15283,15800,13766,-1517
ISNE,"7/25/2015 4 p.m. EDT",15404,15970,13954,-1450
ISNE,"7/25/2015 5 p.m. EDT",15585,16150,14293,-1292
ISNE,"7/25/2015 6 p.m. EDT",15694,16350,14538,-1156
ISNE,"7/25/2015 7 p.m. EDT",15541,16100,14029,-1512
ISNE,"7/25/2015 8 p.m. EDT",15194,15800,13797,-1397
ISNE,"7/25/2015 9 p.m. EDT",15276,15740,13526,-1750
ISNE,"7/25/2015 10 p.m. EDT",14944,15410,13660,-1284
ISNE,"7/25/2015 11 p.m. EDT",14113,14380,13252,-861
ISNE,"7/26/2015 12 a.m. EDT",12987,13200,12647,-340
ISNE,"7/26/2015 1 a.m. EDT",12508,11980,11714,-794
ISNE,"7/26/2015 2 a.m. EDT",11954,11360,11260,-694
ISNE,"7/26/2015 3 a.m. EDT",11802,10990,11017,-785
ISNE,"7/26/2015 4 a.m. EDT",11592,10780,10792,-800
ISNE,"7/26/2015 5 a.m. EDT",11793,10720,10996,-797
ISNE,"7/26/2015 6 a.m. EDT",12206,10730,10947,-1259
ISNE,"7/26/2015 7 a.m. EDT",12471,11040,11083,-1388
ISNE,"7/26/2015 8 a.m. EDT",12566,11800,11644,-922
ISNE,"7/26/2015 9 a.m. EDT",12844,12800,12035,-809
ISNE,"7/26/2015 10 a.m. EDT",13771,13820,12749,-1022
ISNE,"7/26/2015 11 a.m. EDT",14486,14600,13280,-1206
ISNE,"7/26/2015 12 p.m. EDT",14975,15220,13603,-1372
ISNE,"7/26/2015 1 p.m. EDT",15401,15680,13861,-1540
ISNE,"7/26/2015 2 p.m. EDT",15782,15980,14298,-1484
ISNE,"7/26/2015 3 p.m. EDT",16036,16190,14550,-1486
ISNE,"7/26/2015 4 p.m. EDT",16300,16510,14788,-1512
ISNE,"7/26/2015 5 p.m. EDT",16682,16910,15047,-1635
ISNE,"7/26/2015 6 p.m. EDT",17001,17170,15379,-1622
ISNE,"7/26/2015 7 p.m. EDT",17021,17350,15356,-1665
ISNE,"7/26/2015 8 p.m. EDT",16871,17080,15119,-1752
ISNE,"7/26/2015 9 p.m. EDT",16922,16980,15027,-1895
ISNE,"7/26/2015 10 p.m. EDT",16487,16710,14840,-1647
ISNE,"7/26/2015 11 p.m. EDT",15293,15440,14171,-1122
ISNE,"7/27/2015 12 a.m. EDT",13956,14150,12571,-1385
ISNE,"7/27/2015 1 a.m. EDT",13512,13020,11728,-1784
ISNE,"7/27/2015 2 a.m. EDT",13562,12370,11770,-1792
ISNE,"7/27/2015 3 a.m. EDT",13493,12050,11778,-1715
ISNE,"7/27/2015 4 a.m. EDT",13423,11920,11959,-1464
ISNE,"7/27/2015 5 a.m. EDT",13437,12170,12070,-1367
ISNE,"7/27/2015 6 a.m. EDT",13872,12900,12144,-1728
ISNE,"7/27/2015 7 a.m. EDT",14680,14320,12744,-1936
ISNE,"7/27/2015 8 a.m. EDT",15590,15890,13954,-1636
ISNE,"7/27/2015 9 a.m. EDT",16714,16940,14815,-1899
ISNE,"7/27/2015 10 a.m. EDT",17553,17870,15794,-1759
ISNE,"7/27/2015 11 a.m. EDT",18278,18710,16398,-1880
ISNE,"7/27/2015 12 p.m. EDT",18885,19330,16896,-1989
ISNE,"7/27/2015 1 p.m. EDT",19340,19790,17400,-1940
ISNE,"7/27/2015 2 p.m. EDT",19804,20220,18075,-1729
ISNE,"7/27/2015 3 p.m. EDT",20277,20610,18798,-1479
ISNE,"7/27/2015 4 p.m. EDT",20615,20870,19234,-1381
ISNE,"7/27/2015 5 p.m. EDT",20815,21000,19488,-1327
ISNE,"7/27/2015 6 p.m. EDT",20756,20910,19450,-1306
ISNE,"7/27/2015 7 p.m. EDT",20383,20430,18630,-1753
ISNE,"7/27/2015 8 p.m. EDT",19792,19950,17898,-1894
ISNE,"7/27/2015 9 p.m. EDT",19566,19530,17661,-1905
ISNE,"7/27/2015 10 p.m. EDT",18733,18680,16825,-1908
ISNE,"7/27/2015 11 p.m. EDT",17037,16970,15225,-1812
ISNE,"7/28/2015 12 a.m. EDT",15769,15280,14016,-1753
ISNE,"7/28/2015 1 a.m. EDT",14918,14280,12875,-2043
ISNE,"7/28/2015 2 a.m. EDT",14416,13500,12466,-1950
ISNE,"7/28/2015 3 a.m. EDT",13975,13030,12013,-1962
ISNE,"7/28/2015 4 a.m. EDT",13963,12790,12030,-1933
ISNE,"7/28/2015 5 a.m. EDT",13857,12910,12191,-1666
ISNE,"7/28/2015 6 a.m. EDT",14289,13460,12509,-1780
ISNE,"7/28/2015 7 a.m. EDT",15066,14830,12989,-2077
ISNE,"7/28/2015 8 a.m. EDT",16464,16460,14724,-1740
ISNE,"7/28/2015 9 a.m. EDT",17618,17590,15676,-1942
ISNE,"7/28/2015 10 a.m. EDT",18702,18640,16296,-2406
ISNE,"7/28/2015 11 a.m. EDT",19832,19590,17175,-2657
ISNE,"7/28/2015 12 p.m. EDT",20806,20470,18120,-2686
ISNE,"7/28/2015 1 p.m. EDT",21631,21140,19014,-2617
ISNE,"7/28/2015 2 p.m. EDT",22365,21880,19909,-2456
ISNE,"7/28/2015 3 p.m. EDT",22815,22370,20298,-2517
ISNE,"7/28/2015 4 p.m. EDT",23012,22700,20522,-2490
ISNE,"7/28/2015 5 p.m. EDT",23083,23010,20551,-2532
ISNE,"7/28/2015 6 p.m. EDT",22972,22830,20449,-2523
ISNE,"7/28/2015 7 p.m. EDT",22452,22190,19909,-2543
ISNE,"7/28/2015 8 p.m. EDT",21730,21610,18891,-2839
ISNE,"7/28/2015 9 p.m. EDT",21389,21400,18505,-2884
ISNE,"7/28/2015 10 p.m. EDT",20440,20400,17836,-2604
ISNE,"7/28/2015 11 p.m. EDT",18660,18530,16121,-2539
ISNE,"7/29/2015 12 a.m. EDT",17048,16670,14674,-2374
ISNE,"7/29/2015 1 a.m. EDT",15948,15270,13410,-2538
ISNE,"7/29/2015 2 a.m. EDT",15464,14370,13190,-2274
ISNE,"7/29/2015 3 a.m. EDT",15154,13800,13318,-1836
ISNE,"7/29/2015 4 a.m. EDT",14839,13520,13284,-1555
ISNE,"7/29/2015 5 a.m. EDT",14598,13570,13189,-1409
ISNE,"7/29/2015 6 a.m. EDT",14513,13960,12724,-1789
ISNE,"7/29/2015 7 a.m. EDT",15209,15320,13092,-2117
ISNE,"7/29/2015 8 a.m. EDT",16959,17080,14523,-2436
ISNE,"7/29/2015 9 a.m. EDT",18434,18360,15921,-2513
ISNE,"7/29/2015 10 a.m. EDT",19748,19550,17025,-2723
ISNE,"7/29/2015 11 a.m. EDT",21063,20750,18281,-2782
ISNE,"7/29/2015 12 p.m. EDT",22145,21810,19208,-2937
ISNE,"7/29/2015 1 p.m. EDT",22876,22740,19654,-3222
ISNE,"7/29/2015 2 p.m. EDT",23538,23590,20379,-3159
ISNE,"7/29/2015 3 p.m. EDT",23852,24110,20838,-3014
ISNE,"7/29/2015 4 p.m. EDT",24051,24420,21269,-2782
ISNE,"7/29/2015 5 p.m. EDT",24300,24600,21555,-2745
ISNE,"7/29/2015 6 p.m. EDT",24329,24420,21488,-2841
ISNE,"7/29/2015 7 p.m. EDT",23951,23730,20907,-3044
ISNE,"7/29/2015 8 p.m. EDT",23325,23010,20325,-3000
ISNE,"7/29/2015 9 p.m. EDT",22928,22650,19943,-2985
ISNE,"7/29/2015 10 p.m. EDT",21906,21550,18769,-3137
ISNE,"7/29/2015 11 p.m. EDT",19876,19550,16909,-2967
ISNE,"7/30/2015 12 a.m. EDT",18096,17540,15313,-2783
ISNE,"7/30/2015 1 a.m. EDT",17288,16390,14476,-2812
ISNE,"7/30/2015 2 a.m. EDT",16707,15370,13988,-2719
ISNE,"7/30/2015 3 a.m. EDT",16027,14750,13772,-2255
ISNE,"7/30/2015 4 a.m. EDT",15949,14380,13764,-2185
ISNE,"7/30/2015 5 a.m. EDT",15987,14440,13840,-2147
ISNE,"7/30/2015 6 a.m. EDT",16358,15030,13994,-2364
ISNE,"7/30/2015 7 a.m. EDT",17358,16380,14755,-2603
ISNE,"7/30/2015 8 a.m. EDT",18142,18130,15551,-2591
ISNE,"7/30/2015 9 a.m. EDT",19507,19450,16439,-3068
ISNE,"7/30/2015 10 a.m. EDT",20714,20610,17571,-3143
ISNE,"7/30/2015 11 a.m. EDT",21814,21760,18495,-3319
ISNE,"7/30/2015 12 p.m. EDT",22550,22730,19139,-3411
ISNE,"7/30/2015 1 p.m. EDT",22991,23420,19605,-3386
ISNE,"7/30/2015 2 p.m. EDT",23426,24030,20268,-3158
ISNE,"7/30/2015 3 p.m. EDT",23723,24280,20676,-3047
ISNE,"7/30/2015 4 p.m. EDT",23631,24360,20754,-2877
ISNE,"7/30/2015 5 p.m. EDT",23278,24400,20354,-2924
ISNE,"7/30/2015 6 p.m. EDT",22771,24160,19662,-3109
ISNE,"7/30/2015 7 p.m. EDT",22038,23550,19005,-3033
ISNE,"7/30/2015 8 p.m. EDT",21348,22800,17907,-3441
ISNE,"7/30/2015 9 p.m. EDT",21009,22350,17487,-3522
ISNE,"7/30/2015 10 p.m. EDT",20126,21300,16943,-3183
ISNE,"7/30/2015 11 p.m. EDT",18420,19380,15372,-3048
ISNE,"7/31/2015 12 a.m. EDT",17020,17470,14196,-2824
ISNE,"7/31/2015 1 a.m. EDT",15892,15180,13421,-2471
ISNE,"7/31/2015 2 a.m. EDT",15155,14340,13242,-1913
ISNE,"7/31/2015 3 a.m. EDT",14721,13720,13130,-1591
ISNE,"7/31/2015 4 a.m. EDT",14593,13450,13205,-1388
ISNE,"7/31/2015 5 a.m. EDT",14519,13470,13192,-1327
ISNE,"7/31/2015 6 a.m. EDT",14748,14080,13037,-1711
ISNE,"7/31/2015 7 a.m. EDT",15375,15540,13336,-2039
ISNE,"7/31/2015 8 a.m. EDT",16710,17140,14440,-2270
ISNE,"7/31/2015 9 a.m. EDT",17993,18310,15949,-2044
ISNE,"7/31/2015 10 a.m. EDT",18931,19140,16476,-2455
ISNE,"7/31/2015 11 a.m. EDT",19824,20030,17238,-2586
ISNE,"7/31/2015 12 p.m. EDT",20417,20840,17651,-2766
ISNE,"7/31/2015 1 p.m. EDT",20752,21290,18093,-2659
ISNE,"7/31/2015 2 p.m. EDT",21141,21720,18448,-2693
ISNE,"7/31/2015 3 p.m. EDT",21434,21960,19128,-2306
ISNE,"7/31/2015 4 p.m. EDT",21597,22270,19525,-2072
ISNE,"7/31/2015 5 p.m. EDT",21691,22330,19563,-2128
ISNE,"7/31/2015 6 p.m. EDT",21560,21830,19316,-2244
ISNE,"7/31/2015 7 p.m. EDT",20913,21200,18601,-2312
ISNE,"7/31/2015 8 p.m. EDT",19990,20220,17661,-2329
ISNE,"7/31/2015 9 p.m. EDT",19328,19890,16696,-2632
ISNE,"7/31/2015 10 p.m. EDT",18443,19090,15985,-2458
ISNE,"7/31/2015 11 p.m. EDT",16833,17390,14855,-1978
ISNE,"8/1/2015 12 a.m. EDT",15149,15580,13131,-2018
