"BA Code","Timestamp (Hour Ending)","Demand (MWh)","Demand Forecast (MWh)","Net Generation (MWh)","Total Interchange (MWh)"
ISNE,"1/1/2021 12 a.m. EST",12571,12350,9528,-3043
ISNE,"1/1/2021 1 a.m. EST",12480,12030,9177,-3303
ISNE,"1/1/2021 2 a.m. EST",12373,11550,9428,-2945
ISNE,"1/1/2021 3 a.m. EST",12148,11300,9180,-2968
ISNE,"1/1/2021 4 a.m. EST",12271,11230,9244,-3027
ISNE,"1/1/2021 5 a.m. EST",12373,11340,9398,-2975
ISNE,"1/1/2021 6 a.m. EST",12212,11680,9337,-2875
ISNE,"1/1/2021 7 a.m. EST",12363,12190,9722,-2641
ISNE,"1/1/2021 8 a.m. EST",12562,12560,9842,-2720
ISNE,"1/1/2021 9 a.m. EST",12569,12570,9508,-3061
ISNE,"1/1/2021 10 a.m. EST",12561,12260,9395,-3166
ISNE,"1/1/2021 11 a.m. EST",12561,12050,9444,-3117
ISNE,"1/1/2021 12 p.m. EST",12624,12320,9648,-2976
ISNE,"1/1/2021 1 p.m. EST",12767,12750,9887,-2880
ISNE,"1/1/2021 2 p.m. EST",13380,13180,10476,-2904
ISNE,"1/1/2021 3 p.m. EST",13732,13540,10571,-3161
ISNE,"1/1/2021 4 p.m. EST",14336,13910,11206,-3130
ISNE,"1/1/2021 5 p.m. EST",15229,14920,12344,-2885
ISNE,"1/1/2021 6 p.m. EST",15885,15570,12832,-3053
ISNE,"1/1/2021 7 p.m. EST",15596,15460,12456,-3140
ISNE,"1/1/2021 8 p.m. EST",15053,14910,11877,-3176
ISNE,"1/1/2021 9 p.m. EST",14469,14320,11416,-3053
ISNE,"1/1/2021 10 p.m. EST",13780,13730,10490,-3290
ISNE,"1/1/2021 11 p.m. EST",12956,13020,9539,-3417
ISNE,"1/2/2021 12 a.m. EST",12345,12270,9014,-3331
ISNE,"1/2/2021 1 a.m. EST",11704,11510,8661,-3043
ISNE,"1/2/2021 2 a.m. EST",11380,11060,8385,-2995
ISNE,"1/2/2021 3 a.m. EST",11351,10800,8427,-2924
ISNE,"1/2/2021 4 a.m. EST",11202,10670,8174,-3028
ISNE,"1/2/2021 5 a.m. EST",11245,10710,8205,-3040
ISNE,"1/2/2021 6 a.m. EST",11503,10980,8504,-2999
ISNE,"1/2/2021 7 a.m. EST",11986,11470,9227,-2759
ISNE,"1/2/2021 8 a.m. EST",12556,12040,9856,-2700
ISNE,"1/2/2021 9 a.m. EST",13042,12730,10305,-2737
ISNE,"1/2/2021 10 a.m. EST",13500,13270,10540,-2960
ISNE,"1/2/2021 11 a.m. EST",13432,13430,10622,-2810
ISNE,"1/2/2021 12 p.m. EST",13358,13330,10440,-2918
ISNE,"1/2/2021 1 p.m. EST",12728,12720,9734,-2994
ISNE,"1/2/2021 2 p.m. EST",12770,12640,10053,-2717
ISNE,"1/2/2021 3 p.m. EST",13186,12990,10488,-2698
ISNE,"1/2/2021 4 p.m. EST",13691,13560,10892,-2799
ISNE,"1/2/2021 5 p.m. EST",14575,14470,11632,-2943
ISNE,"1/2/2021 6 p.m. EST",15534,15280,12509,-3025
ISNE,"1/2/2021 7 p.m. EST",15392,15030,12279,-3113
ISNE,"1/2/2021 8 p.m. EST",14916,14500,11672,-3244
ISNE,"1/2/2021 9 p.m. EST",14358,13940,11279,-3079
ISNE,"1/2/2021 10 p.m. EST",13735,13460,10484,-3251
ISNE,"1/2/2021 11 p.m. EST",12979,12820,9412,-3567
ISNE,"1/3/2021 12 a.m. EST",12299,12110,8681,-3618
ISNE,"1/3/2021 1 a.m. EST",12076,11570,10217,-1859
ISNE,"1/3/2021 2 a.m. EST",11972,11190,10138,-1834
ISNE,"1/3/2021 3 a.m. EST",11793,11000,10092,-1701
ISNE,"1/3/2021 4 a.m. EST",11746,10960,10009,-1737
ISNE,"1/3/2021 5 a.m. EST",11834,11050,9909,-1925
ISNE,"1/3/2021 6 a.m. EST",11887,11330,9827,-2060
ISNE,"1/3/2021 7 a.m. EST",12078,11810,9876,-2202
ISNE,"1/3/2021 8 a.m. EST",12601,12210,10322,-2279
ISNE,"1/3/2021 9 a.m. EST",12983,12950,10655,-2328
ISNE,"1/3/2021 10 a.m. EST",13606,13640,11200,-2406
ISNE,"1/3/2021 11 a.m. EST",14113,14060,11599,-2514
ISNE,"1/3/2021 12 p.m. EST",14508,14290,12016,-2492
ISNE,"1/3/2021 1 p.m. EST",14765,14470,12318,-2447
ISNE,"1/3/2021 2 p.m. EST",14823,14670,12331,-2492
ISNE,"1/3/2021 3 p.m. EST",14977,14780,12533,-2444
ISNE,"1/3/2021 4 p.m. EST",15204,15060,12369,-2835
ISNE,"1/3/2021 5 p.m. EST",16056,15920,13209,-2847
ISNE,"1/3/2021 6 p.m. EST",16684,16700,14200,-2484
ISNE,"1/3/2021 7 p.m. EST",16379,16390,13538,-2841
ISNE,"1/3/2021 8 p.m. EST",15733,15810,13271,-2462
ISNE,"1/3/2021 9 p.m. EST",14997,15020,12511,-2486
ISNE,"1/3/2021 10 p.m. EST",14075,14150,11745,-2330
ISNE,"1/3/2021 11 p.m. EST",13053,13120,10683,-2370
ISNE,"1/4/2021 12 a.m. EST",12152,12120,9862,-2290
ISNE,"1/4/2021 1 a.m. EST",11790,11460,8475,-3315
ISNE,"1/4/2021 2 a.m. EST",11711,11110,8551,-3160
ISNE,"1/4/2021 3 a.m. EST",11724,10980,8585,-3139
ISNE,"1/4/2021 4 a.m. EST",11852,11040,8758,-3094
ISNE,"1/4/2021 5 a.m. EST",12073,11360,8869,-3204
ISNE,"1/4/2021 6 a.m. EST",12497,12270,9309,-3188
ISNE,"1/4/2021 7 a.m. EST",13547,13760,10562,-2985
ISNE,"1/4/2021 8 a.m. EST",14698,14900,11605,-3093
ISNE,"1/4/2021 9 a.m. EST",15299,15430,12232,-3067
ISNE,"1/4/2021 10 a.m. EST",15417,15580,12288,-3129
ISNE,"1/4/2021 11 a.m. EST",15247,15580,12477,-2770
ISNE,"1/4/2021 12 p.m. EST",15020,15570,12233,-2787
ISNE,"1/4/2021 1 p.m. EST",14644,15000,11998,-2646
ISNE,"1/4/2021 2 p.m. EST",14533,14190,11904,-2629
ISNE,"1/4/2021 3 p.m. EST",14541,14560,12037,-2504
ISNE,"1/4/2021 4 p.m. EST",15022,15220,12488,-2534
ISNE,"1/4/2021 5 p.m. EST",15926,16670,13079,-2847
ISNE,"1/4/2021 6 p.m. EST",16831,17470,13689,-3142
ISNE,"1/4/2021 7 p.m. EST",16633,17210,13591,-3042
ISNE,"1/4/2021 8 p.m. EST",16086,16600,12983,-3103
ISNE,"1/4/2021 9 p.m. EST",15352,15820,12135,-3217
ISNE,"1/4/2021 10 p.m. EST",14429,14840,11147,-3282
ISNE,"1/4/2021 11 p.m. EST",13366,13630,9894,-3472
ISNE,"1/5/2021 12 a.m. EST",12571,12600,9342,-3229
ISNE,"1/5/2021 1 a.m. EST",12024,11760,8827,-3197
ISNE,"1/5/2021 2 a.m. EST",11651,11390,8635,-3016
ISNE,"1/5/2021 3 a.m. EST",11488,11230,8321,-3167
ISNE,"1/5/2021 4 a.m. EST",11513,11230,8458,-3055
ISNE,"1/5/2021 5 a.m. EST",11844,11620,8881,-2963
ISNE,"1/5/2021 6 a.m. EST",12411,12590,9447,-2964
ISNE,"1/5/2021 7 a.m. EST",13669,14210,10860,-2809
ISNE,"1/5/2021 8 a.m. EST",14767,15200,12068,-2699
ISNE,"1/5/2021 9 a.m. EST",15269,15260,12345,-2924
ISNE,"1/5/2021 10 a.m. EST",15231,15130,12330,-2901
ISNE,"1/5/2021 11 a.m. EST",15126,14980,12305,-2821
ISNE,"1/5/2021 12 p.m. EST",15138,14910,12090,-3048
ISNE,"1/5/2021 1 p.m. EST",15149,14900,12208,-2941
ISNE,"1/5/2021 2 p.m. EST",15198,15050,11962,-3236
ISNE,"1/5/2021 3 p.m. EST",15287,15190,12025,-3262
ISNE,"1/5/2021 4 p.m. EST",15552,15510,12291,-3261
ISNE,"1/5/2021 5 p.m. EST",16359,16370,13117,-3242
ISNE,"1/5/2021 6 p.m. EST",17105,17350,13653,-3452
ISNE,"1/5/2021 7 p.m. EST",16835,17060,13404,-3431
ISNE,"1/5/2021 8 p.m. EST",16219,16480,12780,-3439
ISNE,"1/5/2021 9 p.m. EST",15429,15650,11965,-3464
ISNE,"1/5/2021 10 p.m. EST",14462,14700,11077,-3385
ISNE,"1/5/2021 11 p.m. EST",13369,13530,9867,-3502
ISNE,"1/6/2021 12 a.m. EST",12418,12580,8903,-3515
ISNE,"1/6/2021 1 a.m. EST",11870,11790,8267,-3603
ISNE,"1/6/2021 2 a.m. EST",11921,11420,8513,-3408
ISNE,"1/6/2021 3 a.m. EST",11797,11280,8537,-3260
ISNE,"1/6/2021 4 a.m. EST",11792,11230,8539,-3253
ISNE,"1/6/2021 5 a.m. EST",12339,11650,9118,-3221
ISNE,"1/6/2021 6 a.m. EST",12749,12520,9740,-3009
ISNE,"1/6/2021 7 a.m. EST",13868,13950,11154,-2714
ISNE,"1/6/2021 8 a.m. EST",14975,14760,12068,-2907
ISNE,"1/6/2021 9 a.m. EST",15366,14920,12492,-2874
ISNE,"1/6/2021 10 a.m. EST",14953,14580,12349,-2604
ISNE,"1/6/2021 11 a.m. EST",14535,14330,11932,-2603
ISNE,"1/6/2021 12 p.m. EST",14153,14120,11677,-2476
ISNE,"1/6/2021 1 p.m. EST",14092,13970,11450,-2642
ISNE,"1/6/2021 2 p.m. EST",14161,14050,11632,-2529
ISNE,"1/6/2021 3 p.m. EST",14442,14280,11767,-2675
ISNE,"1/6/2021 4 p.m. EST",14968,14840,12410,-2558
ISNE,"1/6/2021 5 p.m. EST",16012,15890,13332,-2680
ISNE,"1/6/2021 6 p.m. EST",17038,16950,14036,-3002
ISNE,"1/6/2021 7 p.m. EST",16806,16840,13900,-2906
ISNE,"1/6/2021 8 p.m. EST",16246,16370,13314,-2932
ISNE,"1/6/2021 9 p.m. EST",15519,15710,12689,-2830
ISNE,"1/6/2021 10 p.m. EST",14632,14850,11625,-3007
ISNE,"1/6/2021 11 p.m. EST",13583,13710,10558,-3025
ISNE,"1/7/2021 12 a.m. EST",12793,12690,9861,-2932
ISNE,"1/7/2021 1 a.m. EST",12243,12040,9336,-2907
ISNE,"1/7/2021 2 a.m. EST",12125,11670,9226,-2899
ISNE,"1/7/2021 3 a.m. EST",11979,11510,9037,-2942
ISNE,"1/7/2021 4 a.m. EST",12008,11520,9022,-2986
ISNE,"1/7/2021 5 a.m. EST",12329,11810,9305,-3024
ISNE,"1/7/2021 6 a.m. EST",12655,12690,9908,-2747
ISNE,"1/7/2021 7 a.m. EST",13916,14160,11302,-2614
ISNE,"1/7/2021 8 a.m. EST",15000,14910,12414,-2586
ISNE,"1/7/2021 9 a.m. EST",15114,14860,12409,-2705
ISNE,"1/7/2021 10 a.m. EST",14522,14360,12117,-2405
ISNE,"1/7/2021 11 a.m. EST",14045,13920,11830,-2215
ISNE,"1/7/2021 12 p.m. EST",13910,13670,11810,-2100
ISNE,"1/7/2021 1 p.m. EST",13970,13560,11694,-2276
ISNE,"1/7/2021 2 p.m. EST",13975,13690,11481,-2494
ISNE,"1/7/2021 3 p.m. EST",14597,13950,11905,-2692
ISNE,"1/7/2021 4 p.m. EST",15094,14580,12349,-2745
ISNE,"1/7/2021 5 p.m. EST",15853,15700,13139,-2714
ISNE,"1/7/2021 6 p.m. EST",16889,16650,14102,-2787
ISNE,"1/7/2021 7 p.m. EST",16763,16550,13835,-2928
ISNE,"1/7/2021 8 p.m. EST",16259,16080,13601,-2658
ISNE,"1/7/2021 9 p.m. EST",15591,15570,12778,-2813
ISNE,"1/7/2021 10 p.m. EST",14736,14750,11814,-2922
ISNE,"1/7/2021 11 p.m. EST",13854,13720,10795,-3059
ISNE,"1/8/2021 12 a.m. EST",13273,12790,10358,-2915
ISNE,"1/8/2021 1 a.m. EST",12982,12180,10411,-2571
ISNE,"1/8/2021 2 a.m. EST",12670,11850,10172,-2498
ISNE,"1/8/2021 3 a.m. EST",12516,11700,10098,-2418
ISNE,"1/8/2021 4 a.m. EST",12565,11760,10086,-2479
ISNE,"1/8/2021 5 a.m. EST",12678,12110,10288,-2390
ISNE,"1/8/2021 6 a.m. EST",13443,12920,10976,-2467
ISNE,"1/8/2021 7 a.m. EST",14391,14250,11985,-2406
ISNE,"1/8/2021 8 a.m. EST",15283,15290,12974,-2309
ISNE,"1/8/2021 9 a.m. EST",15365,15350,13079,-2286
ISNE,"1/8/2021 10 a.m. EST",14640,14700,12795,-1845
ISNE,"1/8/2021 11 a.m. EST",13919,14240,12351,-1568
ISNE,"1/8/2021 12 p.m. EST",13485,13790,11965,-1520
ISNE,"1/8/2021 1 p.m. EST",13537,13590,11946,-1591
ISNE,"1/8/2021 2 p.m. EST",13719,13640,12109,-1610
ISNE,"1/8/2021 3 p.m. EST",14136,13920,12445,-1691
ISNE,"1/8/2021 4 p.m. EST",14738,14490,12751,-1987
ISNE,"1/8/2021 5 p.m. EST",15745,15560,13747,-1998
ISNE,"1/8/2021 6 p.m. EST",16647,16500,14332,-2315
ISNE,"1/8/2021 7 p.m. EST",16464,16230,14167,-2297
ISNE,"1/8/2021 8 p.m. EST",15974,15810,13640,-2334
ISNE,"1/8/2021 9 p.m. EST",15401,15320,13166,-2235
ISNE,"1/8/2021 10 p.m. EST",14677,14600,12343,-2334
ISNE,"1/8/2021 11 p.m. EST",13821,13750,11566,-2255
ISNE,"1/9/2021 12 a.m. EST",13208,12890,10801,-2407
ISNE,"1/9/2021 1 a.m. EST",12584,12250,10285,-2299
ISNE,"1/9/2021 2 a.m. EST",12197,11880,9802,-2395
ISNE,"1/9/2021 3 a.m. EST",12008,11670,9377,-2631
ISNE,"1/9/2021 4 a.m. EST",11829,11640,9342,-2487
ISNE,"1/9/2021 5 a.m. EST",11845,11710,9515,-2330
ISNE,"1/9/2021 6 a.m. EST",12248,12120,9955,-2293
ISNE,"1/9/2021 7 a.m. EST",12905,12800,10953,-1952
ISNE,"1/9/2021 8 a.m. EST",13547,13650,11527,-2020
ISNE,"1/9/2021 9 a.m. EST",13863,13880,11630,-2233
ISNE,"1/9/2021 10 a.m. EST",13675,13700,11573,-2102
ISNE,"1/9/2021 11 a.m. EST",13429,13410,11343,-2086
ISNE,"1/9/2021 12 p.m. EST",13165,13190,11148,-2017
ISNE,"1/9/2021 1 p.m. EST",13110,13150,11055,-2055
ISNE,"1/9/2021 2 p.m. EST",13326,13170,10877,-2449
ISNE,"1/9/2021 3 p.m. EST",13768,13540,11224,-2544
ISNE,"1/9/2021 4 p.m. EST",14405,14210,12060,-2345
ISNE,"1/9/2021 5 p.m. EST",15378,15100,13073,-2305
ISNE,"1/9/2021 6 p.m. EST",16217,16250,13531,-2686
ISNE,"1/9/2021 7 p.m. EST",16000,16040,13391,-2609
ISNE,"1/9/2021 8 p.m. EST",15471,15480,12909,-2562
ISNE,"1/9/2021 9 p.m. EST",14866,14880,12290,-2576
ISNE,"1/9/2021 10 p.m. EST",14378,14220,11654,-2724
ISNE,"1/9/2021 11 p.m. EST",13587,13450,10984,-2603
ISNE,"1/10/2021 12 a.m. EST",12769,12710,10208,-2561
ISNE,"1/10/2021 1 a.m. EST",11907,11990,9436,-2471
ISNE,"1/10/2021 2 a.m. EST",11699,11620,9020,-2679
ISNE,"1/10/2021 3 a.m. EST",11616,11400,8991,-2625
ISNE,"1/10/2021 4 a.m. EST",11562,11340,8736,-2826
ISNE,"1/10/2021 5 a.m. EST",11674,11430,8963,-2711
ISNE,"1/10/2021 6 a.m. EST",11974,11730,9163,-2811
ISNE,"1/10/2021 7 a.m. EST",12226,12240,9622,-2604
ISNE,"1/10/2021 8 a.m. EST",12767,12760,9902,-2865
ISNE,"1/10/2021 9 a.m. EST",13004,13090,10063,-2941
ISNE,"1/10/2021 10 a.m. EST",12757,12790,9904,-2853
ISNE,"1/10/2021 11 a.m. EST",12336,12690,9623,-2713
ISNE,"1/10/2021 12 p.m. EST",12131,12670,9465,-2666
ISNE,"1/10/2021 1 p.m. EST",12179,12700,9644,-2535
ISNE,"1/10/2021 2 p.m. EST",12321,12810,9693,-2628
ISNE,"1/10/2021 3 p.m. EST",12754,13150,10066,-2688
ISNE,"1/10/2021 4 p.m. EST",13622,13870,10872,-2750
ISNE,"1/10/2021 5 p.m. EST",14958,15210,12412,-2546
ISNE,"1/10/2021 6 p.m. EST",16179,16250,13522,-2657
ISNE,"1/10/2021 7 p.m. EST",16090,16060,13313,-2777
ISNE,"1/10/2021 8 p.m. EST",15591,15560,12793,-2798
ISNE,"1/10/2021 9 p.m. EST",15010,14940,12194,-2816
ISNE,"1/10/2021 10 p.m. EST",14244,14140,11593,-2651
ISNE,"1/10/2021 11 p.m. EST",13355,13270,10587,-2768
ISNE,"1/11/2021 12 a.m. EST",12578,12470,9712,-2866
ISNE,"1/11/2021 1 a.m. EST",12209,12010,9612,-2597
ISNE,"1/11/2021 2 a.m. EST",12283,11760,9615,-2668
ISNE,"1/11/2021 3 a.m. EST",12262,11720,9692,-2570
ISNE,"1/11/2021 4 a.m. EST",12381,11840,9889,-2492
ISNE,"1/11/2021 5 a.m. EST",12483,12260,10086,-2397
ISNE,"1/11/2021 6 a.m. EST",13189,13220,10823,-2366
ISNE,"1/11/2021 7 a.m. EST",14656,14670,12290,-2366
ISNE,"1/11/2021 8 a.m. EST",15778,15780,13330,-2448
ISNE,"1/11/2021 9 a.m. EST",16161,16150,13490,-2671
ISNE,"1/11/2021 10 a.m. EST",16141,16140,13646,-2495
ISNE,"1/11/2021 11 a.m. EST",16052,16060,13344,-2708
ISNE,"1/11/2021 12 p.m. EST",16099,16080,13470,-2629
ISNE,"1/11/2021 1 p.m. EST",16013,15990,13316,-2697
ISNE,"1/11/2021 2 p.m. EST",15987,15920,13323,-2664
ISNE,"1/11/2021 3 p.m. EST",15930,15880,13266,-2664
ISNE,"1/11/2021 4 p.m. EST",16031,16320,13160,-2871
ISNE,"1/11/2021 5 p.m. EST",16664,17140,13902,-2762
ISNE,"1/11/2021 6 p.m. EST",17412,17840,14564,-2848
ISNE,"1/11/2021 7 p.m. EST",17092,17460,14296,-2796
ISNE,"1/11/2021 8 p.m. EST",16493,16890,13589,-2904
ISNE,"1/11/2021 9 p.m. EST",15693,16070,12757,-2936
ISNE,"1/11/2021 10 p.m. EST",14745,15120,11804,-2941
ISNE,"1/11/2021 11 p.m. EST",13698,13910,10755,-2943
ISNE,"1/12/2021 12 a.m. EST",12882,12860,10032,-2850
ISNE,"1/12/2021 1 a.m. EST",12689,12150,9822,-2867
ISNE,"1/12/2021 2 a.m. EST",12718,11850,9823,-2895
ISNE,"1/12/2021 3 a.m. EST",12812,11730,9916,-2896
ISNE,"1/12/2021 4 a.m. EST",12866,11800,9995,-2871
ISNE,"1/12/2021 5 a.m. EST",12924,12130,10051,-2873
ISNE,"1/12/2021 6 a.m. EST",13347,13060,10591,-2756
ISNE,"1/12/2021 7 a.m. EST",14383,14630,11716,-2667
ISNE,"1/12/2021 8 a.m. EST",15434,15470,12612,-2822
ISNE,"1/12/2021 9 a.m. EST",15632,15380,12822,-2810
ISNE,"1/12/2021 10 a.m. EST",15247,15280,12475,-2772
ISNE,"1/12/2021 11 a.m. EST",14667,14780,12053,-2614
ISNE,"1/12/2021 12 p.m. EST",14142,14440,11671,-2471
ISNE,"1/12/2021 1 p.m. EST",14255,14130,11656,-2599
ISNE,"1/12/2021 2 p.m. EST",14569,14140,11838,-2731
ISNE,"1/12/2021 3 p.m. EST",14800,14330,11871,-2929
ISNE,"1/12/2021 4 p.m. EST",15124,14820,12012,-3112
ISNE,"1/12/2021 5 p.m. EST",15924,15930,12768,-3156
ISNE,"1/12/2021 6 p.m. EST",16925,17060,13706,-3219
ISNE,"1/12/2021 7 p.m. EST",16703,16930,13482,-3221
ISNE,"1/12/2021 8 p.m. EST",16060,16430,12766,-3294
ISNE,"1/12/2021 9 p.m. EST",15311,15730,12118,-3193
ISNE,"1/12/2021 10 p.m. EST",14387,14790,11475,-2912
ISNE,"1/12/2021 11 p.m. EST",13455,13670,10552,-2903
ISNE,"1/13/2021 12 a.m. EST",12581,12690,9610,-2971
ISNE,"1/13/2021 1 a.m. EST",11951,11780,8975,-2976
ISNE,"1/13/2021 2 a.m. EST",11777,11430,8847,-2930
ISNE,"1/13/2021 3 a.m. EST",11676,11280,8756,-2920
ISNE,"1/13/2021 4 a.m. EST",11704,11340,8845,-2859
ISNE,"1/13/2021 5 a.m. EST",11929,11640,9100,-2829
ISNE,"1/13/2021 6 a.m. EST",12488,12590,9687,-2801
ISNE,"1/13/2021 7 a.m. EST",13850,14070,10981,-2869
ISNE,"1/13/2021 8 a.m. EST",14947,15040,12190,-2757
ISNE,"1/13/2021 9 a.m. EST",15077,15180,12973,-2104
ISNE,"1/13/2021 10 a.m. EST",14531,14580,12832,-1699
ISNE,"1/13/2021 11 a.m. EST",13953,14090,12285,-1668
ISNE,"1/13/2021 12 p.m. EST",13831,13850,12136,-1695
ISNE,"1/13/2021 1 p.m. EST",14008,13760,12021,-1987
ISNE,"1/13/2021 2 p.m. EST",14338,14000,12051,-2287
ISNE,"1/13/2021 3 p.m. EST",14901,14250,12172,-2729
ISNE,"1/13/2021 4 p.m. EST",15166,14860,12366,-2800
ISNE,"1/13/2021 5 p.m. EST",15862,15810,12966,-2896
ISNE,"1/13/2021 6 p.m. EST",16700,16920,13832,-2868
ISNE,"1/13/2021 7 p.m. EST",16426,16700,13547,-2879
ISNE,"1/13/2021 8 p.m. EST",15814,16170,12937,-2877
ISNE,"1/13/2021 9 p.m. EST",15042,15450,12082,-2960
ISNE,"1/13/2021 10 p.m. EST",14119,14560,11196,-2923
ISNE,"1/13/2021 11 p.m. EST",13042,13470,9989,-3053
ISNE,"1/14/2021 12 a.m. EST",12402,12510,9358,-3044
ISNE,"1/14/2021 1 a.m. EST",12177,11500,9115,-3062
ISNE,"1/14/2021 2 a.m. EST",12045,11190,8997,-3048
ISNE,"1/14/2021 3 a.m. EST",12089,11030,9103,-2986
ISNE,"1/14/2021 4 a.m. EST",12091,11060,9116,-2975
ISNE,"1/14/2021 5 a.m. EST",12153,11360,9164,-2989
ISNE,"1/14/2021 6 a.m. EST",12704,12190,9809,-2895
ISNE,"1/14/2021 7 a.m. EST",13784,13440,10925,-2859
ISNE,"1/14/2021 8 a.m. EST",14678,14610,11740,-2938
ISNE,"1/14/2021 9 a.m. EST",15145,15080,12149,-2996
ISNE,"1/14/2021 10 a.m. EST",15129,15110,12289,-2840
ISNE,"1/14/2021 11 a.m. EST",14998,15030,11914,-3084
ISNE,"1/14/2021 12 p.m. EST",14952,14930,11879,-3073
ISNE,"1/14/2021 1 p.m. EST",14814,14820,11708,-3106
ISNE,"1/14/2021 2 p.m. EST",14950,14890,11737,-3213
ISNE,"1/14/2021 3 p.m. EST",14980,14930,11943,-3037
ISNE,"1/14/2021 4 p.m. EST",15093,15240,12090,-3003
ISNE,"1/14/2021 5 p.m. EST",15701,15990,12412,-3289
ISNE,"1/14/2021 6 p.m. EST",16533,16740,13216,-3317
ISNE,"1/14/2021 7 p.m. EST",16306,16510,12948,-3358
ISNE,"1/14/2021 8 p.m. EST",15649,15870,12188,-3461
ISNE,"1/14/2021 9 p.m. EST",14923,15140,11688,-3235
ISNE,"1/14/2021 10 p.m. EST",13991,14330,11003,-2988
ISNE,"1/14/2021 11 p.m. EST",12914,13180,9952,-2962
ISNE,"1/15/2021 12 a.m. EST",11966,12180,9053,-2913
ISNE,"1/15/2021 1 a.m. EST",11629,11330,8677,-2952
ISNE,"1/15/2021 2 a.m. EST",11507,10960,8519,-2988
ISNE,"1/15/2021 3 a.m. EST",11448,10800,8382,-3066
ISNE,"1/15/2021 4 a.m. EST",11611,10830,8499,-3112
ISNE,"1/15/2021 5 a.m. EST",11496,11140,8398,-3098
ISNE,"1/15/2021 6 a.m. EST",11964,11980,8929,-3035
ISNE,"1/15/2021 7 a.m. EST",13244,13370,10435,-2809
ISNE,"1/15/2021 8 a.m. EST",14380,14580,11435,-2945
ISNE,"1/15/2021 9 a.m. EST",14697,14730,11653,-3044
ISNE,"1/15/2021 10 a.m. EST",14402,14530,11371,-3031
ISNE,"1/15/2021 11 a.m. EST",14098,14370,11183,-2915
ISNE,"1/15/2021 12 p.m. EST",14174,14340,11310,-2864
ISNE,"1/15/2021 1 p.m. EST",14322,14200,11508,-2814
ISNE,"1/15/2021 2 p.m. EST",14310,14320,11479,-2831
ISNE,"1/15/2021 3 p.m. EST",14411,14450,11585,-2826
ISNE,"1/15/2021 4 p.m. EST",14592,14820,11892,-2700
ISNE,"1/15/2021 5 p.m. EST",15299,15620,12382,-2917
ISNE,"1/15/2021 6 p.m. EST",15982,16400,12892,-3090
ISNE,"1/15/2021 7 p.m. EST",15740,15870,12894,-2846
ISNE,"1/15/2021 8 p.m. EST",15167,15270,12126,-3041
ISNE,"1/15/2021 9 p.m. EST",14551,14570,11536,-3015
ISNE,"1/15/2021 10 p.m. EST",13787,13800,10991,-2796
ISNE,"1/15/2021 11 p.m. EST",12860,12840,9734,-3126
ISNE,"1/16/2021 12 a.m. EST",12325,11970,9180,-3145
ISNE,"1/16/2021 1 a.m. EST",11335,11300,8660,-2675
ISNE,"1/16/2021 2 a.m. EST",11084,10890,8317,-2767
ISNE,"1/16/2021 3 a.m. EST",10892,10680,8285,-2607
ISNE,"1/16/2021 4 a.m. EST",10818,10620,8267,-2551
ISNE,"1/16/2021 5 a.m. EST",11140,10740,8543,-2597
ISNE,"1/16/2021 6 a.m. EST",11281,11100,8605,-2676
ISNE,"1/16/2021 7 a.m. EST",11580,11760,8818,-2762
ISNE,"1/16/2021 8 a.m. EST",12304,12440,9489,-2815
ISNE,"1/16/2021 9 a.m. EST",13157,13190,10193,-2964
ISNE,"1/16/2021 10 a.m. EST",13847,13710,10595,-3252
ISNE,"1/16/2021 11 a.m. EST",14262,14420,10962,-3300
ISNE,"1/16/2021 12 p.m. EST",14282,14450,10991,-3291
ISNE,"1/16/2021 1 p.m. EST",13962,14420,10678,-3284
ISNE,"1/16/2021 2 p.m. EST",13585,13740,10273,-3312
ISNE,"1/16/2021 3 p.m. EST",13380,13690,10033,-3347
ISNE,"1/16/2021 4 p.m. EST",13669,13950,10325,-3344
ISNE,"1/16/2021 5 p.m. EST",14374,14350,11028,-3346
ISNE,"1/16/2021 6 p.m. EST",15075,15250,11900,-3175
ISNE,"1/16/2021 7 p.m. EST",14962,14780,11739,-3223
ISNE,"1/16/2021 8 p.m. EST",14337,14210,11389,-2948
ISNE,"1/16/2021 9 p.m. EST",13742,13670,10798,-2944
ISNE,"1/16/2021 10 p.m. EST",13075,13050,10187,-2888
ISNE,"1/16/2021 11 p.m. EST",12354,12320,9745,-2609
ISNE,"1/17/2021 12 a.m. EST",11604,11610,8905,-2699
ISNE,"1/17/2021 1 a.m. EST",11036,11020,8262,-2774
ISNE,"1/17/2021 2 a.m. EST",10677,10630,7873,-2804
ISNE,"1/17/2021 3 a.m. EST",10514,10430,7776,-2738
ISNE,"1/17/2021 4 a.m. EST",10434,10360,7771,-2663
ISNE,"1/17/2021 5 a.m. EST",10539,10480,8008,-2531
ISNE,"1/17/2021 6 a.m. EST",10834,10680,8209,-2625
ISNE,"1/17/2021 7 a.m. EST",11300,11160,8842,-2458
ISNE,"1/17/2021 8 a.m. EST",11851,11590,9194,-2657
ISNE,"1/17/2021 9 a.m. EST",12172,11990,9732,-2440
ISNE,"1/17/2021 10 a.m. EST",12138,12080,9749,-2389
ISNE,"1/17/2021 11 a.m. EST",12275,12050,9679,-2596
ISNE,"1/17/2021 12 p.m. EST",12264,12170,9806,-2458
ISNE,"1/17/2021 1 p.m. EST",12613,12440,10091,-2522
ISNE,"1/17/2021 2 p.m. EST",12928,12620,10149,-2779
ISNE,"1/17/2021 3 p.m. EST",13148,12910,10358,-2790
ISNE,"1/17/2021 4 p.m. EST",13627,13580,10843,-2784
ISNE,"1/17/2021 5 p.m. EST",14519,14600,11987,-2532
ISNE,"1/17/2021 6 p.m. EST",15444,15800,12842,-2602
ISNE,"1/17/2021 7 p.m. EST",15272,15350,12520,-2752
ISNE,"1/17/2021 8 p.m. EST",14659,14790,11944,-2715
ISNE,"1/17/2021 9 p.m. EST",14030,14150,11190,-2840
ISNE,"1/17/2021 10 p.m. EST",13185,13300,10310,-2875
ISNE,"1/17/2021 11 p.m. EST",12325,12350,9496,-2829
ISNE,"1/18/2021 12 a.m. EST",11500,11540,8649,-2851
ISNE,"1/18/2021 1 a.m. EST",11193,10910,8454,-2739
ISNE,"1/18/2021 2 a.m. EST",10834,10540,8212,-2622
ISNE,"1/18/2021 3 a.m. EST",10759,10380,8202,-2557
ISNE,"1/18/2021 4 a.m. EST",10870,10420,8370,-2500
ISNE,"1/18/2021 5 a.m. EST",10980,10720,8511,-2469
ISNE,"1/18/2021 6 a.m. EST",11429,11450,8948,-2481
ISNE,"1/18/2021 7 a.m. EST",12511,12540,9770,-2741
ISNE,"1/18/2021 8 a.m. EST",13377,13400,10701,-2676
ISNE,"1/18/2021 9 a.m. EST",13528,13520,10936,-2592
ISNE,"1/18/2021 10 a.m. EST",13152,13120,10442,-2710
ISNE,"1/18/2021 11 a.m. EST",12927,13050,10096,-2831
ISNE,"1/18/2021 12 p.m. EST",13156,13100,10410,-2746
ISNE,"1/18/2021 1 p.m. EST",13477,13260,10685,-2792
ISNE,"1/18/2021 2 p.m. EST",13651,13650,10824,-2827
ISNE,"1/18/2021 3 p.m. EST",13855,13940,11164,-2691
ISNE,"1/18/2021 4 p.m. EST",14295,14490,11667,-2628
ISNE,"1/18/2021 5 p.m. EST",15257,15530,12483,-2774
ISNE,"1/18/2021 6 p.m. EST",16389,16430,13625,-2764
ISNE,"1/18/2021 7 p.m. EST",16193,16190,13362,-2831
ISNE,"1/18/2021 8 p.m. EST",15585,15700,12724,-2861
ISNE,"1/18/2021 9 p.m. EST",14910,14950,12060,-2850
ISNE,"1/18/2021 10 p.m. EST",14048,14090,11071,-2977
ISNE,"1/18/2021 11 p.m. EST",13081,13070,9978,-3103
ISNE,"1/19/2021 12 a.m. EST",12227,12190,9171,-3056
ISNE,"1/19/2021 1 a.m. EST",11960,11660,8881,-3079
ISNE,"1/19/2021 2 a.m. EST",11928,11410,8704,-3224
ISNE,"1/19/2021 3 a.m. EST",11875,11320,8646,-3229
ISNE,"1/19/2021 4 a.m. EST",11920,11400,8771,-3149
ISNE,"1/19/2021 5 a.m. EST",12055,11790,8989,-3066
ISNE,"1/19/2021 6 a.m. EST",12796,12700,9892,-2904
ISNE,"1/19/2021 7 a.m. EST",14128,14160,11390,-2738
ISNE,"1/19/2021 8 a.m. EST",15207,15210,12468,-2739
ISNE,"1/19/2021 9 a.m. EST",15232,15210,12561,-2671
ISNE,"1/19/2021 10 a.m. EST",14552,14560,12007,-2545
ISNE,"1/19/2021 11 a.m. EST",13921,14040,11349,-2572
ISNE,"1/19/2021 12 p.m. EST",13856,13910,11147,-2709
ISNE,"1/19/2021 1 p.m. EST",14028,13820,11212,-2816
ISNE,"1/19/2021 2 p.m. EST",14159,14040,11399,-2760
ISNE,"1/19/2021 3 p.m. EST",14538,14420,11794,-2744
ISNE,"1/19/2021 4 p.m. EST",15020,14650,12393,-2627
ISNE,"1/19/2021 5 p.m. EST",15789,15580,13194,-2595
ISNE,"1/19/2021 6 p.m. EST",16774,16630,14234,-2540
ISNE,"1/19/2021 7 p.m. EST",16589,16510,14060,-2529
ISNE,"1/19/2021 8 p.m. EST",15980,16000,13240,-2740
ISNE,"1/19/2021 9 p.m. EST",15235,15260,12560,-2675
ISNE,"1/19/2021 10 p.m. EST",14313,14320,11579,-2734
ISNE,"1/19/2021 11 p.m. EST",13289,13240,10520,-2769
ISNE,"1/20/2021 12 a.m. EST",12413,12300,9589,-2824
ISNE,"1/20/2021 1 a.m. EST",11825,11830,9130,-2695
ISNE,"1/20/2021 2 a.m. EST",11500,11500,8872,-2628
ISNE,"1/20/2021 3 a.m. EST",11345,11350,8720,-2625
ISNE,"1/20/2021 4 a.m. EST",11357,11370,8798,-2559
ISNE,"1/20/2021 5 a.m. EST",11674,11700,9221,-2453
ISNE,"1/20/2021 6 a.m. EST",12482,12520,10113,-2369
ISNE,"1/20/2021 7 a.m. EST",13817,13860,11508,-2309
ISNE,"1/20/2021 8 a.m. EST",14970,14990,12720,-2250
ISNE,"1/20/2021 9 a.m. EST",15410,15420,12966,-2444
ISNE,"1/20/2021 10 a.m. EST",15429,15480,13128,-2301
ISNE,"1/20/2021 11 a.m. EST",14950,15150,12747,-2203
ISNE,"1/20/2021 12 p.m. EST",14512,14910,12348,-2164
ISNE,"1/20/2021 1 p.m. EST",14194,14780,11849,-2345
ISNE,"1/20/2021 2 p.m. EST",14361,14750,11983,-2378
ISNE,"1/20/2021 3 p.m. EST",14697,14860,12449,-2248
ISNE,"1/20/2021 4 p.m. EST",15109,15340,12850,-2259
ISNE,"1/20/2021 5 p.m. EST",15960,16340,13684,-2276
ISNE,"1/20/2021 6 p.m. EST",17007,17600,14504,-2503
ISNE,"1/20/2021 7 p.m. EST",16990,17270,14451,-2539
ISNE,"1/20/2021 8 p.m. EST",16479,16610,13938,-2541
ISNE,"1/20/2021 9 p.m. EST",15818,15870,13298,-2520
ISNE,"1/20/2021 10 p.m. EST",14939,15220,12457,-2482
ISNE,"1/20/2021 11 p.m. EST",13931,14100,11362,-2569
ISNE,"1/21/2021 12 a.m. EST",13300,13130,10723,-2577
ISNE,"1/21/2021 1 a.m. EST",13027,12480,10562,-2465
ISNE,"1/21/2021 2 a.m. EST",12747,12190,10341,-2406
ISNE,"1/21/2021 3 a.m. EST",12647,12100,10495,-2152
ISNE,"1/21/2021 4 a.m. EST",12406,12150,10376,-2030
ISNE,"1/21/2021 5 a.m. EST",12741,12510,10557,-2184
ISNE,"1/21/2021 6 a.m. EST",13387,13420,11287,-2100
ISNE,"1/21/2021 7 a.m. EST",14813,14850,12652,-2161
ISNE,"1/21/2021 8 a.m. EST",15931,15890,13739,-2192
ISNE,"1/21/2021 9 a.m. EST",16116,16120,13936,-2180
ISNE,"1/21/2021 10 a.m. EST",16062,16050,13951,-2111
ISNE,"1/21/2021 11 a.m. EST",16109,16110,13937,-2172
ISNE,"1/21/2021 12 p.m. EST",16143,16140,13977,-2166
ISNE,"1/21/2021 1 p.m. EST",16058,16060,13900,-2158
ISNE,"1/21/2021 2 p.m. EST",16235,16220,13991,-2244
ISNE,"1/21/2021 3 p.m. EST",16048,15780,13790,-2258
ISNE,"1/21/2021 4 p.m. EST",15986,16120,13723,-2263
ISNE,"1/21/2021 5 p.m. EST",16482,16900,14262,-2220
ISNE,"1/21/2021 6 p.m. EST",17259,17750,14998,-2261
ISNE,"1/21/2021 7 p.m. EST",17076,17600,14850,-2226
ISNE,"1/21/2021 8 p.m. EST",16549,16970,14342,-2207
ISNE,"1/21/2021 9 p.m. EST",15813,16160,13635,-2178
ISNE,"1/21/2021 10 p.m. EST",14814,15170,12686,-2128
ISNE,"1/21/2021 11 p.m. EST",13722,13980,11529,-2193
ISNE,"1/22/2021 12 a.m. EST",13175,13150,10948,-2227
ISNE,"1/22/2021 1 a.m. EST",12846,12040,10740,-2106
ISNE,"1/22/2021 2 a.m. EST",12476,11670,10629,-1847
ISNE,"1/22/2021 3 a.m. EST",12281,11500,10419,-1862
ISNE,"1/22/2021 4 a.m. EST",12547,11500,10640,-1907
ISNE,"1/22/2021 5 a.m. EST",12739,11820,10726,-2013
ISNE,"1/22/2021 6 a.m. EST",13020,12660,11099,-1921
ISNE,"1/22/2021 7 a.m. EST",14091,14040,12058,-2033
ISNE,"1/22/2021 8 a.m. EST",14975,15060,12812,-2163
ISNE,"1/22/2021 9 a.m. EST",15321,15290,13133,-2188
ISNE,"1/22/2021 10 a.m. EST",14943,14940,12847,-2096
ISNE,"1/22/2021 11 a.m. EST",14687,14240,12586,-2101
ISNE,"1/22/2021 12 p.m. EST",14640,13960,12435,-2205
ISNE,"1/22/2021 1 p.m. EST",14643,13830,12531,-2112
ISNE,"1/22/2021 2 p.m. EST",14651,13960,12663,-1988
ISNE,"1/22/2021 3 p.m. EST",14856,14060,12855,-2001
ISNE,"1/22/2021 4 p.m. EST",14974,14500,12956,-2018
ISNE,"1/22/2021 5 p.m. EST",15487,15320,13410,-2077
ISNE,"1/22/2021 6 p.m. EST",16103,16380,13971,-2132
ISNE,"1/22/2021 7 p.m. EST",15931,16050,13822,-2109
ISNE,"1/22/2021 8 p.m. EST",15464,15510,13327,-2137
ISNE,"1/22/2021 9 p.m. EST",15075,14900,12847,-2228
ISNE,"1/22/2021 10 p.m. EST",14358,14220,12161,-2197
ISNE,"1/22/2021 11 p.m. EST",13640,13360,11328,-2312
ISNE,"1/23/2021 12 a.m. EST",12864,12550,10680,-2184
ISNE,"1/23/2021 1 a.m. EST",12510,11750,10244,-2266
ISNE,"1/23/2021 2 a.m. EST",11920,11390,9707,-2213
ISNE,"1/23/2021 3 a.m. EST",11751,11240,9514,-2237
ISNE,"1/23/2021 4 a.m. EST",11742,11230,9456,-2286
ISNE,"1/23/2021 5 a.m. EST",11892,11410,9830,-2062
ISNE,"1/23/2021 6 a.m. EST",12098,11850,9941,-2157
ISNE,"1/23/2021 7 a.m. EST",12824,12550,10816,-2008
ISNE,"1/23/2021 8 a.m. EST",13277,13330,11108,-2169
ISNE,"1/23/2021 9 a.m. EST",13624,13770,11395,-2229
ISNE,"1/23/2021 10 a.m. EST",13428,13490,11237,-2191
ISNE,"1/23/2021 11 a.m. EST",13126,13110,10880,-2246
ISNE,"1/23/2021 12 p.m. EST",12937,13040,10697,-2240
ISNE,"1/23/2021 1 p.m. EST",12787,13080,10441,-2346
ISNE,"1/23/2021 2 p.m. EST",12832,13050,10498,-2334
ISNE,"1/23/2021 3 p.m. EST",13258,13340,10881,-2377
ISNE,"1/23/2021 4 p.m. EST",14218,14310,11550,-2668
ISNE,"1/23/2021 5 p.m. EST",15536,15730,12966,-2570
ISNE,"1/23/2021 6 p.m. EST",16786,16750,14059,-2727
ISNE,"1/23/2021 7 p.m. EST",16795,16670,14079,-2716
ISNE,"1/23/2021 8 p.m. EST",16368,16310,13696,-2672
ISNE,"1/23/2021 9 p.m. EST",15841,15700,13183,-2658
ISNE,"1/23/2021 10 p.m. EST",15199,15060,12566,-2633
ISNE,"1/23/2021 11 p.m. EST",14396,14280,11707,-2689
ISNE,"1/24/2021 12 a.m. EST",13689,13640,10962,-2727
ISNE,"1/24/2021 1 a.m. EST",13150,13130,10643,-2507
ISNE,"1/24/2021 2 a.m. EST",13053,12800,10496,-2557
ISNE,"1/24/2021 3 a.m. EST",12887,12630,10350,-2537
ISNE,"1/24/2021 4 a.m. EST",12843,12600,10306,-2537
ISNE,"1/24/2021 5 a.m. EST",12961,12720,10433,-2528
ISNE,"1/24/2021 6 a.m. EST",13243,13010,10763,-2480
ISNE,"1/24/2021 7 a.m. EST",13517,13480,10925,-2592
ISNE,"1/24/2021 8 a.m. EST",14021,14050,11434,-2587
ISNE,"1/24/2021 9 a.m. EST",14107,14370,11789,-2318
ISNE,"1/24/2021 10 a.m. EST",13726,14250,11348,-2378
ISNE,"1/24/2021 11 a.m. EST",13385,13860,11012,-2373
ISNE,"1/24/2021 12 p.m. EST",13459,13500,11137,-2322
ISNE,"1/24/2021 1 p.m. EST",13441,13340,11109,-2332
ISNE,"1/24/2021 2 p.m. EST",13477,13460,11165,-2312
ISNE,"1/24/2021 3 p.m. EST",13710,13790,11326,-2384
ISNE,"1/24/2021 4 p.m. EST",14730,14550,12383,-2347
ISNE,"1/24/2021 5 p.m. EST",15961,15700,13573,-2388
ISNE,"1/24/2021 6 p.m. EST",17103,17000,14708,-2395
ISNE,"1/24/2021 7 p.m. EST",17068,16820,14571,-2497
ISNE,"1/24/2021 8 p.m. EST",16664,16360,13925,-2739
ISNE,"1/24/2021 9 p.m. EST",15979,15760,13267,-2712
ISNE,"1/24/2021 10 p.m. EST",15123,14930,12473,-2650
ISNE,"1/24/2021 11 p.m. EST",14119,14100,11342,-2777
ISNE,"1/25/2021 12 a.m. EST",13320,13320,10488,-2832
ISNE,"1/25/2021 1 a.m. EST",13222,12770,10394,-2828
ISNE,"1/25/2021 2 a.m. EST",13263,12490,10335,-2928
ISNE,"1/25/2021 3 a.m. EST",13208,12410,10360,-2848
ISNE,"1/25/2021 4 a.m. EST",13280,12490,10501,-2779
ISNE,"1/25/2021 5 a.m. EST",13415,12900,10691,-2724
ISNE,"1/25/2021 6 a.m. EST",14072,13810,11462,-2610
ISNE,"1/25/2021 7 a.m. EST",15197,15260,12540,-2657
ISNE,"1/25/2021 8 a.m. EST",16281,16280,13474,-2807
ISNE,"1/25/2021 9 a.m. EST",16140,16110,13570,-2570
ISNE,"1/25/2021 10 a.m. EST",15219,15180,12955,-2264
ISNE,"1/25/2021 11 a.m. EST",14482,14640,12208,-2274
ISNE,"1/25/2021 12 p.m. EST",14378,14220,12046,-2332
ISNE,"1/25/2021 1 p.m. EST",14344,14070,11833,-2511
ISNE,"1/25/2021 2 p.m. EST",14282,14110,11881,-2401
ISNE,"1/25/2021 3 p.m. EST",14728,14370,12286,-2442
ISNE,"1/25/2021 4 p.m. EST",15064,15150,12618,-2446
ISNE,"1/25/2021 5 p.m. EST",16241,16200,13629,-2612
ISNE,"1/25/2021 6 p.m. EST",17478,17450,14816,-2662
ISNE,"1/25/2021 7 p.m. EST",17367,17390,14696,-2671
ISNE,"1/25/2021 8 p.m. EST",16817,16900,14141,-2676
ISNE,"1/25/2021 9 p.m. EST",16044,16150,13429,-2615
ISNE,"1/25/2021 10 p.m. EST",15097,15170,12427,-2670
ISNE,"1/25/2021 11 p.m. EST",13994,14010,11399,-2595
ISNE,"1/26/2021 12 a.m. EST",13254,13090,10529,-2725
ISNE,"1/26/2021 1 a.m. EST",12999,12440,10633,-2366
ISNE,"1/26/2021 2 a.m. EST",13019,12120,10382,-2637
ISNE,"1/26/2021 3 a.m. EST",13081,12040,10396,-2685
ISNE,"1/26/2021 4 a.m. EST",12891,12110,10484,-2407
ISNE,"1/26/2021 5 a.m. EST",13021,12450,10690,-2331
ISNE,"1/26/2021 6 a.m. EST",13474,13340,10994,-2480
ISNE,"1/26/2021 7 a.m. EST",14728,14770,12165,-2563
ISNE,"1/26/2021 8 a.m. EST",15761,15770,13153,-2608
ISNE,"1/26/2021 9 a.m. EST",15796,15780,13319,-2477
ISNE,"1/26/2021 10 a.m. EST",15112,15090,12647,-2465
ISNE,"1/26/2021 11 a.m. EST",14841,14830,12351,-2490
ISNE,"1/26/2021 12 p.m. EST",14941,14950,12445,-2496
ISNE,"1/26/2021 1 p.m. EST",15440,15450,13126,-2314
ISNE,"1/26/2021 2 p.m. EST",15835,15850,13340,-2495
ISNE,"1/26/2021 3 p.m. EST",16051,16000,13564,-2487
ISNE,"1/26/2021 4 p.m. EST",16265,16290,13689,-2576
ISNE,"1/26/2021 5 p.m. EST",16796,16790,14116,-2680
ISNE,"1/26/2021 6 p.m. EST",17595,17490,14905,-2690
ISNE,"1/26/2021 7 p.m. EST",17391,17280,14771,-2620
ISNE,"1/26/2021 8 p.m. EST",16753,16590,14121,-2632
ISNE,"1/26/2021 9 p.m. EST",15940,15640,13301,-2639
ISNE,"1/26/2021 10 p.m. EST",14950,14660,12240,-2710
ISNE,"1/26/2021 11 p.m. EST",13801,13530,10985,-2816
ISNE,"1/27/2021 12 a.m. EST",13104,12610,10274,-2830
ISNE,"1/27/2021 1 a.m. EST",12797,12260,10022,-2775
ISNE,"1/27/2021 2 a.m. EST",12450,11890,9785,-2665
ISNE,"1/27/2021 3 a.m. EST",12453,11740,9786,-2667
ISNE,"1/27/2021 4 a.m. EST",12560,11770,9963,-2597
ISNE,"1/27/2021 5 a.m. EST",12689,12110,10176,-2513
ISNE,"1/27/2021 6 a.m. EST",13199,12920,10845,-2354
ISNE,"1/27/2021 7 a.m. EST",14138,14170,11722,-2416
ISNE,"1/27/2021 8 a.m. EST",15204,15220,12705,-2499
ISNE,"1/27/2021 9 a.m. EST",15819,15840,13389,-2430
ISNE,"1/27/2021 10 a.m. EST",16058,16070,13818,-2240
ISNE,"1/27/2021 11 a.m. EST",16141,16020,13888,-2253
ISNE,"1/27/2021 12 p.m. EST",16064,15920,13841,-2223
ISNE,"1/27/2021 1 p.m. EST",15931,15750,13580,-2351
ISNE,"1/27/2021 2 p.m. EST",15829,15610,13436,-2393
ISNE,"1/27/2021 3 p.m. EST",15719,15560,13412,-2307
ISNE,"1/27/2021 4 p.m. EST",15769,15610,13476,-2293
ISNE,"1/27/2021 5 p.m. EST",16231,16260,13902,-2329
ISNE,"1/27/2021 6 p.m. EST",17151,16950,14713,-2438
ISNE,"1/27/2021 7 p.m. EST",16976,16700,14531,-2445
ISNE,"1/27/2021 8 p.m. EST",16346,16100,13958,-2388
ISNE,"1/27/2021 9 p.m. EST",15693,15330,13183,-2510
ISNE,"1/27/2021 10 p.m. EST",14893,14560,12309,-2584
ISNE,"1/27/2021 11 p.m. EST",13807,13430,11238,-2569
ISNE,"1/28/2021 12 a.m. EST",13141,12540,10579,-2562
ISNE,"1/28/2021 1 a.m. EST",12579,12020,10009,-2570
ISNE,"1/28/2021 2 a.m. EST",12469,11680,9940,-2529
ISNE,"1/28/2021 3 a.m. EST",12576,11520,10029,-2547
ISNE,"1/28/2021 4 a.m. EST",12602,11560,10022,-2580
ISNE,"1/28/2021 5 a.m. EST",12884,11900,10267,-2617
ISNE,"1/28/2021 6 a.m. EST",13152,12760,10615,-2537
ISNE,"1/28/2021 7 a.m. EST",14222,14190,11757,-2465
ISNE,"1/28/2021 8 a.m. EST",15340,15350,12913,-2427
ISNE,"1/28/2021 9 a.m. EST",15969,15980,13480,-2489
ISNE,"1/28/2021 10 a.m. EST",16210,16230,13727,-2483
ISNE,"1/28/2021 11 a.m. EST",16277,16100,13790,-2487
ISNE,"1/28/2021 12 p.m. EST",16215,15930,13730,-2485
ISNE,"1/28/2021 1 p.m. EST",16003,15770,13466,-2537
ISNE,"1/28/2021 2 p.m. EST",15787,15780,13268,-2519
ISNE,"1/28/2021 3 p.m. EST",15679,15680,13181,-2498
ISNE,"1/28/2021 4 p.m. EST",15815,15850,13241,-2574
ISNE,"1/28/2021 5 p.m. EST",16469,16510,13899,-2570
ISNE,"1/28/2021 6 p.m. EST",17624,17500,15115,-2509
ISNE,"1/28/2021 7 p.m. EST",17704,17470,15197,-2507
ISNE,"1/28/2021 8 p.m. EST",17289,16910,14839,-2450
ISNE,"1/28/2021 9 p.m. EST",16665,16320,14157,-2508
ISNE,"1/28/2021 10 p.m. EST",15847,15540,13364,-2483
ISNE,"1/28/2021 11 p.m. EST",15114,14500,12582,-2532
ISNE,"1/29/2021 12 a.m. EST",14555,13830,12056,-2499
ISNE,"1/29/2021 1 a.m. EST",14333,13560,12012,-2321
ISNE,"1/29/2021 2 a.m. EST",14328,13310,11910,-2418
ISNE,"1/29/2021 3 a.m. EST",14162,13210,11777,-2385
ISNE,"1/29/2021 4 a.m. EST",14310,13300,11671,-2639
ISNE,"1/29/2021 5 a.m. EST",14241,13720,11747,-2494
ISNE,"1/29/2021 6 a.m. EST",14962,14680,12751,-2211
ISNE,"1/29/2021 7 a.m. EST",16138,16180,14076,-2062
ISNE,"1/29/2021 8 a.m. EST",17302,17310,15162,-2140
ISNE,"1/29/2021 9 a.m. EST",17736,17730,15789,-1947
ISNE,"1/29/2021 10 a.m. EST",17627,17630,15952,-1675
ISNE,"1/29/2021 11 a.m. EST",17407,17370,15578,-1829
ISNE,"1/29/2021 12 p.m. EST",17188,17100,15345,-1843
ISNE,"1/29/2021 1 p.m. EST",17014,16710,15195,-1819
ISNE,"1/29/2021 2 p.m. EST",16969,16680,15214,-1755
ISNE,"1/29/2021 3 p.m. EST",16984,16690,15494,-1490
ISNE,"1/29/2021 4 p.m. EST",17178,16940,15791,-1387
ISNE,"1/29/2021 5 p.m. EST",17740,17740,16186,-1554
ISNE,"1/29/2021 6 p.m. EST",18654,18650,16910,-1744
ISNE,"1/29/2021 7 p.m. EST",18628,18390,16987,-1641
ISNE,"1/29/2021 8 p.m. EST",18187,17880,16624,-1563
ISNE,"1/29/2021 9 p.m. EST",17525,17230,16092,-1433
ISNE,"1/29/2021 10 p.m. EST",16758,16460,15278,-1480
ISNE,"1/29/2021 11 p.m. EST",15811,15520,14494,-1317
ISNE,"1/30/2021 12 a.m. EST",14954,14680,13606,-1348
ISNE,"1/30/2021 1 a.m. EST",14457,14350,13125,-1332
ISNE,"1/30/2021 2 a.m. EST",14555,14020,13085,-1470
ISNE,"1/30/2021 3 a.m. EST",14635,13840,13040,-1595
ISNE,"1/30/2021 4 a.m. EST",14532,13810,12811,-1721
ISNE,"1/30/2021 5 a.m. EST",14501,13960,12874,-1627
ISNE,"1/30/2021 6 a.m. EST",14635,14350,13228,-1407
ISNE,"1/30/2021 7 a.m. EST",15278,15010,13879,-1399
ISNE,"1/30/2021 8 a.m. EST",15700,15660,14095,-1605
ISNE,"1/30/2021 9 a.m. EST",16020,16020,14396,-1624
ISNE,"1/30/2021 10 a.m. EST",15994,15990,14291,-1703
ISNE,"1/30/2021 11 a.m. EST",15793,15790,14269,-1524
ISNE,"1/30/2021 12 p.m. EST",15538,15530,14118,-1420
ISNE,"1/30/2021 1 p.m. EST",15362,15220,13927,-1435
ISNE,"1/30/2021 2 p.m. EST",15220,14970,13890,-1330
ISNE,"1/30/2021 3 p.m. EST",15369,15230,13959,-1410
ISNE,"1/30/2021 4 p.m. EST",15657,15740,13827,-1830
ISNE,"1/30/2021 5 p.m. EST",16439,16750,14488,-1951
ISNE,"1/30/2021 6 p.m. EST",17647,17830,15751,-1896
ISNE,"1/30/2021 7 p.m. EST",17738,17780,15786,-1952
ISNE,"1/30/2021 8 p.m. EST",17249,17240,15271,-1978
ISNE,"1/30/2021 9 p.m. EST",16718,16690,14904,-1814
ISNE,"1/30/2021 10 p.m. EST",16062,15970,14291,-1771
ISNE,"1/30/2021 11 p.m. EST",15261,15160,13802,-1459
ISNE,"1/31/2021 12 a.m. EST",14547,14400,12970,-1577
ISNE,"1/31/2021 1 a.m. EST",14227,14000,12697,-1530
ISNE,"1/31/2021 2 a.m. EST",14182,13680,12592,-1590
ISNE,"1/31/2021 3 a.m. EST",14077,13560,12356,-1721
ISNE,"1/31/2021 4 a.m. EST",14058,13550,12189,-1869
ISNE,"1/31/2021 5 a.m. EST",14204,13690,12218,-1986
ISNE,"1/31/2021 6 a.m. EST",14272,14020,12463,-1809
ISNE,"1/31/2021 7 a.m. EST",14568,14580,12456,-2112
ISNE,"1/31/2021 8 a.m. EST",15130,15130,13237,-1893
ISNE,"1/31/2021 9 a.m. EST",15515,15510,13728,-1787
ISNE,"1/31/2021 10 a.m. EST",15692,15710,14097,-1595
ISNE,"1/31/2021 11 a.m. EST",15745,15570,14301,-1444
ISNE,"1/31/2021 12 p.m. EST",15766,15570,14150,-1616
ISNE,"1/31/2021 1 p.m. EST",15564,15530,14112,-1452
ISNE,"1/31/2021 2 p.m. EST",15455,15530,14257,-1198
ISNE,"1/31/2021 3 p.m. EST",15395,15570,14166,-1229
ISNE,"1/31/2021 4 p.m. EST",15725,15860,14330,-1395
ISNE,"1/31/2021 5 p.m. EST",16617,16530,14941,-1676
ISNE,"1/31/2021 6 p.m. EST",17807,17750,15583,-2224
ISNE,"1/31/2021 7 p.m. EST",17768,17680,15380,-2388
ISNE,"1/31/2021 8 p.m. EST",17204,16970,14558,-2646
ISNE,"1/31/2021 9 p.m. EST",16500,16230,14054,-2446
ISNE,"1/31/2021 10 p.m. EST",15648,15370,13245,-2403
ISNE,"1/31/2021 11 p.m. EST",14667,14340,12104,-2563
ISNE,"2/1/2021 12 a.m. EST",13816,13490,11315,-2501
