"BA Code","Timestamp (Hour Ending)","Demand (MWh)","Demand Forecast (MWh)","Net Generation (MWh)","Total Interchange (MWh)"
ISNE,"5/1/2016 12 a.m. EDT",10519,10530,9777,-742
ISNE,"5/1/2016 1 a.m. EDT",9812,9760,9196,-616
ISNE,"5/1/2016 2 a.m. EDT",9559,9350,8967,-592
ISNE,"5/1/2016 3 a.m. EDT",9409,9100,8699,-710
ISNE,"5/1/2016 4 a.m. EDT",9338,9030,8545,-793
ISNE,"5/1/2016 5 a.m. EDT",9390,9090,8542,-848
ISNE,"5/1/2016 6 a.m. EDT",9601,9260,8776,-825
ISNE,"5/1/2016 7 a.m. EDT",9731,9550,8769,-962
ISNE,"5/1/2016 8 a.m. EDT",10336,10230,9342,-994
ISNE,"5/1/2016 9 a.m. EDT",11135,10980,10365,-770
ISNE,"5/1/2016 10 a.m. EDT",11736,11550,11045,-691
ISNE,"5/1/2016 11 a.m. EDT",12137,11770,11550,-587
ISNE,"5/1/2016 12 p.m. EDT",12408,11910,11901,-507
ISNE,"5/1/2016 1 p.m. EDT",12468,11930,11690,-778
ISNE,"5/1/2016 2 p.m. EDT",12440,11920,11504,-936
ISNE,"5/1/2016 3 p.m. EDT",12404,11780,11613,-791
ISNE,"5/1/2016 4 p.m. EDT",12506,11930,11711,-795
ISNE,"5/1/2016 5 p.m. EDT",12790,12230,11967,-823
ISNE,"5/1/2016 6 p.m. EDT",13255,12700,12292,-963
ISNE,"5/1/2016 7 p.m. EDT",13500,13000,12317,-1183
ISNE,"5/1/2016 8 p.m. EDT",13708,13250,12577,-1131
ISNE,"5/1/2016 9 p.m. EDT",13700,13450,12643,-1057
ISNE,"5/1/2016 10 p.m. EDT",12827,12590,11925,-902
ISNE,"5/1/2016 11 p.m. EDT",11694,11520,10806,-888
ISNE,"5/2/2016 12 a.m. EDT",10625,10480,9835,-790
ISNE,"5/2/2016 1 a.m. EDT",10323,9790,9492,-831
ISNE,"5/2/2016 2 a.m. EDT",10151,9400,9283,-868
ISNE,"5/2/2016 3 a.m. EDT",10302,9250,9393,-909
ISNE,"5/2/2016 4 a.m. EDT",10518,9280,9548,-970
ISNE,"5/2/2016 5 a.m. EDT",10721,9620,9706,-1015
ISNE,"5/2/2016 6 a.m. EDT",11352,10580,10443,-909
ISNE,"5/2/2016 7 a.m. EDT",12554,12200,12051,-503
ISNE,"5/2/2016 8 a.m. EDT",13738,13430,13063,-675
ISNE,"5/2/2016 9 a.m. EDT",14133,13700,13485,-648
ISNE,"5/2/2016 10 a.m. EDT",14332,13810,13536,-796
ISNE,"5/2/2016 11 a.m. EDT",14556,13860,13663,-893
ISNE,"5/2/2016 12 p.m. EDT",14678,13860,13725,-953
ISNE,"5/2/2016 1 p.m. EDT",14617,13800,13602,-1015
ISNE,"5/2/2016 2 p.m. EDT",14494,13730,13512,-982
ISNE,"5/2/2016 3 p.m. EDT",14327,13610,13443,-884
ISNE,"5/2/2016 4 p.m. EDT",14128,13580,13208,-920
ISNE,"5/2/2016 5 p.m. EDT",14259,13690,13345,-914
ISNE,"5/2/2016 6 p.m. EDT",14523,13980,13476,-1047
ISNE,"5/2/2016 7 p.m. EDT",14548,14070,13423,-1125
ISNE,"5/2/2016 8 p.m. EDT",14564,14210,13508,-1056
ISNE,"5/2/2016 9 p.m. EDT",14543,14350,13510,-1033
ISNE,"5/2/2016 10 p.m. EDT",13618,13420,12728,-890
ISNE,"5/2/2016 11 p.m. EDT",12252,12050,11325,-927
ISNE,"5/3/2016 12 a.m. EDT",11140,10860,10242,-898
ISNE,"5/3/2016 1 a.m. EDT",10803,10110,9778,-1025
ISNE,"5/3/2016 2 a.m. EDT",10614,9680,9309,-1305
ISNE,"5/3/2016 3 a.m. EDT",10644,9490,9254,-1390
ISNE,"5/3/2016 4 a.m. EDT",10674,9460,9243,-1431
ISNE,"5/3/2016 5 a.m. EDT",10964,9760,9642,-1322
ISNE,"5/3/2016 6 a.m. EDT",11467,10810,10397,-1070
ISNE,"5/3/2016 7 a.m. EDT",12578,12450,11852,-726
ISNE,"5/3/2016 8 a.m. EDT",13697,13600,12676,-1021
ISNE,"5/3/2016 9 a.m. EDT",14046,13860,13241,-805
ISNE,"5/3/2016 10 a.m. EDT",14143,13920,13258,-885
ISNE,"5/3/2016 11 a.m. EDT",14126,13990,13201,-925
ISNE,"5/3/2016 12 p.m. EDT",14211,13950,13137,-1074
ISNE,"5/3/2016 1 p.m. EDT",14122,13850,13143,-979
ISNE,"5/3/2016 2 p.m. EDT",14069,13790,13282,-787
ISNE,"5/3/2016 3 p.m. EDT",13931,13670,13080,-851
ISNE,"5/3/2016 4 p.m. EDT",13875,13680,13145,-730
ISNE,"5/3/2016 5 p.m. EDT",14016,13940,13270,-746
ISNE,"5/3/2016 6 p.m. EDT",14239,14320,13302,-937
ISNE,"5/3/2016 7 p.m. EDT",14331,14430,13310,-1021
ISNE,"5/3/2016 8 p.m. EDT",14457,14490,13363,-1094
ISNE,"5/3/2016 9 p.m. EDT",14520,14430,13299,-1221
ISNE,"5/3/2016 10 p.m. EDT",13635,13500,12735,-900
ISNE,"5/3/2016 11 p.m. EDT",12267,12170,11471,-796
ISNE,"5/4/2016 12 a.m. EDT",11179,11000,10377,-802
ISNE,"5/4/2016 1 a.m. EDT",10953,10220,9906,-1047
ISNE,"5/4/2016 2 a.m. EDT",10656,9800,9737,-919
ISNE,"5/4/2016 3 a.m. EDT",10668,9570,9567,-1101
ISNE,"5/4/2016 4 a.m. EDT",10661,9570,9520,-1141
ISNE,"5/4/2016 5 a.m. EDT",10925,9880,9783,-1142
ISNE,"5/4/2016 6 a.m. EDT",11242,10810,10423,-819
ISNE,"5/4/2016 7 a.m. EDT",12502,12420,12009,-493
ISNE,"5/4/2016 8 a.m. EDT",13642,13560,12910,-732
ISNE,"5/4/2016 9 a.m. EDT",13934,13730,13106,-828
ISNE,"5/4/2016 10 a.m. EDT",14039,13770,13173,-866
ISNE,"5/4/2016 11 a.m. EDT",14201,13750,13291,-910
ISNE,"5/4/2016 12 p.m. EDT",14207,13690,13338,-869
ISNE,"5/4/2016 1 p.m. EDT",14090,13600,12988,-1102
ISNE,"5/4/2016 2 p.m. EDT",14099,13570,13044,-1055
ISNE,"5/4/2016 3 p.m. EDT",14020,13480,13039,-981
ISNE,"5/4/2016 4 p.m. EDT",14025,13500,12856,-1169
ISNE,"5/4/2016 5 p.m. EDT",14236,13690,13167,-1069
ISNE,"5/4/2016 6 p.m. EDT",14564,14060,13390,-1174
ISNE,"5/4/2016 7 p.m. EDT",14745,14130,13559,-1186
ISNE,"5/4/2016 8 p.m. EDT",14849,14280,13698,-1151
ISNE,"5/4/2016 9 p.m. EDT",14780,14400,13666,-1114
ISNE,"5/4/2016 10 p.m. EDT",13839,13500,12627,-1212
ISNE,"5/4/2016 11 p.m. EDT",12482,12180,11456,-1026
ISNE,"5/5/2016 12 a.m. EDT",11309,10980,10163,-1146
ISNE,"5/5/2016 1 a.m. EDT",11022,10290,9751,-1271
ISNE,"5/5/2016 2 a.m. EDT",11040,9860,9697,-1343
ISNE,"5/5/2016 3 a.m. EDT",10890,9660,9453,-1437
ISNE,"5/5/2016 4 a.m. EDT",10867,9640,9467,-1400
ISNE,"5/5/2016 5 a.m. EDT",10928,9960,9585,-1343
ISNE,"5/5/2016 6 a.m. EDT",11568,11030,10349,-1219
ISNE,"5/5/2016 7 a.m. EDT",12735,12660,11588,-1147
ISNE,"5/5/2016 8 a.m. EDT",13913,13770,12761,-1152
ISNE,"5/5/2016 9 a.m. EDT",14235,14020,13095,-1140
ISNE,"5/5/2016 10 a.m. EDT",14341,14110,13207,-1134
ISNE,"5/5/2016 11 a.m. EDT",14446,14170,13368,-1078
ISNE,"5/5/2016 12 p.m. EDT",14435,14140,13192,-1243
ISNE,"5/5/2016 1 p.m. EDT",14293,14060,12987,-1306
ISNE,"5/5/2016 2 p.m. EDT",14285,14000,12993,-1292
ISNE,"5/5/2016 3 p.m. EDT",14205,13890,12948,-1257
ISNE,"5/5/2016 4 p.m. EDT",14187,13850,12988,-1199
ISNE,"5/5/2016 5 p.m. EDT",14306,13960,13127,-1179
ISNE,"5/5/2016 6 p.m. EDT",14502,14230,13319,-1183
ISNE,"5/5/2016 7 p.m. EDT",14575,14350,13274,-1301
ISNE,"5/5/2016 8 p.m. EDT",14678,14470,13399,-1279
ISNE,"5/5/2016 9 p.m. EDT",14685,14480,13565,-1120
ISNE,"5/5/2016 10 p.m. EDT",13814,13620,12602,-1212
ISNE,"5/5/2016 11 p.m. EDT",12509,12270,11169,-1340
ISNE,"5/6/2016 12 a.m. EDT",11806,11080,10480,-1326
ISNE,"5/6/2016 1 a.m. EDT",11311,10280,10311,-1000
ISNE,"5/6/2016 2 a.m. EDT",11134,9810,10175,-959
ISNE,"5/6/2016 3 a.m. EDT",11066,9580,10011,-1055
ISNE,"5/6/2016 4 a.m. EDT",11102,9520,9939,-1163
ISNE,"5/6/2016 5 a.m. EDT",11119,9800,9857,-1262
ISNE,"5/6/2016 6 a.m. EDT",11503,10900,10225,-1278
ISNE,"5/6/2016 7 a.m. EDT",12489,12350,11645,-844
ISNE,"5/6/2016 8 a.m. EDT",13512,13480,12449,-1063
ISNE,"5/6/2016 9 a.m. EDT",13757,13770,12631,-1126
ISNE,"5/6/2016 10 a.m. EDT",13797,13910,12678,-1119
ISNE,"5/6/2016 11 a.m. EDT",13663,13930,12538,-1125
ISNE,"5/6/2016 12 p.m. EDT",13460,13840,12271,-1189
ISNE,"5/6/2016 1 p.m. EDT",13154,13740,11877,-1277
ISNE,"5/6/2016 2 p.m. EDT",13137,13700,11954,-1183
ISNE,"5/6/2016 3 p.m. EDT",13073,13560,11892,-1181
ISNE,"5/6/2016 4 p.m. EDT",13079,13470,11913,-1166
ISNE,"5/6/2016 5 p.m. EDT",13202,13540,12092,-1110
ISNE,"5/6/2016 6 p.m. EDT",13420,13640,12337,-1083
ISNE,"5/6/2016 7 p.m. EDT",13529,13610,12240,-1289
ISNE,"5/6/2016 8 p.m. EDT",13652,13660,12351,-1301
ISNE,"5/6/2016 9 p.m. EDT",13777,13840,12483,-1294
ISNE,"5/6/2016 10 p.m. EDT",13175,13180,12009,-1166
ISNE,"5/6/2016 11 p.m. EDT",12147,12120,11145,-1002
ISNE,"5/7/2016 12 a.m. EDT",11042,11030,10033,-1009
ISNE,"5/7/2016 1 a.m. EDT",10501,10340,9822,-679
ISNE,"5/7/2016 2 a.m. EDT",10229,9840,9513,-716
ISNE,"5/7/2016 3 a.m. EDT",10152,9600,9449,-703
ISNE,"5/7/2016 4 a.m. EDT",10153,9510,9378,-775
ISNE,"5/7/2016 5 a.m. EDT",10225,9440,9360,-865
ISNE,"5/7/2016 6 a.m. EDT",10366,9780,9556,-810
ISNE,"5/7/2016 7 a.m. EDT",10359,10340,9591,-768
ISNE,"5/7/2016 8 a.m. EDT",11237,11160,10510,-727
ISNE,"5/7/2016 9 a.m. EDT",12142,11890,11174,-968
ISNE,"5/7/2016 10 a.m. EDT",12683,12360,11721,-962
ISNE,"5/7/2016 11 a.m. EDT",12862,12460,11987,-875
ISNE,"5/7/2016 12 p.m. EDT",12833,12430,11953,-880
ISNE,"5/7/2016 1 p.m. EDT",12604,12240,11694,-910
ISNE,"5/7/2016 2 p.m. EDT",12375,12070,11414,-961
ISNE,"5/7/2016 3 p.m. EDT",12242,11930,11251,-991
ISNE,"5/7/2016 4 p.m. EDT",12217,11920,11213,-1004
ISNE,"5/7/2016 5 p.m. EDT",12318,12080,11237,-1081
ISNE,"5/7/2016 6 p.m. EDT",12502,12360,11301,-1201
ISNE,"5/7/2016 7 p.m. EDT",12652,12580,11365,-1287
ISNE,"5/7/2016 8 p.m. EDT",12835,12760,11555,-1280
ISNE,"5/7/2016 9 p.m. EDT",13077,13100,11780,-1297
ISNE,"5/7/2016 10 p.m. EDT",12584,12420,11421,-1163
ISNE,"5/7/2016 11 p.m. EDT",11712,11520,10483,-1229
ISNE,"5/8/2016 12 a.m. EDT",10765,10600,9499,-1266
ISNE,"5/8/2016 1 a.m. EDT",10526,9820,9048,-1478
ISNE,"5/8/2016 2 a.m. EDT",10311,9340,8690,-1621
ISNE,"5/8/2016 3 a.m. EDT",10022,9100,8392,-1630
ISNE,"5/8/2016 4 a.m. EDT",9889,9000,8370,-1519
ISNE,"5/8/2016 5 a.m. EDT",9908,9130,8341,-1567
ISNE,"5/8/2016 6 a.m. EDT",10058,9260,8472,-1586
ISNE,"5/8/2016 7 a.m. EDT",10387,9540,8865,-1522
ISNE,"5/8/2016 8 a.m. EDT",10642,10290,9244,-1398
ISNE,"5/8/2016 9 a.m. EDT",11444,11040,9978,-1466
ISNE,"5/8/2016 10 a.m. EDT",11905,11620,10594,-1311
ISNE,"5/8/2016 11 a.m. EDT",12344,11930,10966,-1378
ISNE,"5/8/2016 12 p.m. EDT",12455,11840,11126,-1329
ISNE,"5/8/2016 1 p.m. EDT",12381,11740,11086,-1295
ISNE,"5/8/2016 2 p.m. EDT",11971,11420,10837,-1134
ISNE,"5/8/2016 3 p.m. EDT",11555,11350,10458,-1097
ISNE,"5/8/2016 4 p.m. EDT",11252,11360,10079,-1173
ISNE,"5/8/2016 5 p.m. EDT",11369,11650,10113,-1256
ISNE,"5/8/2016 6 p.m. EDT",11739,12140,10440,-1299
ISNE,"5/8/2016 7 p.m. EDT",12096,12540,10896,-1200
ISNE,"5/8/2016 8 p.m. EDT",12466,13030,11204,-1262
ISNE,"5/8/2016 9 p.m. EDT",13071,13200,11832,-1239
ISNE,"5/8/2016 10 p.m. EDT",12540,12580,11190,-1350
ISNE,"5/8/2016 11 p.m. EDT",11500,11510,10188,-1312
ISNE,"5/9/2016 12 a.m. EDT",10439,10440,9062,-1377
ISNE,"5/9/2016 1 a.m. EDT",10071,9740,8749,-1322
ISNE,"5/9/2016 2 a.m. EDT",9918,9370,8638,-1280
ISNE,"5/9/2016 3 a.m. EDT",10008,9220,8593,-1415
ISNE,"5/9/2016 4 a.m. EDT",10063,9240,8682,-1381
ISNE,"5/9/2016 5 a.m. EDT",10274,9630,8823,-1451
ISNE,"5/9/2016 6 a.m. EDT",11123,10530,9556,-1567
ISNE,"5/9/2016 7 a.m. EDT",12292,12140,10897,-1395
ISNE,"5/9/2016 8 a.m. EDT",13314,13160,11962,-1352
ISNE,"5/9/2016 9 a.m. EDT",13379,13270,12038,-1341
ISNE,"5/9/2016 10 a.m. EDT",13238,13330,12030,-1208
ISNE,"5/9/2016 11 a.m. EDT",13199,13340,11651,-1548
ISNE,"5/9/2016 12 p.m. EDT",13154,13270,11515,-1639
ISNE,"5/9/2016 1 p.m. EDT",13051,13200,11477,-1574
ISNE,"5/9/2016 2 p.m. EDT",13029,13170,11575,-1454
ISNE,"5/9/2016 3 p.m. EDT",12863,13030,11180,-1683
ISNE,"5/9/2016 4 p.m. EDT",12817,13000,11196,-1621
ISNE,"5/9/2016 5 p.m. EDT",12993,13120,11408,-1585
ISNE,"5/9/2016 6 p.m. EDT",13299,13610,11669,-1630
ISNE,"5/9/2016 7 p.m. EDT",13526,13810,11906,-1620
ISNE,"5/9/2016 8 p.m. EDT",13727,14180,12059,-1668
ISNE,"5/9/2016 9 p.m. EDT",14153,14270,12544,-1609
ISNE,"5/9/2016 10 p.m. EDT",13420,13380,11839,-1581
ISNE,"5/9/2016 11 p.m. EDT",12035,12040,10486,-1549
ISNE,"5/10/2016 12 a.m. EDT",10785,10870,9172,-1613
ISNE,"5/10/2016 1 a.m. EDT",10442,10130,8879,-1563
ISNE,"5/10/2016 2 a.m. EDT",10405,9690,8745,-1660
ISNE,"5/10/2016 3 a.m. EDT",10236,9510,8671,-1565
ISNE,"5/10/2016 4 a.m. EDT",10253,9470,8671,-1582
ISNE,"5/10/2016 5 a.m. EDT",10587,9790,8942,-1645
ISNE,"5/10/2016 6 a.m. EDT",11095,10630,9515,-1580
ISNE,"5/10/2016 7 a.m. EDT",12309,12280,10816,-1493
ISNE,"5/10/2016 8 a.m. EDT",13187,13240,11742,-1445
ISNE,"5/10/2016 9 a.m. EDT",13135,13230,11649,-1486
ISNE,"5/10/2016 10 a.m. EDT",13018,13120,11533,-1485
ISNE,"5/10/2016 11 a.m. EDT",13022,13080,11514,-1508
ISNE,"5/10/2016 12 p.m. EDT",13024,13040,11357,-1667
ISNE,"5/10/2016 1 p.m. EDT",12973,12970,11341,-1632
ISNE,"5/10/2016 2 p.m. EDT",13013,12990,11367,-1646
ISNE,"5/10/2016 3 p.m. EDT",13003,12930,11331,-1672
ISNE,"5/10/2016 4 p.m. EDT",13023,12870,11409,-1614
ISNE,"5/10/2016 5 p.m. EDT",13244,12950,11701,-1543
ISNE,"5/10/2016 6 p.m. EDT",13519,13220,11986,-1533
ISNE,"5/10/2016 7 p.m. EDT",13611,13500,11903,-1708
ISNE,"5/10/2016 8 p.m. EDT",13756,13840,11919,-1837
ISNE,"5/10/2016 9 p.m. EDT",14169,14100,12264,-1905
ISNE,"5/10/2016 10 p.m. EDT",13445,13430,11731,-1714
ISNE,"5/10/2016 11 p.m. EDT",12017,12030,10329,-1688
ISNE,"5/11/2016 12 a.m. EDT",10845,10780,9303,-1542
ISNE,"5/11/2016 1 a.m. EDT",10486,9970,8927,-1559
ISNE,"5/11/2016 2 a.m. EDT",10139,9600,8622,-1517
ISNE,"5/11/2016 3 a.m. EDT",10095,9450,8555,-1540
ISNE,"5/11/2016 4 a.m. EDT",10110,9430,8544,-1566
ISNE,"5/11/2016 5 a.m. EDT",10148,9660,8813,-1335
ISNE,"5/11/2016 6 a.m. EDT",10755,10540,9716,-1039
ISNE,"5/11/2016 7 a.m. EDT",12045,12180,10836,-1209
ISNE,"5/11/2016 8 a.m. EDT",13019,13230,11641,-1378
ISNE,"5/11/2016 9 a.m. EDT",13131,13360,11752,-1379
ISNE,"5/11/2016 10 a.m. EDT",13149,13360,11766,-1383
ISNE,"5/11/2016 11 a.m. EDT",13219,13430,11971,-1248
ISNE,"5/11/2016 12 p.m. EDT",13226,13400,12117,-1109
ISNE,"5/11/2016 1 p.m. EDT",13198,13330,12060,-1138
ISNE,"5/11/2016 2 p.m. EDT",13280,13350,12147,-1133
ISNE,"5/11/2016 3 p.m. EDT",13303,13350,12270,-1033
ISNE,"5/11/2016 4 p.m. EDT",13379,13340,12099,-1280
ISNE,"5/11/2016 5 p.m. EDT",13584,13570,12281,-1303
ISNE,"5/11/2016 6 p.m. EDT",13806,13790,12397,-1409
ISNE,"5/11/2016 7 p.m. EDT",13883,13810,12324,-1559
ISNE,"5/11/2016 8 p.m. EDT",13955,13880,12396,-1559
ISNE,"5/11/2016 9 p.m. EDT",14345,14240,12766,-1579
ISNE,"5/11/2016 10 p.m. EDT",13582,13450,12109,-1473
ISNE,"5/11/2016 11 p.m. EDT",12144,12060,10960,-1184
ISNE,"5/12/2016 12 a.m. EDT",10852,10820,9942,-910
ISNE,"5/12/2016 1 a.m. EDT",10005,10060,9228,-777
ISNE,"5/12/2016 2 a.m. EDT",9817,9600,9119,-698
ISNE,"5/12/2016 3 a.m. EDT",9604,9410,8863,-741
ISNE,"5/12/2016 4 a.m. EDT",9552,9340,8709,-843
ISNE,"5/12/2016 5 a.m. EDT",9791,9640,8950,-841
ISNE,"5/12/2016 6 a.m. EDT",10326,10450,9603,-723
ISNE,"5/12/2016 7 a.m. EDT",11823,11990,10724,-1099
ISNE,"5/12/2016 8 a.m. EDT",12891,12930,11667,-1224
ISNE,"5/12/2016 9 a.m. EDT",13144,13150,11781,-1363
ISNE,"5/12/2016 10 a.m. EDT",13248,13240,11925,-1323
ISNE,"5/12/2016 11 a.m. EDT",13373,13390,12080,-1293
ISNE,"5/12/2016 12 p.m. EDT",13440,13370,12258,-1182
ISNE,"5/12/2016 1 p.m. EDT",13458,13360,12249,-1209
ISNE,"5/12/2016 2 p.m. EDT",13571,13430,12337,-1234
ISNE,"5/12/2016 3 p.m. EDT",13613,13440,12429,-1184
ISNE,"5/12/2016 4 p.m. EDT",13708,13480,12496,-1212
ISNE,"5/12/2016 5 p.m. EDT",13920,13680,12677,-1243
ISNE,"5/12/2016 6 p.m. EDT",14100,13870,12788,-1312
ISNE,"5/12/2016 7 p.m. EDT",14072,13910,12575,-1497
ISNE,"5/12/2016 8 p.m. EDT",14099,14000,12566,-1533
ISNE,"5/12/2016 9 p.m. EDT",14458,14320,13005,-1453
ISNE,"5/12/2016 10 p.m. EDT",13714,13470,12207,-1507
ISNE,"5/12/2016 11 p.m. EDT",12296,12100,10935,-1361
ISNE,"5/13/2016 12 a.m. EDT",10974,10860,9585,-1389
ISNE,"5/13/2016 1 a.m. EDT",10303,10110,9083,-1220
ISNE,"5/13/2016 2 a.m. EDT",10115,9640,9083,-1032
ISNE,"5/13/2016 3 a.m. EDT",10211,9410,9138,-1073
ISNE,"5/13/2016 4 a.m. EDT",10138,9360,9316,-822
ISNE,"5/13/2016 5 a.m. EDT",10028,9610,9325,-703
ISNE,"5/13/2016 6 a.m. EDT",10755,10380,9917,-838
ISNE,"5/13/2016 7 a.m. EDT",11757,11950,10725,-1032
ISNE,"5/13/2016 8 a.m. EDT",12897,13110,11374,-1523
ISNE,"5/13/2016 9 a.m. EDT",13431,13550,11990,-1441
ISNE,"5/13/2016 10 a.m. EDT",13753,13770,12472,-1281
ISNE,"5/13/2016 11 a.m. EDT",13980,13940,12825,-1155
ISNE,"5/13/2016 12 p.m. EDT",14110,14030,12748,-1362
ISNE,"5/13/2016 1 p.m. EDT",14193,13970,12509,-1684
ISNE,"5/13/2016 2 p.m. EDT",14308,14100,12379,-1929
ISNE,"5/13/2016 3 p.m. EDT",14259,13950,12307,-1952
ISNE,"5/13/2016 4 p.m. EDT",14232,13940,12332,-1900
ISNE,"5/13/2016 5 p.m. EDT",14244,14020,12159,-2085
ISNE,"5/13/2016 6 p.m. EDT",14235,14120,12300,-1935
ISNE,"5/13/2016 7 p.m. EDT",14108,13920,12107,-2001
ISNE,"5/13/2016 8 p.m. EDT",14033,13900,12178,-1855
ISNE,"5/13/2016 9 p.m. EDT",14009,14050,12213,-1796
ISNE,"5/13/2016 10 p.m. EDT",13323,13340,11716,-1607
ISNE,"5/13/2016 11 p.m. EDT",12222,12230,10961,-1261
ISNE,"5/14/2016 12 a.m. EDT",11216,11100,10129,-1087
ISNE,"5/14/2016 1 a.m. EDT",10678,10270,9439,-1239
ISNE,"5/14/2016 2 a.m. EDT",10503,9730,9566,-937
ISNE,"5/14/2016 3 a.m. EDT",10414,9420,9420,-994
ISNE,"5/14/2016 4 a.m. EDT",10276,9280,9107,-1169
ISNE,"5/14/2016 5 a.m. EDT",10296,9320,9082,-1214
ISNE,"5/14/2016 6 a.m. EDT",10509,9520,9160,-1349
ISNE,"5/14/2016 7 a.m. EDT",10759,10030,9433,-1326
ISNE,"5/14/2016 8 a.m. EDT",11272,10810,10003,-1269
ISNE,"5/14/2016 9 a.m. EDT",11514,11580,10138,-1376
ISNE,"5/14/2016 10 a.m. EDT",11899,12010,10425,-1474
ISNE,"5/14/2016 11 a.m. EDT",12047,12240,10710,-1337
ISNE,"5/14/2016 12 p.m. EDT",12071,12430,10731,-1340
ISNE,"5/14/2016 1 p.m. EDT",12005,12330,10799,-1206
ISNE,"5/14/2016 2 p.m. EDT",11945,12270,10740,-1205
ISNE,"5/14/2016 3 p.m. EDT",11956,12180,10808,-1148
ISNE,"5/14/2016 4 p.m. EDT",12104,12250,11010,-1094
ISNE,"5/14/2016 5 p.m. EDT",12321,12480,11318,-1003
ISNE,"5/14/2016 6 p.m. EDT",12531,12820,11421,-1110
ISNE,"5/14/2016 7 p.m. EDT",12593,12960,11435,-1158
ISNE,"5/14/2016 8 p.m. EDT",12682,12990,11474,-1208
ISNE,"5/14/2016 9 p.m. EDT",13027,13220,11889,-1138
ISNE,"5/14/2016 10 p.m. EDT",12529,12720,11657,-872
ISNE,"5/14/2016 11 p.m. EDT",11602,11770,10928,-674
ISNE,"5/15/2016 12 a.m. EDT",10833,10750,9953,-880
ISNE,"5/15/2016 1 a.m. EDT",10080,9980,8976,-1104
ISNE,"5/15/2016 2 a.m. EDT",9607,9500,8431,-1176
ISNE,"5/15/2016 3 a.m. EDT",9569,9200,8269,-1300
ISNE,"5/15/2016 4 a.m. EDT",9574,9070,8277,-1297
ISNE,"5/15/2016 5 a.m. EDT",9632,9080,8371,-1261
ISNE,"5/15/2016 6 a.m. EDT",9687,9000,8608,-1079
ISNE,"5/15/2016 7 a.m. EDT",10014,9350,8618,-1396
ISNE,"5/15/2016 8 a.m. EDT",9902,10010,8668,-1234
ISNE,"5/15/2016 9 a.m. EDT",10550,10750,9216,-1334
ISNE,"5/15/2016 10 a.m. EDT",11109,11310,9690,-1419
ISNE,"5/15/2016 11 a.m. EDT",11352,11530,10094,-1258
ISNE,"5/15/2016 12 p.m. EDT",11391,11650,10199,-1192
ISNE,"5/15/2016 1 p.m. EDT",11446,11640,10213,-1233
ISNE,"5/15/2016 2 p.m. EDT",11440,11560,10170,-1270
ISNE,"5/15/2016 3 p.m. EDT",11543,11380,10257,-1286
ISNE,"5/15/2016 4 p.m. EDT",11721,11500,10367,-1354
ISNE,"5/15/2016 5 p.m. EDT",12018,11780,10509,-1509
ISNE,"5/15/2016 6 p.m. EDT",12379,12190,10819,-1560
ISNE,"5/15/2016 7 p.m. EDT",12600,12550,11001,-1599
ISNE,"5/15/2016 8 p.m. EDT",12787,12800,11180,-1607
ISNE,"5/15/2016 9 p.m. EDT",13118,13270,11289,-1829
ISNE,"5/15/2016 10 p.m. EDT",12465,12500,10883,-1582
ISNE,"5/15/2016 11 p.m. EDT",11348,11420,10008,-1340
ISNE,"5/16/2016 12 a.m. EDT",10312,10380,8940,-1372
ISNE,"5/16/2016 1 a.m. EDT",10084,9700,8627,-1457
ISNE,"5/16/2016 2 a.m. EDT",9859,9360,8366,-1493
ISNE,"5/16/2016 3 a.m. EDT",9707,9210,8210,-1497
ISNE,"5/16/2016 4 a.m. EDT",9742,9300,8190,-1552
ISNE,"5/16/2016 5 a.m. EDT",10116,9700,8710,-1406
ISNE,"5/16/2016 6 a.m. EDT",11031,10580,9622,-1409
ISNE,"5/16/2016 7 a.m. EDT",12149,12240,10800,-1349
ISNE,"5/16/2016 8 a.m. EDT",13219,13300,11594,-1625
ISNE,"5/16/2016 9 a.m. EDT",13514,13400,11983,-1531
ISNE,"5/16/2016 10 a.m. EDT",13661,13410,12273,-1388
ISNE,"5/16/2016 11 a.m. EDT",13640,13390,12271,-1369
ISNE,"5/16/2016 12 p.m. EDT",13487,13360,12197,-1290
ISNE,"5/16/2016 1 p.m. EDT",13296,13280,11893,-1403
ISNE,"5/16/2016 2 p.m. EDT",13218,13280,11923,-1295
ISNE,"5/16/2016 3 p.m. EDT",13048,13150,11762,-1286
ISNE,"5/16/2016 4 p.m. EDT",12976,13070,11666,-1310
ISNE,"5/16/2016 5 p.m. EDT",13145,13190,11857,-1288
ISNE,"5/16/2016 6 p.m. EDT",13485,13460,12262,-1223
ISNE,"5/16/2016 7 p.m. EDT",13730,13700,12294,-1436
ISNE,"5/16/2016 8 p.m. EDT",13842,13820,12376,-1466
ISNE,"5/16/2016 9 p.m. EDT",14178,14220,12635,-1543
ISNE,"5/16/2016 10 p.m. EDT",13488,13300,12125,-1363
ISNE,"5/16/2016 11 p.m. EDT",12125,11960,10959,-1166
ISNE,"5/17/2016 12 a.m. EDT",10892,10760,9553,-1339
ISNE,"5/17/2016 1 a.m. EDT",10474,10010,9032,-1442
ISNE,"5/17/2016 2 a.m. EDT",10428,9590,8916,-1512
ISNE,"5/17/2016 3 a.m. EDT",10552,9410,9052,-1500
ISNE,"5/17/2016 4 a.m. EDT",10532,9380,9105,-1427
ISNE,"5/17/2016 5 a.m. EDT",10705,9680,9179,-1526
ISNE,"5/17/2016 6 a.m. EDT",11395,10500,9804,-1591
ISNE,"5/17/2016 7 a.m. EDT",12314,12150,10721,-1593
ISNE,"5/17/2016 8 a.m. EDT",13535,13250,12175,-1360
ISNE,"5/17/2016 9 a.m. EDT",13826,13500,12482,-1344
ISNE,"5/17/2016 10 a.m. EDT",13832,13600,12516,-1316
ISNE,"5/17/2016 11 a.m. EDT",13570,13740,12254,-1316
ISNE,"5/17/2016 12 p.m. EDT",13401,13730,12011,-1390
ISNE,"5/17/2016 1 p.m. EDT",13328,13680,11918,-1410
ISNE,"5/17/2016 2 p.m. EDT",13474,13720,12114,-1360
ISNE,"5/17/2016 3 p.m. EDT",13553,13690,12230,-1323
ISNE,"5/17/2016 4 p.m. EDT",13523,13690,12085,-1438
ISNE,"5/17/2016 5 p.m. EDT",13532,13820,12028,-1504
ISNE,"5/17/2016 6 p.m. EDT",13694,14000,12086,-1608
ISNE,"5/17/2016 7 p.m. EDT",13754,14040,12000,-1754
ISNE,"5/17/2016 8 p.m. EDT",13800,14060,12065,-1735
ISNE,"5/17/2016 9 p.m. EDT",14092,14280,12423,-1669
ISNE,"5/17/2016 10 p.m. EDT",13434,13500,11930,-1504
ISNE,"5/17/2016 11 p.m. EDT",12044,12120,10522,-1522
ISNE,"5/18/2016 12 a.m. EDT",10799,10870,9698,-1101
ISNE,"5/18/2016 1 a.m. EDT",10430,10090,8919,-1511
ISNE,"5/18/2016 2 a.m. EDT",10326,9670,8629,-1697
ISNE,"5/18/2016 3 a.m. EDT",10177,9410,8473,-1704
ISNE,"5/18/2016 4 a.m. EDT",10366,9380,8578,-1788
ISNE,"5/18/2016 5 a.m. EDT",10173,9660,8615,-1558
ISNE,"5/18/2016 6 a.m. EDT",10600,10480,9163,-1437
ISNE,"5/18/2016 7 a.m. EDT",11849,12130,10411,-1438
ISNE,"5/18/2016 8 a.m. EDT",12895,13220,11397,-1498
ISNE,"5/18/2016 9 a.m. EDT",13113,13380,11571,-1542
ISNE,"5/18/2016 10 a.m. EDT",13179,13410,11710,-1469
ISNE,"5/18/2016 11 a.m. EDT",13265,13460,11943,-1322
ISNE,"5/18/2016 12 p.m. EDT",13096,13480,11764,-1332
ISNE,"5/18/2016 1 p.m. EDT",12995,13480,11404,-1591
ISNE,"5/18/2016 2 p.m. EDT",13066,13560,11475,-1591
ISNE,"5/18/2016 3 p.m. EDT",13007,13560,11322,-1685
ISNE,"5/18/2016 4 p.m. EDT",13020,13590,11277,-1743
ISNE,"5/18/2016 5 p.m. EDT",13224,13780,11556,-1668
ISNE,"5/18/2016 6 p.m. EDT",13500,13920,11883,-1617
ISNE,"5/18/2016 7 p.m. EDT",13604,13860,12006,-1598
ISNE,"5/18/2016 8 p.m. EDT",13682,13860,11992,-1690
ISNE,"5/18/2016 9 p.m. EDT",14012,14210,12171,-1841
ISNE,"5/18/2016 10 p.m. EDT",13384,13510,11858,-1526
ISNE,"5/18/2016 11 p.m. EDT",12038,12140,10718,-1320
ISNE,"5/19/2016 12 a.m. EDT",10761,10880,9331,-1430
ISNE,"5/19/2016 1 a.m. EDT",10102,9980,8633,-1469
ISNE,"5/19/2016 2 a.m. EDT",10010,9550,8381,-1629
ISNE,"5/19/2016 3 a.m. EDT",10066,9360,8295,-1771
ISNE,"5/19/2016 4 a.m. EDT",9991,9320,8332,-1659
ISNE,"5/19/2016 5 a.m. EDT",10247,9590,8515,-1732
ISNE,"5/19/2016 6 a.m. EDT",10625,10420,9144,-1481
ISNE,"5/19/2016 7 a.m. EDT",11870,12070,10596,-1274
ISNE,"5/19/2016 8 a.m. EDT",13016,13100,12080,-936
ISNE,"5/19/2016 9 a.m. EDT",13316,13330,12362,-954
ISNE,"5/19/2016 10 a.m. EDT",13434,13380,12208,-1226
ISNE,"5/19/2016 11 a.m. EDT",13496,13410,11610,-1886
ISNE,"5/19/2016 12 p.m. EDT",13473,13370,11404,-2069
ISNE,"5/19/2016 1 p.m. EDT",13408,13340,12084,-1324
ISNE,"5/19/2016 2 p.m. EDT",13533,13450,11708,-1825
ISNE,"5/19/2016 3 p.m. EDT",13542,13430,11481,-2061
ISNE,"5/19/2016 4 p.m. EDT",13582,13450,12046,-1536
ISNE,"5/19/2016 5 p.m. EDT",13693,13600,12143,-1550
ISNE,"5/19/2016 6 p.m. EDT",13775,13790,11502,-2273
ISNE,"5/19/2016 7 p.m. EDT",13732,13790,12359,-1373
ISNE,"5/19/2016 8 p.m. EDT",13769,13920,12432,-1337
ISNE,"5/19/2016 9 p.m. EDT",14034,14250,12820,-1214
ISNE,"5/19/2016 10 p.m. EDT",13376,13500,12501,-875
ISNE,"5/19/2016 11 p.m. EDT",12034,12120,11072,-962
ISNE,"5/20/2016 12 a.m. EDT",10795,10900,9931,-864
ISNE,"5/20/2016 1 a.m. EDT",10217,10130,9370,-847
ISNE,"5/20/2016 2 a.m. EDT",10059,9630,9324,-735
ISNE,"5/20/2016 3 a.m. EDT",10108,9380,9038,-1070
ISNE,"5/20/2016 4 a.m. EDT",10067,9320,8779,-1288
ISNE,"5/20/2016 5 a.m. EDT",10301,9580,9023,-1278
ISNE,"5/20/2016 6 a.m. EDT",10960,10340,9872,-1088
ISNE,"5/20/2016 7 a.m. EDT",12041,11800,11255,-786
ISNE,"5/20/2016 8 a.m. EDT",12826,12940,11813,-1013
ISNE,"5/20/2016 9 a.m. EDT",13122,13360,12245,-877
ISNE,"5/20/2016 10 a.m. EDT",13246,13560,12365,-881
ISNE,"5/20/2016 11 a.m. EDT",13355,13680,12713,-642
ISNE,"5/20/2016 12 p.m. EDT",13387,13750,12821,-566
ISNE,"5/20/2016 1 p.m. EDT",13388,13730,12889,-499
ISNE,"5/20/2016 2 p.m. EDT",13445,13830,12894,-551
ISNE,"5/20/2016 3 p.m. EDT",13422,13790,12674,-748
ISNE,"5/20/2016 4 p.m. EDT",13430,13830,12691,-739
ISNE,"5/20/2016 5 p.m. EDT",13530,13900,13056,-474
ISNE,"5/20/2016 6 p.m. EDT",13599,13980,13085,-514
ISNE,"5/20/2016 7 p.m. EDT",13530,13700,12989,-541
ISNE,"5/20/2016 8 p.m. EDT",13417,13560,12753,-664
ISNE,"5/20/2016 9 p.m. EDT",13638,13790,12762,-876
ISNE,"5/20/2016 10 p.m. EDT",13193,13280,12534,-659
ISNE,"5/20/2016 11 p.m. EDT",12082,12140,11491,-591
ISNE,"5/21/2016 12 a.m. EDT",10917,11000,10357,-560
ISNE,"5/21/2016 1 a.m. EDT",10132,10180,9477,-655
ISNE,"5/21/2016 2 a.m. EDT",9896,9690,9181,-715
ISNE,"5/21/2016 3 a.m. EDT",9970,9390,9181,-789
ISNE,"5/21/2016 4 a.m. EDT",9816,9280,8964,-852
ISNE,"5/21/2016 5 a.m. EDT",9862,9370,8980,-882
ISNE,"5/21/2016 6 a.m. EDT",10013,9310,9306,-707
ISNE,"5/21/2016 7 a.m. EDT",10364,9850,9862,-502
ISNE,"5/21/2016 8 a.m. EDT",10714,10650,10296,-418
ISNE,"5/21/2016 9 a.m. EDT",11427,11390,11093,-334
ISNE,"5/21/2016 10 a.m. EDT",11937,11910,11712,-225
ISNE,"5/21/2016 11 a.m. EDT",12278,12130,11935,-343
ISNE,"5/21/2016 12 p.m. EDT",12440,12170,12272,-168
ISNE,"5/21/2016 1 p.m. EDT",12467,12070,12276,-191
ISNE,"5/21/2016 2 p.m. EDT",12346,11970,12419,73
ISNE,"5/21/2016 3 p.m. EDT",12169,11930,12635,466
ISNE,"5/21/2016 4 p.m. EDT",12069,11940,12487,418
ISNE,"5/21/2016 5 p.m. EDT",12169,12150,11733,-436
ISNE,"5/21/2016 6 p.m. EDT",12391,12460,11851,-540
ISNE,"5/21/2016 7 p.m. EDT",12464,12560,11994,-470
ISNE,"5/21/2016 8 p.m. EDT",12513,12640,12038,-475
ISNE,"5/21/2016 9 p.m. EDT",12769,12960,12296,-473
ISNE,"5/21/2016 10 p.m. EDT",12338,12450,12117,-221
ISNE,"5/21/2016 11 p.m. EDT",11462,11490,11269,-193
ISNE,"5/22/2016 12 a.m. EDT",10476,10530,10287,-189
ISNE,"5/22/2016 1 a.m. EDT",9978,9790,9445,-533
ISNE,"5/22/2016 2 a.m. EDT",10006,9300,9276,-730
ISNE,"5/22/2016 3 a.m. EDT",9774,9050,9371,-403
ISNE,"5/22/2016 4 a.m. EDT",9647,8930,9142,-505
ISNE,"5/22/2016 5 a.m. EDT",9650,8950,9136,-514
ISNE,"5/22/2016 6 a.m. EDT",9719,8930,9179,-540
ISNE,"5/22/2016 7 a.m. EDT",9787,9250,9209,-578
ISNE,"5/22/2016 8 a.m. EDT",10257,9950,9953,-304
ISNE,"5/22/2016 9 a.m. EDT",10990,10820,10962,-28
ISNE,"5/22/2016 10 a.m. EDT",11610,11440,11731,121
ISNE,"5/22/2016 11 a.m. EDT",11935,11740,11505,-430
ISNE,"5/22/2016 12 p.m. EDT",11987,11930,11967,-20
ISNE,"5/22/2016 1 p.m. EDT",11966,11990,11937,-29
ISNE,"5/22/2016 2 p.m. EDT",11753,11980,11620,-133
ISNE,"5/22/2016 3 p.m. EDT",11709,11850,11547,-162
ISNE,"5/22/2016 4 p.m. EDT",11768,11940,11666,-102
ISNE,"5/22/2016 5 p.m. EDT",12058,12190,11877,-181
ISNE,"5/22/2016 6 p.m. EDT",12526,12580,12438,-88
ISNE,"5/22/2016 7 p.m. EDT",12790,12780,12632,-158
ISNE,"5/22/2016 8 p.m. EDT",12910,12900,12699,-211
ISNE,"5/22/2016 9 p.m. EDT",13235,13210,12990,-245
ISNE,"5/22/2016 10 p.m. EDT",12695,12600,12737,42
ISNE,"5/22/2016 11 p.m. EDT",11529,11490,11552,23
ISNE,"5/23/2016 12 a.m. EDT",10374,10460,10036,-338
ISNE,"5/23/2016 1 a.m. EDT",9814,9800,9213,-601
ISNE,"5/23/2016 2 a.m. EDT",9428,9260,8848,-580
ISNE,"5/23/2016 3 a.m. EDT",9543,9070,8871,-672
ISNE,"5/23/2016 4 a.m. EDT",9767,9080,9111,-656
ISNE,"5/23/2016 5 a.m. EDT",9858,9250,9242,-616
ISNE,"5/23/2016 6 a.m. EDT",10465,10130,9972,-493
ISNE,"5/23/2016 7 a.m. EDT",11695,11710,11380,-315
ISNE,"5/23/2016 8 a.m. EDT",12853,12930,12636,-217
ISNE,"5/23/2016 9 a.m. EDT",13243,13430,12982,-261
ISNE,"5/23/2016 10 a.m. EDT",13481,13780,13128,-353
ISNE,"5/23/2016 11 a.m. EDT",13731,14030,13389,-342
ISNE,"5/23/2016 12 p.m. EDT",13890,14110,12903,-987
ISNE,"5/23/2016 1 p.m. EDT",14008,14090,13135,-873
ISNE,"5/23/2016 2 p.m. EDT",14210,14170,13693,-517
ISNE,"5/23/2016 3 p.m. EDT",14229,14160,13678,-551
ISNE,"5/23/2016 4 p.m. EDT",14341,14220,13786,-555
ISNE,"5/23/2016 5 p.m. EDT",14481,14360,13863,-618
ISNE,"5/23/2016 6 p.m. EDT",14556,14600,13626,-930
ISNE,"5/23/2016 7 p.m. EDT",14508,14590,13701,-807
ISNE,"5/23/2016 8 p.m. EDT",14473,14480,13985,-488
ISNE,"5/23/2016 9 p.m. EDT",14662,14520,14491,-171
ISNE,"5/23/2016 10 p.m. EDT",13873,13720,13764,-109
ISNE,"5/23/2016 11 p.m. EDT",12416,12330,12189,-227
ISNE,"5/24/2016 12 a.m. EDT",11106,11030,10767,-339
ISNE,"5/24/2016 1 a.m. EDT",10447,10260,9863,-584
ISNE,"5/24/2016 2 a.m. EDT",10248,9830,9640,-608
ISNE,"5/24/2016 3 a.m. EDT",10267,9570,9509,-758
ISNE,"5/24/2016 4 a.m. EDT",10212,9510,9346,-866
ISNE,"5/24/2016 5 a.m. EDT",10427,9790,9544,-883
ISNE,"5/24/2016 6 a.m. EDT",10987,10570,10281,-706
ISNE,"5/24/2016 7 a.m. EDT",12103,12220,11521,-582
ISNE,"5/24/2016 8 a.m. EDT",13242,13470,12787,-455
ISNE,"5/24/2016 9 a.m. EDT",13700,13900,13286,-414
ISNE,"5/24/2016 10 a.m. EDT",13960,14110,13724,-236
ISNE,"5/24/2016 11 a.m. EDT",14185,14310,13545,-640
ISNE,"5/24/2016 12 p.m. EDT",14258,14450,13378,-880
ISNE,"5/24/2016 1 p.m. EDT",14210,14410,13419,-791
ISNE,"5/24/2016 2 p.m. EDT",14203,14480,13245,-958
ISNE,"5/24/2016 3 p.m. EDT",14107,14440,13944,-163
ISNE,"5/24/2016 4 p.m. EDT",14078,14400,14097,19
ISNE,"5/24/2016 5 p.m. EDT",,14550,,
ISNE,"5/24/2016 6 p.m. EDT",,14600,,
ISNE,"5/24/2016 7 p.m. EDT",,14540,,
ISNE,"5/24/2016 8 p.m. EDT",14199,14510,14147,-52
ISNE,"5/24/2016 9 p.m. EDT",14395,14750,14222,-173
ISNE,"5/24/2016 10 p.m. EDT",13655,13890,13480,-175
ISNE,"5/24/2016 11 p.m. EDT",12271,12480,11867,-404
ISNE,"5/25/2016 12 a.m. EDT",11277,11150,10669,-608
ISNE,"5/25/2016 1 a.m. EDT",11375,10330,10364,-1011
ISNE,"5/25/2016 2 a.m. EDT",11010,9830,10278,-732
ISNE,"5/25/2016 3 a.m. EDT",10757,9580,10135,-622
ISNE,"5/25/2016 4 a.m. EDT",10694,9570,10296,-398
ISNE,"5/25/2016 5 a.m. EDT",10681,9790,10192,-489
ISNE,"5/25/2016 6 a.m. EDT",11434,10400,10798,-636
ISNE,"5/25/2016 7 a.m. EDT",12077,12170,11839,-238
ISNE,"5/25/2016 8 a.m. EDT",13196,13430,12252,-944
ISNE,"5/25/2016 9 a.m. EDT",13605,13980,12421,-1184
ISNE,"5/25/2016 10 a.m. EDT",14011,14280,12848,-1163
ISNE,"5/25/2016 11 a.m. EDT",14065,14290,12988,-1077
ISNE,"5/25/2016 12 p.m. EDT",14348,14450,13303,-1045
ISNE,"5/25/2016 1 p.m. EDT",14595,14640,13617,-978
ISNE,"5/25/2016 2 p.m. EDT",14995,15070,14286,-709
ISNE,"5/25/2016 3 p.m. EDT",15275,15420,14272,-1003
ISNE,"5/25/2016 4 p.m. EDT",15533,15820,14371,-1162
ISNE,"5/25/2016 5 p.m. EDT",15868,16070,15056,-812
ISNE,"5/25/2016 6 p.m. EDT",16081,16300,15344,-737
ISNE,"5/25/2016 7 p.m. EDT",16013,16200,15185,-828
ISNE,"5/25/2016 8 p.m. EDT",15891,15900,15189,-702
ISNE,"5/25/2016 9 p.m. EDT",16003,15990,15305,-698
ISNE,"5/25/2016 10 p.m. EDT",15294,15260,14512,-782
ISNE,"5/25/2016 11 p.m. EDT",14008,13600,13270,-738
ISNE,"5/26/2016 12 a.m. EDT",12749,12180,12253,-496
ISNE,"5/26/2016 1 a.m. EDT",11725,11350,11223,-502
ISNE,"5/26/2016 2 a.m. EDT",11104,10750,10495,-609
ISNE,"5/26/2016 3 a.m. EDT",10985,10320,10451,-534
ISNE,"5/26/2016 4 a.m. EDT",10814,10100,10505,-309
ISNE,"5/26/2016 5 a.m. EDT",10983,10260,10645,-338
ISNE,"5/26/2016 6 a.m. EDT",11259,11040,10937,-322
ISNE,"5/26/2016 7 a.m. EDT",12822,12740,12038,-784
ISNE,"5/26/2016 8 a.m. EDT",13932,14120,13230,-702
ISNE,"5/26/2016 9 a.m. EDT",14602,14760,13923,-679
ISNE,"5/26/2016 10 a.m. EDT",15122,15190,14743,-379
ISNE,"5/26/2016 11 a.m. EDT",15665,15660,15056,-609
ISNE,"5/26/2016 12 p.m. EDT",16131,16080,15563,-568
ISNE,"5/26/2016 1 p.m. EDT",16514,16330,15980,-534
ISNE,"5/26/2016 2 p.m. EDT",16907,16760,16129,-778
ISNE,"5/26/2016 3 p.m. EDT",17216,16850,15569,-1647
ISNE,"5/26/2016 4 p.m. EDT",17392,16970,16566,-826
ISNE,"5/26/2016 5 p.m. EDT",17476,17270,16938,-538
ISNE,"5/26/2016 6 p.m. EDT",17375,17500,16658,-717
ISNE,"5/26/2016 7 p.m. EDT",17070,17110,16310,-760
ISNE,"5/26/2016 8 p.m. EDT",16807,16610,15977,-830
ISNE,"5/26/2016 9 p.m. EDT",16814,16560,15726,-1088
ISNE,"5/26/2016 10 p.m. EDT",16061,15580,15255,-806
ISNE,"5/26/2016 11 p.m. EDT",14497,13920,13690,-807
ISNE,"5/27/2016 12 a.m. EDT",13067,12520,12370,-697
ISNE,"5/27/2016 1 a.m. EDT",11948,11480,11295,-653
ISNE,"5/27/2016 2 a.m. EDT",11497,10840,10756,-741
ISNE,"5/27/2016 3 a.m. EDT",11085,10460,10623,-462
ISNE,"5/27/2016 4 a.m. EDT",11025,10290,10652,-373
ISNE,"5/27/2016 5 a.m. EDT",11341,10420,10907,-434
ISNE,"5/27/2016 6 a.m. EDT",11736,11160,11322,-414
ISNE,"5/27/2016 7 a.m. EDT",13039,12700,12634,-405
ISNE,"5/27/2016 8 a.m. EDT",13966,14030,13941,-25
ISNE,"5/27/2016 9 a.m. EDT",14609,14700,14519,-90
ISNE,"5/27/2016 10 a.m. EDT",15132,15160,14496,-636
ISNE,"5/27/2016 11 a.m. EDT",15614,15660,14907,-707
ISNE,"5/27/2016 12 p.m. EDT",16056,15970,15697,-359
ISNE,"5/27/2016 1 p.m. EDT",16438,16290,16760,322
ISNE,"5/27/2016 2 p.m. EDT",16795,16650,17107,312
ISNE,"5/27/2016 3 p.m. EDT",16969,16800,17314,345
ISNE,"5/27/2016 4 p.m. EDT",17130,17040,17596,466
ISNE,"5/27/2016 5 p.m. EDT",17343,17190,17702,359
ISNE,"5/27/2016 6 p.m. EDT",17385,17150,17534,149
ISNE,"5/27/2016 7 p.m. EDT",16996,16780,16704,-292
ISNE,"5/27/2016 8 p.m. EDT",16532,16450,16236,-296
ISNE,"5/27/2016 9 p.m. EDT",16486,16380,16167,-319
ISNE,"5/27/2016 10 p.m. EDT",15931,15580,15840,-91
ISNE,"5/27/2016 11 p.m. EDT",14583,14220,14349,-234
ISNE,"5/28/2016 12 a.m. EDT",13290,12830,12943,-347
ISNE,"5/28/2016 1 a.m. EDT",12264,12060,11573,-691
ISNE,"5/28/2016 2 a.m. EDT",11999,11320,11406,-593
ISNE,"5/28/2016 3 a.m. EDT",11903,10940,11200,-703
ISNE,"5/28/2016 4 a.m. EDT",11624,10680,10859,-765
ISNE,"5/28/2016 5 a.m. EDT",11552,10640,10486,-1066
ISNE,"5/28/2016 6 a.m. EDT",11353,10810,10429,-924
ISNE,"5/28/2016 7 a.m. EDT",12149,11450,11288,-861
ISNE,"5/28/2016 8 a.m. EDT",12959,12790,12407,-552
ISNE,"5/28/2016 9 a.m. EDT",13732,13920,13485,-247
ISNE,"5/28/2016 10 a.m. EDT",14415,14780,14043,-372
ISNE,"5/28/2016 11 a.m. EDT",15242,15620,14885,-357
ISNE,"5/28/2016 12 p.m. EDT",16036,16320,15860,-176
ISNE,"5/28/2016 1 p.m. EDT",16688,16920,16551,-137
ISNE,"5/28/2016 2 p.m. EDT",17151,17110,16858,-293
ISNE,"5/28/2016 3 p.m. EDT",17575,17350,16988,-587
ISNE,"5/28/2016 4 p.m. EDT",17892,17560,17037,-855
ISNE,"5/28/2016 5 p.m. EDT",18253,17760,17406,-847
ISNE,"5/28/2016 6 p.m. EDT",18433,18200,17338,-1095
ISNE,"5/28/2016 7 p.m. EDT",18279,17790,17122,-1157
ISNE,"5/28/2016 8 p.m. EDT",17913,17440,16765,-1148
ISNE,"5/28/2016 9 p.m. EDT",17772,17570,16752,-1020
ISNE,"5/28/2016 10 p.m. EDT",17210,16790,16358,-852
ISNE,"5/28/2016 11 p.m. EDT",15875,15370,15260,-615
ISNE,"5/29/2016 12 a.m. EDT",14399,13880,13825,-574
ISNE,"5/29/2016 1 a.m. EDT",13172,12640,12127,-1045
ISNE,"5/29/2016 2 a.m. EDT",12473,12020,11573,-900
ISNE,"5/29/2016 3 a.m. EDT",12233,11600,11334,-899
ISNE,"5/29/2016 4 a.m. EDT",12039,11320,10997,-1042
ISNE,"5/29/2016 5 a.m. EDT",12065,11190,10907,-1158
ISNE,"5/29/2016 6 a.m. EDT",11905,11020,10993,-912
ISNE,"5/29/2016 7 a.m. EDT",12112,11450,11102,-1010
ISNE,"5/29/2016 8 a.m. EDT",12521,12340,11947,-574
ISNE,"5/29/2016 9 a.m. EDT",13080,13340,12781,-299
ISNE,"5/29/2016 10 a.m. EDT",13712,14170,13587,-125
ISNE,"5/29/2016 11 a.m. EDT",14241,14550,13990,-251
ISNE,"5/29/2016 12 p.m. EDT",14350,15020,14167,-183
ISNE,"5/29/2016 1 p.m. EDT",14549,15270,14283,-266
ISNE,"5/29/2016 2 p.m. EDT",14603,15040,14473,-130
ISNE,"5/29/2016 3 p.m. EDT",14652,15140,14678,26
ISNE,"5/29/2016 4 p.m. EDT",14733,15210,14806,73
ISNE,"5/29/2016 5 p.m. EDT",14801,15490,14920,119
ISNE,"5/29/2016 6 p.m. EDT",14808,15600,14767,-41
ISNE,"5/29/2016 7 p.m. EDT",14595,15280,14298,-297
ISNE,"5/29/2016 8 p.m. EDT",14310,15070,14012,-298
ISNE,"5/29/2016 9 p.m. EDT",14320,15570,14115,-205
ISNE,"5/29/2016 10 p.m. EDT",13859,15090,13800,-59
ISNE,"5/29/2016 11 p.m. EDT",12891,13860,12758,-133
ISNE,"5/30/2016 12 a.m. EDT",11810,12560,11516,-294
ISNE,"5/30/2016 1 a.m. EDT",10947,11270,10397,-550
ISNE,"5/30/2016 2 a.m. EDT",10567,10960,10235,-332
ISNE,"5/30/2016 3 a.m. EDT",10502,10660,10102,-400
ISNE,"5/30/2016 4 a.m. EDT",10602,10460,9945,-657
ISNE,"5/30/2016 5 a.m. EDT",10957,10480,10199,-758
ISNE,"5/30/2016 6 a.m. EDT",10970,10200,10358,-612
ISNE,"5/30/2016 7 a.m. EDT",11352,10620,10454,-898
ISNE,"5/30/2016 8 a.m. EDT",11820,11370,11290,-530
ISNE,"5/30/2016 9 a.m. EDT",12157,12330,12024,-133
ISNE,"5/30/2016 10 a.m. EDT",12954,13060,13007,53
ISNE,"5/30/2016 11 a.m. EDT",13581,13510,13614,33
ISNE,"5/30/2016 12 p.m. EDT",13960,13890,13748,-212
ISNE,"5/30/2016 1 p.m. EDT",14155,14060,13982,-173
ISNE,"5/30/2016 2 p.m. EDT",14215,14100,13722,-493
ISNE,"5/30/2016 3 p.m. EDT",14421,14200,13906,-515
ISNE,"5/30/2016 4 p.m. EDT",14703,14400,14078,-625
ISNE,"5/30/2016 5 p.m. EDT",15101,14760,14368,-733
ISNE,"5/30/2016 6 p.m. EDT",15545,15140,14413,-1132
ISNE,"5/30/2016 7 p.m. EDT",15611,14890,14644,-967
ISNE,"5/30/2016 8 p.m. EDT",15604,15060,14531,-1073
ISNE,"5/30/2016 9 p.m. EDT",15851,15560,14676,-1175
ISNE,"5/30/2016 10 p.m. EDT",15250,14860,14311,-939
ISNE,"5/30/2016 11 p.m. EDT",13904,13550,13035,-869
ISNE,"5/31/2016 12 a.m. EDT",12561,12270,11302,-1259
ISNE,"5/31/2016 1 a.m. EDT",11918,11280,10497,-1421
ISNE,"5/31/2016 2 a.m. EDT",11619,10750,10189,-1430
ISNE,"5/31/2016 3 a.m. EDT",11326,10500,9702,-1624
ISNE,"5/31/2016 4 a.m. EDT",11217,10390,9619,-1598
ISNE,"5/31/2016 5 a.m. EDT",11542,10790,10082,-1460
ISNE,"5/31/2016 6 a.m. EDT",12370,11600,11303,-1067
ISNE,"5/31/2016 7 a.m. EDT",13681,13240,12617,-1064
ISNE,"5/31/2016 8 a.m. EDT",15016,14570,14244,-772
ISNE,"5/31/2016 9 a.m. EDT",15721,15220,14967,-754
ISNE,"5/31/2016 10 a.m. EDT",16218,15640,15433,-785
ISNE,"5/31/2016 11 a.m. EDT",16639,16630,15946,-693
ISNE,"5/31/2016 12 p.m. EDT",16985,16980,16086,-899
ISNE,"5/31/2016 1 p.m. EDT",17268,17020,16466,-802
ISNE,"5/31/2016 2 p.m. EDT",17663,17180,16945,-718
ISNE,"5/31/2016 3 p.m. EDT",17983,17330,17084,-899
ISNE,"5/31/2016 4 p.m. EDT",18352,17470,17281,-1071
ISNE,"5/31/2016 5 p.m. EDT",18730,17600,17610,-1120
ISNE,"5/31/2016 6 p.m. EDT",18941,17490,17622,-1319
ISNE,"5/31/2016 7 p.m. EDT",18715,17050,17334,-1381
ISNE,"5/31/2016 8 p.m. EDT",18236,16700,16779,-1457
ISNE,"5/31/2016 9 p.m. EDT",17905,16670,16679,-1226
ISNE,"5/31/2016 10 p.m. EDT",17017,15720,15789,-1228
ISNE,"5/31/2016 11 p.m. EDT",15154,14170,14166,-988
ISNE,"6/1/2016 12 a.m. EDT",13383,12650,12240,-1143
