"BA Code","Timestamp (Hour Ending)","Demand (MWh)","Demand Forecast (MWh)","Net Generation (MWh)","Total Interchange (MWh)"
ISNE,"4/1/2019 12 a.m. EDT",11164,10590,9274,-1890
ISNE,"4/1/2019 1 a.m. EDT",10545,10220,9055,-1490
ISNE,"4/1/2019 2 a.m. EDT",10584,9940,9131,-1453
ISNE,"4/1/2019 3 a.m. EDT",10636,9860,9342,-1294
ISNE,"4/1/2019 4 a.m. EDT",10616,9990,9274,-1342
ISNE,"4/1/2019 5 a.m. EDT",10683,10380,9395,-1288
ISNE,"4/1/2019 6 a.m. EDT",11872,11450,10203,-1669
ISNE,"4/1/2019 7 a.m. EDT",13215,13110,11532,-1683
ISNE,"4/1/2019 8 a.m. EDT",13948,13860,12568,-1380
ISNE,"4/1/2019 9 a.m. EDT",13427,13560,12042,-1385
ISNE,"4/1/2019 10 a.m. EDT",12727,12720,11168,-1559
ISNE,"4/1/2019 11 a.m. EDT",12234,12230,10642,-1592
ISNE,"4/1/2019 12 p.m. EDT",11926,11960,10319,-1607
ISNE,"4/1/2019 1 p.m. EDT",11650,11680,10241,-1409
ISNE,"4/1/2019 2 p.m. EDT",11573,11610,10158,-1415
ISNE,"4/1/2019 3 p.m. EDT",11565,11560,10131,-1434
ISNE,"4/1/2019 4 p.m. EDT",11638,11850,10132,-1506
ISNE,"4/1/2019 5 p.m. EDT",12252,12480,10629,-1623
ISNE,"4/1/2019 6 p.m. EDT",13108,13330,11211,-1897
ISNE,"4/1/2019 7 p.m. EDT",13991,13990,12191,-1800
ISNE,"4/1/2019 8 p.m. EDT",14688,14860,13058,-1630
ISNE,"4/1/2019 9 p.m. EDT",14588,14790,13014,-1574
ISNE,"4/1/2019 10 p.m. EDT",13838,13860,12029,-1809
ISNE,"4/1/2019 11 p.m. EDT",12700,12730,10624,-2076
ISNE,"4/2/2019 12 a.m. EDT",11695,11650,9854,-1841
ISNE,"4/2/2019 1 a.m. EDT",11081,11020,9240,-1841
ISNE,"4/2/2019 2 a.m. EDT",11066,10730,9134,-1932
ISNE,"4/2/2019 3 a.m. EDT",10932,10640,9038,-1894
ISNE,"4/2/2019 4 a.m. EDT",11025,10720,9175,-1850
ISNE,"4/2/2019 5 a.m. EDT",11415,11120,9331,-2084
ISNE,"4/2/2019 6 a.m. EDT",12264,12160,10033,-2231
ISNE,"4/2/2019 7 a.m. EDT",13962,13850,11654,-2308
ISNE,"4/2/2019 8 a.m. EDT",14435,14390,11918,-2517
ISNE,"4/2/2019 9 a.m. EDT",13693,13880,11309,-2384
ISNE,"4/2/2019 10 a.m. EDT",12851,12810,10760,-2091
ISNE,"4/2/2019 11 a.m. EDT",12236,12170,10176,-2060
ISNE,"4/2/2019 12 p.m. EDT",11905,11800,9983,-1922
ISNE,"4/2/2019 1 p.m. EDT",11624,11500,9778,-1846
ISNE,"4/2/2019 2 p.m. EDT",11594,11380,9875,-1719
ISNE,"4/2/2019 3 p.m. EDT",11649,11410,9943,-1706
ISNE,"4/2/2019 4 p.m. EDT",11917,11920,10248,-1669
ISNE,"4/2/2019 5 p.m. EDT",12446,12640,10635,-1811
ISNE,"4/2/2019 6 p.m. EDT",13465,13470,11571,-1894
ISNE,"4/2/2019 7 p.m. EDT",14134,14040,11813,-2321
ISNE,"4/2/2019 8 p.m. EDT",14603,14570,12079,-2524
ISNE,"4/2/2019 9 p.m. EDT",14312,14320,12073,-2239
ISNE,"4/2/2019 10 p.m. EDT",13453,13470,11139,-2314
ISNE,"4/2/2019 11 p.m. EDT",12228,12310,10180,-2048
ISNE,"4/3/2019 12 a.m. EDT",11166,11290,9343,-1823
ISNE,"4/3/2019 1 a.m. EDT",10783,10760,9148,-1635
ISNE,"4/3/2019 2 a.m. EDT",10751,10360,8968,-1783
ISNE,"4/3/2019 3 a.m. EDT",10598,10250,8813,-1785
ISNE,"4/3/2019 4 a.m. EDT",10600,10230,8846,-1754
ISNE,"4/3/2019 5 a.m. EDT",10969,10620,8923,-2046
ISNE,"4/3/2019 6 a.m. EDT",11601,11640,9549,-2052
ISNE,"4/3/2019 7 a.m. EDT",13117,13260,11051,-2066
ISNE,"4/3/2019 8 a.m. EDT",14066,14050,12052,-2014
ISNE,"4/3/2019 9 a.m. EDT",14032,13840,11836,-2196
ISNE,"4/3/2019 10 a.m. EDT",13426,13440,11269,-2157
ISNE,"4/3/2019 11 a.m. EDT",12513,12600,10273,-2240
ISNE,"4/3/2019 12 p.m. EDT",11728,11800,9850,-1878
ISNE,"4/3/2019 1 p.m. EDT",11511,11260,9742,-1769
ISNE,"4/3/2019 2 p.m. EDT",11692,11080,9929,-1763
ISNE,"4/3/2019 3 p.m. EDT",11761,10930,10263,-1498
ISNE,"4/3/2019 4 p.m. EDT",11647,11220,10238,-1409
ISNE,"4/3/2019 5 p.m. EDT",11858,11800,10370,-1488
ISNE,"4/3/2019 6 p.m. EDT",12702,12480,11161,-1541
ISNE,"4/3/2019 7 p.m. EDT",13351,13190,11719,-1632
ISNE,"4/3/2019 8 p.m. EDT",13944,14080,12023,-1921
ISNE,"4/3/2019 9 p.m. EDT",13885,14040,11978,-1907
ISNE,"4/3/2019 10 p.m. EDT",13087,13300,11299,-1788
ISNE,"4/3/2019 11 p.m. EDT",12143,12170,10166,-1977
ISNE,"4/4/2019 12 a.m. EDT",11229,11150,9247,-1982
ISNE,"4/4/2019 1 a.m. EDT",10870,10370,9309,-1561
ISNE,"4/4/2019 2 a.m. EDT",10874,10060,9379,-1495
ISNE,"4/4/2019 3 a.m. EDT",10758,9950,9378,-1380
ISNE,"4/4/2019 4 a.m. EDT",10795,9990,9398,-1397
ISNE,"4/4/2019 5 a.m. EDT",11143,10400,9593,-1550
ISNE,"4/4/2019 6 a.m. EDT",11698,11590,9989,-1709
ISNE,"4/4/2019 7 a.m. EDT",13079,13340,11031,-2048
ISNE,"4/4/2019 8 a.m. EDT",13715,13820,11421,-2294
ISNE,"4/4/2019 9 a.m. EDT",13106,13130,10963,-2143
ISNE,"4/4/2019 10 a.m. EDT",12324,12350,10975,-1349
ISNE,"4/4/2019 11 a.m. EDT",11878,11810,10426,-1452
ISNE,"4/4/2019 12 p.m. EDT",11765,11370,10542,-1223
ISNE,"4/4/2019 1 p.m. EDT",11544,11020,10369,-1175
ISNE,"4/4/2019 2 p.m. EDT",11680,10910,10401,-1279
ISNE,"4/4/2019 3 p.m. EDT",11537,10840,10232,-1305
ISNE,"4/4/2019 4 p.m. EDT",11362,11060,10042,-1320
ISNE,"4/4/2019 5 p.m. EDT",12045,11880,10636,-1409
ISNE,"4/4/2019 6 p.m. EDT",12766,12800,11212,-1554
ISNE,"4/4/2019 7 p.m. EDT",13607,13700,11620,-1987
ISNE,"4/4/2019 8 p.m. EDT",14326,14360,12197,-2129
ISNE,"4/4/2019 9 p.m. EDT",14298,14270,12207,-2091
ISNE,"4/4/2019 10 p.m. EDT",13544,13500,11312,-2232
ISNE,"4/4/2019 11 p.m. EDT",12461,12320,9837,-2624
ISNE,"4/5/2019 12 a.m. EDT",11658,11270,9335,-2323
ISNE,"4/5/2019 1 a.m. EDT",11091,10820,8996,-2095
ISNE,"4/5/2019 2 a.m. EDT",10814,10540,8610,-2204
ISNE,"4/5/2019 3 a.m. EDT",10672,10400,8843,-1829
ISNE,"4/5/2019 4 a.m. EDT",10691,10440,8903,-1788
ISNE,"4/5/2019 5 a.m. EDT",11136,10880,9312,-1824
ISNE,"4/5/2019 6 a.m. EDT",11831,11850,10214,-1617
ISNE,"4/5/2019 7 a.m. EDT",13397,13420,12063,-1334
ISNE,"4/5/2019 8 a.m. EDT",14044,14040,12596,-1448
ISNE,"4/5/2019 9 a.m. EDT",13626,13600,12575,-1051
ISNE,"4/5/2019 10 a.m. EDT",13096,13040,11569,-1527
ISNE,"4/5/2019 11 a.m. EDT",12875,12910,11272,-1603
ISNE,"4/5/2019 12 p.m. EDT",12679,12730,11138,-1541
ISNE,"4/5/2019 1 p.m. EDT",12418,12600,10983,-1435
ISNE,"4/5/2019 2 p.m. EDT",12449,12520,11052,-1397
ISNE,"4/5/2019 3 p.m. EDT",12614,12560,11156,-1458
ISNE,"4/5/2019 4 p.m. EDT",13098,12650,11529,-1569
ISNE,"4/5/2019 5 p.m. EDT",13453,13090,11595,-1858
ISNE,"4/5/2019 6 p.m. EDT",13883,13510,11930,-1953
ISNE,"4/5/2019 7 p.m. EDT",14092,13830,12075,-2017
ISNE,"4/5/2019 8 p.m. EDT",14304,14230,12441,-1863
ISNE,"4/5/2019 9 p.m. EDT",14038,14060,12591,-1447
ISNE,"4/5/2019 10 p.m. EDT",13397,13370,11751,-1646
ISNE,"4/5/2019 11 p.m. EDT",12440,12440,10419,-2021
ISNE,"4/6/2019 12 a.m. EDT",11473,11470,9608,-1865
ISNE,"4/6/2019 1 a.m. EDT",10804,10780,8657,-2147
ISNE,"4/6/2019 2 a.m. EDT",10494,10370,8408,-2086
ISNE,"4/6/2019 3 a.m. EDT",10444,10150,8336,-2108
ISNE,"4/6/2019 4 a.m. EDT",10350,10080,8301,-2049
ISNE,"4/6/2019 5 a.m. EDT",10419,10140,8394,-2025
ISNE,"4/6/2019 6 a.m. EDT",10772,10480,8683,-2089
ISNE,"4/6/2019 7 a.m. EDT",11174,11160,9215,-1959
ISNE,"4/6/2019 8 a.m. EDT",11891,11890,9861,-2030
ISNE,"4/6/2019 9 a.m. EDT",12392,12380,10089,-2303
ISNE,"4/6/2019 10 a.m. EDT",12146,12150,9917,-2229
ISNE,"4/6/2019 11 a.m. EDT",11387,11060,9385,-2002
ISNE,"4/6/2019 12 p.m. EDT",10869,10510,8955,-1914
ISNE,"4/6/2019 1 p.m. EDT",10809,9910,9194,-1615
ISNE,"4/6/2019 2 p.m. EDT",10726,9730,9189,-1537
ISNE,"4/6/2019 3 p.m. EDT",10456,9700,9012,-1444
ISNE,"4/6/2019 4 p.m. EDT",10551,10020,9027,-1524
ISNE,"4/6/2019 5 p.m. EDT",10992,10540,9416,-1576
ISNE,"4/6/2019 6 p.m. EDT",11257,11350,9606,-1651
ISNE,"4/6/2019 7 p.m. EDT",11868,12000,10104,-1764
ISNE,"4/6/2019 8 p.m. EDT",12353,12500,10590,-1763
ISNE,"4/6/2019 9 p.m. EDT",12381,12490,10549,-1832
ISNE,"4/6/2019 10 p.m. EDT",11859,11970,9979,-1880
ISNE,"4/6/2019 11 p.m. EDT",11111,11260,9083,-2028
ISNE,"4/7/2019 12 a.m. EDT",10348,10430,8377,-1971
ISNE,"4/7/2019 1 a.m. EDT",10097,9700,8025,-2072
ISNE,"4/7/2019 2 a.m. EDT",9892,9360,7967,-1925
ISNE,"4/7/2019 3 a.m. EDT",9829,9200,7853,-1976
ISNE,"4/7/2019 4 a.m. EDT",9966,9150,7996,-1970
ISNE,"4/7/2019 5 a.m. EDT",10043,9260,8172,-1871
ISNE,"4/7/2019 6 a.m. EDT",10077,9550,8236,-1841
ISNE,"4/7/2019 7 a.m. EDT",10301,9990,8436,-1865
ISNE,"4/7/2019 8 a.m. EDT",10623,10360,8580,-2043
ISNE,"4/7/2019 9 a.m. EDT",10594,10540,8581,-2013
ISNE,"4/7/2019 10 a.m. EDT",10566,10280,8804,-1762
ISNE,"4/7/2019 11 a.m. EDT",10466,9970,8955,-1511
ISNE,"4/7/2019 12 p.m. EDT",10284,9710,8647,-1637
ISNE,"4/7/2019 1 p.m. EDT",10137,9490,8373,-1764
ISNE,"4/7/2019 2 p.m. EDT",10505,9580,8959,-1546
ISNE,"4/7/2019 3 p.m. EDT",10608,9660,9079,-1529
ISNE,"4/7/2019 4 p.m. EDT",10591,10030,8976,-1615
ISNE,"4/7/2019 5 p.m. EDT",11203,10690,9520,-1683
ISNE,"4/7/2019 6 p.m. EDT",11732,11760,10111,-1621
ISNE,"4/7/2019 7 p.m. EDT",12314,12520,10253,-2061
ISNE,"4/7/2019 8 p.m. EDT",12885,12900,10911,-1974
ISNE,"4/7/2019 9 p.m. EDT",12745,12660,10769,-1976
ISNE,"4/7/2019 10 p.m. EDT",11922,11900,9684,-2238
ISNE,"4/7/2019 11 p.m. EDT",11121,10940,8971,-2150
ISNE,"4/8/2019 12 a.m. EDT",10183,10100,8235,-1948
ISNE,"4/8/2019 1 a.m. EDT",9896,9330,7906,-1990
ISNE,"4/8/2019 2 a.m. EDT",10028,9040,7954,-2074
ISNE,"4/8/2019 3 a.m. EDT",10283,8920,8387,-1896
ISNE,"4/8/2019 4 a.m. EDT",10307,8970,8515,-1792
ISNE,"4/8/2019 5 a.m. EDT",10631,9330,9094,-1537
ISNE,"4/8/2019 6 a.m. EDT",11219,10340,9836,-1383
ISNE,"4/8/2019 7 a.m. EDT",12018,12050,11027,-991
ISNE,"4/8/2019 8 a.m. EDT",13215,13230,12383,-832
ISNE,"4/8/2019 9 a.m. EDT",13710,13710,12812,-898
ISNE,"4/8/2019 10 a.m. EDT",13948,13940,12722,-1226
ISNE,"4/8/2019 11 a.m. EDT",14155,14160,13239,-916
ISNE,"4/8/2019 12 p.m. EDT",14195,14200,13392,-803
ISNE,"4/8/2019 1 p.m. EDT",14044,14030,13228,-816
ISNE,"4/8/2019 2 p.m. EDT",13877,13880,12641,-1236
ISNE,"4/8/2019 3 p.m. EDT",13713,13710,12485,-1228
ISNE,"4/8/2019 4 p.m. EDT",13700,13700,12511,-1189
ISNE,"4/8/2019 5 p.m. EDT",13950,13990,12590,-1360
ISNE,"4/8/2019 6 p.m. EDT",14303,14430,12874,-1429
ISNE,"4/8/2019 7 p.m. EDT",14465,14650,12910,-1555
ISNE,"4/8/2019 8 p.m. EDT",14633,14750,13052,-1581
ISNE,"4/8/2019 9 p.m. EDT",14279,14200,12588,-1691
ISNE,"4/8/2019 10 p.m. EDT",13348,13200,11482,-1866
ISNE,"4/8/2019 11 p.m. EDT",12148,12010,10197,-1951
ISNE,"4/9/2019 12 a.m. EDT",11150,10760,9211,-1939
ISNE,"4/9/2019 1 a.m. EDT",10772,10420,8956,-1816
ISNE,"4/9/2019 2 a.m. EDT",10635,10070,8688,-1947
ISNE,"4/9/2019 3 a.m. EDT",10468,9910,8472,-1996
ISNE,"4/9/2019 4 a.m. EDT",10472,9920,8495,-1977
ISNE,"4/9/2019 5 a.m. EDT",10817,10280,8859,-1958
ISNE,"4/9/2019 6 a.m. EDT",11560,11280,9686,-1874
ISNE,"4/9/2019 7 a.m. EDT",12974,12980,11254,-1720
ISNE,"4/9/2019 8 a.m. EDT",13951,13950,12335,-1616
ISNE,"4/9/2019 9 a.m. EDT",14149,14140,12522,-1627
ISNE,"4/9/2019 10 a.m. EDT",14094,14120,12446,-1648
ISNE,"4/9/2019 11 a.m. EDT",13916,14030,12037,-1879
ISNE,"4/9/2019 12 p.m. EDT",13663,13950,11833,-1830
ISNE,"4/9/2019 1 p.m. EDT",13520,13830,11808,-1712
ISNE,"4/9/2019 2 p.m. EDT",13544,13800,12069,-1475
ISNE,"4/9/2019 3 p.m. EDT",13484,13750,12008,-1476
ISNE,"4/9/2019 4 p.m. EDT",13488,13760,11934,-1554
ISNE,"4/9/2019 5 p.m. EDT",13852,13800,12169,-1683
ISNE,"4/9/2019 6 p.m. EDT",14491,14160,12919,-1572
ISNE,"4/9/2019 7 p.m. EDT",14782,14410,13271,-1511
ISNE,"4/9/2019 8 p.m. EDT",14834,14750,13435,-1399
ISNE,"4/9/2019 9 p.m. EDT",14484,14320,13054,-1430
ISNE,"4/9/2019 10 p.m. EDT",13638,13390,12022,-1616
ISNE,"4/9/2019 11 p.m. EDT",12696,12190,11087,-1609
ISNE,"4/10/2019 12 a.m. EDT",11834,11130,10080,-1754
ISNE,"4/10/2019 1 a.m. EDT",11177,10640,9442,-1735
ISNE,"4/10/2019 2 a.m. EDT",10822,10270,9156,-1666
ISNE,"4/10/2019 3 a.m. EDT",10838,10110,9124,-1714
ISNE,"4/10/2019 4 a.m. EDT",10957,10100,9261,-1696
ISNE,"4/10/2019 5 a.m. EDT",11061,10440,9523,-1538
ISNE,"4/10/2019 6 a.m. EDT",11685,11450,10092,-1593
ISNE,"4/10/2019 7 a.m. EDT",13040,13060,11435,-1605
ISNE,"4/10/2019 8 a.m. EDT",13742,13720,11908,-1834
ISNE,"4/10/2019 9 a.m. EDT",13528,13520,11661,-1867
ISNE,"4/10/2019 10 a.m. EDT",13309,13290,11423,-1886
ISNE,"4/10/2019 11 a.m. EDT",13149,13140,11244,-1905
ISNE,"4/10/2019 12 p.m. EDT",12944,12890,11074,-1870
ISNE,"4/10/2019 1 p.m. EDT",12992,12460,11108,-1884
ISNE,"4/10/2019 2 p.m. EDT",12891,12340,10925,-1966
ISNE,"4/10/2019 3 p.m. EDT",12672,12240,10745,-1927
ISNE,"4/10/2019 4 p.m. EDT",12637,12250,10914,-1723
ISNE,"4/10/2019 5 p.m. EDT",13050,12770,11131,-1919
ISNE,"4/10/2019 6 p.m. EDT",13333,13280,11368,-1965
ISNE,"4/10/2019 7 p.m. EDT",13819,13810,11892,-1927
ISNE,"4/10/2019 8 p.m. EDT",14360,14500,12511,-1849
ISNE,"4/10/2019 9 p.m. EDT",14360,14400,12522,-1838
ISNE,"4/10/2019 10 p.m. EDT",13559,13560,11714,-1845
ISNE,"4/10/2019 11 p.m. EDT",12437,12400,10515,-1922
ISNE,"4/11/2019 12 a.m. EDT",11692,11340,9698,-1994
ISNE,"4/11/2019 1 a.m. EDT",11310,10730,9228,-2082
ISNE,"4/11/2019 2 a.m. EDT",11242,10440,9250,-1992
ISNE,"4/11/2019 3 a.m. EDT",11143,10330,9183,-1960
ISNE,"4/11/2019 4 a.m. EDT",11176,10360,9115,-2061
ISNE,"4/11/2019 5 a.m. EDT",11553,10750,9539,-2014
ISNE,"4/11/2019 6 a.m. EDT",12360,11780,10362,-1998
ISNE,"4/11/2019 7 a.m. EDT",13332,13340,11337,-1995
ISNE,"4/11/2019 8 a.m. EDT",13810,13830,11739,-2071
ISNE,"4/11/2019 9 a.m. EDT",13128,13260,11232,-1896
ISNE,"4/11/2019 10 a.m. EDT",12389,12370,10739,-1650
ISNE,"4/11/2019 11 a.m. EDT",12011,11840,10539,-1472
ISNE,"4/11/2019 12 p.m. EDT",12037,11470,10561,-1476
ISNE,"4/11/2019 1 p.m. EDT",11879,11170,10666,-1213
ISNE,"4/11/2019 2 p.m. EDT",11964,11010,10501,-1463
ISNE,"4/11/2019 3 p.m. EDT",12012,10940,10426,-1586
ISNE,"4/11/2019 4 p.m. EDT",12369,11320,10534,-1835
ISNE,"4/11/2019 5 p.m. EDT",12546,12030,10778,-1768
ISNE,"4/11/2019 6 p.m. EDT",13219,12770,11154,-2065
ISNE,"4/11/2019 7 p.m. EDT",13609,13420,11505,-2104
ISNE,"4/11/2019 8 p.m. EDT",14003,14100,12026,-1977
ISNE,"4/11/2019 9 p.m. EDT",13967,14010,11953,-2014
ISNE,"4/11/2019 10 p.m. EDT",13181,13240,10962,-2219
ISNE,"4/11/2019 11 p.m. EDT",12007,12130,9749,-2258
ISNE,"4/12/2019 12 a.m. EDT",11064,11090,8743,-2321
ISNE,"4/12/2019 1 a.m. EDT",10583,10330,8191,-2392
ISNE,"4/12/2019 2 a.m. EDT",10252,9980,7904,-2348
ISNE,"4/12/2019 3 a.m. EDT",10085,9850,7755,-2330
ISNE,"4/12/2019 4 a.m. EDT",10073,9830,7761,-2312
ISNE,"4/12/2019 5 a.m. EDT",10393,10160,8113,-2280
ISNE,"4/12/2019 6 a.m. EDT",11127,11130,9159,-1968
ISNE,"4/12/2019 7 a.m. EDT",12612,12650,10606,-2006
ISNE,"4/12/2019 8 a.m. EDT",13590,13600,11593,-1997
ISNE,"4/12/2019 9 a.m. EDT",13913,13880,12190,-1723
ISNE,"4/12/2019 10 a.m. EDT",14026,14020,12309,-1717
ISNE,"4/12/2019 11 a.m. EDT",14022,13960,12218,-1804
ISNE,"4/12/2019 12 p.m. EDT",13821,13850,12058,-1763
ISNE,"4/12/2019 1 p.m. EDT",13473,13580,11518,-1955
ISNE,"4/12/2019 2 p.m. EDT",13254,13440,11170,-2084
ISNE,"4/12/2019 3 p.m. EDT",12974,13190,10934,-2040
ISNE,"4/12/2019 4 p.m. EDT",12897,13180,10875,-2022
ISNE,"4/12/2019 5 p.m. EDT",13031,13410,10991,-2040
ISNE,"4/12/2019 6 p.m. EDT",13250,13610,11249,-2001
ISNE,"4/12/2019 7 p.m. EDT",13415,13740,11365,-2050
ISNE,"4/12/2019 8 p.m. EDT",13625,13860,11620,-2005
ISNE,"4/12/2019 9 p.m. EDT",13383,13510,11470,-1913
ISNE,"4/12/2019 10 p.m. EDT",12669,12780,10614,-2055
ISNE,"4/12/2019 11 p.m. EDT",11777,11830,9319,-2458
ISNE,"4/13/2019 12 a.m. EDT",10993,10790,8527,-2466
ISNE,"4/13/2019 1 a.m. EDT",10247,10060,7887,-2360
ISNE,"4/13/2019 2 a.m. EDT",10188,9550,7780,-2408
ISNE,"4/13/2019 3 a.m. EDT",10107,9300,7957,-2150
ISNE,"4/13/2019 4 a.m. EDT",9994,9190,8019,-1975
ISNE,"4/13/2019 5 a.m. EDT",10068,9270,7903,-2165
ISNE,"4/13/2019 6 a.m. EDT",10223,9600,8105,-2118
ISNE,"4/13/2019 7 a.m. EDT",10527,10210,8264,-2263
ISNE,"4/13/2019 8 a.m. EDT",10920,10990,8829,-2091
ISNE,"4/13/2019 9 a.m. EDT",11665,11580,9635,-2030
ISNE,"4/13/2019 10 a.m. EDT",11990,11740,9945,-2045
ISNE,"4/13/2019 11 a.m. EDT",12011,11790,9954,-2057
ISNE,"4/13/2019 12 p.m. EDT",11822,11510,9779,-2043
ISNE,"4/13/2019 1 p.m. EDT",11111,11170,9017,-2094
ISNE,"4/13/2019 2 p.m. EDT",10516,10320,8453,-2063
ISNE,"4/13/2019 3 p.m. EDT",10469,10170,8323,-2146
ISNE,"4/13/2019 4 p.m. EDT",10781,10340,8640,-2141
ISNE,"4/13/2019 5 p.m. EDT",11054,10940,8792,-2262
ISNE,"4/13/2019 6 p.m. EDT",11414,11720,9029,-2385
ISNE,"4/13/2019 7 p.m. EDT",11922,12220,9467,-2455
ISNE,"4/13/2019 8 p.m. EDT",12321,12500,9897,-2424
ISNE,"4/13/2019 9 p.m. EDT",12314,12470,9945,-2369
ISNE,"4/13/2019 10 p.m. EDT",11741,11880,9552,-2189
ISNE,"4/13/2019 11 p.m. EDT",10958,11100,8774,-2184
ISNE,"4/14/2019 12 a.m. EDT",10326,10240,8114,-2212
ISNE,"4/14/2019 1 a.m. EDT",9744,9580,7664,-2080
ISNE,"4/14/2019 2 a.m. EDT",9798,9140,7711,-2087
ISNE,"4/14/2019 3 a.m. EDT",9653,8950,7729,-1924
ISNE,"4/14/2019 4 a.m. EDT",9736,8810,7842,-1894
ISNE,"4/14/2019 5 a.m. EDT",9687,8850,7932,-1755
ISNE,"4/14/2019 6 a.m. EDT",9707,9130,7777,-1930
ISNE,"4/14/2019 7 a.m. EDT",9875,9450,7687,-2188
ISNE,"4/14/2019 8 a.m. EDT",9964,9850,7823,-2141
ISNE,"4/14/2019 9 a.m. EDT",10342,10320,8491,-1851
ISNE,"4/14/2019 10 a.m. EDT",10393,10340,8348,-2045
ISNE,"4/14/2019 11 a.m. EDT",10218,10400,8332,-1886
ISNE,"4/14/2019 12 p.m. EDT",10535,10500,8700,-1835
ISNE,"4/14/2019 1 p.m. EDT",10099,10540,8207,-1892
ISNE,"4/14/2019 2 p.m. EDT",9874,10540,7868,-2006
ISNE,"4/14/2019 3 p.m. EDT",10249,10600,8259,-1990
ISNE,"4/14/2019 4 p.m. EDT",10842,10880,8853,-1989
ISNE,"4/14/2019 5 p.m. EDT",11449,11490,9587,-1862
ISNE,"4/14/2019 6 p.m. EDT",12021,12120,9913,-2108
ISNE,"4/14/2019 7 p.m. EDT",12370,12560,10287,-2083
ISNE,"4/14/2019 8 p.m. EDT",12617,12880,10587,-2030
ISNE,"4/14/2019 9 p.m. EDT",12361,12660,10385,-1976
ISNE,"4/14/2019 10 p.m. EDT",11541,11860,9463,-2078
ISNE,"4/14/2019 11 p.m. EDT",10802,10890,8683,-2119
ISNE,"4/15/2019 12 a.m. EDT",10357,9960,8046,-2311
ISNE,"4/15/2019 1 a.m. EDT",9806,9250,7526,-2280
ISNE,"4/15/2019 2 a.m. EDT",9467,8920,7255,-2212
ISNE,"4/15/2019 3 a.m. EDT",9298,8750,7218,-2080
ISNE,"4/15/2019 4 a.m. EDT",9310,8760,7342,-1968
ISNE,"4/15/2019 5 a.m. EDT",9595,9070,7548,-2047
ISNE,"4/15/2019 6 a.m. EDT",10244,9910,8312,-1932
ISNE,"4/15/2019 7 a.m. EDT",11199,11240,9043,-2156
ISNE,"4/15/2019 8 a.m. EDT",12172,12180,10008,-2164
ISNE,"4/15/2019 9 a.m. EDT",12633,12620,10757,-1876
ISNE,"4/15/2019 10 a.m. EDT",12694,12690,10661,-2033
ISNE,"4/15/2019 11 a.m. EDT",12927,12670,10920,-2007
ISNE,"4/15/2019 12 p.m. EDT",12909,13000,10815,-2094
ISNE,"4/15/2019 1 p.m. EDT",12653,12870,10642,-2011
ISNE,"4/15/2019 2 p.m. EDT",12522,12870,10548,-1974
ISNE,"4/15/2019 3 p.m. EDT",12587,13070,10695,-1892
ISNE,"4/15/2019 4 p.m. EDT",12753,13120,10655,-2098
ISNE,"4/15/2019 5 p.m. EDT",12662,13270,10581,-2081
ISNE,"4/15/2019 6 p.m. EDT",12987,13490,10972,-2015
ISNE,"4/15/2019 7 p.m. EDT",13240,13650,11236,-2004
ISNE,"4/15/2019 8 p.m. EDT",13481,13790,11617,-1864
ISNE,"4/15/2019 9 p.m. EDT",13349,13560,11513,-1836
ISNE,"4/15/2019 10 p.m. EDT",12565,12690,10557,-2008
ISNE,"4/15/2019 11 p.m. EDT",11500,11590,9443,-2057
ISNE,"4/16/2019 12 a.m. EDT",10774,10600,8817,-1957
ISNE,"4/16/2019 1 a.m. EDT",10020,9930,8089,-1931
ISNE,"4/16/2019 2 a.m. EDT",9567,9580,7902,-1665
ISNE,"4/16/2019 3 a.m. EDT",9953,9470,8142,-1811
ISNE,"4/16/2019 4 a.m. EDT",10097,9480,8285,-1812
ISNE,"4/16/2019 5 a.m. EDT",10184,9820,8394,-1790
ISNE,"4/16/2019 6 a.m. EDT",10724,10790,8776,-1948
ISNE,"4/16/2019 7 a.m. EDT",12083,12190,10271,-1812
ISNE,"4/16/2019 8 a.m. EDT",12700,12980,10797,-1903
ISNE,"4/16/2019 9 a.m. EDT",12402,12540,10357,-2045
ISNE,"4/16/2019 10 a.m. EDT",11826,11730,9695,-2131
ISNE,"4/16/2019 11 a.m. EDT",11451,11180,9234,-2217
ISNE,"4/16/2019 12 p.m. EDT",11236,10820,8967,-2269
ISNE,"4/16/2019 1 p.m. EDT",11279,10530,9165,-2114
ISNE,"4/16/2019 2 p.m. EDT",11189,10310,9109,-2080
ISNE,"4/16/2019 3 p.m. EDT",11162,10280,9114,-2048
ISNE,"4/16/2019 4 p.m. EDT",11425,10590,9444,-1981
ISNE,"4/16/2019 5 p.m. EDT",11479,11460,9419,-2060
ISNE,"4/16/2019 6 p.m. EDT",12357,12510,10430,-1927
ISNE,"4/16/2019 7 p.m. EDT",13017,13200,11052,-1965
ISNE,"4/16/2019 8 p.m. EDT",13490,13640,11233,-2257
ISNE,"4/16/2019 9 p.m. EDT",13539,13650,11356,-2183
ISNE,"4/16/2019 10 p.m. EDT",12733,12740,10472,-2261
ISNE,"4/16/2019 11 p.m. EDT",11625,11510,9103,-2522
ISNE,"4/17/2019 12 a.m. EDT",10866,10540,8472,-2394
ISNE,"4/17/2019 1 a.m. EDT",10249,9970,7712,-2537
ISNE,"4/17/2019 2 a.m. EDT",10123,9600,7811,-2312
ISNE,"4/17/2019 3 a.m. EDT",10010,9460,7804,-2206
ISNE,"4/17/2019 4 a.m. EDT",10029,9430,7818,-2211
ISNE,"4/17/2019 5 a.m. EDT",10516,9760,8127,-2389
ISNE,"4/17/2019 6 a.m. EDT",10828,10650,8754,-2074
ISNE,"4/17/2019 7 a.m. EDT",11938,12000,9902,-2036
ISNE,"4/17/2019 8 a.m. EDT",12455,12700,10428,-2027
ISNE,"4/17/2019 9 a.m. EDT",12022,12440,10145,-1877
ISNE,"4/17/2019 10 a.m. EDT",11534,11490,9560,-1974
ISNE,"4/17/2019 11 a.m. EDT",11290,10870,9332,-1958
ISNE,"4/17/2019 12 p.m. EDT",10884,10480,8899,-1985
ISNE,"4/17/2019 1 p.m. EDT",10840,10250,8804,-2036
ISNE,"4/17/2019 2 p.m. EDT",10783,10260,8922,-1861
ISNE,"4/17/2019 3 p.m. EDT",10728,10230,8774,-1954
ISNE,"4/17/2019 4 p.m. EDT",10852,10560,9072,-1780
ISNE,"4/17/2019 5 p.m. EDT",11140,11190,9185,-1955
ISNE,"4/17/2019 6 p.m. EDT",11888,12170,9743,-2145
ISNE,"4/17/2019 7 p.m. EDT",12568,12740,10417,-2151
ISNE,"4/17/2019 8 p.m. EDT",13093,13210,10947,-2146
ISNE,"4/17/2019 9 p.m. EDT",13237,13380,11186,-2051
ISNE,"4/17/2019 10 p.m. EDT",12491,12590,10380,-2111
ISNE,"4/17/2019 11 p.m. EDT",11424,11400,9226,-2198
ISNE,"4/18/2019 12 a.m. EDT",10446,10360,8185,-2261
ISNE,"4/18/2019 1 a.m. EDT",10204,9760,7850,-2354
ISNE,"4/18/2019 2 a.m. EDT",10002,9430,7648,-2354
ISNE,"4/18/2019 3 a.m. EDT",10127,9290,7706,-2421
ISNE,"4/18/2019 4 a.m. EDT",10127,9310,7689,-2438
ISNE,"4/18/2019 5 a.m. EDT",10450,9650,8124,-2326
ISNE,"4/18/2019 6 a.m. EDT",10789,10520,8828,-1961
ISNE,"4/18/2019 7 a.m. EDT",11751,11790,9931,-1820
ISNE,"4/18/2019 8 a.m. EDT",12791,12820,11007,-1784
ISNE,"4/18/2019 9 a.m. EDT",13325,13320,11659,-1666
ISNE,"4/18/2019 10 a.m. EDT",13529,13550,11897,-1632
ISNE,"4/18/2019 11 a.m. EDT",13655,13520,11958,-1697
ISNE,"4/18/2019 12 p.m. EDT",13655,13360,11892,-1763
ISNE,"4/18/2019 1 p.m. EDT",13550,13180,11886,-1664
ISNE,"4/18/2019 2 p.m. EDT",13468,13110,11782,-1686
ISNE,"4/18/2019 3 p.m. EDT",13478,12920,11808,-1670
ISNE,"4/18/2019 4 p.m. EDT",13545,13020,11633,-1912
ISNE,"4/18/2019 5 p.m. EDT",13706,13310,11774,-1932
ISNE,"4/18/2019 6 p.m. EDT",13906,13670,12063,-1843
ISNE,"4/18/2019 7 p.m. EDT",13929,13810,12038,-1891
ISNE,"4/18/2019 8 p.m. EDT",13888,13830,12065,-1823
ISNE,"4/18/2019 9 p.m. EDT",13581,13690,11818,-1763
ISNE,"4/18/2019 10 p.m. EDT",12773,12820,10727,-2046
ISNE,"4/18/2019 11 p.m. EDT",11884,11660,9671,-2213
ISNE,"4/19/2019 12 a.m. EDT",11140,10540,8890,-2250
ISNE,"4/19/2019 1 a.m. EDT",10522,9940,8424,-2098
ISNE,"4/19/2019 2 a.m. EDT",10314,9520,8343,-1971
ISNE,"4/19/2019 3 a.m. EDT",10082,9290,8150,-1932
ISNE,"4/19/2019 4 a.m. EDT",10452,9250,8204,-2248
ISNE,"4/19/2019 5 a.m. EDT",10792,9500,8377,-2415
ISNE,"4/19/2019 6 a.m. EDT",11138,10200,8791,-2347
ISNE,"4/19/2019 7 a.m. EDT",11666,11170,9246,-2420
ISNE,"4/19/2019 8 a.m. EDT",12393,11910,10031,-2362
ISNE,"4/19/2019 9 a.m. EDT",12490,12260,10358,-2132
ISNE,"4/19/2019 10 a.m. EDT",12324,12300,10281,-2043
ISNE,"4/19/2019 11 a.m. EDT",12402,12440,10425,-1977
ISNE,"4/19/2019 12 p.m. EDT",12349,12540,10486,-1863
ISNE,"4/19/2019 1 p.m. EDT",12067,12530,10231,-1836
ISNE,"4/19/2019 2 p.m. EDT",12063,12530,10174,-1889
ISNE,"4/19/2019 3 p.m. EDT",12143,12420,10439,-1704
ISNE,"4/19/2019 4 p.m. EDT",12209,12370,10397,-1812
ISNE,"4/19/2019 5 p.m. EDT",12432,12600,10438,-1994
ISNE,"4/19/2019 6 p.m. EDT",12691,12940,10783,-1908
ISNE,"4/19/2019 7 p.m. EDT",12772,12860,10857,-1915
ISNE,"4/19/2019 8 p.m. EDT",12963,13000,11155,-1808
ISNE,"4/19/2019 9 p.m. EDT",12848,12840,11155,-1693
ISNE,"4/19/2019 10 p.m. EDT",12193,12100,10295,-1898
ISNE,"4/19/2019 11 p.m. EDT",11508,11250,9310,-2198
ISNE,"4/20/2019 12 a.m. EDT",10651,10330,8386,-2265
ISNE,"4/20/2019 1 a.m. EDT",9719,9690,7774,-1945
ISNE,"4/20/2019 2 a.m. EDT",9385,9260,7539,-1846
ISNE,"4/20/2019 3 a.m. EDT",9541,9020,7429,-2112
ISNE,"4/20/2019 4 a.m. EDT",9410,8870,7546,-1864
ISNE,"4/20/2019 5 a.m. EDT",9424,8900,7825,-1599
ISNE,"4/20/2019 6 a.m. EDT",9536,9160,7866,-1670
ISNE,"4/20/2019 7 a.m. EDT",9921,9660,8115,-1806
ISNE,"4/20/2019 8 a.m. EDT",10394,10420,8805,-1589
ISNE,"4/20/2019 9 a.m. EDT",11324,11340,9511,-1813
ISNE,"4/20/2019 10 a.m. EDT",12103,12120,9997,-2106
ISNE,"4/20/2019 11 a.m. EDT",12538,12540,10554,-1984
ISNE,"4/20/2019 12 p.m. EDT",12745,12750,10792,-1953
ISNE,"4/20/2019 1 p.m. EDT",12638,12630,10622,-2016
ISNE,"4/20/2019 2 p.m. EDT",12423,12190,10330,-2093
ISNE,"4/20/2019 3 p.m. EDT",12233,12040,10227,-2006
ISNE,"4/20/2019 4 p.m. EDT",12100,12150,10144,-1956
ISNE,"4/20/2019 5 p.m. EDT",12302,12290,10255,-2047
ISNE,"4/20/2019 6 p.m. EDT",12622,12440,10416,-2206
ISNE,"4/20/2019 7 p.m. EDT",12709,12650,10487,-2222
ISNE,"4/20/2019 8 p.m. EDT",12778,12850,10640,-2138
ISNE,"4/20/2019 9 p.m. EDT",12645,12520,10405,-2240
ISNE,"4/20/2019 10 p.m. EDT",12054,11870,9879,-2175
ISNE,"4/20/2019 11 p.m. EDT",11231,11000,9055,-2176
ISNE,"4/21/2019 12 a.m. EDT",10491,10140,8110,-2381
ISNE,"4/21/2019 1 a.m. EDT",10100,9580,7890,-2210
ISNE,"4/21/2019 2 a.m. EDT",9758,9090,7811,-1947
ISNE,"4/21/2019 3 a.m. EDT",10070,8820,7687,-2383
ISNE,"4/21/2019 4 a.m. EDT",10150,8690,7695,-2455
ISNE,"4/21/2019 5 a.m. EDT",10296,8690,7904,-2392
ISNE,"4/21/2019 6 a.m. EDT",10447,8880,8020,-2427
ISNE,"4/21/2019 7 a.m. EDT",10270,9220,8036,-2234
ISNE,"4/21/2019 8 a.m. EDT",10393,9840,8248,-2145
ISNE,"4/21/2019 9 a.m. EDT",10840,10600,8755,-2085
ISNE,"4/21/2019 10 a.m. EDT",11391,11230,9028,-2363
ISNE,"4/21/2019 11 a.m. EDT",11443,11200,9004,-2439
ISNE,"4/21/2019 12 p.m. EDT",11519,11210,9038,-2481
ISNE,"4/21/2019 1 p.m. EDT",11245,11040,8752,-2493
ISNE,"4/21/2019 2 p.m. EDT",11068,10560,8648,-2420
ISNE,"4/21/2019 3 p.m. EDT",10755,10250,8455,-2300
ISNE,"4/21/2019 4 p.m. EDT",10543,10270,8686,-1857
ISNE,"4/21/2019 5 p.m. EDT",10474,10440,8452,-2022
ISNE,"4/21/2019 6 p.m. EDT",10867,10850,8562,-2305
ISNE,"4/21/2019 7 p.m. EDT",11303,11110,8798,-2505
ISNE,"4/21/2019 8 p.m. EDT",11873,11800,9385,-2488
ISNE,"4/21/2019 9 p.m. EDT",12220,12100,9948,-2272
ISNE,"4/21/2019 10 p.m. EDT",11552,11500,9131,-2421
ISNE,"4/21/2019 11 p.m. EDT",10803,10540,8198,-2605
ISNE,"4/22/2019 12 a.m. EDT",10148,9700,7936,-2212
ISNE,"4/22/2019 1 a.m. EDT",9758,9160,7615,-2143
ISNE,"4/22/2019 2 a.m. EDT",9682,8800,7599,-2083
ISNE,"4/22/2019 3 a.m. EDT",9686,8700,7605,-2081
ISNE,"4/22/2019 4 a.m. EDT",9660,8750,7700,-1960
ISNE,"4/22/2019 5 a.m. EDT",9689,9080,7745,-1944
ISNE,"4/22/2019 6 a.m. EDT",10326,10030,8445,-1881
ISNE,"4/22/2019 7 a.m. EDT",11337,11480,9626,-1711
ISNE,"4/22/2019 8 a.m. EDT",12159,12410,10661,-1498
ISNE,"4/22/2019 9 a.m. EDT",12302,12490,10703,-1599
ISNE,"4/22/2019 10 a.m. EDT",12217,12230,10524,-1693
ISNE,"4/22/2019 11 a.m. EDT",12253,12170,11032,-1221
ISNE,"4/22/2019 12 p.m. EDT",12337,12220,11346,-991
ISNE,"4/22/2019 1 p.m. EDT",12589,12210,11445,-1144
ISNE,"4/22/2019 2 p.m. EDT",12854,12220,11408,-1446
ISNE,"4/22/2019 3 p.m. EDT",12849,12260,11221,-1628
ISNE,"4/22/2019 4 p.m. EDT",12987,12540,11348,-1639
ISNE,"4/22/2019 5 p.m. EDT",13316,12890,11684,-1632
ISNE,"4/22/2019 6 p.m. EDT",13710,13430,12232,-1478
ISNE,"4/22/2019 7 p.m. EDT",13869,13630,12194,-1675
ISNE,"4/22/2019 8 p.m. EDT",13873,13750,12098,-1775
ISNE,"4/22/2019 9 p.m. EDT",13528,13540,11875,-1653
ISNE,"4/22/2019 10 p.m. EDT",12615,12580,10839,-1776
ISNE,"4/22/2019 11 p.m. EDT",11399,11370,9129,-2270
ISNE,"4/23/2019 12 a.m. EDT",10370,10290,8057,-2313
ISNE,"4/23/2019 1 a.m. EDT",10091,9600,7864,-2227
ISNE,"4/23/2019 2 a.m. EDT",9813,9240,7721,-2092
ISNE,"4/23/2019 3 a.m. EDT",9618,9080,7705,-1913
ISNE,"4/23/2019 4 a.m. EDT",9821,9060,7711,-2110
ISNE,"4/23/2019 5 a.m. EDT",10099,9360,7966,-2133
ISNE,"4/23/2019 6 a.m. EDT",10619,10290,8332,-2287
ISNE,"4/23/2019 7 a.m. EDT",11838,11730,9825,-2013
ISNE,"4/23/2019 8 a.m. EDT",12708,12680,11021,-1687
ISNE,"4/23/2019 9 a.m. EDT",12833,12800,11128,-1705
ISNE,"4/23/2019 10 a.m. EDT",12661,12700,11011,-1650
ISNE,"4/23/2019 11 a.m. EDT",12521,12550,10699,-1822
ISNE,"4/23/2019 12 p.m. EDT",12319,12390,10599,-1720
ISNE,"4/23/2019 1 p.m. EDT",12104,12170,10567,-1537
ISNE,"4/23/2019 2 p.m. EDT",11947,12100,10261,-1686
ISNE,"4/23/2019 3 p.m. EDT",12193,11960,10528,-1665
ISNE,"4/23/2019 4 p.m. EDT",12313,11960,10750,-1563
ISNE,"4/23/2019 5 p.m. EDT",12176,12310,10991,-1185
ISNE,"4/23/2019 6 p.m. EDT",12664,12770,11335,-1329
ISNE,"4/23/2019 7 p.m. EDT",13189,13090,11729,-1460
ISNE,"4/23/2019 8 p.m. EDT",13635,13500,12161,-1474
ISNE,"4/23/2019 9 p.m. EDT",13582,13400,12138,-1444
ISNE,"4/23/2019 10 p.m. EDT",12679,12640,10997,-1682
ISNE,"4/23/2019 11 p.m. EDT",11660,11450,9684,-1976
ISNE,"4/24/2019 12 a.m. EDT",10666,10370,8555,-2111
ISNE,"4/24/2019 1 a.m. EDT",10010,9710,8213,-1797
ISNE,"4/24/2019 2 a.m. EDT",10075,9340,8262,-1813
ISNE,"4/24/2019 3 a.m. EDT",10094,9140,8166,-1928
ISNE,"4/24/2019 4 a.m. EDT",10138,9110,8038,-2100
ISNE,"4/24/2019 5 a.m. EDT",10499,9380,8413,-2086
ISNE,"4/24/2019 6 a.m. EDT",10855,10260,9130,-1725
ISNE,"4/24/2019 7 a.m. EDT",11843,11700,10274,-1569
ISNE,"4/24/2019 8 a.m. EDT",12582,12610,10914,-1668
ISNE,"4/24/2019 9 a.m. EDT",12534,12500,10921,-1613
ISNE,"4/24/2019 10 a.m. EDT",12125,12100,10779,-1346
ISNE,"4/24/2019 11 a.m. EDT",11765,11790,10465,-1300
ISNE,"4/24/2019 12 p.m. EDT",11574,11570,10226,-1348
ISNE,"4/24/2019 1 p.m. EDT",11415,11310,10240,-1175
ISNE,"4/24/2019 2 p.m. EDT",11349,11190,9833,-1516
ISNE,"4/24/2019 3 p.m. EDT",11256,11220,9785,-1471
ISNE,"4/24/2019 4 p.m. EDT",11370,11440,9969,-1401
ISNE,"4/24/2019 5 p.m. EDT",11851,11970,10500,-1351
ISNE,"4/24/2019 6 p.m. EDT",12431,12690,11264,-1167
ISNE,"4/24/2019 7 p.m. EDT",12906,13090,11664,-1242
ISNE,"4/24/2019 8 p.m. EDT",13278,13350,12000,-1278
ISNE,"4/24/2019 9 p.m. EDT",13398,13420,12239,-1159
ISNE,"4/24/2019 10 p.m. EDT",12585,12610,11244,-1341
ISNE,"4/24/2019 11 p.m. EDT",11425,11480,9554,-1871
ISNE,"4/25/2019 12 a.m. EDT",10543,10400,8662,-1881
ISNE,"4/25/2019 1 a.m. EDT",9887,9680,8390,-1497
ISNE,"4/25/2019 2 a.m. EDT",9506,9310,7940,-1566
ISNE,"4/25/2019 3 a.m. EDT",9340,9160,7863,-1477
ISNE,"4/25/2019 4 a.m. EDT",9572,9160,7694,-1878
ISNE,"4/25/2019 5 a.m. EDT",9923,9530,8052,-1871
ISNE,"4/25/2019 6 a.m. EDT",10625,10340,8840,-1785
ISNE,"4/25/2019 7 a.m. EDT",11699,11780,10172,-1527
ISNE,"4/25/2019 8 a.m. EDT",12310,12450,10658,-1652
ISNE,"4/25/2019 9 a.m. EDT",11923,12200,10185,-1738
ISNE,"4/25/2019 10 a.m. EDT",11662,11390,10133,-1529
ISNE,"4/25/2019 11 a.m. EDT",11266,11100,9887,-1379
ISNE,"4/25/2019 12 p.m. EDT",10987,11000,9711,-1276
ISNE,"4/25/2019 1 p.m. EDT",11045,10850,9865,-1180
ISNE,"4/25/2019 2 p.m. EDT",10962,10810,9597,-1365
ISNE,"4/25/2019 3 p.m. EDT",10924,10850,9473,-1451
ISNE,"4/25/2019 4 p.m. EDT",10945,11120,9905,-1040
ISNE,"4/25/2019 5 p.m. EDT",11571,11740,10331,-1240
ISNE,"4/25/2019 6 p.m. EDT",12285,12290,10919,-1366
ISNE,"4/25/2019 7 p.m. EDT",12712,12810,11249,-1463
ISNE,"4/25/2019 8 p.m. EDT",13087,13120,11423,-1664
ISNE,"4/25/2019 9 p.m. EDT",13254,13320,11556,-1698
ISNE,"4/25/2019 10 p.m. EDT",12467,12470,10607,-1860
ISNE,"4/25/2019 11 p.m. EDT",11324,11320,9321,-2003
ISNE,"4/26/2019 12 a.m. EDT",10280,10260,8219,-2061
ISNE,"4/26/2019 1 a.m. EDT",9837,9630,8209,-1628
ISNE,"4/26/2019 2 a.m. EDT",9709,9250,7976,-1733
ISNE,"4/26/2019 3 a.m. EDT",9545,9080,7877,-1668
ISNE,"4/26/2019 4 a.m. EDT",9492,9040,7664,-1828
ISNE,"4/26/2019 5 a.m. EDT",9766,9340,8104,-1662
ISNE,"4/26/2019 6 a.m. EDT",10240,10240,8465,-1775
ISNE,"4/26/2019 7 a.m. EDT",11572,11640,9785,-1787
ISNE,"4/26/2019 8 a.m. EDT",12667,12670,10891,-1776
ISNE,"4/26/2019 9 a.m. EDT",13119,13070,11532,-1587
ISNE,"4/26/2019 10 a.m. EDT",13298,13300,11996,-1302
ISNE,"4/26/2019 11 a.m. EDT",13379,13410,12110,-1269
ISNE,"4/26/2019 12 p.m. EDT",13434,13420,12147,-1287
ISNE,"4/26/2019 1 p.m. EDT",13367,13290,12254,-1113
ISNE,"4/26/2019 2 p.m. EDT",13419,13250,12318,-1101
ISNE,"4/26/2019 3 p.m. EDT",13423,13090,12378,-1045
ISNE,"4/26/2019 4 p.m. EDT",13364,13030,12142,-1222
ISNE,"4/26/2019 5 p.m. EDT",13407,13130,11949,-1458
ISNE,"4/26/2019 6 p.m. EDT",13534,13400,11952,-1582
ISNE,"4/26/2019 7 p.m. EDT",13590,13270,11568,-2022
ISNE,"4/26/2019 8 p.m. EDT",13600,13210,11560,-2040
ISNE,"4/26/2019 9 p.m. EDT",13325,13090,11183,-2142
ISNE,"4/26/2019 10 p.m. EDT",12625,12370,10358,-2267
ISNE,"4/26/2019 11 p.m. EDT",11693,11430,9336,-2357
ISNE,"4/27/2019 12 a.m. EDT",10971,10450,8623,-2348
ISNE,"4/27/2019 1 a.m. EDT",10255,9890,7965,-2290
ISNE,"4/27/2019 2 a.m. EDT",10065,9440,7880,-2185
ISNE,"4/27/2019 3 a.m. EDT",9860,9220,7660,-2200
ISNE,"4/27/2019 4 a.m. EDT",9737,9170,7495,-2242
ISNE,"4/27/2019 5 a.m. EDT",9797,9290,7598,-2199
ISNE,"4/27/2019 6 a.m. EDT",10114,9590,7756,-2358
ISNE,"4/27/2019 7 a.m. EDT",10482,10190,7895,-2587
ISNE,"4/27/2019 8 a.m. EDT",11337,10870,8900,-2437
ISNE,"4/27/2019 9 a.m. EDT",11344,11430,8961,-2383
ISNE,"4/27/2019 10 a.m. EDT",11677,11710,9214,-2463
ISNE,"4/27/2019 11 a.m. EDT",11559,11680,9111,-2448
ISNE,"4/27/2019 12 p.m. EDT",11471,11550,9026,-2445
ISNE,"4/27/2019 1 p.m. EDT",11294,11440,8951,-2343
ISNE,"4/27/2019 2 p.m. EDT",11154,11320,9155,-1999
ISNE,"4/27/2019 3 p.m. EDT",11097,11230,9067,-2030
ISNE,"4/27/2019 4 p.m. EDT",10989,11280,8789,-2200
ISNE,"4/27/2019 5 p.m. EDT",11127,11640,8847,-2280
ISNE,"4/27/2019 6 p.m. EDT",11739,12280,9558,-2181
ISNE,"4/27/2019 7 p.m. EDT",12215,12480,9869,-2346
ISNE,"4/27/2019 8 p.m. EDT",12521,12710,10172,-2349
ISNE,"4/27/2019 9 p.m. EDT",12695,12720,10425,-2270
ISNE,"4/27/2019 10 p.m. EDT",12197,12190,10003,-2194
ISNE,"4/27/2019 11 p.m. EDT",11434,11430,8990,-2444
ISNE,"4/28/2019 12 a.m. EDT",10599,10560,8232,-2367
ISNE,"4/28/2019 1 a.m. EDT",10001,9930,7842,-2159
ISNE,"4/28/2019 2 a.m. EDT",9908,9490,7622,-2286
ISNE,"4/28/2019 3 a.m. EDT",9823,9270,7816,-2007
ISNE,"4/28/2019 4 a.m. EDT",9590,9210,7584,-2006
ISNE,"4/28/2019 5 a.m. EDT",9781,9250,7586,-2195
ISNE,"4/28/2019 6 a.m. EDT",9752,9480,7823,-1929
ISNE,"4/28/2019 7 a.m. EDT",10258,9840,7877,-2381
ISNE,"4/28/2019 8 a.m. EDT",10100,10200,7760,-2340
ISNE,"4/28/2019 9 a.m. EDT",10506,10700,8384,-2122
ISNE,"4/28/2019 10 a.m. EDT",10817,11080,8643,-2174
ISNE,"4/28/2019 11 a.m. EDT",11205,11390,9135,-2070
ISNE,"4/28/2019 12 p.m. EDT",11431,11630,9431,-2000
ISNE,"4/28/2019 1 p.m. EDT",11636,11820,9612,-2024
ISNE,"4/28/2019 2 p.m. EDT",11609,11830,9524,-2085
ISNE,"4/28/2019 3 p.m. EDT",11634,11760,9473,-2161
ISNE,"4/28/2019 4 p.m. EDT",11729,11800,9389,-2340
ISNE,"4/28/2019 5 p.m. EDT",12095,12100,9871,-2224
ISNE,"4/28/2019 6 p.m. EDT",12685,12590,10342,-2343
ISNE,"4/28/2019 7 p.m. EDT",12959,12860,10645,-2314
ISNE,"4/28/2019 8 p.m. EDT",13034,13230,10743,-2291
ISNE,"4/28/2019 9 p.m. EDT",13094,13150,10852,-2242
ISNE,"4/28/2019 10 p.m. EDT",12288,12340,10015,-2273
ISNE,"4/28/2019 11 p.m. EDT",11331,11370,8936,-2395
ISNE,"4/29/2019 12 a.m. EDT",10699,10480,8654,-2045
ISNE,"4/29/2019 1 a.m. EDT",10097,9840,8160,-1937
ISNE,"4/29/2019 2 a.m. EDT",9921,9530,7801,-2120
ISNE,"4/29/2019 3 a.m. EDT",10219,9470,7920,-2299
ISNE,"4/29/2019 4 a.m. EDT",10304,9540,8272,-2032
ISNE,"4/29/2019 5 a.m. EDT",10873,9960,8551,-2322
ISNE,"4/29/2019 6 a.m. EDT",11086,11020,9116,-1970
ISNE,"4/29/2019 7 a.m. EDT",12418,12440,10565,-1853
ISNE,"4/29/2019 8 a.m. EDT",12882,12880,11151,-1731
ISNE,"4/29/2019 9 a.m. EDT",12292,12270,10365,-1927
ISNE,"4/29/2019 10 a.m. EDT",11764,11780,10056,-1708
ISNE,"4/29/2019 11 a.m. EDT",11594,11410,9927,-1667
ISNE,"4/29/2019 12 p.m. EDT",11465,11210,9797,-1668
ISNE,"4/29/2019 1 p.m. EDT",11479,10990,9745,-1734
ISNE,"4/29/2019 2 p.m. EDT",11473,10950,9930,-1543
ISNE,"4/29/2019 3 p.m. EDT",11549,10960,10099,-1450
ISNE,"4/29/2019 4 p.m. EDT",11726,11320,10124,-1602
ISNE,"4/29/2019 5 p.m. EDT",12103,11890,10415,-1688
ISNE,"4/29/2019 6 p.m. EDT",12640,12610,10753,-1887
ISNE,"4/29/2019 7 p.m. EDT",13094,13180,11152,-1942
ISNE,"4/29/2019 8 p.m. EDT",13519,13400,11497,-2022
ISNE,"4/29/2019 9 p.m. EDT",13579,13500,11407,-2172
ISNE,"4/29/2019 10 p.m. EDT",12695,12620,10450,-2245
ISNE,"4/29/2019 11 p.m. EDT",11464,11460,9039,-2425
ISNE,"4/30/2019 12 a.m. EDT",10629,10420,8391,-2238
ISNE,"4/30/2019 1 a.m. EDT",10206,9710,8107,-2099
ISNE,"4/30/2019 2 a.m. EDT",9612,9340,7615,-1997
ISNE,"4/30/2019 3 a.m. EDT",9713,9220,7564,-2149
ISNE,"4/30/2019 4 a.m. EDT",9743,9230,7716,-2027
ISNE,"4/30/2019 5 a.m. EDT",10057,9560,7825,-2232
ISNE,"4/30/2019 6 a.m. EDT",10636,10510,8317,-2319
ISNE,"4/30/2019 7 a.m. EDT",12087,12120,10018,-2069
ISNE,"4/30/2019 8 a.m. EDT",13127,13160,11154,-1973
ISNE,"4/30/2019 9 a.m. EDT",13444,13450,11774,-1670
ISNE,"4/30/2019 10 a.m. EDT",13550,13520,12056,-1494
ISNE,"4/30/2019 11 a.m. EDT",13518,13410,12374,-1144
ISNE,"4/30/2019 12 p.m. EDT",13333,13290,12123,-1210
ISNE,"4/30/2019 1 p.m. EDT",13151,13060,11803,-1348
ISNE,"4/30/2019 2 p.m. EDT",13003,12890,11688,-1315
ISNE,"4/30/2019 3 p.m. EDT",12723,12650,11044,-1679
ISNE,"4/30/2019 4 p.m. EDT",12551,12610,10814,-1737
ISNE,"4/30/2019 5 p.m. EDT",12721,12860,10854,-1867
ISNE,"4/30/2019 6 p.m. EDT",13084,13340,11199,-1885
ISNE,"4/30/2019 7 p.m. EDT",13295,13640,11204,-2091
ISNE,"4/30/2019 8 p.m. EDT",13597,13800,11398,-2199
ISNE,"4/30/2019 9 p.m. EDT",13769,13640,11724,-2045
ISNE,"4/30/2019 10 p.m. EDT",12974,12810,10725,-2249
ISNE,"4/30/2019 11 p.m. EDT",11775,11770,9534,-2241
ISNE,"5/1/2019 12 a.m. EDT",10685,10740,8277,-2408
