"BA Code","Timestamp (Hour Ending)","Demand (MWh)","Demand Forecast (MWh)","Net Generation (MWh)","Total Interchange (MWh)"
ISNE,"4/1/2020 12 a.m. EDT",11307,11120,8085,-3222
ISNE,"4/1/2020 1 a.m. EDT",10793,10570,7457,-3336
ISNE,"4/1/2020 2 a.m. EDT",10445,10240,7206,-3239
ISNE,"4/1/2020 3 a.m. EDT",10494,10110,7353,-3141
ISNE,"4/1/2020 4 a.m. EDT",10549,10130,7455,-3094
ISNE,"4/1/2020 5 a.m. EDT",10745,10440,7641,-3104
ISNE,"4/1/2020 6 a.m. EDT",11124,11180,7981,-3143
ISNE,"4/1/2020 7 a.m. EDT",11988,12230,8855,-3133
ISNE,"4/1/2020 8 a.m. EDT",12584,12850,9318,-3266
ISNE,"4/1/2020 9 a.m. EDT",12494,12900,9231,-3263
ISNE,"4/1/2020 10 a.m. EDT",11948,12200,8787,-3161
ISNE,"4/1/2020 11 a.m. EDT",11578,11840,8475,-3103
ISNE,"4/1/2020 12 p.m. EDT",11640,11580,8798,-2842
ISNE,"4/1/2020 1 p.m. EDT",11829,11510,8962,-2867
ISNE,"4/1/2020 2 p.m. EDT",11808,11570,8808,-3000
ISNE,"4/1/2020 3 p.m. EDT",11686,11660,8720,-2966
ISNE,"4/1/2020 4 p.m. EDT",11681,11880,8689,-2992
ISNE,"4/1/2020 5 p.m. EDT",12059,12340,8422,-3637
ISNE,"4/1/2020 6 p.m. EDT",12832,12990,9231,-3601
ISNE,"4/1/2020 7 p.m. EDT",13280,13470,9638,-3642
ISNE,"4/1/2020 8 p.m. EDT",13644,13900,10094,-3550
ISNE,"4/1/2020 9 p.m. EDT",13325,13600,9727,-3598
ISNE,"4/1/2020 10 p.m. EDT",12547,12820,8806,-3741
ISNE,"4/1/2020 11 p.m. EDT",11652,11800,7892,-3760
ISNE,"4/2/2020 12 a.m. EDT",11028,10910,7485,-3543
ISNE,"4/2/2020 1 a.m. EDT",10606,10210,7040,-3566
ISNE,"4/2/2020 2 a.m. EDT",10163,9880,6613,-3550
ISNE,"4/2/2020 3 a.m. EDT",10021,9740,6586,-3435
ISNE,"4/2/2020 4 a.m. EDT",10010,9730,6461,-3549
ISNE,"4/2/2020 5 a.m. EDT",10448,9990,6588,-3860
ISNE,"4/2/2020 6 a.m. EDT",10959,10620,7099,-3860
ISNE,"4/2/2020 7 a.m. EDT",11547,11620,7808,-3739
ISNE,"4/2/2020 8 a.m. EDT",12325,12390,8507,-3818
ISNE,"4/2/2020 9 a.m. EDT",12738,12780,8836,-3902
ISNE,"4/2/2020 10 a.m. EDT",12604,12640,8682,-3922
ISNE,"4/2/2020 11 a.m. EDT",12269,12690,8471,-3798
ISNE,"4/2/2020 12 p.m. EDT",11963,12720,8145,-3818
ISNE,"4/2/2020 1 p.m. EDT",12094,12690,8363,-3731
ISNE,"4/2/2020 2 p.m. EDT",12315,12740,8762,-3553
ISNE,"4/2/2020 3 p.m. EDT",12314,12810,8785,-3529
ISNE,"4/2/2020 4 p.m. EDT",12477,12960,8560,-3917
ISNE,"4/2/2020 5 p.m. EDT",12941,13210,9105,-3836
ISNE,"4/2/2020 6 p.m. EDT",13606,13500,9810,-3796
ISNE,"4/2/2020 7 p.m. EDT",13853,13680,10111,-3742
ISNE,"4/2/2020 8 p.m. EDT",13872,14050,10212,-3660
ISNE,"4/2/2020 9 p.m. EDT",13425,13730,9832,-3593
ISNE,"4/2/2020 10 p.m. EDT",12667,12920,9048,-3619
ISNE,"4/2/2020 11 p.m. EDT",11792,11890,8227,-3565
ISNE,"4/3/2020 12 a.m. EDT",11131,10940,7684,-3447
ISNE,"4/3/2020 1 a.m. EDT",11132,10310,7743,-3389
ISNE,"4/3/2020 2 a.m. EDT",10762,9930,7381,-3381
ISNE,"4/3/2020 3 a.m. EDT",10659,9740,7366,-3293
ISNE,"4/3/2020 4 a.m. EDT",10749,9680,7475,-3274
ISNE,"4/3/2020 5 a.m. EDT",10930,9860,7539,-3391
ISNE,"4/3/2020 6 a.m. EDT",11465,10470,8154,-3311
ISNE,"4/3/2020 7 a.m. EDT",12161,11400,8910,-3251
ISNE,"4/3/2020 8 a.m. EDT",12485,12260,9243,-3242
ISNE,"4/3/2020 9 a.m. EDT",12919,12930,9465,-3454
ISNE,"4/3/2020 10 a.m. EDT",13292,13300,10067,-3225
ISNE,"4/3/2020 11 a.m. EDT",13507,13540,10250,-3257
ISNE,"4/3/2020 12 p.m. EDT",13543,13540,10467,-3076
ISNE,"4/3/2020 1 p.m. EDT",13608,13420,10539,-3069
ISNE,"4/3/2020 2 p.m. EDT",13437,13310,10342,-3095
ISNE,"4/3/2020 3 p.m. EDT",13168,13230,10006,-3162
ISNE,"4/3/2020 4 p.m. EDT",12998,13220,9920,-3078
ISNE,"4/3/2020 5 p.m. EDT",13184,13170,10087,-3097
ISNE,"4/3/2020 6 p.m. EDT",13561,13270,9993,-3568
ISNE,"4/3/2020 7 p.m. EDT",13638,13380,10161,-3477
ISNE,"4/3/2020 8 p.m. EDT",13610,13600,10336,-3274
ISNE,"4/3/2020 9 p.m. EDT",13176,13190,10014,-3162
ISNE,"4/3/2020 10 p.m. EDT",12407,12470,9198,-3209
ISNE,"4/3/2020 11 p.m. EDT",11799,11650,8524,-3275
ISNE,"4/4/2020 12 a.m. EDT",10812,10770,7761,-3051
ISNE,"4/4/2020 1 a.m. EDT",10386,10140,7040,-3346
ISNE,"4/4/2020 2 a.m. EDT",9998,9730,6677,-3321
ISNE,"4/4/2020 3 a.m. EDT",9794,9520,6542,-3252
ISNE,"4/4/2020 4 a.m. EDT",9672,9420,6353,-3319
ISNE,"4/4/2020 5 a.m. EDT",9960,9500,6457,-3503
ISNE,"4/4/2020 6 a.m. EDT",9808,9770,6369,-3439
ISNE,"4/4/2020 7 a.m. EDT",10221,10220,6681,-3540
ISNE,"4/4/2020 8 a.m. EDT",10637,10650,7010,-3627
ISNE,"4/4/2020 9 a.m. EDT",11084,11100,7401,-3683
ISNE,"4/4/2020 10 a.m. EDT",11401,11400,7775,-3626
ISNE,"4/4/2020 11 a.m. EDT",11357,11360,7766,-3591
ISNE,"4/4/2020 12 p.m. EDT",11104,11100,7527,-3577
ISNE,"4/4/2020 1 p.m. EDT",10719,10590,7095,-3624
ISNE,"4/4/2020 2 p.m. EDT",10291,10040,6819,-3472
ISNE,"4/4/2020 3 p.m. EDT",10159,9960,6691,-3468
ISNE,"4/4/2020 4 p.m. EDT",10483,10170,6783,-3700
ISNE,"4/4/2020 5 p.m. EDT",10699,10920,7093,-3606
ISNE,"4/4/2020 6 p.m. EDT",11533,11820,8147,-3386
ISNE,"4/4/2020 7 p.m. EDT",12305,12400,8765,-3540
ISNE,"4/4/2020 8 p.m. EDT",12753,12750,9288,-3465
ISNE,"4/4/2020 9 p.m. EDT",12492,12220,9005,-3487
ISNE,"4/4/2020 10 p.m. EDT",11800,11580,8344,-3456
ISNE,"4/4/2020 11 p.m. EDT",11066,10890,7666,-3400
ISNE,"4/5/2020 12 a.m. EDT",10338,10200,6802,-3536
ISNE,"4/5/2020 1 a.m. EDT",9770,9750,6385,-3385
ISNE,"4/5/2020 2 a.m. EDT",9381,9340,6090,-3291
ISNE,"4/5/2020 3 a.m. EDT",9436,9130,6106,-3330
ISNE,"4/5/2020 4 a.m. EDT",9324,9030,6027,-3297
ISNE,"4/5/2020 5 a.m. EDT",9362,9080,5983,-3379
ISNE,"4/5/2020 6 a.m. EDT",9570,9300,6113,-3457
ISNE,"4/5/2020 7 a.m. EDT",9844,9640,6527,-3317
ISNE,"4/5/2020 8 a.m. EDT",10027,9940,6662,-3365
ISNE,"4/5/2020 9 a.m. EDT",10317,10330,6873,-3444
ISNE,"4/5/2020 10 a.m. EDT",10557,10570,7057,-3500
ISNE,"4/5/2020 11 a.m. EDT",10502,10110,6949,-3553
ISNE,"4/5/2020 12 p.m. EDT",10459,9850,6805,-3654
ISNE,"4/5/2020 1 p.m. EDT",10518,9760,6917,-3601
ISNE,"4/5/2020 2 p.m. EDT",10389,9870,6844,-3545
ISNE,"4/5/2020 3 p.m. EDT",10337,10070,6779,-3558
ISNE,"4/5/2020 4 p.m. EDT",10500,10400,6876,-3624
ISNE,"4/5/2020 5 p.m. EDT",11195,11120,7641,-3554
ISNE,"4/5/2020 6 p.m. EDT",12169,12110,8594,-3575
ISNE,"4/5/2020 7 p.m. EDT",12614,12680,9092,-3522
ISNE,"4/5/2020 8 p.m. EDT",12732,13000,9149,-3583
ISNE,"4/5/2020 9 p.m. EDT",12342,12440,8787,-3555
ISNE,"4/5/2020 10 p.m. EDT",11590,11500,8063,-3527
ISNE,"4/5/2020 11 p.m. EDT",10913,10640,7454,-3459
ISNE,"4/6/2020 12 a.m. EDT",10291,9840,6848,-3443
ISNE,"4/6/2020 1 a.m. EDT",9626,9590,6709,-2917
ISNE,"4/6/2020 2 a.m. EDT",9674,9270,6487,-3187
ISNE,"4/6/2020 3 a.m. EDT",9827,9090,6418,-3409
ISNE,"4/6/2020 4 a.m. EDT",9861,9090,6323,-3538
ISNE,"4/6/2020 5 a.m. EDT",9849,9430,6673,-3176
ISNE,"4/6/2020 6 a.m. EDT",10299,10130,6779,-3520
ISNE,"4/6/2020 7 a.m. EDT",10942,11140,7586,-3356
ISNE,"4/6/2020 8 a.m. EDT",11485,11660,8512,-2973
ISNE,"4/6/2020 9 a.m. EDT",11192,11460,8132,-3060
ISNE,"4/6/2020 10 a.m. EDT",10566,10820,7486,-3080
ISNE,"4/6/2020 11 a.m. EDT",10183,10290,7125,-3058
ISNE,"4/6/2020 12 p.m. EDT",10155,10000,7304,-2851
ISNE,"4/6/2020 1 p.m. EDT",10060,9860,7287,-2773
ISNE,"4/6/2020 2 p.m. EDT",9890,9780,7219,-2671
ISNE,"4/6/2020 3 p.m. EDT",9757,9790,7244,-2513
ISNE,"4/6/2020 4 p.m. EDT",9881,10090,7072,-2809
ISNE,"4/6/2020 5 p.m. EDT",10558,9930,7536,-3022
ISNE,"4/6/2020 6 p.m. EDT",11559,10790,8253,-3306
ISNE,"4/6/2020 7 p.m. EDT",12391,12090,9059,-3332
ISNE,"4/6/2020 8 p.m. EDT",12832,13000,9676,-3156
ISNE,"4/6/2020 9 p.m. EDT",12624,12830,9394,-3230
ISNE,"4/6/2020 10 p.m. EDT",11828,11780,8640,-3188
ISNE,"4/6/2020 11 p.m. EDT",10958,10900,7659,-3299
ISNE,"4/7/2020 12 a.m. EDT",10128,10110,7004,-3124
ISNE,"4/7/2020 1 a.m. EDT",9661,9560,6423,-3238
ISNE,"4/7/2020 2 a.m. EDT",9758,9220,6483,-3275
ISNE,"4/7/2020 3 a.m. EDT",9597,9060,6468,-3129
ISNE,"4/7/2020 4 a.m. EDT",9588,9050,6376,-3212
ISNE,"4/7/2020 5 a.m. EDT",9549,9280,6562,-2987
ISNE,"4/7/2020 6 a.m. EDT",10162,9990,7021,-3141
ISNE,"4/7/2020 7 a.m. EDT",10843,10890,8090,-2753
ISNE,"4/7/2020 8 a.m. EDT",11394,11380,8593,-2801
ISNE,"4/7/2020 9 a.m. EDT",11153,11280,8269,-2884
ISNE,"4/7/2020 10 a.m. EDT",10598,10560,8114,-2484
ISNE,"4/7/2020 11 a.m. EDT",10328,10090,7841,-2487
ISNE,"4/7/2020 12 p.m. EDT",10301,9930,8088,-2213
ISNE,"4/7/2020 1 p.m. EDT",10395,9840,8092,-2303
ISNE,"4/7/2020 2 p.m. EDT",10236,9780,7863,-2373
ISNE,"4/7/2020 3 p.m. EDT",10063,9800,7477,-2586
ISNE,"4/7/2020 4 p.m. EDT",10036,9960,7535,-2501
ISNE,"4/7/2020 5 p.m. EDT",10808,10720,8041,-2767
ISNE,"4/7/2020 6 p.m. EDT",11627,11740,8586,-3041
ISNE,"4/7/2020 7 p.m. EDT",12358,12520,9245,-3113
ISNE,"4/7/2020 8 p.m. EDT",12753,12950,9796,-2957
ISNE,"4/7/2020 9 p.m. EDT",12527,12620,9537,-2990
ISNE,"4/7/2020 10 p.m. EDT",11727,11880,8725,-3002
ISNE,"4/7/2020 11 p.m. EDT",10883,10900,7687,-3196
ISNE,"4/8/2020 12 a.m. EDT",10059,10070,6958,-3101
ISNE,"4/8/2020 1 a.m. EDT",9716,9480,6424,-3292
ISNE,"4/8/2020 2 a.m. EDT",9441,9140,6304,-3137
ISNE,"4/8/2020 3 a.m. EDT",9487,8950,6370,-3117
ISNE,"4/8/2020 4 a.m. EDT",9446,8920,6355,-3091
ISNE,"4/8/2020 5 a.m. EDT",9561,9240,6532,-3029
ISNE,"4/8/2020 6 a.m. EDT",9693,9880,7056,-2637
ISNE,"4/8/2020 7 a.m. EDT",10641,10980,8116,-2525
ISNE,"4/8/2020 8 a.m. EDT",11546,11890,8855,-2691
ISNE,"4/8/2020 9 a.m. EDT",12230,12210,9404,-2826
ISNE,"4/8/2020 10 a.m. EDT",12468,12450,9572,-2896
ISNE,"4/8/2020 11 a.m. EDT",12404,12410,9668,-2736
ISNE,"4/8/2020 12 p.m. EDT",12134,12310,9392,-2742
ISNE,"4/8/2020 1 p.m. EDT",11853,12200,9006,-2847
ISNE,"4/8/2020 2 p.m. EDT",11493,12030,8709,-2784
ISNE,"4/8/2020 3 p.m. EDT",11144,11850,8589,-2555
ISNE,"4/8/2020 4 p.m. EDT",11138,11830,8461,-2677
ISNE,"4/8/2020 5 p.m. EDT",11566,12150,8532,-3034
ISNE,"4/8/2020 6 p.m. EDT",12296,12920,9227,-3069
ISNE,"4/8/2020 7 p.m. EDT",12667,13270,9629,-3038
ISNE,"4/8/2020 8 p.m. EDT",12924,13430,10038,-2886
ISNE,"4/8/2020 9 p.m. EDT",12694,13050,9751,-2943
ISNE,"4/8/2020 10 p.m. EDT",11952,12210,8911,-3041
ISNE,"4/8/2020 11 p.m. EDT",11116,11220,7960,-3156
ISNE,"4/9/2020 12 a.m. EDT",10332,10320,7190,-3142
ISNE,"4/9/2020 1 a.m. EDT",9980,9730,6739,-3241
ISNE,"4/9/2020 2 a.m. EDT",9868,9380,6504,-3364
ISNE,"4/9/2020 3 a.m. EDT",9767,9230,6396,-3371
ISNE,"4/9/2020 4 a.m. EDT",9734,9210,6550,-3184
ISNE,"4/9/2020 5 a.m. EDT",9947,9500,6700,-3247
ISNE,"4/9/2020 6 a.m. EDT",10205,10210,7137,-3068
ISNE,"4/9/2020 7 a.m. EDT",10878,11220,8194,-2684
ISNE,"4/9/2020 8 a.m. EDT",11616,11910,8682,-2934
ISNE,"4/9/2020 9 a.m. EDT",12338,12300,9303,-3035
ISNE,"4/9/2020 10 a.m. EDT",12753,12580,9751,-3002
ISNE,"4/9/2020 11 a.m. EDT",13159,12760,10225,-2934
ISNE,"4/9/2020 12 p.m. EDT",13452,13260,10526,-2926
ISNE,"4/9/2020 1 p.m. EDT",13721,13220,10673,-3048
ISNE,"4/9/2020 2 p.m. EDT",13842,13920,10654,-3188
ISNE,"4/9/2020 3 p.m. EDT",13771,13790,10645,-3126
ISNE,"4/9/2020 4 p.m. EDT",13565,13770,10553,-3012
ISNE,"4/9/2020 5 p.m. EDT",13481,13830,10521,-2960
ISNE,"4/9/2020 6 p.m. EDT",13581,13890,10462,-3119
ISNE,"4/9/2020 7 p.m. EDT",13442,14070,10181,-3261
ISNE,"4/9/2020 8 p.m. EDT",13453,14160,10138,-3315
ISNE,"4/9/2020 9 p.m. EDT",13146,13850,9782,-3364
ISNE,"4/9/2020 10 p.m. EDT",12339,13020,9051,-3288
ISNE,"4/9/2020 11 p.m. EDT",11452,11960,8113,-3339
ISNE,"4/10/2020 12 a.m. EDT",10833,11000,7476,-3357
ISNE,"4/10/2020 1 a.m. EDT",10262,9990,6707,-3555
ISNE,"4/10/2020 2 a.m. EDT",10184,9630,6582,-3602
ISNE,"4/10/2020 3 a.m. EDT",10000,9450,6585,-3415
ISNE,"4/10/2020 4 a.m. EDT",10214,9450,6662,-3552
ISNE,"4/10/2020 5 a.m. EDT",10270,9770,6834,-3436
ISNE,"4/10/2020 6 a.m. EDT",10603,10170,7236,-3367
ISNE,"4/10/2020 7 a.m. EDT",10879,10580,7357,-3522
ISNE,"4/10/2020 8 a.m. EDT",11252,11020,7806,-3446
ISNE,"4/10/2020 9 a.m. EDT",11404,11490,8018,-3386
ISNE,"4/10/2020 10 a.m. EDT",11145,11000,7941,-3204
ISNE,"4/10/2020 11 a.m. EDT",11002,10700,7958,-3044
ISNE,"4/10/2020 12 p.m. EDT",11234,10590,8321,-2913
ISNE,"4/10/2020 1 p.m. EDT",11305,10670,8674,-2631
ISNE,"4/10/2020 2 p.m. EDT",11142,10780,8610,-2532
ISNE,"4/10/2020 3 p.m. EDT",11145,10970,8393,-2752
ISNE,"4/10/2020 4 p.m. EDT",11361,11200,8490,-2871
ISNE,"4/10/2020 5 p.m. EDT",11798,11460,8771,-3027
ISNE,"4/10/2020 6 p.m. EDT",12594,12260,9281,-3313
ISNE,"4/10/2020 7 p.m. EDT",13010,12820,9730,-3280
ISNE,"4/10/2020 8 p.m. EDT",13186,13080,9908,-3278
ISNE,"4/10/2020 9 p.m. EDT",12916,12880,9676,-3240
ISNE,"4/10/2020 10 p.m. EDT",12228,12190,9108,-3120
ISNE,"4/10/2020 11 p.m. EDT",11437,11370,8341,-3096
ISNE,"4/11/2020 12 a.m. EDT",10672,10560,7630,-3042
ISNE,"4/11/2020 1 a.m. EDT",10085,9990,7479,-2606
ISNE,"4/11/2020 2 a.m. EDT",9708,9640,7265,-2443
ISNE,"4/11/2020 3 a.m. EDT",9731,9470,7027,-2704
ISNE,"4/11/2020 4 a.m. EDT",9660,9450,7054,-2606
ISNE,"4/11/2020 5 a.m. EDT",9771,9580,7309,-2462
ISNE,"4/11/2020 6 a.m. EDT",9997,9860,7553,-2444
ISNE,"4/11/2020 7 a.m. EDT",10185,10220,7868,-2317
ISNE,"4/11/2020 8 a.m. EDT",10277,10500,7623,-2654
ISNE,"4/11/2020 9 a.m. EDT",10306,10590,7352,-2954
ISNE,"4/11/2020 10 a.m. EDT",10062,9960,7402,-2660
ISNE,"4/11/2020 11 a.m. EDT",10195,9470,7308,-2887
ISNE,"4/11/2020 12 p.m. EDT",10327,9150,7481,-2846
ISNE,"4/11/2020 1 p.m. EDT",10312,8960,7369,-2943
ISNE,"4/11/2020 2 p.m. EDT",10094,8900,7090,-3004
ISNE,"4/11/2020 3 p.m. EDT",9936,9000,7070,-2866
ISNE,"4/11/2020 4 p.m. EDT",9767,9360,7116,-2651
ISNE,"4/11/2020 5 p.m. EDT",10389,10050,7451,-2938
ISNE,"4/11/2020 6 p.m. EDT",11253,10930,8233,-3020
ISNE,"4/11/2020 7 p.m. EDT",12014,11600,8933,-3081
ISNE,"4/11/2020 8 p.m. EDT",12521,12180,9318,-3203
ISNE,"4/11/2020 9 p.m. EDT",12489,12220,9416,-3073
ISNE,"4/11/2020 10 p.m. EDT",11868,11910,8739,-3129
ISNE,"4/11/2020 11 p.m. EDT",11154,11230,8338,-2816
ISNE,"4/12/2020 12 a.m. EDT",10548,10500,8006,-2542
ISNE,"4/12/2020 1 a.m. EDT",10146,9930,7737,-2409
ISNE,"4/12/2020 2 a.m. EDT",10061,9570,7542,-2519
ISNE,"4/12/2020 3 a.m. EDT",9892,9400,7582,-2310
ISNE,"4/12/2020 4 a.m. EDT",9847,9320,7615,-2232
ISNE,"4/12/2020 5 a.m. EDT",9880,9460,7622,-2258
ISNE,"4/12/2020 6 a.m. EDT",9967,9740,7444,-2523
ISNE,"4/12/2020 7 a.m. EDT",10213,10040,7489,-2724
ISNE,"4/12/2020 8 a.m. EDT",9990,10230,7037,-2953
ISNE,"4/12/2020 9 a.m. EDT",9783,10230,6963,-2820
ISNE,"4/12/2020 10 a.m. EDT",9614,9530,6933,-2681
ISNE,"4/12/2020 11 a.m. EDT",9411,9450,6810,-2601
ISNE,"4/12/2020 12 p.m. EDT",9492,9680,6955,-2537
ISNE,"4/12/2020 1 p.m. EDT",9822,9670,7463,-2359
ISNE,"4/12/2020 2 p.m. EDT",9853,9650,7502,-2351
ISNE,"4/12/2020 3 p.m. EDT",9806,9400,7326,-2480
ISNE,"4/12/2020 4 p.m. EDT",10109,9450,7556,-2553
ISNE,"4/12/2020 5 p.m. EDT",10776,9870,7989,-2787
ISNE,"4/12/2020 6 p.m. EDT",11352,10430,8520,-2832
ISNE,"4/12/2020 7 p.m. EDT",11599,11150,8420,-3179
ISNE,"4/12/2020 8 p.m. EDT",11868,11970,8736,-3132
ISNE,"4/12/2020 9 p.m. EDT",11783,11930,8751,-3032
ISNE,"4/12/2020 10 p.m. EDT",11137,11280,8284,-2853
ISNE,"4/12/2020 11 p.m. EDT",10634,10310,7548,-3086
ISNE,"4/13/2020 12 a.m. EDT",9895,9480,7292,-2603
ISNE,"4/13/2020 1 a.m. EDT",9349,9090,6968,-2381
ISNE,"4/13/2020 2 a.m. EDT",9247,8740,6740,-2507
ISNE,"4/13/2020 3 a.m. EDT",9345,8560,6737,-2608
ISNE,"4/13/2020 4 a.m. EDT",9306,8530,6895,-2411
ISNE,"4/13/2020 5 a.m. EDT",9274,8740,6986,-2288
ISNE,"4/13/2020 6 a.m. EDT",9611,9370,7184,-2427
ISNE,"4/13/2020 7 a.m. EDT",10464,10310,7895,-2569
ISNE,"4/13/2020 8 a.m. EDT",11244,11270,8506,-2738
ISNE,"4/13/2020 9 a.m. EDT",12153,12170,9245,-2908
ISNE,"4/13/2020 10 a.m. EDT",12758,12670,9835,-2923
ISNE,"4/13/2020 11 a.m. EDT",13202,12980,10375,-2827
ISNE,"4/13/2020 12 p.m. EDT",13391,13270,10618,-2773
ISNE,"4/13/2020 1 p.m. EDT",13458,13280,10636,-2822
ISNE,"4/13/2020 2 p.m. EDT",13383,13110,10603,-2780
ISNE,"4/13/2020 3 p.m. EDT",13122,13050,10425,-2697
ISNE,"4/13/2020 4 p.m. EDT",12928,13030,9983,-2945
ISNE,"4/13/2020 5 p.m. EDT",13058,13090,10106,-2952
ISNE,"4/13/2020 6 p.m. EDT",13290,13670,10574,-2716
ISNE,"4/13/2020 7 p.m. EDT",13046,13730,10001,-3045
ISNE,"4/13/2020 8 p.m. EDT",12774,13700,9712,-3062
ISNE,"4/13/2020 9 p.m. EDT",12290,13060,9338,-2952
ISNE,"4/13/2020 10 p.m. EDT",11540,12080,8492,-3048
ISNE,"4/13/2020 11 p.m. EDT",10721,11060,7362,-3359
ISNE,"4/14/2020 12 a.m. EDT",9924,10180,6590,-3334
ISNE,"4/14/2020 1 a.m. EDT",9350,9340,6100,-3250
ISNE,"4/14/2020 2 a.m. EDT",9010,9000,5865,-3145
ISNE,"4/14/2020 3 a.m. EDT",8834,8830,5648,-3186
ISNE,"4/14/2020 4 a.m. EDT",8822,8820,5561,-3261
ISNE,"4/14/2020 5 a.m. EDT",9049,9060,5909,-3140
ISNE,"4/14/2020 6 a.m. EDT",9696,9710,6638,-3058
ISNE,"4/14/2020 7 a.m. EDT",10527,10550,7245,-3282
ISNE,"4/14/2020 8 a.m. EDT",11031,11050,7716,-3315
ISNE,"4/14/2020 9 a.m. EDT",11001,11010,7643,-3358
ISNE,"4/14/2020 10 a.m. EDT",10692,10710,7341,-3351
ISNE,"4/14/2020 11 a.m. EDT",10254,10430,7352,-2902
ISNE,"4/14/2020 12 p.m. EDT",10161,10210,7371,-2790
ISNE,"4/14/2020 1 p.m. EDT",10219,10080,7392,-2827
ISNE,"4/14/2020 2 p.m. EDT",10113,10030,7229,-2884
ISNE,"4/14/2020 3 p.m. EDT",10082,10100,7161,-2921
ISNE,"4/14/2020 4 p.m. EDT",10336,10670,7335,-3001
ISNE,"4/14/2020 5 p.m. EDT",10794,11480,7913,-2881
ISNE,"4/14/2020 6 p.m. EDT",11577,12480,8509,-3068
ISNE,"4/14/2020 7 p.m. EDT",12219,13040,9282,-2937
ISNE,"4/14/2020 8 p.m. EDT",12701,13060,9489,-3212
ISNE,"4/14/2020 9 p.m. EDT",12532,12670,9425,-3107
ISNE,"4/14/2020 10 p.m. EDT",11781,11870,8645,-3136
ISNE,"4/14/2020 11 p.m. EDT",10980,11000,7511,-3469
ISNE,"4/15/2020 12 a.m. EDT",10356,10140,7408,-2948
ISNE,"4/15/2020 1 a.m. EDT",9801,9530,7106,-2695
ISNE,"4/15/2020 2 a.m. EDT",9691,9190,6902,-2789
ISNE,"4/15/2020 3 a.m. EDT",9812,9020,6881,-2931
ISNE,"4/15/2020 4 a.m. EDT",9797,8990,6881,-2916
ISNE,"4/15/2020 5 a.m. EDT",9951,9220,7164,-2787
ISNE,"4/15/2020 6 a.m. EDT",10101,9860,7491,-2610
ISNE,"4/15/2020 7 a.m. EDT",10757,10780,8328,-2429
ISNE,"4/15/2020 8 a.m. EDT",11606,11610,9000,-2606
ISNE,"4/15/2020 9 a.m. EDT",12002,11990,9269,-2733
ISNE,"4/15/2020 10 a.m. EDT",11727,11690,8959,-2768
ISNE,"4/15/2020 11 a.m. EDT",11423,11190,8657,-2766
ISNE,"4/15/2020 12 p.m. EDT",11186,10710,8440,-2746
ISNE,"4/15/2020 1 p.m. EDT",10948,10450,8266,-2682
ISNE,"4/15/2020 2 p.m. EDT",10700,10270,7968,-2732
ISNE,"4/15/2020 3 p.m. EDT",10250,10230,7693,-2557
ISNE,"4/15/2020 4 p.m. EDT",10260,10610,7677,-2583
ISNE,"4/15/2020 5 p.m. EDT",10641,11220,7938,-2703
ISNE,"4/15/2020 6 p.m. EDT",11665,12010,8846,-2819
ISNE,"4/15/2020 7 p.m. EDT",12403,12620,9748,-2655
ISNE,"4/15/2020 8 p.m. EDT",12832,12990,10185,-2647
ISNE,"4/15/2020 9 p.m. EDT",12810,12940,10518,-2292
ISNE,"4/15/2020 10 p.m. EDT",12161,12320,9871,-2290
ISNE,"4/15/2020 11 p.m. EDT",11338,11440,9163,-2175
ISNE,"4/16/2020 12 a.m. EDT",10566,10600,8604,-1962
ISNE,"4/16/2020 1 a.m. EDT",10236,10020,7907,-2329
ISNE,"4/16/2020 2 a.m. EDT",10268,9680,7759,-2509
ISNE,"4/16/2020 3 a.m. EDT",10067,9510,7460,-2607
ISNE,"4/16/2020 4 a.m. EDT",10037,9510,7425,-2612
ISNE,"4/16/2020 5 a.m. EDT",10258,9760,7277,-2981
ISNE,"4/16/2020 6 a.m. EDT",10649,10430,7685,-2964
ISNE,"4/16/2020 7 a.m. EDT",11237,11370,8462,-2775
ISNE,"4/16/2020 8 a.m. EDT",11900,11950,8932,-2968
ISNE,"4/16/2020 9 a.m. EDT",11987,11850,8998,-2989
ISNE,"4/16/2020 10 a.m. EDT",11592,11540,8861,-2731
ISNE,"4/16/2020 11 a.m. EDT",11539,11490,8792,-2747
ISNE,"4/16/2020 12 p.m. EDT",11676,11330,8990,-2686
ISNE,"4/16/2020 1 p.m. EDT",12028,11340,9389,-2639
ISNE,"4/16/2020 2 p.m. EDT",11728,11020,8869,-2859
ISNE,"4/16/2020 3 p.m. EDT",11477,10980,8452,-3025
ISNE,"4/16/2020 4 p.m. EDT",11409,11130,8420,-2989
ISNE,"4/16/2020 5 p.m. EDT",11639,11450,8678,-2961
ISNE,"4/16/2020 6 p.m. EDT",12202,12240,9210,-2992
ISNE,"4/16/2020 7 p.m. EDT",12790,12910,9751,-3039
ISNE,"4/16/2020 8 p.m. EDT",13209,13370,10173,-3036
ISNE,"4/16/2020 9 p.m. EDT",13193,13180,10177,-3016
ISNE,"4/16/2020 10 p.m. EDT",12512,12460,9468,-3044
ISNE,"4/16/2020 11 p.m. EDT",11651,11530,8708,-2943
ISNE,"4/17/2020 12 a.m. EDT",11002,10680,7981,-3021
ISNE,"4/17/2020 1 a.m. EDT",10543,10330,8092,-2451
ISNE,"4/17/2020 2 a.m. EDT",10214,9910,7851,-2363
ISNE,"4/17/2020 3 a.m. EDT",10072,9800,7632,-2440
ISNE,"4/17/2020 4 a.m. EDT",10088,9830,7577,-2511
ISNE,"4/17/2020 5 a.m. EDT",10331,10190,7888,-2443
ISNE,"4/17/2020 6 a.m. EDT",10789,10980,8482,-2307
ISNE,"4/17/2020 7 a.m. EDT",11496,11990,9072,-2424
ISNE,"4/17/2020 8 a.m. EDT",11826,12450,9463,-2363
ISNE,"4/17/2020 9 a.m. EDT",11543,12000,9108,-2435
ISNE,"4/17/2020 10 a.m. EDT",11301,11340,8683,-2618
ISNE,"4/17/2020 11 a.m. EDT",11080,10970,8513,-2567
ISNE,"4/17/2020 12 p.m. EDT",10731,10700,8154,-2577
ISNE,"4/17/2020 1 p.m. EDT",10594,10540,8148,-2446
ISNE,"4/17/2020 2 p.m. EDT",10526,10510,8096,-2430
ISNE,"4/17/2020 3 p.m. EDT",10498,10770,8125,-2373
ISNE,"4/17/2020 4 p.m. EDT",10847,10800,8454,-2393
ISNE,"4/17/2020 5 p.m. EDT",11260,11420,8865,-2395
ISNE,"4/17/2020 6 p.m. EDT",12067,12240,9482,-2585
ISNE,"4/17/2020 7 p.m. EDT",12568,12630,9736,-2832
ISNE,"4/17/2020 8 p.m. EDT",12872,12870,9790,-3082
ISNE,"4/17/2020 9 p.m. EDT",12711,12810,9809,-2902
ISNE,"4/17/2020 10 p.m. EDT",12023,12140,9113,-2910
ISNE,"4/17/2020 11 p.m. EDT",11256,11330,8666,-2590
ISNE,"4/18/2020 12 a.m. EDT",10476,10520,8018,-2458
ISNE,"4/18/2020 1 a.m. EDT",9918,9910,7798,-2120
ISNE,"4/18/2020 2 a.m. EDT",9582,9570,6758,-2824
ISNE,"4/18/2020 3 a.m. EDT",9669,9420,6835,-2834
ISNE,"4/18/2020 4 a.m. EDT",9636,9390,6848,-2788
ISNE,"4/18/2020 5 a.m. EDT",9750,9510,7061,-2689
ISNE,"4/18/2020 6 a.m. EDT",10054,9810,7252,-2802
ISNE,"4/18/2020 7 a.m. EDT",10247,10250,7399,-2848
ISNE,"4/18/2020 8 a.m. EDT",10828,10850,8255,-2573
ISNE,"4/18/2020 9 a.m. EDT",11551,11560,9193,-2358
ISNE,"4/18/2020 10 a.m. EDT",12068,12060,9553,-2515
ISNE,"4/18/2020 11 a.m. EDT",12322,12330,9738,-2584
ISNE,"4/18/2020 12 p.m. EDT",12568,12570,9891,-2677
ISNE,"4/18/2020 1 p.m. EDT",12656,12650,9847,-2809
ISNE,"4/18/2020 2 p.m. EDT",12575,12540,9767,-2808
ISNE,"4/18/2020 3 p.m. EDT",12405,12450,9396,-3009
ISNE,"4/18/2020 4 p.m. EDT",12269,12330,9306,-2963
ISNE,"4/18/2020 5 p.m. EDT",12431,12440,9506,-2925
ISNE,"4/18/2020 6 p.m. EDT",12817,12630,9953,-2864
ISNE,"4/18/2020 7 p.m. EDT",12967,12720,9951,-3016
ISNE,"4/18/2020 8 p.m. EDT",13024,12760,9956,-3068
ISNE,"4/18/2020 9 p.m. EDT",12806,12700,9767,-3039
ISNE,"4/18/2020 10 p.m. EDT",12192,12120,9073,-3119
ISNE,"4/18/2020 11 p.m. EDT",11482,11430,8539,-2943
ISNE,"4/19/2020 12 a.m. EDT",10780,10720,8019,-2761
ISNE,"4/19/2020 1 a.m. EDT",10228,10210,7922,-2306
ISNE,"4/19/2020 2 a.m. EDT",9867,9860,7573,-2294
ISNE,"4/19/2020 3 a.m. EDT",9671,9660,7394,-2277
ISNE,"4/19/2020 4 a.m. EDT",9714,9610,7316,-2398
ISNE,"4/19/2020 5 a.m. EDT",10003,9700,7481,-2522
ISNE,"4/19/2020 6 a.m. EDT",9967,9940,7571,-2396
ISNE,"4/19/2020 7 a.m. EDT",10145,10140,7489,-2656
ISNE,"4/19/2020 8 a.m. EDT",10085,10070,7360,-2725
ISNE,"4/19/2020 9 a.m. EDT",9825,9800,7320,-2505
ISNE,"4/19/2020 10 a.m. EDT",9677,9400,6948,-2729
ISNE,"4/19/2020 11 a.m. EDT",9773,9060,7194,-2579
ISNE,"4/19/2020 12 p.m. EDT",9658,8840,6938,-2720
ISNE,"4/19/2020 1 p.m. EDT",9443,8630,6838,-2605
ISNE,"4/19/2020 2 p.m. EDT",9224,8370,6662,-2562
ISNE,"4/19/2020 3 p.m. EDT",9154,8510,6508,-2646
ISNE,"4/19/2020 4 p.m. EDT",9469,8970,6973,-2496
ISNE,"4/19/2020 5 p.m. EDT",10087,9880,7602,-2485
ISNE,"4/19/2020 6 p.m. EDT",10954,11120,8380,-2574
ISNE,"4/19/2020 7 p.m. EDT",11745,11940,8700,-3045
ISNE,"4/19/2020 8 p.m. EDT",12104,12470,8981,-3123
ISNE,"4/19/2020 9 p.m. EDT",11996,12270,9117,-2879
ISNE,"4/19/2020 10 p.m. EDT",11285,11430,8287,-2998
ISNE,"4/19/2020 11 p.m. EDT",10508,10590,7552,-2956
ISNE,"4/20/2020 12 a.m. EDT",9784,9810,6915,-2869
ISNE,"4/20/2020 1 a.m. EDT",9732,9180,7060,-2672
ISNE,"4/20/2020 2 a.m. EDT",9658,8880,6748,-2910
ISNE,"4/20/2020 3 a.m. EDT",9664,8710,6844,-2820
ISNE,"4/20/2020 4 a.m. EDT",9788,8740,6927,-2861
ISNE,"4/20/2020 5 a.m. EDT",10022,9050,7410,-2612
ISNE,"4/20/2020 6 a.m. EDT",10417,9670,8296,-2121
ISNE,"4/20/2020 7 a.m. EDT",10707,10460,8034,-2673
ISNE,"4/20/2020 8 a.m. EDT",10974,11090,8362,-2612
ISNE,"4/20/2020 9 a.m. EDT",11305,11360,8477,-2828
ISNE,"4/20/2020 10 a.m. EDT",11341,11300,8680,-2661
ISNE,"4/20/2020 11 a.m. EDT",11266,11030,8502,-2764
ISNE,"4/20/2020 12 p.m. EDT",11392,11050,8825,-2567
ISNE,"4/20/2020 1 p.m. EDT",11462,10950,9042,-2420
ISNE,"4/20/2020 2 p.m. EDT",11110,10860,8694,-2416
ISNE,"4/20/2020 3 p.m. EDT",10395,10970,7906,-2489
ISNE,"4/20/2020 4 p.m. EDT",10469,11160,7907,-2562
ISNE,"4/20/2020 5 p.m. EDT",10993,11750,8470,-2523
ISNE,"4/20/2020 6 p.m. EDT",11771,12490,8929,-2842
ISNE,"4/20/2020 7 p.m. EDT",12298,12990,9300,-2998
ISNE,"4/20/2020 8 p.m. EDT",12620,13370,9544,-3076
ISNE,"4/20/2020 9 p.m. EDT",12634,12990,9620,-3014
ISNE,"4/20/2020 10 p.m. EDT",11972,12080,8983,-2989
ISNE,"4/20/2020 11 p.m. EDT",11183,11150,8101,-3082
ISNE,"4/21/2020 12 a.m. EDT",10412,10380,7388,-3024
ISNE,"4/21/2020 1 a.m. EDT",9910,9890,6723,-3187
ISNE,"4/21/2020 2 a.m. EDT",9604,9570,6651,-2953
ISNE,"4/21/2020 3 a.m. EDT",9732,9430,6853,-2879
ISNE,"4/21/2020 4 a.m. EDT",9762,9440,6912,-2850
ISNE,"4/21/2020 5 a.m. EDT",10013,9730,7140,-2873
ISNE,"4/21/2020 6 a.m. EDT",10461,10380,7570,-2891
ISNE,"4/21/2020 7 a.m. EDT",11142,11180,8423,-2719
ISNE,"4/21/2020 8 a.m. EDT",11578,11630,8743,-2835
ISNE,"4/21/2020 9 a.m. EDT",11508,11580,8530,-2978
ISNE,"4/21/2020 10 a.m. EDT",11447,11420,8491,-2956
ISNE,"4/21/2020 11 a.m. EDT",11901,11590,9114,-2787
ISNE,"4/21/2020 12 p.m. EDT",12535,12540,9842,-2693
ISNE,"4/21/2020 1 p.m. EDT",12780,12890,9700,-3080
ISNE,"4/21/2020 2 p.m. EDT",12980,13010,10044,-2936
ISNE,"4/21/2020 3 p.m. EDT",12908,13120,10213,-2695
ISNE,"4/21/2020 4 p.m. EDT",13071,13210,10066,-3005
ISNE,"4/21/2020 5 p.m. EDT",13375,13420,10285,-3090
ISNE,"4/21/2020 6 p.m. EDT",13661,13690,10495,-3166
ISNE,"4/21/2020 7 p.m. EDT",13465,13660,10245,-3220
ISNE,"4/21/2020 8 p.m. EDT",13305,13710,9953,-3352
ISNE,"4/21/2020 9 p.m. EDT",13157,13400,9713,-3444
ISNE,"4/21/2020 10 p.m. EDT",12469,12550,9098,-3371
ISNE,"4/21/2020 11 p.m. EDT",11629,11710,8410,-3219
ISNE,"4/22/2020 12 a.m. EDT",10858,10820,7872,-2986
ISNE,"4/22/2020 1 a.m. EDT",10385,10280,7494,-2891
ISNE,"4/22/2020 2 a.m. EDT",10588,9960,7430,-3158
ISNE,"4/22/2020 3 a.m. EDT",10701,9810,7523,-3178
ISNE,"4/22/2020 4 a.m. EDT",10748,9830,7552,-3196
ISNE,"4/22/2020 5 a.m. EDT",10733,10110,7624,-3109
ISNE,"4/22/2020 6 a.m. EDT",11131,10780,8229,-2902
ISNE,"4/22/2020 7 a.m. EDT",12127,11640,8875,-3252
ISNE,"4/22/2020 8 a.m. EDT",12157,12060,9018,-3139
ISNE,"4/22/2020 9 a.m. EDT",12092,12000,9014,-3078
ISNE,"4/22/2020 10 a.m. EDT",11952,11960,9196,-2756
ISNE,"4/22/2020 11 a.m. EDT",11926,11640,9270,-2656
ISNE,"4/22/2020 12 p.m. EDT",11879,11480,9276,-2603
ISNE,"4/22/2020 1 p.m. EDT",11802,11380,9163,-2639
ISNE,"4/22/2020 2 p.m. EDT",11642,11220,8894,-2748
ISNE,"4/22/2020 3 p.m. EDT",11407,11260,8427,-2980
ISNE,"4/22/2020 4 p.m. EDT",11230,11340,8234,-2996
ISNE,"4/22/2020 5 p.m. EDT",11568,11500,8558,-3010
ISNE,"4/22/2020 6 p.m. EDT",12486,12360,9339,-3147
ISNE,"4/22/2020 7 p.m. EDT",13107,12880,9831,-3276
ISNE,"4/22/2020 8 p.m. EDT",13437,13370,10203,-3234
ISNE,"4/22/2020 9 p.m. EDT",13498,13290,10280,-3218
ISNE,"4/22/2020 10 p.m. EDT",12825,12640,9620,-3205
ISNE,"4/22/2020 11 p.m. EDT",11955,11600,8809,-3146
ISNE,"4/23/2020 12 a.m. EDT",11124,10890,8021,-3103
ISNE,"4/23/2020 1 a.m. EDT",10589,10550,7333,-3256
ISNE,"4/23/2020 2 a.m. EDT",10270,10220,7196,-3074
ISNE,"4/23/2020 3 a.m. EDT",10109,10070,7328,-2781
ISNE,"4/23/2020 4 a.m. EDT",10387,10100,7455,-2932
ISNE,"4/23/2020 5 a.m. EDT",10461,10380,7673,-2788
ISNE,"4/23/2020 6 a.m. EDT",11078,11060,8002,-3076
ISNE,"4/23/2020 7 a.m. EDT",11809,11910,8775,-3034
ISNE,"4/23/2020 8 a.m. EDT",12062,12210,8951,-3111
ISNE,"4/23/2020 9 a.m. EDT",11705,11890,8710,-2995
ISNE,"4/23/2020 10 a.m. EDT",11195,11160,8564,-2631
ISNE,"4/23/2020 11 a.m. EDT",11070,10620,8706,-2364
ISNE,"4/23/2020 12 p.m. EDT",10848,10290,8705,-2143
ISNE,"4/23/2020 1 p.m. EDT",10801,10140,8632,-2169
ISNE,"4/23/2020 2 p.m. EDT",10872,10240,8744,-2128
ISNE,"4/23/2020 3 p.m. EDT",10587,10360,8451,-2136
ISNE,"4/23/2020 4 p.m. EDT",10641,10800,8030,-2611
ISNE,"4/23/2020 5 p.m. EDT",11566,11360,8655,-2911
ISNE,"4/23/2020 6 p.m. EDT",12388,12170,9399,-2989
ISNE,"4/23/2020 7 p.m. EDT",12808,12700,9655,-3153
ISNE,"4/23/2020 8 p.m. EDT",13024,13230,9816,-3208
ISNE,"4/23/2020 9 p.m. EDT",12917,12960,9799,-3118
ISNE,"4/23/2020 10 p.m. EDT",12224,12270,9061,-3163
ISNE,"4/23/2020 11 p.m. EDT",11377,11360,8036,-3341
ISNE,"4/24/2020 12 a.m. EDT",10576,10590,7597,-2979
ISNE,"4/24/2020 1 a.m. EDT",10270,9970,7152,-3118
ISNE,"4/24/2020 2 a.m. EDT",10156,9600,7097,-3059
ISNE,"4/24/2020 3 a.m. EDT",9971,9410,7105,-2866
ISNE,"4/24/2020 4 a.m. EDT",9947,9400,6904,-3043
ISNE,"4/24/2020 5 a.m. EDT",10158,9620,7147,-3011
ISNE,"4/24/2020 6 a.m. EDT",10402,10160,7184,-3218
ISNE,"4/24/2020 7 a.m. EDT",10947,10980,8069,-2878
ISNE,"4/24/2020 8 a.m. EDT",11793,11790,9136,-2657
ISNE,"4/24/2020 9 a.m. EDT",12415,12430,9853,-2562
ISNE,"4/24/2020 10 a.m. EDT",12646,12650,9834,-2812
ISNE,"4/24/2020 11 a.m. EDT",12760,12810,9841,-2919
ISNE,"4/24/2020 12 p.m. EDT",12774,12790,9967,-2807
ISNE,"4/24/2020 1 p.m. EDT",12857,12690,10195,-2662
ISNE,"4/24/2020 2 p.m. EDT",12741,12630,10085,-2656
ISNE,"4/24/2020 3 p.m. EDT",12398,12600,9594,-2804
ISNE,"4/24/2020 4 p.m. EDT",12108,12530,9087,-3021
ISNE,"4/24/2020 5 p.m. EDT",12270,12480,9144,-3126
ISNE,"4/24/2020 6 p.m. EDT",12680,12660,9650,-3030
ISNE,"4/24/2020 7 p.m. EDT",12837,12850,9800,-3037
ISNE,"4/24/2020 8 p.m. EDT",12908,13100,9834,-3074
ISNE,"4/24/2020 9 p.m. EDT",12798,13050,9754,-3044
ISNE,"4/24/2020 10 p.m. EDT",12171,12500,9025,-3146
ISNE,"4/24/2020 11 p.m. EDT",11380,11620,8318,-3062
ISNE,"4/25/2020 12 a.m. EDT",10597,10730,7684,-2913
ISNE,"4/25/2020 1 a.m. EDT",10217,10000,7134,-3083
ISNE,"4/25/2020 2 a.m. EDT",9926,9650,7131,-2795
ISNE,"4/25/2020 3 a.m. EDT",9490,9440,6745,-2745
ISNE,"4/25/2020 4 a.m. EDT",9668,9410,6800,-2868
ISNE,"4/25/2020 5 a.m. EDT",9559,9520,6753,-2806
ISNE,"4/25/2020 6 a.m. EDT",9788,9790,7010,-2778
ISNE,"4/25/2020 7 a.m. EDT",10061,10070,7224,-2837
ISNE,"4/25/2020 8 a.m. EDT",10199,10210,7144,-3055
ISNE,"4/25/2020 9 a.m. EDT",10226,10230,7335,-2891
ISNE,"4/25/2020 10 a.m. EDT",9947,10020,7282,-2665
ISNE,"4/25/2020 11 a.m. EDT",9376,9380,6775,-2601
ISNE,"4/25/2020 12 p.m. EDT",9455,9060,6745,-2710
ISNE,"4/25/2020 1 p.m. EDT",9483,8930,6596,-2887
ISNE,"4/25/2020 2 p.m. EDT",9247,8820,6576,-2671
ISNE,"4/25/2020 3 p.m. EDT",9349,8870,6551,-2798
ISNE,"4/25/2020 4 p.m. EDT",9646,9220,6969,-2677
ISNE,"4/25/2020 5 p.m. EDT",9831,9900,7254,-2577
ISNE,"4/25/2020 6 p.m. EDT",10528,10910,7852,-2676
ISNE,"4/25/2020 7 p.m. EDT",11202,11580,8519,-2683
ISNE,"4/25/2020 8 p.m. EDT",11679,12100,8834,-2845
ISNE,"4/25/2020 9 p.m. EDT",11795,11840,8907,-2888
ISNE,"4/25/2020 10 p.m. EDT",11203,11340,8254,-2949
ISNE,"4/25/2020 11 p.m. EDT",10486,10670,7640,-2846
ISNE,"4/26/2020 12 a.m. EDT",10033,10050,7266,-2767
ISNE,"4/26/2020 1 a.m. EDT",9724,9260,6805,-2919
ISNE,"4/26/2020 2 a.m. EDT",9404,8890,6588,-2816
ISNE,"4/26/2020 3 a.m. EDT",9507,8720,6542,-2965
ISNE,"4/26/2020 4 a.m. EDT",9702,8690,6386,-3316
ISNE,"4/26/2020 5 a.m. EDT",9776,8740,6487,-3289
ISNE,"4/26/2020 6 a.m. EDT",9963,8940,6642,-3321
ISNE,"4/26/2020 7 a.m. EDT",10153,9150,6960,-3193
ISNE,"4/26/2020 8 a.m. EDT",10234,9500,7006,-3228
ISNE,"4/26/2020 9 a.m. EDT",10143,9970,6916,-3227
ISNE,"4/26/2020 10 a.m. EDT",10477,10550,7387,-3090
ISNE,"4/26/2020 11 a.m. EDT",10908,10770,7940,-2968
ISNE,"4/26/2020 12 p.m. EDT",11277,11030,8247,-3030
ISNE,"4/26/2020 1 p.m. EDT",11449,11250,8457,-2992
ISNE,"4/26/2020 2 p.m. EDT",11670,11350,8608,-3062
ISNE,"4/26/2020 3 p.m. EDT",11810,11390,8874,-2936
ISNE,"4/26/2020 4 p.m. EDT",11959,11520,8957,-3002
ISNE,"4/26/2020 5 p.m. EDT",12454,11970,9446,-3008
ISNE,"4/26/2020 6 p.m. EDT",13020,12640,10034,-2986
ISNE,"4/26/2020 7 p.m. EDT",13128,12910,10249,-2879
ISNE,"4/26/2020 8 p.m. EDT",13002,13030,10039,-2963
ISNE,"4/26/2020 9 p.m. EDT",12649,12770,9742,-2907
ISNE,"4/26/2020 10 p.m. EDT",11924,11940,8849,-3075
ISNE,"4/26/2020 11 p.m. EDT",11127,11070,7828,-3299
ISNE,"4/27/2020 12 a.m. EDT",10541,10280,7458,-3083
ISNE,"4/27/2020 1 a.m. EDT",10126,9830,6861,-3265
ISNE,"4/27/2020 2 a.m. EDT",9775,9490,6646,-3129
ISNE,"4/27/2020 3 a.m. EDT",9617,9320,6570,-3047
ISNE,"4/27/2020 4 a.m. EDT",9815,9330,6781,-3034
ISNE,"4/27/2020 5 a.m. EDT",10084,9570,7017,-3067
ISNE,"4/27/2020 6 a.m. EDT",10383,10210,7580,-2803
ISNE,"4/27/2020 7 a.m. EDT",11145,11170,8272,-2873
ISNE,"4/27/2020 8 a.m. EDT",12115,12140,9272,-2843
ISNE,"4/27/2020 9 a.m. EDT",12924,12940,9704,-3220
ISNE,"4/27/2020 10 a.m. EDT",13289,13320,10021,-3268
ISNE,"4/27/2020 11 a.m. EDT",13446,13590,10248,-3198
ISNE,"4/27/2020 12 p.m. EDT",13566,13700,10392,-3174
ISNE,"4/27/2020 1 p.m. EDT",13606,13660,10358,-3248
ISNE,"4/27/2020 2 p.m. EDT",13480,13590,10120,-3360
ISNE,"4/27/2020 3 p.m. EDT",13295,13550,9965,-3330
ISNE,"4/27/2020 4 p.m. EDT",13247,13540,9823,-3424
ISNE,"4/27/2020 5 p.m. EDT",13505,13620,10060,-3445
ISNE,"4/27/2020 6 p.m. EDT",13975,13900,10517,-3458
ISNE,"4/27/2020 7 p.m. EDT",13935,14080,10502,-3433
ISNE,"4/27/2020 8 p.m. EDT",13801,13990,10337,-3464
ISNE,"4/27/2020 9 p.m. EDT",13445,13720,10012,-3433
ISNE,"4/27/2020 10 p.m. EDT",12719,12800,9332,-3387
ISNE,"4/27/2020 11 p.m. EDT",11822,11780,8435,-3387
ISNE,"4/28/2020 12 a.m. EDT",10901,10870,7602,-3299
ISNE,"4/28/2020 1 a.m. EDT",10263,10250,7360,-2903
ISNE,"4/28/2020 2 a.m. EDT",9879,9870,7300,-2579
ISNE,"4/28/2020 3 a.m. EDT",9855,9670,7365,-2490
ISNE,"4/28/2020 4 a.m. EDT",9901,9650,7226,-2675
ISNE,"4/28/2020 5 a.m. EDT",9964,9870,7056,-2908
ISNE,"4/28/2020 6 a.m. EDT",10450,10470,7623,-2827
ISNE,"4/28/2020 7 a.m. EDT",11277,11300,8353,-2924
ISNE,"4/28/2020 8 a.m. EDT",11912,11920,8877,-3035
ISNE,"4/28/2020 9 a.m. EDT",11959,11950,8568,-3391
ISNE,"4/28/2020 10 a.m. EDT",11561,11560,8307,-3254
ISNE,"4/28/2020 11 a.m. EDT",11318,11380,8521,-2797
ISNE,"4/28/2020 12 p.m. EDT",11043,11150,8045,-2998
ISNE,"4/28/2020 1 p.m. EDT",10791,10970,8163,-2628
ISNE,"4/28/2020 2 p.m. EDT",10482,11040,7889,-2593
ISNE,"4/28/2020 3 p.m. EDT",10539,11180,7900,-2639
ISNE,"4/28/2020 4 p.m. EDT",10688,11410,8043,-2645
ISNE,"4/28/2020 5 p.m. EDT",11019,11890,8128,-2891
ISNE,"4/28/2020 6 p.m. EDT",11812,12680,8519,-3293
ISNE,"4/28/2020 7 p.m. EDT",12387,13150,8988,-3399
ISNE,"4/28/2020 8 p.m. EDT",12626,13350,9308,-3318
ISNE,"4/28/2020 9 p.m. EDT",12660,13200,9482,-3178
ISNE,"4/28/2020 10 p.m. EDT",12012,12450,8763,-3249
ISNE,"4/28/2020 11 p.m. EDT",11137,11470,8192,-2945
ISNE,"4/29/2020 12 a.m. EDT",10320,10660,7365,-2955
ISNE,"4/29/2020 1 a.m. EDT",9994,9750,7025,-2969
ISNE,"4/29/2020 2 a.m. EDT",9690,9440,6727,-2963
ISNE,"4/29/2020 3 a.m. EDT",9514,9260,6902,-2612
ISNE,"4/29/2020 4 a.m. EDT",9554,9290,6570,-2984
ISNE,"4/29/2020 5 a.m. EDT",9807,9560,6932,-2875
ISNE,"4/29/2020 6 a.m. EDT",10191,10220,7180,-3011
ISNE,"4/29/2020 7 a.m. EDT",10932,10950,7941,-2991
ISNE,"4/29/2020 8 a.m. EDT",11241,11240,8115,-3126
ISNE,"4/29/2020 9 a.m. EDT",10929,10920,7864,-3065
ISNE,"4/29/2020 10 a.m. EDT",10454,10430,7579,-2875
ISNE,"4/29/2020 11 a.m. EDT",10144,10080,7489,-2655
ISNE,"4/29/2020 12 p.m. EDT",10009,10010,7469,-2540
ISNE,"4/29/2020 1 p.m. EDT",10102,10070,7684,-2418
ISNE,"4/29/2020 2 p.m. EDT",10162,10220,7690,-2472
ISNE,"4/29/2020 3 p.m. EDT",10280,10470,7559,-2721
ISNE,"4/29/2020 4 p.m. EDT",10705,10830,7844,-2861
ISNE,"4/29/2020 5 p.m. EDT",11473,11530,8478,-2995
ISNE,"4/29/2020 6 p.m. EDT",12588,12280,9378,-3210
ISNE,"4/29/2020 7 p.m. EDT",12902,12730,9646,-3256
ISNE,"4/29/2020 8 p.m. EDT",12874,13000,9609,-3265
ISNE,"4/29/2020 9 p.m. EDT",12592,12790,9428,-3164
ISNE,"4/29/2020 10 p.m. EDT",11861,12240,8686,-3175
ISNE,"4/29/2020 11 p.m. EDT",10969,11310,8153,-2816
ISNE,"4/30/2020 12 a.m. EDT",10134,10400,7525,-2609
ISNE,"4/30/2020 1 a.m. EDT",9839,9660,7210,-2629
ISNE,"4/30/2020 2 a.m. EDT",9531,9310,7009,-2522
ISNE,"4/30/2020 3 a.m. EDT",9553,9140,6788,-2765
ISNE,"4/30/2020 4 a.m. EDT",9542,9120,6800,-2742
ISNE,"4/30/2020 5 a.m. EDT",9620,9400,7141,-2479
ISNE,"4/30/2020 6 a.m. EDT",9998,10260,7532,-2466
ISNE,"4/30/2020 7 a.m. EDT",10715,11470,7870,-2845
ISNE,"4/30/2020 8 a.m. EDT",11676,12330,8686,-2990
ISNE,"4/30/2020 9 a.m. EDT",12440,12860,9465,-2975
ISNE,"4/30/2020 10 a.m. EDT",12955,12980,9840,-3115
ISNE,"4/30/2020 11 a.m. EDT",13265,13070,10082,-3183
ISNE,"4/30/2020 12 p.m. EDT",13421,12910,10149,-3272
ISNE,"4/30/2020 1 p.m. EDT",13433,12840,10145,-3288
ISNE,"4/30/2020 2 p.m. EDT",13365,12780,10009,-3356
ISNE,"4/30/2020 3 p.m. EDT",12947,12650,9555,-3392
ISNE,"4/30/2020 4 p.m. EDT",12472,12530,9223,-3249
ISNE,"4/30/2020 5 p.m. EDT",12608,12760,9359,-3249
ISNE,"4/30/2020 6 p.m. EDT",13044,13100,9967,-3077
ISNE,"4/30/2020 7 p.m. EDT",13170,13280,9971,-3199
ISNE,"4/30/2020 8 p.m. EDT",13099,13420,9913,-3186
ISNE,"4/30/2020 9 p.m. EDT",12807,13230,9766,-3041
ISNE,"4/30/2020 10 p.m. EDT",12076,12210,9054,-3022
ISNE,"4/30/2020 11 p.m. EDT",11334,11100,8262,-3072
ISNE,"5/1/2020 12 a.m. EDT",10578,10100,8126,-2452
