"BA Code","Timestamp (Hour Ending)","Demand (MWh)","Demand Forecast (MWh)","Net Generation (MWh)","Total Interchange (MWh)"
ISNE,"12/1/2017 12 a.m. EST",12065,11660,9786,-2279
ISNE,"12/1/2017 1 a.m. EST",11628,10950,9557,-2071
ISNE,"12/1/2017 2 a.m. EST",11317,10520,9330,-1987
ISNE,"12/1/2017 3 a.m. EST",11111,10290,9096,-2015
ISNE,"12/1/2017 4 a.m. EST",11278,10250,9104,-2174
ISNE,"12/1/2017 5 a.m. EST",11496,10480,9355,-2141
ISNE,"12/1/2017 6 a.m. EST",12088,11480,9933,-2155
ISNE,"12/1/2017 7 a.m. EST",13381,13300,10840,-2541
ISNE,"12/1/2017 8 a.m. EST",14296,14290,11758,-2538
ISNE,"12/1/2017 9 a.m. EST",14285,14140,11646,-2639
ISNE,"12/1/2017 10 a.m. EST",13988,13770,11664,-2324
ISNE,"12/1/2017 11 a.m. EST",13824,13510,11404,-2420
ISNE,"12/1/2017 12 p.m. EST",13810,13320,11457,-2353
ISNE,"12/1/2017 1 p.m. EST",13859,13150,11562,-2297
ISNE,"12/1/2017 2 p.m. EST",14029,13150,11637,-2392
ISNE,"12/1/2017 3 p.m. EST",14164,13240,11907,-2257
ISNE,"12/1/2017 4 p.m. EST",14430,13690,12312,-2118
ISNE,"12/1/2017 5 p.m. EST",15364,15020,12780,-2584
ISNE,"12/1/2017 6 p.m. EST",15985,16020,13677,-2308
ISNE,"12/1/2017 7 p.m. EST",15723,15790,13338,-2385
ISNE,"12/1/2017 8 p.m. EST",15299,15340,12927,-2372
ISNE,"12/1/2017 9 p.m. EST",14815,14820,12603,-2212
ISNE,"12/1/2017 10 p.m. EST",14115,14150,12213,-1902
ISNE,"12/1/2017 11 p.m. EST",13105,13120,11294,-1811
ISNE,"12/2/2017 12 a.m. EST",12081,12080,10192,-1889
ISNE,"12/2/2017 1 a.m. EST",11350,11270,9563,-1787
ISNE,"12/2/2017 2 a.m. EST",11194,10790,9373,-1821
ISNE,"12/2/2017 3 a.m. EST",11490,10550,9415,-2075
ISNE,"12/2/2017 4 a.m. EST",11534,10570,9285,-2249
ISNE,"12/2/2017 5 a.m. EST",11691,10720,9311,-2380
ISNE,"12/2/2017 6 a.m. EST",12128,11180,9698,-2430
ISNE,"12/2/2017 7 a.m. EST",12411,11960,9927,-2484
ISNE,"12/2/2017 8 a.m. EST",13008,12670,10521,-2487
ISNE,"12/2/2017 9 a.m. EST",13530,13250,11093,-2437
ISNE,"12/2/2017 10 a.m. EST",13601,13540,11209,-2392
ISNE,"12/2/2017 11 a.m. EST",13517,13500,11172,-2345
ISNE,"12/2/2017 12 p.m. EST",13407,13500,11110,-2297
ISNE,"12/2/2017 1 p.m. EST",13286,13370,11085,-2201
ISNE,"12/2/2017 2 p.m. EST",13323,13330,11143,-2180
ISNE,"12/2/2017 3 p.m. EST",13696,13420,11399,-2297
ISNE,"12/2/2017 4 p.m. EST",14086,13790,11505,-2581
ISNE,"12/2/2017 5 p.m. EST",14992,14790,12214,-2778
ISNE,"12/2/2017 6 p.m. EST",15587,15600,12936,-2651
ISNE,"12/2/2017 7 p.m. EST",15367,15330,12802,-2565
ISNE,"12/2/2017 8 p.m. EST",14968,14930,12452,-2516
ISNE,"12/2/2017 9 p.m. EST",14542,14490,11956,-2586
ISNE,"12/2/2017 10 p.m. EST",13904,13870,11386,-2518
ISNE,"12/2/2017 11 p.m. EST",13012,13000,10765,-2247
ISNE,"12/3/2017 12 a.m. EST",12181,12050,9646,-2535
ISNE,"12/3/2017 1 a.m. EST",11558,11200,9222,-2336
ISNE,"12/3/2017 2 a.m. EST",11380,10750,9153,-2227
ISNE,"12/3/2017 3 a.m. EST",11693,10480,9423,-2270
ISNE,"12/3/2017 4 a.m. EST",11630,10550,9247,-2383
ISNE,"12/3/2017 5 a.m. EST",11745,10680,9193,-2552
ISNE,"12/3/2017 6 a.m. EST",12071,10990,9356,-2715
ISNE,"12/3/2017 7 a.m. EST",12439,11580,9867,-2572
ISNE,"12/3/2017 8 a.m. EST",12785,12120,10291,-2494
ISNE,"12/3/2017 9 a.m. EST",13201,12730,10738,-2463
ISNE,"12/3/2017 10 a.m. EST",13313,13120,10820,-2493
ISNE,"12/3/2017 11 a.m. EST",13277,13190,11052,-2225
ISNE,"12/3/2017 12 p.m. EST",13304,13100,11169,-2135
ISNE,"12/3/2017 1 p.m. EST",13489,13120,11351,-2138
ISNE,"12/3/2017 2 p.m. EST",13638,13160,11287,-2351
ISNE,"12/3/2017 3 p.m. EST",13786,13290,11441,-2345
ISNE,"12/3/2017 4 p.m. EST",14109,13770,11733,-2376
ISNE,"12/3/2017 5 p.m. EST",15347,15140,12821,-2526
ISNE,"12/3/2017 6 p.m. EST",16175,16000,13792,-2383
ISNE,"12/3/2017 7 p.m. EST",16062,15860,13674,-2388
ISNE,"12/3/2017 8 p.m. EST",15644,15450,13959,-1685
ISNE,"12/3/2017 9 p.m. EST",15004,14940,13228,-1776
ISNE,"12/3/2017 10 p.m. EST",14013,14010,12220,-1793
ISNE,"12/3/2017 11 p.m. EST",12920,12910,10960,-1960
ISNE,"12/4/2017 12 a.m. EST",11955,11870,9811,-2144
ISNE,"12/4/2017 1 a.m. EST",11576,11000,9380,-2196
ISNE,"12/4/2017 2 a.m. EST",11439,10630,9058,-2381
ISNE,"12/4/2017 3 a.m. EST",11562,10510,9226,-2336
ISNE,"12/4/2017 4 a.m. EST",11672,10590,9471,-2201
ISNE,"12/4/2017 5 a.m. EST",12106,11030,10113,-1993
ISNE,"12/4/2017 6 a.m. EST",12967,12170,10881,-2086
ISNE,"12/4/2017 7 a.m. EST",14503,14060,12548,-1955
ISNE,"12/4/2017 8 a.m. EST",15144,15150,13201,-1943
ISNE,"12/4/2017 9 a.m. EST",14988,15120,13020,-1968
ISNE,"12/4/2017 10 a.m. EST",14440,14490,12525,-1915
ISNE,"12/4/2017 11 a.m. EST",14064,14060,12162,-1902
ISNE,"12/4/2017 12 p.m. EST",14026,13780,12222,-1804
ISNE,"12/4/2017 1 p.m. EST",13874,13650,12038,-1836
ISNE,"12/4/2017 2 p.m. EST",13989,13680,12105,-1884
ISNE,"12/4/2017 3 p.m. EST",14131,13850,12227,-1904
ISNE,"12/4/2017 4 p.m. EST",14617,14410,12440,-2177
ISNE,"12/4/2017 5 p.m. EST",15976,15770,13523,-2453
ISNE,"12/4/2017 6 p.m. EST",17026,16850,14788,-2238
ISNE,"12/4/2017 7 p.m. EST",17002,16740,14630,-2372
ISNE,"12/4/2017 8 p.m. EST",16585,16350,14037,-2548
ISNE,"12/4/2017 9 p.m. EST",15934,15710,13539,-2395
ISNE,"12/4/2017 10 p.m. EST",14865,14660,12710,-2155
ISNE,"12/4/2017 11 p.m. EST",13434,13310,11130,-2304
ISNE,"12/5/2017 12 a.m. EST",12440,12080,9984,-2456
ISNE,"12/5/2017 1 a.m. EST",11646,11300,9294,-2352
ISNE,"12/5/2017 2 a.m. EST",11414,10870,9282,-2132
ISNE,"12/5/2017 3 a.m. EST",11245,10610,9096,-2149
ISNE,"12/5/2017 4 a.m. EST",11215,10580,9123,-2092
ISNE,"12/5/2017 5 a.m. EST",11542,10900,9529,-2013
ISNE,"12/5/2017 6 a.m. EST",12310,11980,10244,-2066
ISNE,"12/5/2017 7 a.m. EST",13920,13780,11841,-2079
ISNE,"12/5/2017 8 a.m. EST",14927,14800,12731,-2196
ISNE,"12/5/2017 9 a.m. EST",15086,14960,12678,-2408
ISNE,"12/5/2017 10 a.m. EST",15153,15010,12827,-2326
ISNE,"12/5/2017 11 a.m. EST",15271,15020,13252,-2019
ISNE,"12/5/2017 12 p.m. EST",15357,15040,13659,-1698
ISNE,"12/5/2017 1 p.m. EST",15366,14930,13397,-1969
ISNE,"12/5/2017 2 p.m. EST",15373,14980,13408,-1965
ISNE,"12/5/2017 3 p.m. EST",15326,15040,13366,-1960
ISNE,"12/5/2017 4 p.m. EST",15507,15340,13765,-1742
ISNE,"12/5/2017 5 p.m. EST",16321,16390,14661,-1660
ISNE,"12/5/2017 6 p.m. EST",16827,16900,15057,-1770
ISNE,"12/5/2017 7 p.m. EST",16594,16570,14880,-1714
ISNE,"12/5/2017 8 p.m. EST",16070,16050,14222,-1848
ISNE,"12/5/2017 9 p.m. EST",15334,15330,13278,-2056
ISNE,"12/5/2017 10 p.m. EST",14236,14220,12200,-2036
ISNE,"12/5/2017 11 p.m. EST",12792,12810,10754,-2038
ISNE,"12/6/2017 12 a.m. EST",11711,11550,9364,-2347
ISNE,"12/6/2017 1 a.m. EST",11149,10670,8706,-2443
ISNE,"12/6/2017 2 a.m. EST",10868,10140,8441,-2427
ISNE,"12/6/2017 3 a.m. EST",10754,9940,8299,-2455
ISNE,"12/6/2017 4 a.m. EST",10703,9880,8321,-2382
ISNE,"12/6/2017 5 a.m. EST",10974,10220,8528,-2446
ISNE,"12/6/2017 6 a.m. EST",11499,11310,9131,-2368
ISNE,"12/6/2017 7 a.m. EST",12949,13160,10899,-2050
ISNE,"12/6/2017 8 a.m. EST",14078,14270,12103,-1975
ISNE,"12/6/2017 9 a.m. EST",14358,14400,12472,-1886
ISNE,"12/6/2017 10 a.m. EST",14420,14400,12390,-2030
ISNE,"12/6/2017 11 a.m. EST",14428,14270,12441,-1987
ISNE,"12/6/2017 12 p.m. EST",14273,14090,12166,-2107
ISNE,"12/6/2017 1 p.m. EST",13850,14080,11562,-2288
ISNE,"12/6/2017 2 p.m. EST",13619,14020,11487,-2132
ISNE,"12/6/2017 3 p.m. EST",13858,14220,11538,-2320
ISNE,"12/6/2017 4 p.m. EST",14768,14580,12461,-2307
ISNE,"12/6/2017 5 p.m. EST",15853,15770,13539,-2314
ISNE,"12/6/2017 6 p.m. EST",16850,16800,14696,-2154
ISNE,"12/6/2017 7 p.m. EST",16754,16730,14454,-2300
ISNE,"12/6/2017 8 p.m. EST",16411,16330,13840,-2571
ISNE,"12/6/2017 9 p.m. EST",15832,15730,13262,-2570
ISNE,"12/6/2017 10 p.m. EST",14853,14770,12357,-2496
ISNE,"12/6/2017 11 p.m. EST",13669,13410,11000,-2669
ISNE,"12/7/2017 12 a.m. EST",12556,12200,10031,-2525
ISNE,"12/7/2017 1 a.m. EST",12310,11380,9940,-2370
ISNE,"12/7/2017 2 a.m. EST",12181,10890,9682,-2499
ISNE,"12/7/2017 3 a.m. EST",12317,10710,9830,-2487
ISNE,"12/7/2017 4 a.m. EST",12336,10730,9903,-2433
ISNE,"12/7/2017 5 a.m. EST",12501,11300,10111,-2390
ISNE,"12/7/2017 6 a.m. EST",13175,12290,10754,-2421
ISNE,"12/7/2017 7 a.m. EST",14370,14050,11838,-2532
ISNE,"12/7/2017 8 a.m. EST",15333,14880,12484,-2849
ISNE,"12/7/2017 9 a.m. EST",15092,14660,12271,-2821
ISNE,"12/7/2017 10 a.m. EST",14532,14340,11819,-2713
ISNE,"12/7/2017 11 a.m. EST",14136,14000,11772,-2364
ISNE,"12/7/2017 12 p.m. EST",13921,13870,11665,-2256
ISNE,"12/7/2017 1 p.m. EST",14022,13820,11715,-2307
ISNE,"12/7/2017 2 p.m. EST",14344,13920,11996,-2348
ISNE,"12/7/2017 3 p.m. EST",14610,14140,12001,-2609
ISNE,"12/7/2017 4 p.m. EST",14881,14580,12423,-2458
ISNE,"12/7/2017 5 p.m. EST",16067,15940,13814,-2253
ISNE,"12/7/2017 6 p.m. EST",16962,16900,15004,-1958
ISNE,"12/7/2017 7 p.m. EST",16881,16860,14569,-2312
ISNE,"12/7/2017 8 p.m. EST",16534,16480,13760,-2774
ISNE,"12/7/2017 9 p.m. EST",15963,15910,13115,-2848
ISNE,"12/7/2017 10 p.m. EST",15045,14960,12148,-2897
ISNE,"12/7/2017 11 p.m. EST",13630,13630,10496,-3134
ISNE,"12/8/2017 12 a.m. EST",12732,12410,9843,-2889
ISNE,"12/8/2017 1 a.m. EST",11976,11680,9273,-2703
ISNE,"12/8/2017 2 a.m. EST",11762,11300,9112,-2650
ISNE,"12/8/2017 3 a.m. EST",11698,11140,9107,-2591
ISNE,"12/8/2017 4 a.m. EST",11727,11180,9044,-2683
ISNE,"12/8/2017 5 a.m. EST",12114,11590,9254,-2860
ISNE,"12/8/2017 6 a.m. EST",12970,12700,10303,-2667
ISNE,"12/8/2017 7 a.m. EST",14535,14570,11812,-2723
ISNE,"12/8/2017 8 a.m. EST",15578,15580,12775,-2803
ISNE,"12/8/2017 9 a.m. EST",15612,15580,12580,-3032
ISNE,"12/8/2017 10 a.m. EST",15273,15240,12221,-3052
ISNE,"12/8/2017 11 a.m. EST",15070,14990,11933,-3137
ISNE,"12/8/2017 12 p.m. EST",15049,14810,12162,-2887
ISNE,"12/8/2017 1 p.m. EST",14943,14650,12105,-2838
ISNE,"12/8/2017 2 p.m. EST",15227,14720,12164,-3063
ISNE,"12/8/2017 3 p.m. EST",15416,14830,12284,-3132
ISNE,"12/8/2017 4 p.m. EST",15607,15140,12405,-3202
ISNE,"12/8/2017 5 p.m. EST",16592,16330,13337,-3255
ISNE,"12/8/2017 6 p.m. EST",17127,17000,13625,-3502
ISNE,"12/8/2017 7 p.m. EST",16830,16700,13305,-3525
ISNE,"12/8/2017 8 p.m. EST",16368,16210,12970,-3398
ISNE,"12/8/2017 9 p.m. EST",15811,15680,12621,-3190
ISNE,"12/8/2017 10 p.m. EST",15025,14920,11822,-3203
ISNE,"12/8/2017 11 p.m. EST",14101,13850,10727,-3374
ISNE,"12/9/2017 12 a.m. EST",13351,12720,10225,-3126
ISNE,"12/9/2017 1 a.m. EST",12488,11910,9667,-2821
ISNE,"12/9/2017 2 a.m. EST",11996,11400,9177,-2819
ISNE,"12/9/2017 3 a.m. EST",12138,11110,9082,-3056
ISNE,"12/9/2017 4 a.m. EST",12119,11020,9089,-3030
ISNE,"12/9/2017 5 a.m. EST",12235,11160,9175,-3060
ISNE,"12/9/2017 6 a.m. EST",12308,11550,9480,-2828
ISNE,"12/9/2017 7 a.m. EST",12479,12210,9564,-2915
ISNE,"12/9/2017 8 a.m. EST",13268,12970,10186,-3082
ISNE,"12/9/2017 9 a.m. EST",14164,14030,11395,-2769
ISNE,"12/9/2017 10 a.m. EST",14713,14520,12270,-2443
ISNE,"12/9/2017 11 a.m. EST",15121,14750,12378,-2743
ISNE,"12/9/2017 12 p.m. EST",15463,14880,12378,-3085
ISNE,"12/9/2017 1 p.m. EST",15643,14850,12393,-3250
ISNE,"12/9/2017 2 p.m. EST",15678,14790,12398,-3280
ISNE,"12/9/2017 3 p.m. EST",15706,14720,12597,-3109
ISNE,"12/9/2017 4 p.m. EST",15927,15010,12980,-2947
ISNE,"12/9/2017 5 p.m. EST",16840,16120,14031,-2809
ISNE,"12/9/2017 6 p.m. EST",17348,16750,14532,-2816
ISNE,"12/9/2017 7 p.m. EST",17046,16420,14026,-3020
ISNE,"12/9/2017 8 p.m. EST",16475,15810,13521,-2954
ISNE,"12/9/2017 9 p.m. EST",15817,15290,12665,-3152
ISNE,"12/9/2017 10 p.m. EST",15006,14510,12180,-2826
ISNE,"12/9/2017 11 p.m. EST",13938,13590,11172,-2766
ISNE,"12/10/2017 12 a.m. EST",12923,12620,10073,-2850
ISNE,"12/10/2017 1 a.m. EST",12733,11870,9546,-3187
ISNE,"12/10/2017 2 a.m. EST",12402,11350,9584,-2818
ISNE,"12/10/2017 3 a.m. EST",12348,11090,9534,-2814
ISNE,"12/10/2017 4 a.m. EST",12220,10980,9279,-2941
ISNE,"12/10/2017 5 a.m. EST",12147,11090,9241,-2906
ISNE,"12/10/2017 6 a.m. EST",12309,11440,9247,-3062
ISNE,"12/10/2017 7 a.m. EST",12570,12030,9307,-3263
ISNE,"12/10/2017 8 a.m. EST",12797,12780,9633,-3164
ISNE,"12/10/2017 9 a.m. EST",13601,13380,10400,-3201
ISNE,"12/10/2017 10 a.m. EST",14111,13520,10939,-3172
ISNE,"12/10/2017 11 a.m. EST",14164,13560,11032,-3132
ISNE,"12/10/2017 12 p.m. EST",14110,13590,10892,-3218
ISNE,"12/10/2017 1 p.m. EST",14041,13600,10799,-3242
ISNE,"12/10/2017 2 p.m. EST",14013,13640,10777,-3236
ISNE,"12/10/2017 3 p.m. EST",14142,13740,10931,-3211
ISNE,"12/10/2017 4 p.m. EST",14586,14220,11448,-3138
ISNE,"12/10/2017 5 p.m. EST",15952,15590,12868,-3084
ISNE,"12/10/2017 6 p.m. EST",16966,16600,13901,-3065
ISNE,"12/10/2017 7 p.m. EST",16889,16550,13671,-3218
ISNE,"12/10/2017 8 p.m. EST",16501,16090,13393,-3108
ISNE,"12/10/2017 9 p.m. EST",15925,15620,12753,-3172
ISNE,"12/10/2017 10 p.m. EST",14901,14740,11724,-3177
ISNE,"12/10/2017 11 p.m. EST",13626,13640,10308,-3318
ISNE,"12/11/2017 12 a.m. EST",12513,12610,9096,-3417
ISNE,"12/11/2017 1 a.m. EST",12131,11790,8750,-3381
ISNE,"12/11/2017 2 a.m. EST",12208,11450,8880,-3328
ISNE,"12/11/2017 3 a.m. EST",12271,11330,9178,-3093
ISNE,"12/11/2017 4 a.m. EST",12281,11390,8994,-3287
ISNE,"12/11/2017 5 a.m. EST",12440,11820,9422,-3018
ISNE,"12/11/2017 6 a.m. EST",13289,12900,10614,-2675
ISNE,"12/11/2017 7 a.m. EST",14675,14640,11877,-2798
ISNE,"12/11/2017 8 a.m. EST",15729,15700,12989,-2740
ISNE,"12/11/2017 9 a.m. EST",15904,15830,12978,-2926
ISNE,"12/11/2017 10 a.m. EST",15770,15430,12695,-3075
ISNE,"12/11/2017 11 a.m. EST",15533,15000,12627,-2906
ISNE,"12/11/2017 12 p.m. EST",15181,14850,12386,-2795
ISNE,"12/11/2017 1 p.m. EST",14957,14720,12186,-2771
ISNE,"12/11/2017 2 p.m. EST",14993,14750,12223,-2770
ISNE,"12/11/2017 3 p.m. EST",15121,14920,12325,-2796
ISNE,"12/11/2017 4 p.m. EST",15504,15400,12740,-2764
ISNE,"12/11/2017 5 p.m. EST",16787,16740,14202,-2585
ISNE,"12/11/2017 6 p.m. EST",17870,17790,15453,-2417
ISNE,"12/11/2017 7 p.m. EST",17831,17710,15260,-2571
ISNE,"12/11/2017 8 p.m. EST",17430,17320,14755,-2675
ISNE,"12/11/2017 9 p.m. EST",16794,16650,14177,-2617
ISNE,"12/11/2017 10 p.m. EST",15698,15630,13009,-2689
ISNE,"12/11/2017 11 p.m. EST",14333,14250,11530,-2803
ISNE,"12/12/2017 12 a.m. EST",13197,13040,10322,-2875
ISNE,"12/12/2017 1 a.m. EST",12367,12120,9362,-3005
ISNE,"12/12/2017 2 a.m. EST",12264,11640,9335,-2929
ISNE,"12/12/2017 3 a.m. EST",12272,11440,9187,-3085
ISNE,"12/12/2017 4 a.m. EST",12273,11460,9177,-3096
ISNE,"12/12/2017 5 a.m. EST",12329,11760,9325,-3004
ISNE,"12/12/2017 6 a.m. EST",13091,12800,10325,-2766
ISNE,"12/12/2017 7 a.m. EST",14580,14640,11904,-2676
ISNE,"12/12/2017 8 a.m. EST",15657,15710,13035,-2622
ISNE,"12/12/2017 9 a.m. EST",15964,15910,13317,-2647
ISNE,"12/12/2017 10 a.m. EST",16160,15930,13689,-2471
ISNE,"12/12/2017 11 a.m. EST",16289,15960,13719,-2570
ISNE,"12/12/2017 12 p.m. EST",16299,15910,13803,-2496
ISNE,"12/12/2017 1 p.m. EST",16217,15720,13752,-2465
ISNE,"12/12/2017 2 p.m. EST",16168,15710,13714,-2454
ISNE,"12/12/2017 3 p.m. EST",16079,15680,13574,-2505
ISNE,"12/12/2017 4 p.m. EST",16275,15940,13553,-2722
ISNE,"12/12/2017 5 p.m. EST",17154,17120,14304,-2850
ISNE,"12/12/2017 6 p.m. EST",17812,17850,14835,-2977
ISNE,"12/12/2017 7 p.m. EST",17640,17580,14436,-3204
ISNE,"12/12/2017 8 p.m. EST",17179,17060,14152,-3027
ISNE,"12/12/2017 9 p.m. EST",16521,16430,13573,-2948
ISNE,"12/12/2017 10 p.m. EST",15491,15430,12541,-2950
ISNE,"12/12/2017 11 p.m. EST",14109,14040,11002,-3107
ISNE,"12/13/2017 12 a.m. EST",12889,12780,10020,-2869
ISNE,"12/13/2017 1 a.m. EST",12949,12090,9831,-3118
ISNE,"12/13/2017 2 a.m. EST",13265,11750,9805,-3460
ISNE,"12/13/2017 3 a.m. EST",13215,11630,9812,-3403
ISNE,"12/13/2017 4 a.m. EST",13313,11710,9744,-3569
ISNE,"12/13/2017 5 a.m. EST",13461,12150,9920,-3541
ISNE,"12/13/2017 6 a.m. EST",13914,13320,10566,-3348
ISNE,"12/13/2017 7 a.m. EST",15593,15320,12113,-3480
ISNE,"12/13/2017 8 a.m. EST",16427,16400,12835,-3592
ISNE,"12/13/2017 9 a.m. EST",16502,16450,13119,-3383
ISNE,"12/13/2017 10 a.m. EST",16669,16450,13063,-3606
ISNE,"12/13/2017 11 a.m. EST",16453,16310,12887,-3566
ISNE,"12/13/2017 12 p.m. EST",16300,16150,12715,-3585
ISNE,"12/13/2017 1 p.m. EST",16253,16070,12919,-3334
ISNE,"12/13/2017 2 p.m. EST",16318,16160,12908,-3410
ISNE,"12/13/2017 3 p.m. EST",16417,16320,13183,-3234
ISNE,"12/13/2017 4 p.m. EST",16848,16710,13428,-3420
ISNE,"12/13/2017 5 p.m. EST",18141,18040,14755,-3386
ISNE,"12/13/2017 6 p.m. EST",19126,18900,15882,-3244
ISNE,"12/13/2017 7 p.m. EST",19044,18830,15803,-3241
ISNE,"12/13/2017 8 p.m. EST",18688,18410,15277,-3411
ISNE,"12/13/2017 9 p.m. EST",18095,17750,14634,-3461
ISNE,"12/13/2017 10 p.m. EST",17073,16770,13464,-3609
ISNE,"12/13/2017 11 p.m. EST",15578,15330,11981,-3597
ISNE,"12/14/2017 12 a.m. EST",14620,13990,11250,-3370
ISNE,"12/14/2017 1 a.m. EST",13847,13290,10401,-3446
ISNE,"12/14/2017 2 a.m. EST",13607,12810,10092,-3515
ISNE,"12/14/2017 3 a.m. EST",13566,12640,10084,-3482
ISNE,"12/14/2017 4 a.m. EST",13540,12660,10032,-3508
ISNE,"12/14/2017 5 a.m. EST",13754,13030,10302,-3452
ISNE,"12/14/2017 6 a.m. EST",14165,14110,10896,-3269
ISNE,"12/14/2017 7 a.m. EST",15898,15930,12639,-3259
ISNE,"12/14/2017 8 a.m. EST",16948,16890,13523,-3425
ISNE,"12/14/2017 9 a.m. EST",17193,17040,13671,-3522
ISNE,"12/14/2017 10 a.m. EST",17148,16900,13766,-3382
ISNE,"12/14/2017 11 a.m. EST",16949,16470,13319,-3630
ISNE,"12/14/2017 12 p.m. EST",16567,16180,13135,-3432
ISNE,"12/14/2017 1 p.m. EST",16221,15840,12788,-3433
ISNE,"12/14/2017 2 p.m. EST",16126,15840,12669,-3457
ISNE,"12/14/2017 3 p.m. EST",16076,15930,12652,-3424
ISNE,"12/14/2017 4 p.m. EST",16458,16360,12996,-3462
ISNE,"12/14/2017 5 p.m. EST",17806,17760,14200,-3606
ISNE,"12/14/2017 6 p.m. EST",18792,18900,15308,-3484
ISNE,"12/14/2017 7 p.m. EST",18795,18740,15315,-3480
ISNE,"12/14/2017 8 p.m. EST",18564,18440,15125,-3439
ISNE,"12/14/2017 9 p.m. EST",18073,17890,14660,-3413
ISNE,"12/14/2017 10 p.m. EST",17129,16990,13817,-3312
ISNE,"12/14/2017 11 p.m. EST",15805,15600,12331,-3474
ISNE,"12/15/2017 12 a.m. EST",14770,14330,11259,-3511
ISNE,"12/15/2017 1 a.m. EST",14293,13700,11107,-3186
ISNE,"12/15/2017 2 a.m. EST",14175,13320,10949,-3226
ISNE,"12/15/2017 3 a.m. EST",14006,13150,10795,-3211
ISNE,"12/15/2017 4 a.m. EST",14030,13210,10867,-3163
ISNE,"12/15/2017 5 a.m. EST",14087,13550,11059,-3028
ISNE,"12/15/2017 6 a.m. EST",14685,14530,11770,-2915
ISNE,"12/15/2017 7 a.m. EST",16479,16290,13513,-2966
ISNE,"12/15/2017 8 a.m. EST",17521,17280,14328,-3193
ISNE,"12/15/2017 9 a.m. EST",17716,17310,14442,-3274
ISNE,"12/15/2017 10 a.m. EST",17613,17100,14349,-3264
ISNE,"12/15/2017 11 a.m. EST",17404,16750,14127,-3277
ISNE,"12/15/2017 12 p.m. EST",17208,16560,13962,-3246
ISNE,"12/15/2017 1 p.m. EST",17020,16340,13819,-3201
ISNE,"12/15/2017 2 p.m. EST",16997,16290,13697,-3300
ISNE,"12/15/2017 3 p.m. EST",16960,16320,13659,-3301
ISNE,"12/15/2017 4 p.m. EST",17168,16810,13796,-3372
ISNE,"12/15/2017 5 p.m. EST",18164,17950,14555,-3609
ISNE,"12/15/2017 6 p.m. EST",18685,18600,15232,-3453
ISNE,"12/15/2017 7 p.m. EST",18416,18190,14899,-3517
ISNE,"12/15/2017 8 p.m. EST",17922,17700,14374,-3548
ISNE,"12/15/2017 9 p.m. EST",17353,17030,13917,-3436
ISNE,"12/15/2017 10 p.m. EST",16536,16190,13262,-3274
ISNE,"12/15/2017 11 p.m. EST",15394,15020,12194,-3200
ISNE,"12/16/2017 12 a.m. EST",14196,13770,10764,-3432
ISNE,"12/16/2017 1 a.m. EST",13310,13120,10209,-3101
ISNE,"12/16/2017 2 a.m. EST",13068,12650,9955,-3113
ISNE,"12/16/2017 3 a.m. EST",13103,12420,10026,-3077
ISNE,"12/16/2017 4 a.m. EST",13323,12520,10223,-3100
ISNE,"12/16/2017 5 a.m. EST",13501,12680,10386,-3115
ISNE,"12/16/2017 6 a.m. EST",13685,13190,10594,-3091
ISNE,"12/16/2017 7 a.m. EST",13967,14060,10933,-3034
ISNE,"12/16/2017 8 a.m. EST",14826,14820,11919,-2907
ISNE,"12/16/2017 9 a.m. EST",15603,15520,12493,-3110
ISNE,"12/16/2017 10 a.m. EST",15770,15550,12589,-3181
ISNE,"12/16/2017 11 a.m. EST",15609,15500,12404,-3205
ISNE,"12/16/2017 12 p.m. EST",15418,15250,12152,-3266
ISNE,"12/16/2017 1 p.m. EST",15471,14860,12131,-3340
ISNE,"12/16/2017 2 p.m. EST",15513,14830,12213,-3300
ISNE,"12/16/2017 3 p.m. EST",15547,14920,12278,-3269
ISNE,"12/16/2017 4 p.m. EST",15618,15330,12448,-3170
ISNE,"12/16/2017 5 p.m. EST",16640,16590,13410,-3230
ISNE,"12/16/2017 6 p.m. EST",17306,17410,14024,-3282
ISNE,"12/16/2017 7 p.m. EST",17095,17200,13589,-3506
ISNE,"12/16/2017 8 p.m. EST",16672,16860,13183,-3489
ISNE,"12/16/2017 9 p.m. EST",16253,16440,12746,-3507
ISNE,"12/16/2017 10 p.m. EST",15681,15810,12241,-3440
ISNE,"12/16/2017 11 p.m. EST",14854,14850,11403,-3451
ISNE,"12/17/2017 12 a.m. EST",14101,13800,10599,-3502
ISNE,"12/17/2017 1 a.m. EST",13636,12980,10235,-3401
ISNE,"12/17/2017 2 a.m. EST",13195,12530,9755,-3440
ISNE,"12/17/2017 3 a.m. EST",13350,12340,9938,-3412
ISNE,"12/17/2017 4 a.m. EST",13486,12280,10034,-3452
ISNE,"12/17/2017 5 a.m. EST",13315,12550,9993,-3322
ISNE,"12/17/2017 6 a.m. EST",13393,12860,10196,-3197
ISNE,"12/17/2017 7 a.m. EST",13663,13770,10452,-3211
ISNE,"12/17/2017 8 a.m. EST",14324,14270,11087,-3237
ISNE,"12/17/2017 9 a.m. EST",15009,14960,11809,-3200
ISNE,"12/17/2017 10 a.m. EST",15187,15220,12211,-2976
ISNE,"12/17/2017 11 a.m. EST",15082,15190,12221,-2861
ISNE,"12/17/2017 12 p.m. EST",14953,15200,12084,-2869
ISNE,"12/17/2017 1 p.m. EST",15031,15170,12171,-2860
ISNE,"12/17/2017 2 p.m. EST",15145,15190,12232,-2913
ISNE,"12/17/2017 3 p.m. EST",15398,15200,12473,-2925
ISNE,"12/17/2017 4 p.m. EST",15851,15360,12755,-3096
ISNE,"12/17/2017 5 p.m. EST",17138,16850,13960,-3178
ISNE,"12/17/2017 6 p.m. EST",17986,18000,14724,-3262
ISNE,"12/17/2017 7 p.m. EST",17889,17740,15557,-2332
ISNE,"12/17/2017 8 p.m. EST",17485,17330,14561,-2924
ISNE,"12/17/2017 9 p.m. EST",17052,16720,14238,-2814
ISNE,"12/17/2017 10 p.m. EST",16071,15730,13413,-2658
ISNE,"12/17/2017 11 p.m. EST",14750,14490,12064,-2686
ISNE,"12/18/2017 12 a.m. EST",13607,13400,10612,-2995
ISNE,"12/18/2017 1 a.m. EST",13050,12840,9951,-3099
ISNE,"12/18/2017 2 a.m. EST",12975,12420,9987,-2988
ISNE,"12/18/2017 3 a.m. EST",12790,12250,9816,-2974
ISNE,"12/18/2017 4 a.m. EST",12823,12290,9863,-2960
ISNE,"12/18/2017 5 a.m. EST",12982,12700,10127,-2855
ISNE,"12/18/2017 6 a.m. EST",13800,13810,11190,-2610
ISNE,"12/18/2017 7 a.m. EST",15580,15620,13162,-2418
ISNE,"12/18/2017 8 a.m. EST",16741,16760,14188,-2553
ISNE,"12/18/2017 9 a.m. EST",16998,16980,14455,-2543
ISNE,"12/18/2017 10 a.m. EST",17030,17030,14120,-2910
ISNE,"12/18/2017 11 a.m. EST",16981,16980,14011,-2970
ISNE,"12/18/2017 12 p.m. EST",17123,16840,14175,-2948
ISNE,"12/18/2017 1 p.m. EST",17148,16670,14281,-2867
ISNE,"12/18/2017 2 p.m. EST",16808,16540,14181,-2627
ISNE,"12/18/2017 3 p.m. EST",16642,16480,13963,-2679
ISNE,"12/18/2017 4 p.m. EST",16827,16530,14221,-2606
ISNE,"12/18/2017 5 p.m. EST",17792,17630,14980,-2812
ISNE,"12/18/2017 6 p.m. EST",18514,18350,15649,-2865
ISNE,"12/18/2017 7 p.m. EST",18332,18230,15358,-2974
ISNE,"12/18/2017 8 p.m. EST",17854,17700,14735,-3119
ISNE,"12/18/2017 9 p.m. EST",17155,16970,14106,-3049
ISNE,"12/18/2017 10 p.m. EST",16033,15830,13243,-2790
ISNE,"12/18/2017 11 p.m. EST",14555,14370,11762,-2793
ISNE,"12/19/2017 12 a.m. EST",13190,13100,10200,-2990
ISNE,"12/19/2017 1 a.m. EST",12388,12300,9501,-2887
ISNE,"12/19/2017 2 a.m. EST",12469,11810,9513,-2956
ISNE,"12/19/2017 3 a.m. EST",12531,11560,9575,-2956
ISNE,"12/19/2017 4 a.m. EST",12611,11580,9631,-2980
ISNE,"12/19/2017 5 a.m. EST",12719,11920,9842,-2877
ISNE,"12/19/2017 6 a.m. EST",13456,12990,10533,-2923
ISNE,"12/19/2017 7 a.m. EST",14724,14820,11837,-2887
ISNE,"12/19/2017 8 a.m. EST",15737,15920,12806,-2931
ISNE,"12/19/2017 9 a.m. EST",15880,16030,13135,-2745
ISNE,"12/19/2017 10 a.m. EST",15855,15910,13083,-2772
ISNE,"12/19/2017 11 a.m. EST",15731,15540,13018,-2713
ISNE,"12/19/2017 12 p.m. EST",15344,15240,12665,-2679
ISNE,"12/19/2017 1 p.m. EST",15254,15110,12796,-2458
ISNE,"12/19/2017 2 p.m. EST",15199,15230,12427,-2772
ISNE,"12/19/2017 3 p.m. EST",15458,15320,12817,-2641
ISNE,"12/19/2017 4 p.m. EST",15749,15620,13298,-2451
ISNE,"12/19/2017 5 p.m. EST",16613,16780,13805,-2808
ISNE,"12/19/2017 6 p.m. EST",17413,17500,14370,-3043
ISNE,"12/19/2017 7 p.m. EST",17136,17310,14090,-3046
ISNE,"12/19/2017 8 p.m. EST",16719,16910,13739,-2980
ISNE,"12/19/2017 9 p.m. EST",16116,16380,13089,-3027
ISNE,"12/19/2017 10 p.m. EST",15272,15210,12266,-3006
ISNE,"12/19/2017 11 p.m. EST",14224,13750,11209,-3015
ISNE,"12/20/2017 12 a.m. EST",13280,12540,9989,-3291
ISNE,"12/20/2017 1 a.m. EST",12538,11750,9408,-3130
ISNE,"12/20/2017 2 a.m. EST",12480,11220,9535,-2945
ISNE,"12/20/2017 3 a.m. EST",12453,10980,9351,-3102
ISNE,"12/20/2017 4 a.m. EST",12447,11020,9275,-3172
ISNE,"12/20/2017 5 a.m. EST",12547,11440,9525,-3022
ISNE,"12/20/2017 6 a.m. EST",12566,12520,9868,-2698
ISNE,"12/20/2017 7 a.m. EST",14143,14350,11305,-2838
ISNE,"12/20/2017 8 a.m. EST",15229,15170,11857,-3372
ISNE,"12/20/2017 9 a.m. EST",15280,15180,11825,-3455
ISNE,"12/20/2017 10 a.m. EST",15055,15000,11454,-3601
ISNE,"12/20/2017 11 a.m. EST",14929,14800,11316,-3613
ISNE,"12/20/2017 12 p.m. EST",14713,14630,11311,-3402
ISNE,"12/20/2017 1 p.m. EST",14369,14570,11098,-3271
ISNE,"12/20/2017 2 p.m. EST",14507,14690,11203,-3304
ISNE,"12/20/2017 3 p.m. EST",14842,14860,11398,-3444
ISNE,"12/20/2017 4 p.m. EST",15371,15290,11870,-3501
ISNE,"12/20/2017 5 p.m. EST",16629,16670,12978,-3651
ISNE,"12/20/2017 6 p.m. EST",17637,17800,13942,-3695
ISNE,"12/20/2017 7 p.m. EST",17611,17690,13876,-3735
ISNE,"12/20/2017 8 p.m. EST",17347,17370,13781,-3566
ISNE,"12/20/2017 9 p.m. EST",16829,16810,13197,-3632
ISNE,"12/20/2017 10 p.m. EST",15934,15840,12391,-3543
ISNE,"12/20/2017 11 p.m. EST",14625,14380,11191,-3434
ISNE,"12/21/2017 12 a.m. EST",13589,13270,10090,-3499
ISNE,"12/21/2017 1 a.m. EST",12802,12410,9368,-3434
ISNE,"12/21/2017 2 a.m. EST",12521,11990,8930,-3591
ISNE,"12/21/2017 3 a.m. EST",12432,11840,8836,-3596
ISNE,"12/21/2017 4 a.m. EST",12489,11890,8969,-3520
ISNE,"12/21/2017 5 a.m. EST",12874,12290,9369,-3505
ISNE,"12/21/2017 6 a.m. EST",13631,13350,10217,-3414
ISNE,"12/21/2017 7 a.m. EST",15200,15170,11851,-3349
ISNE,"12/21/2017 8 a.m. EST",16244,16100,12911,-3333
ISNE,"12/21/2017 9 a.m. EST",16196,16050,12809,-3387
ISNE,"12/21/2017 10 a.m. EST",15695,15800,12127,-3568
ISNE,"12/21/2017 11 a.m. EST",15180,15540,11734,-3446
ISNE,"12/21/2017 12 p.m. EST",14875,15300,11422,-3453
ISNE,"12/21/2017 1 p.m. EST",14787,15120,11297,-3490
ISNE,"12/21/2017 2 p.m. EST",14846,15130,11377,-3469
ISNE,"12/21/2017 3 p.m. EST",15011,15240,11545,-3466
ISNE,"12/21/2017 4 p.m. EST",15658,15780,12293,-3365
ISNE,"12/21/2017 5 p.m. EST",16940,16990,13574,-3366
ISNE,"12/21/2017 6 p.m. EST",17969,18100,14694,-3275
ISNE,"12/21/2017 7 p.m. EST",17940,17920,14458,-3482
ISNE,"12/21/2017 8 p.m. EST",17634,17520,14022,-3612
ISNE,"12/21/2017 9 p.m. EST",17174,16980,13611,-3563
ISNE,"12/21/2017 10 p.m. EST",16298,16040,12794,-3504
ISNE,"12/21/2017 11 p.m. EST",15028,14720,11441,-3587
ISNE,"12/22/2017 12 a.m. EST",13751,13550,10170,-3581
ISNE,"12/22/2017 1 a.m. EST",12884,12700,9430,-3454
ISNE,"12/22/2017 2 a.m. EST",12524,12230,9032,-3492
ISNE,"12/22/2017 3 a.m. EST",12434,12020,8997,-3437
ISNE,"12/22/2017 4 a.m. EST",12419,12030,9005,-3414
ISNE,"12/22/2017 5 a.m. EST",12731,12380,9401,-3330
ISNE,"12/22/2017 6 a.m. EST",13390,13420,10207,-3183
ISNE,"12/22/2017 7 a.m. EST",14993,15090,12069,-2924
ISNE,"12/22/2017 8 a.m. EST",16192,16290,13121,-3071
ISNE,"12/22/2017 9 a.m. EST",16642,16510,13700,-2942
ISNE,"12/22/2017 10 a.m. EST",16849,16560,13656,-3193
ISNE,"12/22/2017 11 a.m. EST",16970,16650,14113,-2857
ISNE,"12/22/2017 12 p.m. EST",16970,16570,14064,-2906
ISNE,"12/22/2017 1 p.m. EST",16798,16520,13524,-3274
ISNE,"12/22/2017 2 p.m. EST",16778,16510,13416,-3362
ISNE,"12/22/2017 3 p.m. EST",16796,16430,13582,-3214
ISNE,"12/22/2017 4 p.m. EST",17009,16630,13794,-3215
ISNE,"12/22/2017 5 p.m. EST",17867,17610,14681,-3186
ISNE,"12/22/2017 6 p.m. EST",18368,18000,15418,-2950
ISNE,"12/22/2017 7 p.m. EST",17982,17720,14988,-2994
ISNE,"12/22/2017 8 p.m. EST",17377,17110,14158,-3219
ISNE,"12/22/2017 9 p.m. EST",16733,16490,13389,-3344
ISNE,"12/22/2017 10 p.m. EST",15863,15620,12590,-3273
ISNE,"12/22/2017 11 p.m. EST",14712,14480,11227,-3485
ISNE,"12/23/2017 12 a.m. EST",13672,13270,10140,-3532
ISNE,"12/23/2017 1 a.m. EST",12851,12640,9323,-3528
ISNE,"12/23/2017 2 a.m. EST",12332,12090,9039,-3293
ISNE,"12/23/2017 3 a.m. EST",12297,11790,8920,-3377
ISNE,"12/23/2017 4 a.m. EST",12243,11690,8816,-3427
ISNE,"12/23/2017 5 a.m. EST",12326,11780,8915,-3411
ISNE,"12/23/2017 6 a.m. EST",12546,12090,9160,-3386
ISNE,"12/23/2017 7 a.m. EST",13171,12680,9773,-3398
ISNE,"12/23/2017 8 a.m. EST",13847,13530,10512,-3335
ISNE,"12/23/2017 9 a.m. EST",14755,14550,11375,-3380
ISNE,"12/23/2017 10 a.m. EST",15569,15070,12164,-3405
ISNE,"12/23/2017 11 a.m. EST",16075,15260,12717,-3358
ISNE,"12/23/2017 12 p.m. EST",16298,15330,12940,-3358
ISNE,"12/23/2017 1 p.m. EST",16334,15190,12902,-3432
ISNE,"12/23/2017 2 p.m. EST",16119,14950,12736,-3383
ISNE,"12/23/2017 3 p.m. EST",15897,14720,12498,-3399
ISNE,"12/23/2017 4 p.m. EST",15908,14820,12420,-3488
ISNE,"12/23/2017 5 p.m. EST",16507,15780,12918,-3589
ISNE,"12/23/2017 6 p.m. EST",16800,16450,13089,-3711
ISNE,"12/23/2017 7 p.m. EST",16455,16000,12781,-3674
ISNE,"12/23/2017 8 p.m. EST",15966,15430,12370,-3596
ISNE,"12/23/2017 9 p.m. EST",15493,14990,11955,-3538
ISNE,"12/23/2017 10 p.m. EST",15193,14430,11621,-3572
ISNE,"12/23/2017 11 p.m. EST",14271,13610,10691,-3580
ISNE,"12/24/2017 12 a.m. EST",13262,12650,9645,-3617
ISNE,"12/24/2017 1 a.m. EST",12858,11810,9187,-3671
ISNE,"12/24/2017 2 a.m. EST",12788,11290,9136,-3652
ISNE,"12/24/2017 3 a.m. EST",12646,11030,9030,-3616
ISNE,"12/24/2017 4 a.m. EST",12540,10920,8924,-3616
ISNE,"12/24/2017 5 a.m. EST",12604,11080,8923,-3681
ISNE,"12/24/2017 6 a.m. EST",12752,11520,9091,-3661
ISNE,"12/24/2017 7 a.m. EST",13046,12260,9398,-3648
ISNE,"12/24/2017 8 a.m. EST",13473,13020,9946,-3527
ISNE,"12/24/2017 9 a.m. EST",13922,13970,10483,-3439
ISNE,"12/24/2017 10 a.m. EST",14077,14620,10671,-3406
ISNE,"12/24/2017 11 a.m. EST",14379,14920,10937,-3442
ISNE,"12/24/2017 12 p.m. EST",14443,15000,11005,-3438
ISNE,"12/24/2017 1 p.m. EST",14329,14910,10819,-3510
ISNE,"12/24/2017 2 p.m. EST",14211,14800,10616,-3595
ISNE,"12/24/2017 3 p.m. EST",14283,14650,10842,-3441
ISNE,"12/24/2017 4 p.m. EST",14500,14920,11111,-3389
ISNE,"12/24/2017 5 p.m. EST",15427,15920,12050,-3377
ISNE,"12/24/2017 6 p.m. EST",15861,16600,12407,-3454
ISNE,"12/24/2017 7 p.m. EST",15370,15900,11745,-3625
ISNE,"12/24/2017 8 p.m. EST",14849,15320,11307,-3542
ISNE,"12/24/2017 9 p.m. EST",14508,14850,10947,-3561
ISNE,"12/24/2017 10 p.m. EST",14175,14320,10671,-3504
ISNE,"12/24/2017 11 p.m. EST",13603,13520,10078,-3525
ISNE,"12/25/2017 12 a.m. EST",12976,12610,9518,-3458
ISNE,"12/25/2017 1 a.m. EST",12467,12020,8979,-3488
ISNE,"12/25/2017 2 a.m. EST",12222,11520,8813,-3409
ISNE,"12/25/2017 3 a.m. EST",12062,11250,8644,-3418
ISNE,"12/25/2017 4 a.m. EST",11988,11180,8673,-3315
ISNE,"12/25/2017 5 a.m. EST",12087,11210,8838,-3249
ISNE,"12/25/2017 6 a.m. EST",12093,11390,9002,-3091
ISNE,"12/25/2017 7 a.m. EST",12517,11820,9423,-3094
ISNE,"12/25/2017 8 a.m. EST",13047,12650,9897,-3150
ISNE,"12/25/2017 9 a.m. EST",13979,13660,10783,-3196
ISNE,"12/25/2017 10 a.m. EST",14689,14210,11494,-3195
ISNE,"12/25/2017 11 a.m. EST",14883,14460,11682,-3201
ISNE,"12/25/2017 12 p.m. EST",14846,14450,11726,-3120
ISNE,"12/25/2017 1 p.m. EST",14605,14260,11568,-3037
ISNE,"12/25/2017 2 p.m. EST",14313,14040,11248,-3065
ISNE,"12/25/2017 3 p.m. EST",14107,13870,11059,-3048
ISNE,"12/25/2017 4 p.m. EST",14181,13920,11051,-3130
ISNE,"12/25/2017 5 p.m. EST",14922,14920,11625,-3297
ISNE,"12/25/2017 6 p.m. EST",15545,15700,12223,-3322
ISNE,"12/25/2017 7 p.m. EST",15433,15650,12084,-3349
ISNE,"12/25/2017 8 p.m. EST",15295,15370,11934,-3361
ISNE,"12/25/2017 9 p.m. EST",15090,15240,11760,-3330
ISNE,"12/25/2017 10 p.m. EST",14621,14710,11339,-3282
ISNE,"12/25/2017 11 p.m. EST",13829,13870,10457,-3372
ISNE,"12/26/2017 12 a.m. EST",13186,12910,9810,-3376
ISNE,"12/26/2017 1 a.m. EST",12672,12180,9283,-3389
ISNE,"12/26/2017 2 a.m. EST",12856,11770,9437,-3419
ISNE,"12/26/2017 3 a.m. EST",13085,11660,9664,-3421
ISNE,"12/26/2017 4 a.m. EST",13111,11710,9737,-3374
ISNE,"12/26/2017 5 a.m. EST",13197,12110,9960,-3237
ISNE,"12/26/2017 6 a.m. EST",13594,13260,10297,-3297
ISNE,"12/26/2017 7 a.m. EST",14299,15200,11050,-3249
ISNE,"12/26/2017 8 a.m. EST",15204,16360,11980,-3224
ISNE,"12/26/2017 9 a.m. EST",15815,16300,12656,-3159
ISNE,"12/26/2017 10 a.m. EST",15822,15860,12749,-3073
ISNE,"12/26/2017 11 a.m. EST",16018,15650,12934,-3084
ISNE,"12/26/2017 12 p.m. EST",16185,15580,13150,-3035
ISNE,"12/26/2017 1 p.m. EST",16070,15520,12945,-3125
ISNE,"12/26/2017 2 p.m. EST",15932,15580,12633,-3299
ISNE,"12/26/2017 3 p.m. EST",15996,15850,12734,-3262
ISNE,"12/26/2017 4 p.m. EST",16340,16390,13064,-3276
ISNE,"12/26/2017 5 p.m. EST",17509,17700,14068,-3441
ISNE,"12/26/2017 6 p.m. EST",18608,18700,15337,-3271
ISNE,"12/26/2017 7 p.m. EST",18500,18680,15149,-3351
ISNE,"12/26/2017 8 p.m. EST",18112,18340,14787,-3325
ISNE,"12/26/2017 9 p.m. EST",17561,17820,14203,-3358
ISNE,"12/26/2017 10 p.m. EST",16693,16870,13346,-3347
ISNE,"12/26/2017 11 p.m. EST",15807,15500,12236,-3571
ISNE,"12/27/2017 12 a.m. EST",14945,14200,11426,-3519
ISNE,"12/27/2017 1 a.m. EST",14133,13740,10537,-3596
ISNE,"12/27/2017 2 a.m. EST",13649,13360,10249,-3400
ISNE,"12/27/2017 3 a.m. EST",13550,13200,10146,-3404
ISNE,"12/27/2017 4 a.m. EST",13769,13280,10372,-3397
ISNE,"12/27/2017 5 a.m. EST",13854,13620,10594,-3260
ISNE,"12/27/2017 6 a.m. EST",14415,14400,11267,-3148
ISNE,"12/27/2017 7 a.m. EST",15690,15440,12584,-3106
ISNE,"12/27/2017 8 a.m. EST",16742,16370,13526,-3216
ISNE,"12/27/2017 9 a.m. EST",17244,16960,14081,-3163
ISNE,"12/27/2017 10 a.m. EST",17296,17150,14019,-3277
ISNE,"12/27/2017 11 a.m. EST",17178,17010,14033,-3145
ISNE,"12/27/2017 12 p.m. EST",16985,16890,13749,-3236
ISNE,"12/27/2017 1 p.m. EST",16815,16650,13480,-3335
ISNE,"12/27/2017 2 p.m. EST",16812,16680,13553,-3259
ISNE,"12/27/2017 3 p.m. EST",16959,16610,13575,-3384
ISNE,"12/27/2017 4 p.m. EST",17347,17130,14078,-3269
ISNE,"12/27/2017 5 p.m. EST",18435,18220,15032,-3403
ISNE,"12/27/2017 6 p.m. EST",19522,19300,16155,-3367
ISNE,"12/27/2017 7 p.m. EST",19457,19230,16064,-3393
ISNE,"12/27/2017 8 p.m. EST",19080,18790,15542,-3538
ISNE,"12/27/2017 9 p.m. EST",18544,18240,15099,-3445
ISNE,"12/27/2017 10 p.m. EST",17647,17350,14326,-3321
ISNE,"12/27/2017 11 p.m. EST",16811,16120,13597,-3214
ISNE,"12/28/2017 12 a.m. EST",15993,15000,12483,-3510
ISNE,"12/28/2017 1 a.m. EST",15347,14520,12153,-3194
ISNE,"12/28/2017 2 a.m. EST",14983,14160,11875,-3108
ISNE,"12/28/2017 3 a.m. EST",15058,14030,12123,-2935
ISNE,"12/28/2017 4 a.m. EST",14959,14100,12024,-2935
ISNE,"12/28/2017 5 a.m. EST",15210,14430,12321,-2889
ISNE,"12/28/2017 6 a.m. EST",15540,15360,12908,-2632
ISNE,"12/28/2017 7 a.m. EST",16490,16930,13905,-2585
ISNE,"12/28/2017 8 a.m. EST",17523,17850,15220,-2303
ISNE,"12/28/2017 9 a.m. EST",18071,18550,15726,-2345
ISNE,"12/28/2017 10 a.m. EST",18238,18520,15951,-2287
ISNE,"12/28/2017 11 a.m. EST",18213,18450,16067,-2146
ISNE,"12/28/2017 12 p.m. EST",18108,18150,16003,-2105
ISNE,"12/28/2017 1 p.m. EST",17961,18250,15687,-2274
ISNE,"12/28/2017 2 p.m. EST",17936,18210,15341,-2595
ISNE,"12/28/2017 3 p.m. EST",18063,17890,15589,-2474
ISNE,"12/28/2017 4 p.m. EST",18447,18650,16162,-2285
ISNE,"12/28/2017 5 p.m. EST",19550,19310,17103,-2447
ISNE,"12/28/2017 6 p.m. EST",20523,20400,18328,-2195
ISNE,"12/28/2017 7 p.m. EST",20418,20400,18430,-1988
ISNE,"12/28/2017 8 p.m. EST",20015,19970,17700,-2315
ISNE,"12/28/2017 9 p.m. EST",19429,19350,16831,-2598
ISNE,"12/28/2017 10 p.m. EST",18612,18400,16071,-2541
ISNE,"12/28/2017 11 p.m. EST",17523,17000,14774,-2749
ISNE,"12/29/2017 12 a.m. EST",16388,15940,13420,-2968
ISNE,"12/29/2017 1 a.m. EST",15514,15320,12677,-2837
ISNE,"12/29/2017 2 a.m. EST",15402,14860,12421,-2981
ISNE,"12/29/2017 3 a.m. EST",15229,14680,12344,-2885
ISNE,"12/29/2017 4 a.m. EST",15481,14670,12437,-3044
ISNE,"12/29/2017 5 a.m. EST",15540,14950,12557,-2983
ISNE,"12/29/2017 6 a.m. EST",15984,15800,12975,-3009
ISNE,"12/29/2017 7 a.m. EST",16738,17040,13832,-2906
ISNE,"12/29/2017 8 a.m. EST",17737,18130,14917,-2820
ISNE,"12/29/2017 9 a.m. EST",18395,18450,15416,-2979
ISNE,"12/29/2017 10 a.m. EST",18742,18430,15744,-2998
ISNE,"12/29/2017 11 a.m. EST",18709,18350,15735,-2974
ISNE,"12/29/2017 12 p.m. EST",18583,18140,15659,-2924
ISNE,"12/29/2017 1 p.m. EST",18316,18020,15393,-2923
ISNE,"12/29/2017 2 p.m. EST",18037,17920,15005,-3032
ISNE,"12/29/2017 3 p.m. EST",17951,17830,14889,-3062
ISNE,"12/29/2017 4 p.m. EST",18161,18230,15012,-3149
ISNE,"12/29/2017 5 p.m. EST",19125,19030,15970,-3155
ISNE,"12/29/2017 6 p.m. EST",20014,20030,16928,-3086
ISNE,"12/29/2017 7 p.m. EST",19825,19790,16702,-3123
ISNE,"12/29/2017 8 p.m. EST",19397,19280,16193,-3204
ISNE,"12/29/2017 9 p.m. EST",18874,18640,15761,-3113
ISNE,"12/29/2017 10 p.m. EST",18098,17860,15229,-2869
ISNE,"12/29/2017 11 p.m. EST",17039,16800,14283,-2756
ISNE,"12/30/2017 12 a.m. EST",15967,15720,13121,-2846
ISNE,"12/30/2017 1 a.m. EST",15324,15040,12606,-2718
ISNE,"12/30/2017 2 a.m. EST",15523,14540,12772,-2751
ISNE,"12/30/2017 3 a.m. EST",15706,14320,12637,-3069
ISNE,"12/30/2017 4 a.m. EST",15602,14240,12854,-2748
ISNE,"12/30/2017 5 a.m. EST",15589,14260,12807,-2782
ISNE,"12/30/2017 6 a.m. EST",15490,14480,12805,-2685
ISNE,"12/30/2017 7 a.m. EST",15746,15050,13083,-2663
ISNE,"12/30/2017 8 a.m. EST",16359,15700,13825,-2534
ISNE,"12/30/2017 9 a.m. EST",16994,16980,14304,-2690
ISNE,"12/30/2017 10 a.m. EST",17619,17210,14822,-2797
ISNE,"12/30/2017 11 a.m. EST",17940,17220,15149,-2791
ISNE,"12/30/2017 12 p.m. EST",17972,17040,15080,-2892
ISNE,"12/30/2017 1 p.m. EST",17839,16930,14783,-3056
ISNE,"12/30/2017 2 p.m. EST",17591,16750,14706,-2885
ISNE,"12/30/2017 3 p.m. EST",17377,16710,14574,-2803
ISNE,"12/30/2017 4 p.m. EST",17433,17130,14574,-2859
ISNE,"12/30/2017 5 p.m. EST",18260,18050,15465,-2795
ISNE,"12/30/2017 6 p.m. EST",19097,19030,16284,-2813
ISNE,"12/30/2017 7 p.m. EST",18947,18560,16052,-2895
ISNE,"12/30/2017 8 p.m. EST",18554,18070,15788,-2766
ISNE,"12/30/2017 9 p.m. EST",18113,17510,15336,-2777
ISNE,"12/30/2017 10 p.m. EST",17451,16840,14585,-2866
ISNE,"12/30/2017 11 p.m. EST",16735,15840,13848,-2887
ISNE,"12/31/2017 12 a.m. EST",16006,14910,12868,-3138
ISNE,"12/31/2017 1 a.m. EST",15325,14780,12086,-3239
ISNE,"12/31/2017 2 a.m. EST",15203,14250,12127,-3076
ISNE,"12/31/2017 3 a.m. EST",15589,13980,12527,-3062
ISNE,"12/31/2017 4 a.m. EST",15643,14100,12580,-3063
ISNE,"12/31/2017 5 a.m. EST",15454,14180,12488,-2966
ISNE,"12/31/2017 6 a.m. EST",15690,14620,12641,-3049
ISNE,"12/31/2017 7 a.m. EST",15976,14980,13029,-2947
ISNE,"12/31/2017 8 a.m. EST",15910,15470,12982,-2928
ISNE,"12/31/2017 9 a.m. EST",16439,16520,13689,-2750
ISNE,"12/31/2017 10 a.m. EST",17009,17110,14240,-2769
ISNE,"12/31/2017 11 a.m. EST",17285,17150,14544,-2741
ISNE,"12/31/2017 12 p.m. EST",17461,17110,14716,-2745
ISNE,"12/31/2017 1 p.m. EST",17618,17060,15069,-2549
ISNE,"12/31/2017 2 p.m. EST",17712,17080,15042,-2670
ISNE,"12/31/2017 3 p.m. EST",17840,17040,15142,-2698
ISNE,"12/31/2017 4 p.m. EST",18063,17510,15482,-2581
ISNE,"12/31/2017 5 p.m. EST",18967,19110,16192,-2775
ISNE,"12/31/2017 6 p.m. EST",19860,19980,16944,-2916
ISNE,"12/31/2017 7 p.m. EST",19561,20450,16724,-2837
ISNE,"12/31/2017 8 p.m. EST",18932,19480,16295,-2637
ISNE,"12/31/2017 9 p.m. EST",18310,19130,15603,-2707
ISNE,"12/31/2017 10 p.m. EST",17651,18110,15008,-2643
ISNE,"12/31/2017 11 p.m. EST",17005,16920,14581,-2424
ISNE,"1/1/2018 12 a.m. EST",16575,15900,13924,-2651
