"BA Code","Timestamp (Hour Ending)","Demand (MWh)","Demand Forecast (MWh)","Net Generation (MWh)","Total Interchange (MWh)"
ISNE,"3/1/2019 12 a.m. EST",13829,13570,10652,-3177
ISNE,"3/1/2019 1 a.m. EST",13304,13030,10581,-2723
ISNE,"3/1/2019 2 a.m. EST",12969,12690,10240,-2729
ISNE,"3/1/2019 3 a.m. EST",12826,12540,10145,-2681
ISNE,"3/1/2019 4 a.m. EST",12908,12550,10300,-2608
ISNE,"3/1/2019 5 a.m. EST",13416,12910,10908,-2508
ISNE,"3/1/2019 6 a.m. EST",14143,13920,11775,-2368
ISNE,"3/1/2019 7 a.m. EST",15471,15480,13267,-2204
ISNE,"3/1/2019 8 a.m. EST",16323,16310,14162,-2161
ISNE,"3/1/2019 9 a.m. EST",16203,16160,14058,-2145
ISNE,"3/1/2019 10 a.m. EST",15521,15580,13212,-2309
ISNE,"3/1/2019 11 a.m. EST",15071,14960,12852,-2219
ISNE,"3/1/2019 12 p.m. EST",14544,14400,12200,-2344
ISNE,"3/1/2019 1 p.m. EST",14566,14200,12169,-2397
ISNE,"3/1/2019 2 p.m. EST",14345,14070,11971,-2374
ISNE,"3/1/2019 3 p.m. EST",14703,14020,12322,-2381
ISNE,"3/1/2019 4 p.m. EST",15178,14210,12724,-2454
ISNE,"3/1/2019 5 p.m. EST",15401,14860,12919,-2482
ISNE,"3/1/2019 6 p.m. EST",15717,15740,13209,-2508
ISNE,"3/1/2019 7 p.m. EST",16147,16090,13635,-2512
ISNE,"3/1/2019 8 p.m. EST",15811,15850,13281,-2530
ISNE,"3/1/2019 9 p.m. EST",15339,15310,12753,-2586
ISNE,"3/1/2019 10 p.m. EST",14662,14600,12018,-2644
ISNE,"3/1/2019 11 p.m. EST",13912,13640,11252,-2660
ISNE,"3/2/2019 12 a.m. EST",13094,12730,10365,-2729
ISNE,"3/2/2019 1 a.m. EST",12424,12130,9635,-2789
ISNE,"3/2/2019 2 a.m. EST",12076,11730,9293,-2783
ISNE,"3/2/2019 3 a.m. EST",12062,11540,9327,-2735
ISNE,"3/2/2019 4 a.m. EST",11995,11470,9370,-2625
ISNE,"3/2/2019 5 a.m. EST",12089,11570,9571,-2518
ISNE,"3/2/2019 6 a.m. EST",12457,11960,10039,-2418
ISNE,"3/2/2019 7 a.m. EST",12759,12650,10466,-2293
ISNE,"3/2/2019 8 a.m. EST",13395,13400,11074,-2321
ISNE,"3/2/2019 9 a.m. EST",14225,14220,11863,-2362
ISNE,"3/2/2019 10 a.m. EST",14739,14640,12466,-2273
ISNE,"3/2/2019 11 a.m. EST",14890,14610,12634,-2256
ISNE,"3/2/2019 12 p.m. EST",14881,14500,12544,-2337
ISNE,"3/2/2019 1 p.m. EST",14723,14360,12212,-2511
ISNE,"3/2/2019 2 p.m. EST",14751,14140,12059,-2692
ISNE,"3/2/2019 3 p.m. EST",14687,14130,11989,-2698
ISNE,"3/2/2019 4 p.m. EST",14697,14470,12078,-2619
ISNE,"3/2/2019 5 p.m. EST",14945,15110,12384,-2561
ISNE,"3/2/2019 6 p.m. EST",15329,15630,12885,-2444
ISNE,"3/2/2019 7 p.m. EST",15656,15700,13216,-2440
ISNE,"3/2/2019 8 p.m. EST",15200,15090,12697,-2503
ISNE,"3/2/2019 9 p.m. EST",14639,14610,12082,-2557
ISNE,"3/2/2019 10 p.m. EST",13980,14010,11274,-2706
ISNE,"3/2/2019 11 p.m. EST",13175,13260,10404,-2771
ISNE,"3/3/2019 12 a.m. EST",12418,12520,9652,-2766
ISNE,"3/3/2019 1 a.m. EST",12032,11730,9244,-2788
ISNE,"3/3/2019 2 a.m. EST",11898,11350,9095,-2803
ISNE,"3/3/2019 3 a.m. EST",11956,11160,9165,-2791
ISNE,"3/3/2019 4 a.m. EST",11915,11090,9170,-2745
ISNE,"3/3/2019 5 a.m. EST",12016,11200,9338,-2678
ISNE,"3/3/2019 6 a.m. EST",11909,11550,9359,-2550
ISNE,"3/3/2019 7 a.m. EST",12295,12040,9733,-2562
ISNE,"3/3/2019 8 a.m. EST",12469,12450,10082,-2387
ISNE,"3/3/2019 9 a.m. EST",12675,12650,10325,-2350
ISNE,"3/3/2019 10 a.m. EST",12639,12590,10195,-2444
ISNE,"3/3/2019 11 a.m. EST",12758,12650,10243,-2515
ISNE,"3/3/2019 12 p.m. EST",12988,12430,10376,-2612
ISNE,"3/3/2019 1 p.m. EST",12774,12570,10100,-2674
ISNE,"3/3/2019 2 p.m. EST",12669,12390,9994,-2675
ISNE,"3/3/2019 3 p.m. EST",12868,12400,10167,-2701
ISNE,"3/3/2019 4 p.m. EST",13277,12760,10655,-2622
ISNE,"3/3/2019 5 p.m. EST",13822,13720,11345,-2477
ISNE,"3/3/2019 6 p.m. EST",14980,14720,12657,-2323
ISNE,"3/3/2019 7 p.m. EST",15481,15400,13174,-2307
ISNE,"3/3/2019 8 p.m. EST",15112,15100,12774,-2338
ISNE,"3/3/2019 9 p.m. EST",14534,14660,11971,-2563
ISNE,"3/3/2019 10 p.m. EST",13762,13850,10991,-2771
ISNE,"3/3/2019 11 p.m. EST",12870,12890,10101,-2769
ISNE,"3/4/2019 12 a.m. EST",12053,12020,9263,-2790
ISNE,"3/4/2019 1 a.m. EST",11740,11490,8921,-2819
ISNE,"3/4/2019 2 a.m. EST",11856,11210,9030,-2826
ISNE,"3/4/2019 3 a.m. EST",11878,11090,9215,-2663
ISNE,"3/4/2019 4 a.m. EST",12278,11160,9569,-2709
ISNE,"3/4/2019 5 a.m. EST",12791,11480,10125,-2666
ISNE,"3/4/2019 6 a.m. EST",13333,12250,10930,-2403
ISNE,"3/4/2019 7 a.m. EST",13972,13290,11682,-2290
ISNE,"3/4/2019 8 a.m. EST",14425,14100,12007,-2418
ISNE,"3/4/2019 9 a.m. EST",15040,14770,12662,-2378
ISNE,"3/4/2019 10 a.m. EST",15406,15150,12996,-2410
ISNE,"3/4/2019 11 a.m. EST",15288,15140,12947,-2341
ISNE,"3/4/2019 12 p.m. EST",15175,15050,12781,-2394
ISNE,"3/4/2019 1 p.m. EST",15044,14810,12651,-2393
ISNE,"3/4/2019 2 p.m. EST",15082,14620,12671,-2411
ISNE,"3/4/2019 3 p.m. EST",15144,14440,12717,-2427
ISNE,"3/4/2019 4 p.m. EST",15197,14400,12815,-2382
ISNE,"3/4/2019 5 p.m. EST",15461,14820,13087,-2374
ISNE,"3/4/2019 6 p.m. EST",16171,15760,13814,-2357
ISNE,"3/4/2019 7 p.m. EST",16826,16600,14627,-2199
ISNE,"3/4/2019 8 p.m. EST",16466,16370,14230,-2236
ISNE,"3/4/2019 9 p.m. EST",15858,15920,13444,-2414
ISNE,"3/4/2019 10 p.m. EST",14932,15060,12510,-2422
ISNE,"3/4/2019 11 p.m. EST",14053,13940,11557,-2496
ISNE,"3/5/2019 12 a.m. EST",13217,13010,10528,-2689
ISNE,"3/5/2019 1 a.m. EST",12725,12410,10169,-2556
ISNE,"3/5/2019 2 a.m. EST",12929,12170,10215,-2714
ISNE,"3/5/2019 3 a.m. EST",12966,12130,10255,-2711
ISNE,"3/5/2019 4 a.m. EST",13073,12250,10437,-2636
ISNE,"3/5/2019 5 a.m. EST",13128,12710,10598,-2530
ISNE,"3/5/2019 6 a.m. EST",13825,13850,11353,-2472
ISNE,"3/5/2019 7 a.m. EST",15470,15480,13197,-2273
ISNE,"3/5/2019 8 a.m. EST",16019,15990,13611,-2408
ISNE,"3/5/2019 9 a.m. EST",15603,15550,13122,-2481
ISNE,"3/5/2019 10 a.m. EST",15174,15160,12562,-2612
ISNE,"3/5/2019 11 a.m. EST",14892,14570,12332,-2560
ISNE,"3/5/2019 12 p.m. EST",14598,14180,11950,-2648
ISNE,"3/5/2019 1 p.m. EST",14313,13800,11663,-2650
ISNE,"3/5/2019 2 p.m. EST",14176,13730,11485,-2691
ISNE,"3/5/2019 3 p.m. EST",14113,13920,11483,-2630
ISNE,"3/5/2019 4 p.m. EST",14412,14290,11859,-2553
ISNE,"3/5/2019 5 p.m. EST",15171,15030,12812,-2359
ISNE,"3/5/2019 6 p.m. EST",16292,16070,14014,-2278
ISNE,"3/5/2019 7 p.m. EST",17150,17000,14898,-2252
ISNE,"3/5/2019 8 p.m. EST",16911,16650,14697,-2214
ISNE,"3/5/2019 9 p.m. EST",16372,16110,14032,-2340
ISNE,"3/5/2019 10 p.m. EST",15453,15150,13049,-2404
ISNE,"3/5/2019 11 p.m. EST",14305,14060,11805,-2500
ISNE,"3/6/2019 12 a.m. EST",13557,13000,11006,-2551
ISNE,"3/6/2019 1 a.m. EST",12948,12650,10496,-2452
ISNE,"3/6/2019 2 a.m. EST",12678,12380,10301,-2377
ISNE,"3/6/2019 3 a.m. EST",12588,12300,10238,-2350
ISNE,"3/6/2019 4 a.m. EST",12682,12400,10366,-2316
ISNE,"3/6/2019 5 a.m. EST",13127,12860,10919,-2208
ISNE,"3/6/2019 6 a.m. EST",14229,13990,12015,-2214
ISNE,"3/6/2019 7 a.m. EST",15793,15590,13672,-2121
ISNE,"3/6/2019 8 a.m. EST",16070,16060,13957,-2113
ISNE,"3/6/2019 9 a.m. EST",15776,15580,13542,-2234
ISNE,"3/6/2019 10 a.m. EST",15451,15190,13311,-2140
ISNE,"3/6/2019 11 a.m. EST",15273,14830,13130,-2143
ISNE,"3/6/2019 12 p.m. EST",15233,14510,13083,-2150
ISNE,"3/6/2019 1 p.m. EST",15191,14460,13015,-2176
ISNE,"3/6/2019 2 p.m. EST",15081,14530,12799,-2282
ISNE,"3/6/2019 3 p.m. EST",15160,14740,12809,-2351
ISNE,"3/6/2019 4 p.m. EST",15486,15040,13234,-2252
ISNE,"3/6/2019 5 p.m. EST",16087,15810,13826,-2261
ISNE,"3/6/2019 6 p.m. EST",17038,16850,14739,-2299
ISNE,"3/6/2019 7 p.m. EST",17752,17600,15463,-2289
ISNE,"3/6/2019 8 p.m. EST",17508,17360,15088,-2420
ISNE,"3/6/2019 9 p.m. EST",17038,16780,14631,-2407
ISNE,"3/6/2019 10 p.m. EST",16145,15890,13625,-2520
ISNE,"3/6/2019 11 p.m. EST",14990,14710,12244,-2746
ISNE,"3/7/2019 12 a.m. EST",14059,13720,11289,-2770
ISNE,"3/7/2019 1 a.m. EST",14000,13460,11332,-2668
ISNE,"3/7/2019 2 a.m. EST",13737,13190,11113,-2624
ISNE,"3/7/2019 3 a.m. EST",13656,13120,11101,-2555
ISNE,"3/7/2019 4 a.m. EST",13773,13240,11329,-2444
ISNE,"3/7/2019 5 a.m. EST",14168,13650,11848,-2320
ISNE,"3/7/2019 6 a.m. EST",14793,14750,12562,-2231
ISNE,"3/7/2019 7 a.m. EST",16335,16360,14102,-2233
ISNE,"3/7/2019 8 a.m. EST",16907,16900,14893,-2014
ISNE,"3/7/2019 9 a.m. EST",16454,16430,14263,-2191
ISNE,"3/7/2019 10 a.m. EST",15810,15970,13493,-2317
ISNE,"3/7/2019 11 a.m. EST",15425,15570,13099,-2326
ISNE,"3/7/2019 12 p.m. EST",15164,15250,12751,-2413
ISNE,"3/7/2019 1 p.m. EST",15064,15110,12578,-2486
ISNE,"3/7/2019 2 p.m. EST",15320,15000,12922,-2398
ISNE,"3/7/2019 3 p.m. EST",15390,14880,12922,-2468
ISNE,"3/7/2019 4 p.m. EST",15672,15050,13305,-2367
ISNE,"3/7/2019 5 p.m. EST",16033,15700,13787,-2246
ISNE,"3/7/2019 6 p.m. EST",16902,16730,14787,-2115
ISNE,"3/7/2019 7 p.m. EST",17562,17400,15507,-2055
ISNE,"3/7/2019 8 p.m. EST",17329,17210,15215,-2114
ISNE,"3/7/2019 9 p.m. EST",16868,16720,14740,-2128
ISNE,"3/7/2019 10 p.m. EST",15993,15830,13785,-2208
ISNE,"3/7/2019 11 p.m. EST",14952,14670,12385,-2567
ISNE,"3/8/2019 12 a.m. EST",14263,13680,11660,-2603
ISNE,"3/8/2019 1 a.m. EST",13785,13110,11207,-2578
ISNE,"3/8/2019 2 a.m. EST",13479,12760,11043,-2436
ISNE,"3/8/2019 3 a.m. EST",13429,12660,10990,-2439
ISNE,"3/8/2019 4 a.m. EST",13526,12740,11098,-2428
ISNE,"3/8/2019 5 a.m. EST",13587,13040,11349,-2238
ISNE,"3/8/2019 6 a.m. EST",14433,14080,12239,-2194
ISNE,"3/8/2019 7 a.m. EST",15965,15620,13798,-2167
ISNE,"3/8/2019 8 a.m. EST",16395,16190,14109,-2286
ISNE,"3/8/2019 9 a.m. EST",15822,15790,13437,-2385
ISNE,"3/8/2019 10 a.m. EST",15190,15150,12922,-2268
ISNE,"3/8/2019 11 a.m. EST",14782,14690,12540,-2242
ISNE,"3/8/2019 12 p.m. EST",14640,14270,12421,-2219
ISNE,"3/8/2019 1 p.m. EST",14422,14010,12286,-2136
ISNE,"3/8/2019 2 p.m. EST",14558,13870,12157,-2401
ISNE,"3/8/2019 3 p.m. EST",14582,14000,12156,-2426
ISNE,"3/8/2019 4 p.m. EST",15057,14130,12661,-2396
ISNE,"3/8/2019 5 p.m. EST",14980,14660,12606,-2374
ISNE,"3/8/2019 6 p.m. EST",15689,15510,13180,-2509
ISNE,"3/8/2019 7 p.m. EST",16361,16070,13935,-2426
ISNE,"3/8/2019 8 p.m. EST",16077,15770,13669,-2408
ISNE,"3/8/2019 9 p.m. EST",15576,15280,13130,-2446
ISNE,"3/8/2019 10 p.m. EST",14897,14760,12319,-2578
ISNE,"3/8/2019 11 p.m. EST",14245,13880,11432,-2813
ISNE,"3/9/2019 12 a.m. EST",13347,13000,10522,-2825
ISNE,"3/9/2019 1 a.m. EST",12740,12400,9820,-2920
ISNE,"3/9/2019 2 a.m. EST",12601,12020,9690,-2911
ISNE,"3/9/2019 3 a.m. EST",12780,11790,9877,-2903
ISNE,"3/9/2019 4 a.m. EST",12809,11710,9901,-2908
ISNE,"3/9/2019 5 a.m. EST",12876,11890,10046,-2830
ISNE,"3/9/2019 6 a.m. EST",12700,12230,10062,-2638
ISNE,"3/9/2019 7 a.m. EST",13250,12710,10631,-2619
ISNE,"3/9/2019 8 a.m. EST",13504,13170,10851,-2653
ISNE,"3/9/2019 9 a.m. EST",13411,13280,10803,-2608
ISNE,"3/9/2019 10 a.m. EST",13152,13130,10480,-2672
ISNE,"3/9/2019 11 a.m. EST",13196,12800,10556,-2640
ISNE,"3/9/2019 12 p.m. EST",13257,12520,10556,-2701
ISNE,"3/9/2019 1 p.m. EST",12998,12190,10255,-2743
ISNE,"3/9/2019 2 p.m. EST",12837,11880,10034,-2803
ISNE,"3/9/2019 3 p.m. EST",12761,11690,9990,-2771
ISNE,"3/9/2019 4 p.m. EST",13060,11880,10336,-2724
ISNE,"3/9/2019 5 p.m. EST",13180,12710,10468,-2712
ISNE,"3/9/2019 6 p.m. EST",13884,13720,11282,-2602
ISNE,"3/9/2019 7 p.m. EST",14770,14540,12227,-2543
ISNE,"3/9/2019 8 p.m. EST",14591,14260,12046,-2545
ISNE,"3/9/2019 9 p.m. EST",14241,13990,11650,-2591
ISNE,"3/9/2019 10 p.m. EST",13709,13540,11099,-2610
ISNE,"3/9/2019 11 p.m. EST",13316,13000,10609,-2707
ISNE,"3/10/2019 12 a.m. EST",12775,12280,10118,-2657
ISNE,"3/10/2019 1 a.m. EST",12224,11680,9638,-2586
ISNE,"3/10/2019 3 a.m. EDT",11850,11320,9270,-2580
ISNE,"3/10/2019 4 a.m. EDT",11684,11150,9178,-2506
ISNE,"3/10/2019 5 a.m. EDT",11768,11160,9455,-2313
ISNE,"3/10/2019 6 a.m. EDT",12123,11300,9892,-2231
ISNE,"3/10/2019 7 a.m. EDT",12535,11700,10287,-2248
ISNE,"3/10/2019 8 a.m. EDT",13018,12250,10766,-2252
ISNE,"3/10/2019 9 a.m. EDT",13379,12830,11270,-2109
ISNE,"3/10/2019 10 a.m. EDT",14005,13980,11790,-2215
ISNE,"3/10/2019 11 a.m. EDT",14643,14460,12312,-2331
ISNE,"3/10/2019 12 p.m. EDT",15066,14830,12693,-2373
ISNE,"3/10/2019 1 p.m. EDT",15290,14900,12878,-2412
ISNE,"3/10/2019 2 p.m. EDT",15249,14970,12865,-2384
ISNE,"3/10/2019 3 p.m. EDT",15074,14980,12402,-2672
ISNE,"3/10/2019 4 p.m. EDT",14945,15000,12304,-2641
ISNE,"3/10/2019 5 p.m. EDT",15033,15100,12547,-2486
ISNE,"3/10/2019 6 p.m. EDT",15303,15250,12712,-2591
ISNE,"3/10/2019 7 p.m. EDT",15556,15270,12981,-2575
ISNE,"3/10/2019 8 p.m. EDT",15651,15380,13092,-2559
ISNE,"3/10/2019 9 p.m. EDT",15098,14330,12529,-2569
ISNE,"3/10/2019 10 p.m. EDT",14205,13470,11352,-2853
ISNE,"3/10/2019 11 p.m. EDT",13260,12440,10357,-2903
ISNE,"3/11/2019 12 a.m. EDT",12225,11590,9290,-2935
ISNE,"3/11/2019 1 a.m. EDT",11925,11380,8974,-2951
ISNE,"3/11/2019 2 a.m. EDT",11852,11020,8927,-2925
ISNE,"3/11/2019 3 a.m. EDT",11936,10870,9014,-2922
ISNE,"3/11/2019 4 a.m. EDT",11923,10880,9017,-2906
ISNE,"3/11/2019 5 a.m. EDT",12008,11240,9103,-2905
ISNE,"3/11/2019 6 a.m. EDT",12528,12030,9822,-2706
ISNE,"3/11/2019 7 a.m. EDT",13874,13650,11303,-2571
ISNE,"3/11/2019 8 a.m. EDT",14824,14440,12237,-2587
ISNE,"3/11/2019 9 a.m. EDT",14631,14140,12057,-2574
ISNE,"3/11/2019 10 a.m. EDT",14112,14100,11623,-2489
ISNE,"3/11/2019 11 a.m. EDT",13696,13470,11486,-2210
ISNE,"3/11/2019 12 p.m. EDT",13344,13180,11224,-2120
ISNE,"3/11/2019 1 p.m. EDT",12960,13040,10797,-2163
ISNE,"3/11/2019 2 p.m. EDT",12934,12870,10734,-2200
ISNE,"3/11/2019 3 p.m. EDT",13077,12740,10810,-2267
ISNE,"3/11/2019 4 p.m. EDT",13325,12810,11005,-2320
ISNE,"3/11/2019 5 p.m. EDT",13627,13160,11371,-2256
ISNE,"3/11/2019 6 p.m. EDT",13978,14020,11605,-2373
ISNE,"3/11/2019 7 p.m. EDT",14793,14770,12231,-2562
ISNE,"3/11/2019 8 p.m. EDT",15389,15200,12959,-2430
ISNE,"3/11/2019 9 p.m. EDT",15034,14770,12446,-2588
ISNE,"3/11/2019 10 p.m. EDT",14188,13930,11660,-2528
ISNE,"3/11/2019 11 p.m. EDT",13081,12820,10349,-2732
ISNE,"3/12/2019 12 a.m. EDT",12108,11840,9704,-2404
ISNE,"3/12/2019 1 a.m. EDT",12004,11170,9179,-2825
ISNE,"3/12/2019 2 a.m. EDT",11910,10890,9051,-2859
ISNE,"3/12/2019 3 a.m. EDT",11782,10850,9028,-2754
ISNE,"3/12/2019 4 a.m. EDT",11822,11020,9172,-2650
ISNE,"3/12/2019 5 a.m. EDT",12097,11440,9458,-2639
ISNE,"3/12/2019 6 a.m. EDT",12387,12480,9916,-2471
ISNE,"3/12/2019 7 a.m. EDT",14087,14070,11846,-2241
ISNE,"3/12/2019 8 a.m. EDT",15052,14920,12860,-2192
ISNE,"3/12/2019 9 a.m. EDT",14879,14540,12657,-2222
ISNE,"3/12/2019 10 a.m. EDT",14335,14230,12159,-2176
ISNE,"3/12/2019 11 a.m. EDT",14002,13710,11793,-2209
ISNE,"3/12/2019 12 p.m. EDT",13588,13360,11324,-2264
ISNE,"3/12/2019 1 p.m. EDT",13148,13050,10925,-2223
ISNE,"3/12/2019 2 p.m. EDT",12742,12910,10487,-2255
ISNE,"3/12/2019 3 p.m. EDT",12651,13070,10316,-2335
ISNE,"3/12/2019 4 p.m. EDT",12626,13260,10332,-2294
ISNE,"3/12/2019 5 p.m. EDT",13146,13770,10893,-2253
ISNE,"3/12/2019 6 p.m. EDT",13966,14650,11512,-2454
ISNE,"3/12/2019 7 p.m. EDT",14947,15450,12415,-2532
ISNE,"3/12/2019 8 p.m. EDT",15673,15880,13165,-2508
ISNE,"3/12/2019 9 p.m. EDT",15367,15520,12917,-2450
ISNE,"3/12/2019 10 p.m. EDT",14542,14690,12012,-2530
ISNE,"3/12/2019 11 p.m. EDT",13400,13570,10720,-2680
ISNE,"3/13/2019 12 a.m. EDT",12373,12520,9771,-2602
ISNE,"3/13/2019 1 a.m. EDT",11972,11470,9205,-2767
ISNE,"3/13/2019 2 a.m. EDT",11907,11160,9172,-2735
ISNE,"3/13/2019 3 a.m. EDT",11896,11090,9166,-2730
ISNE,"3/13/2019 4 a.m. EDT",11938,11170,9182,-2756
ISNE,"3/13/2019 5 a.m. EDT",12181,11520,9626,-2555
ISNE,"3/13/2019 6 a.m. EDT",12831,12560,10348,-2483
ISNE,"3/13/2019 7 a.m. EDT",14629,14260,12112,-2517
ISNE,"3/13/2019 8 a.m. EDT",15522,14990,13010,-2512
ISNE,"3/13/2019 9 a.m. EDT",14938,14590,12349,-2589
ISNE,"3/13/2019 10 a.m. EDT",13913,13870,11403,-2510
ISNE,"3/13/2019 11 a.m. EDT",13216,13360,10666,-2550
ISNE,"3/13/2019 12 p.m. EDT",12764,13010,10274,-2490
ISNE,"3/13/2019 1 p.m. EDT",12688,12850,10177,-2511
ISNE,"3/13/2019 2 p.m. EDT",12943,13030,10283,-2660
ISNE,"3/13/2019 3 p.m. EDT",13212,13050,10622,-2590
ISNE,"3/13/2019 4 p.m. EDT",13425,13280,10847,-2578
ISNE,"3/13/2019 5 p.m. EDT",14002,13730,11308,-2694
ISNE,"3/13/2019 6 p.m. EDT",14740,14360,11936,-2804
ISNE,"3/13/2019 7 p.m. EDT",15289,15170,12502,-2787
ISNE,"3/13/2019 8 p.m. EDT",15592,15670,12784,-2808
ISNE,"3/13/2019 9 p.m. EDT",15141,15040,12282,-2859
ISNE,"3/13/2019 10 p.m. EDT",14251,14140,11520,-2731
ISNE,"3/13/2019 11 p.m. EDT",13076,12990,10280,-2796
ISNE,"3/14/2019 12 a.m. EDT",12016,11950,9378,-2638
ISNE,"3/14/2019 1 a.m. EDT",11569,11290,8731,-2838
ISNE,"3/14/2019 2 a.m. EDT",11357,10910,8581,-2776
ISNE,"3/14/2019 3 a.m. EDT",11302,10720,8519,-2783
ISNE,"3/14/2019 4 a.m. EDT",11294,10730,8592,-2702
ISNE,"3/14/2019 5 a.m. EDT",11468,11050,8875,-2593
ISNE,"3/14/2019 6 a.m. EDT",12042,12020,9645,-2397
ISNE,"3/14/2019 7 a.m. EDT",13771,13780,11358,-2413
ISNE,"3/14/2019 8 a.m. EDT",14704,14690,12251,-2453
ISNE,"3/14/2019 9 a.m. EDT",14704,14670,12282,-2422
ISNE,"3/14/2019 10 a.m. EDT",14194,14270,11795,-2399
ISNE,"3/14/2019 11 a.m. EDT",13807,13720,11292,-2515
ISNE,"3/14/2019 12 p.m. EDT",13385,13410,10771,-2614
ISNE,"3/14/2019 1 p.m. EDT",13014,13140,10447,-2567
ISNE,"3/14/2019 2 p.m. EDT",12723,12940,10283,-2440
ISNE,"3/14/2019 3 p.m. EDT",12513,12830,10303,-2210
ISNE,"3/14/2019 4 p.m. EDT",12662,12960,10257,-2405
ISNE,"3/14/2019 5 p.m. EDT",13161,13310,10633,-2528
ISNE,"3/14/2019 6 p.m. EDT",13878,13900,11280,-2598
ISNE,"3/14/2019 7 p.m. EDT",14509,14560,12029,-2480
ISNE,"3/14/2019 8 p.m. EDT",14932,14880,12501,-2431
ISNE,"3/14/2019 9 p.m. EDT",14582,14460,12199,-2383
ISNE,"3/14/2019 10 p.m. EDT",13773,13630,11386,-2387
ISNE,"3/14/2019 11 p.m. EDT",12640,12470,9996,-2644
ISNE,"3/15/2019 12 a.m. EDT",11556,11430,9532,-2024
ISNE,"3/15/2019 1 a.m. EDT",11031,10820,9109,-1922
ISNE,"3/15/2019 2 a.m. EDT",11489,10430,9193,-2296
ISNE,"3/15/2019 3 a.m. EDT",11338,10220,9120,-2218
ISNE,"3/15/2019 4 a.m. EDT",11296,10190,9012,-2284
ISNE,"3/15/2019 5 a.m. EDT",11528,10440,9237,-2291
ISNE,"3/15/2019 6 a.m. EDT",12264,11330,9599,-2665
ISNE,"3/15/2019 7 a.m. EDT",13230,12920,10532,-2698
ISNE,"3/15/2019 8 a.m. EDT",13873,13860,11346,-2527
ISNE,"3/15/2019 9 a.m. EDT",13922,13900,11688,-2234
ISNE,"3/15/2019 10 a.m. EDT",13961,13970,11840,-2121
ISNE,"3/15/2019 11 a.m. EDT",13939,13900,11322,-2617
ISNE,"3/15/2019 12 p.m. EDT",13790,13730,11067,-2723
ISNE,"3/15/2019 1 p.m. EDT",13433,13580,10796,-2637
ISNE,"3/15/2019 2 p.m. EDT",13357,13430,10899,-2458
ISNE,"3/15/2019 3 p.m. EDT",12554,13180,10464,-2090
ISNE,"3/15/2019 4 p.m. EDT",12457,13100,10590,-1867
ISNE,"3/15/2019 5 p.m. EDT",13012,13140,11043,-1969
ISNE,"3/15/2019 6 p.m. EDT",13448,13340,11333,-2115
ISNE,"3/15/2019 7 p.m. EDT",13562,13710,11511,-2051
ISNE,"3/15/2019 8 p.m. EDT",13908,13900,11736,-2172
ISNE,"3/15/2019 9 p.m. EDT",13515,13390,10847,-2668
ISNE,"3/15/2019 10 p.m. EDT",12802,12700,10476,-2326
ISNE,"3/15/2019 11 p.m. EDT",11905,11810,9493,-2412
ISNE,"3/16/2019 12 a.m. EDT",11193,10850,8622,-2571
ISNE,"3/16/2019 1 a.m. EDT",10556,10270,8066,-2490
ISNE,"3/16/2019 2 a.m. EDT",10414,9860,7952,-2462
ISNE,"3/16/2019 3 a.m. EDT",10662,9610,8124,-2538
ISNE,"3/16/2019 4 a.m. EDT",10788,9540,8263,-2525
ISNE,"3/16/2019 5 a.m. EDT",10690,9650,8307,-2383
ISNE,"3/16/2019 6 a.m. EDT",10804,10040,8285,-2519
ISNE,"3/16/2019 7 a.m. EDT",11026,10750,8544,-2482
ISNE,"3/16/2019 8 a.m. EDT",11410,11400,9179,-2231
ISNE,"3/16/2019 9 a.m. EDT",11737,11720,9671,-2066
ISNE,"3/16/2019 10 a.m. EDT",11678,11650,9676,-2002
ISNE,"3/16/2019 11 a.m. EDT",11513,11520,9850,-1663
ISNE,"3/16/2019 12 p.m. EDT",11420,11240,10006,-1414
ISNE,"3/16/2019 1 p.m. EDT",11349,10980,9999,-1350
ISNE,"3/16/2019 2 p.m. EDT",11205,10950,9757,-1448
ISNE,"3/16/2019 3 p.m. EDT",11060,10940,9667,-1393
ISNE,"3/16/2019 4 p.m. EDT",11098,11090,9814,-1284
ISNE,"3/16/2019 5 p.m. EDT",11361,11380,9925,-1436
ISNE,"3/16/2019 6 p.m. EDT",12243,12300,10501,-1742
ISNE,"3/16/2019 7 p.m. EDT",13028,12920,11106,-1922
ISNE,"3/16/2019 8 p.m. EDT",13669,13600,11831,-1838
ISNE,"3/16/2019 9 p.m. EDT",13539,13360,11772,-1767
ISNE,"3/16/2019 10 p.m. EDT",13054,12860,10951,-2103
ISNE,"3/16/2019 11 p.m. EDT",12361,12160,10205,-2156
ISNE,"3/17/2019 12 a.m. EDT",11733,11400,9451,-2282
ISNE,"3/17/2019 1 a.m. EDT",11280,11000,9309,-1971
ISNE,"3/17/2019 2 a.m. EDT",10989,10660,8815,-2174
ISNE,"3/17/2019 3 a.m. EDT",11036,10480,8805,-2231
ISNE,"3/17/2019 4 a.m. EDT",10960,10420,8725,-2235
ISNE,"3/17/2019 5 a.m. EDT",10878,10530,8867,-2011
ISNE,"3/17/2019 6 a.m. EDT",11139,10860,9233,-1906
ISNE,"3/17/2019 7 a.m. EDT",11552,11410,9841,-1711
ISNE,"3/17/2019 8 a.m. EDT",11942,11930,10443,-1499
ISNE,"3/17/2019 9 a.m. EDT",12196,12180,10579,-1617
ISNE,"3/17/2019 10 a.m. EDT",12187,12190,10588,-1599
ISNE,"3/17/2019 11 a.m. EDT",12085,11910,10510,-1575
ISNE,"3/17/2019 12 p.m. EDT",11889,11600,10279,-1610
ISNE,"3/17/2019 1 p.m. EDT",11601,11440,10121,-1480
ISNE,"3/17/2019 2 p.m. EDT",11397,11290,10068,-1329
ISNE,"3/17/2019 3 p.m. EDT",11258,11050,9879,-1379
ISNE,"3/17/2019 4 p.m. EDT",11080,11080,9640,-1440
ISNE,"3/17/2019 5 p.m. EDT",11675,11700,9857,-1818
ISNE,"3/17/2019 6 p.m. EDT",12714,12810,10539,-2175
ISNE,"3/17/2019 7 p.m. EDT",13708,13610,11787,-1921
ISNE,"3/17/2019 8 p.m. EDT",14531,14500,12753,-1778
ISNE,"3/17/2019 9 p.m. EDT",14366,14290,12565,-1801
ISNE,"3/17/2019 10 p.m. EDT",13645,13540,11596,-2049
ISNE,"3/17/2019 11 p.m. EDT",12670,12600,10480,-2190
ISNE,"3/18/2019 12 a.m. EDT",12070,11740,10076,-1994
ISNE,"3/18/2019 1 a.m. EDT",11788,11130,9845,-1943
ISNE,"3/18/2019 2 a.m. EDT",11788,10850,10039,-1749
ISNE,"3/18/2019 3 a.m. EDT",11487,10740,9916,-1571
ISNE,"3/18/2019 4 a.m. EDT",11598,10850,10102,-1496
ISNE,"3/18/2019 5 a.m. EDT",12026,11400,10442,-1584
ISNE,"3/18/2019 6 a.m. EDT",12615,12460,10934,-1681
ISNE,"3/18/2019 7 a.m. EDT",14385,14260,12357,-2028
ISNE,"3/18/2019 8 a.m. EDT",15300,15090,13211,-2089
ISNE,"3/18/2019 9 a.m. EDT",14726,14690,12483,-2243
ISNE,"3/18/2019 10 a.m. EDT",13741,14120,11540,-2201
ISNE,"3/18/2019 11 a.m. EDT",13129,13570,11151,-1978
ISNE,"3/18/2019 12 p.m. EDT",12788,12950,11078,-1710
ISNE,"3/18/2019 1 p.m. EDT",12484,12620,10904,-1580
ISNE,"3/18/2019 2 p.m. EDT",12665,12600,10951,-1714
ISNE,"3/18/2019 3 p.m. EDT",12774,12020,11024,-1750
ISNE,"3/18/2019 4 p.m. EDT",12948,11990,11108,-1840
ISNE,"3/18/2019 5 p.m. EDT",13293,12620,11377,-1916
ISNE,"3/18/2019 6 p.m. EDT",13895,13690,11749,-2146
ISNE,"3/18/2019 7 p.m. EDT",14817,14830,12636,-2181
ISNE,"3/18/2019 8 p.m. EDT",15516,15500,13371,-2145
ISNE,"3/18/2019 9 p.m. EDT",15201,15180,12992,-2209
ISNE,"3/18/2019 10 p.m. EDT",14314,14360,11935,-2379
ISNE,"3/18/2019 11 p.m. EDT",13155,13170,10719,-2436
ISNE,"3/19/2019 12 a.m. EDT",12135,12170,10082,-2053
ISNE,"3/19/2019 1 a.m. EDT",11656,11530,9461,-2195
ISNE,"3/19/2019 2 a.m. EDT",11731,11250,9530,-2201
ISNE,"3/19/2019 3 a.m. EDT",11885,11150,9633,-2252
ISNE,"3/19/2019 4 a.m. EDT",12037,11220,9804,-2233
ISNE,"3/19/2019 5 a.m. EDT",12194,11600,10169,-2025
ISNE,"3/19/2019 6 a.m. EDT",12727,12570,10764,-1963
ISNE,"3/19/2019 7 a.m. EDT",14520,14290,12850,-1670
ISNE,"3/19/2019 8 a.m. EDT",15317,15180,13687,-1630
ISNE,"3/19/2019 9 a.m. EDT",14641,14530,12617,-2024
ISNE,"3/19/2019 10 a.m. EDT",13629,13690,11888,-1741
ISNE,"3/19/2019 11 a.m. EDT",12968,12860,11531,-1437
ISNE,"3/19/2019 12 p.m. EDT",12692,12560,11099,-1593
ISNE,"3/19/2019 1 p.m. EDT",12550,12300,10954,-1596
ISNE,"3/19/2019 2 p.m. EDT",12756,12380,11224,-1532
ISNE,"3/19/2019 3 p.m. EDT",13042,12410,11146,-1896
ISNE,"3/19/2019 4 p.m. EDT",13106,12610,11249,-1857
ISNE,"3/19/2019 5 p.m. EDT",13487,13160,11562,-1925
ISNE,"3/19/2019 6 p.m. EDT",13904,14000,11769,-2135
ISNE,"3/19/2019 7 p.m. EDT",14697,14670,12327,-2370
ISNE,"3/19/2019 8 p.m. EDT",15325,15430,13079,-2246
ISNE,"3/19/2019 9 p.m. EDT",15061,15040,12848,-2213
ISNE,"3/19/2019 10 p.m. EDT",14238,14190,12059,-2179
ISNE,"3/19/2019 11 p.m. EDT",13101,13020,11060,-2041
ISNE,"3/20/2019 12 a.m. EDT",12147,12010,10271,-1876
ISNE,"3/20/2019 1 a.m. EDT",11999,11470,9550,-2449
ISNE,"3/20/2019 2 a.m. EDT",12098,11190,9634,-2464
ISNE,"3/20/2019 3 a.m. EDT",12209,11100,9893,-2316
ISNE,"3/20/2019 4 a.m. EDT",12251,11170,9970,-2281
ISNE,"3/20/2019 5 a.m. EDT",12345,11550,10222,-2123
ISNE,"3/20/2019 6 a.m. EDT",12716,12590,10809,-1907
ISNE,"3/20/2019 7 a.m. EDT",14499,14530,12480,-2019
ISNE,"3/20/2019 8 a.m. EDT",15300,15050,13144,-2156
ISNE,"3/20/2019 9 a.m. EDT",14623,14200,12279,-2344
ISNE,"3/20/2019 10 a.m. EDT",13549,13440,11165,-2384
ISNE,"3/20/2019 11 a.m. EDT",12728,12850,10807,-1921
ISNE,"3/20/2019 12 p.m. EDT",12221,12430,10556,-1665
ISNE,"3/20/2019 1 p.m. EDT",12138,12200,10468,-1670
ISNE,"3/20/2019 2 p.m. EDT",12146,11690,10683,-1463
ISNE,"3/20/2019 3 p.m. EDT",12044,11650,10272,-1772
ISNE,"3/20/2019 4 p.m. EDT",12251,11590,10389,-1862
ISNE,"3/20/2019 5 p.m. EDT",12772,12470,10669,-2103
ISNE,"3/20/2019 6 p.m. EDT",13284,13350,10995,-2289
ISNE,"3/20/2019 7 p.m. EDT",14161,14140,11880,-2281
ISNE,"3/20/2019 8 p.m. EDT",14868,14780,12449,-2419
ISNE,"3/20/2019 9 p.m. EDT",14599,14630,12015,-2584
ISNE,"3/20/2019 10 p.m. EDT",13772,13790,11334,-2438
ISNE,"3/20/2019 11 p.m. EDT",12627,12600,10112,-2515
ISNE,"3/21/2019 12 a.m. EDT",11654,11550,9174,-2480
ISNE,"3/21/2019 1 a.m. EDT",11569,11040,8974,-2595
ISNE,"3/21/2019 2 a.m. EDT",11709,10670,9133,-2576
ISNE,"3/21/2019 3 a.m. EDT",11618,10570,9060,-2558
ISNE,"3/21/2019 4 a.m. EDT",11639,10590,9075,-2564
ISNE,"3/21/2019 5 a.m. EDT",11984,10970,9588,-2396
ISNE,"3/21/2019 6 a.m. EDT",12433,11930,10179,-2254
ISNE,"3/21/2019 7 a.m. EDT",13612,13580,11540,-2072
ISNE,"3/21/2019 8 a.m. EDT",14466,14440,12498,-1968
ISNE,"3/21/2019 9 a.m. EDT",14236,14270,12299,-1937
ISNE,"3/21/2019 10 a.m. EDT",13860,14000,11998,-1862
ISNE,"3/21/2019 11 a.m. EDT",13751,13850,12060,-1691
ISNE,"3/21/2019 12 p.m. EDT",13495,13510,11692,-1803
ISNE,"3/21/2019 1 p.m. EDT",13391,13420,11718,-1673
ISNE,"3/21/2019 2 p.m. EDT",13216,13370,11674,-1542
ISNE,"3/21/2019 3 p.m. EDT",13309,13340,11722,-1587
ISNE,"3/21/2019 4 p.m. EDT",13561,13430,11721,-1840
ISNE,"3/21/2019 5 p.m. EDT",13858,13740,12030,-1828
ISNE,"3/21/2019 6 p.m. EDT",14372,14130,12530,-1842
ISNE,"3/21/2019 7 p.m. EDT",14739,14490,12930,-1809
ISNE,"3/21/2019 8 p.m. EDT",15014,14960,12983,-2031
ISNE,"3/21/2019 9 p.m. EDT",14611,14560,12574,-2037
ISNE,"3/21/2019 10 p.m. EDT",13746,13660,11597,-2149
ISNE,"3/21/2019 11 p.m. EDT",12587,12550,10401,-2186
ISNE,"3/22/2019 12 a.m. EDT",11499,11500,9262,-2237
ISNE,"3/22/2019 1 a.m. EDT",11070,10810,8747,-2323
ISNE,"3/22/2019 2 a.m. EDT",10742,10450,8531,-2211
ISNE,"3/22/2019 3 a.m. EDT",10577,10290,8374,-2203
ISNE,"3/22/2019 4 a.m. EDT",10543,10260,8403,-2140
ISNE,"3/22/2019 5 a.m. EDT",10863,10600,8615,-2248
ISNE,"3/22/2019 6 a.m. EDT",11565,11570,9178,-2387
ISNE,"3/22/2019 7 a.m. EDT",13207,13250,11002,-2205
ISNE,"3/22/2019 8 a.m. EDT",14335,14330,12265,-2070
ISNE,"3/22/2019 9 a.m. EDT",14700,14690,12532,-2168
ISNE,"3/22/2019 10 a.m. EDT",14862,14810,12906,-1956
ISNE,"3/22/2019 11 a.m. EDT",14930,14950,12812,-2118
ISNE,"3/22/2019 12 p.m. EDT",14890,14800,13028,-1862
ISNE,"3/22/2019 1 p.m. EDT",14695,14530,12763,-1932
ISNE,"3/22/2019 2 p.m. EDT",14497,14550,12627,-1870
ISNE,"3/22/2019 3 p.m. EDT",14179,14170,12304,-1875
ISNE,"3/22/2019 4 p.m. EDT",13966,14120,12087,-1879
ISNE,"3/22/2019 5 p.m. EDT",14117,14370,12020,-2097
ISNE,"3/22/2019 6 p.m. EDT",14436,14500,12231,-2205
ISNE,"3/22/2019 7 p.m. EDT",14598,14500,12388,-2210
ISNE,"3/22/2019 8 p.m. EDT",14813,14640,12634,-2179
ISNE,"3/22/2019 9 p.m. EDT",14429,14410,12367,-2062
ISNE,"3/22/2019 10 p.m. EDT",13721,13710,11377,-2344
ISNE,"3/22/2019 11 p.m. EDT",12930,12780,10562,-2368
ISNE,"3/23/2019 12 a.m. EDT",12078,11830,10102,-1976
ISNE,"3/23/2019 1 a.m. EDT",11669,10990,9617,-2052
ISNE,"3/23/2019 2 a.m. EDT",11351,10550,9240,-2111
ISNE,"3/23/2019 3 a.m. EDT",11204,10350,9172,-2032
ISNE,"3/23/2019 4 a.m. EDT",11275,10290,9286,-1989
ISNE,"3/23/2019 5 a.m. EDT",11520,10400,9516,-2004
ISNE,"3/23/2019 6 a.m. EDT",11730,10840,9631,-2099
ISNE,"3/23/2019 7 a.m. EDT",12058,11610,10165,-1893
ISNE,"3/23/2019 8 a.m. EDT",12707,12480,10737,-1970
ISNE,"3/23/2019 9 a.m. EDT",13397,13210,11226,-2171
ISNE,"3/23/2019 10 a.m. EDT",13318,13390,11233,-2085
ISNE,"3/23/2019 11 a.m. EDT",12702,13050,10780,-1922
ISNE,"3/23/2019 12 p.m. EDT",12282,12650,10429,-1853
ISNE,"3/23/2019 1 p.m. EDT",12150,12200,10271,-1879
ISNE,"3/23/2019 2 p.m. EDT",11685,11730,10243,-1442
ISNE,"3/23/2019 3 p.m. EDT",11436,11400,9805,-1631
ISNE,"3/23/2019 4 p.m. EDT",11552,11390,9934,-1618
ISNE,"3/23/2019 5 p.m. EDT",11747,11770,9862,-1885
ISNE,"3/23/2019 6 p.m. EDT",12357,12490,10456,-1901
ISNE,"3/23/2019 7 p.m. EDT",13203,13100,11346,-1857
ISNE,"3/23/2019 8 p.m. EDT",13876,13850,11899,-1977
ISNE,"3/23/2019 9 p.m. EDT",13799,13780,11929,-1870
ISNE,"3/23/2019 10 p.m. EDT",13322,13250,11544,-1778
ISNE,"3/23/2019 11 p.m. EDT",12613,12480,10943,-1670
ISNE,"3/24/2019 12 a.m. EDT",11823,11650,10122,-1701
ISNE,"3/24/2019 1 a.m. EDT",11516,11070,9523,-1993
ISNE,"3/24/2019 2 a.m. EDT",11822,10700,9714,-2108
ISNE,"3/24/2019 3 a.m. EDT",11811,10480,9722,-2089
ISNE,"3/24/2019 4 a.m. EDT",11743,10470,9630,-2113
ISNE,"3/24/2019 5 a.m. EDT",11815,10630,9738,-2077
ISNE,"3/24/2019 6 a.m. EDT",11936,10900,9799,-2137
ISNE,"3/24/2019 7 a.m. EDT",11861,11310,9727,-2134
ISNE,"3/24/2019 8 a.m. EDT",11927,11630,9887,-2040
ISNE,"3/24/2019 9 a.m. EDT",11848,11590,9699,-2149
ISNE,"3/24/2019 10 a.m. EDT",11530,11470,9634,-1896
ISNE,"3/24/2019 11 a.m. EDT",11257,11200,9489,-1768
ISNE,"3/24/2019 12 p.m. EDT",10812,10790,9117,-1695
ISNE,"3/24/2019 1 p.m. EDT",10712,10690,8926,-1786
ISNE,"3/24/2019 2 p.m. EDT",10423,10580,8818,-1605
ISNE,"3/24/2019 3 p.m. EDT",10298,10590,8866,-1432
ISNE,"3/24/2019 4 p.m. EDT",11317,10860,9769,-1548
ISNE,"3/24/2019 5 p.m. EDT",12040,11660,10182,-1858
ISNE,"3/24/2019 6 p.m. EDT",12603,12410,10601,-2002
ISNE,"3/24/2019 7 p.m. EDT",13164,13100,10839,-2325
ISNE,"3/24/2019 8 p.m. EDT",13747,13600,11360,-2387
ISNE,"3/24/2019 9 p.m. EDT",13497,13470,11088,-2409
ISNE,"3/24/2019 10 p.m. EDT",12681,12610,10368,-2313
ISNE,"3/24/2019 11 p.m. EDT",11642,11710,9733,-1909
ISNE,"3/25/2019 12 a.m. EDT",10900,10880,8926,-1974
ISNE,"3/25/2019 1 a.m. EDT",10133,10070,8731,-1402
ISNE,"3/25/2019 2 a.m. EDT",9802,9780,8382,-1420
ISNE,"3/25/2019 3 a.m. EDT",9690,9660,8450,-1240
ISNE,"3/25/2019 4 a.m. EDT",9742,9720,8542,-1200
ISNE,"3/25/2019 5 a.m. EDT",10355,10110,9073,-1282
ISNE,"3/25/2019 6 a.m. EDT",11204,11190,9459,-1745
ISNE,"3/25/2019 7 a.m. EDT",12933,12960,11238,-1695
ISNE,"3/25/2019 8 a.m. EDT",13899,13910,11900,-1999
ISNE,"3/25/2019 9 a.m. EDT",13897,13870,12038,-1859
ISNE,"3/25/2019 10 a.m. EDT",13428,13670,11876,-1552
ISNE,"3/25/2019 11 a.m. EDT",12864,12990,11481,-1383
ISNE,"3/25/2019 12 p.m. EDT",12442,12460,11045,-1397
ISNE,"3/25/2019 1 p.m. EDT",12238,12040,10924,-1314
ISNE,"3/25/2019 2 p.m. EDT",11999,11930,10617,-1382
ISNE,"3/25/2019 3 p.m. EDT",11763,11800,10413,-1350
ISNE,"3/25/2019 4 p.m. EDT",12036,11760,10675,-1361
ISNE,"3/25/2019 5 p.m. EDT",12609,12040,11045,-1564
ISNE,"3/25/2019 6 p.m. EDT",13393,13010,11587,-1806
ISNE,"3/25/2019 7 p.m. EDT",14197,14190,12281,-1916
ISNE,"3/25/2019 8 p.m. EDT",14786,14960,12576,-2210
ISNE,"3/25/2019 9 p.m. EDT",14530,14720,12498,-2032
ISNE,"3/25/2019 10 p.m. EDT",13655,13890,11514,-2141
ISNE,"3/25/2019 11 p.m. EDT",12525,12750,10716,-1809
ISNE,"3/26/2019 12 a.m. EDT",11771,11780,9816,-1955
ISNE,"3/26/2019 1 a.m. EDT",11210,10900,9175,-2035
ISNE,"3/26/2019 2 a.m. EDT",10955,10650,9255,-1700
ISNE,"3/26/2019 3 a.m. EDT",10872,10580,9147,-1725
ISNE,"3/26/2019 4 a.m. EDT",10985,10690,9378,-1607
ISNE,"3/26/2019 5 a.m. EDT",11413,11130,9921,-1492
ISNE,"3/26/2019 6 a.m. EDT",12409,12220,10806,-1603
ISNE,"3/26/2019 7 a.m. EDT",13993,14010,12577,-1416
ISNE,"3/26/2019 8 a.m. EDT",14680,14670,13327,-1353
ISNE,"3/26/2019 9 a.m. EDT",14007,13970,12484,-1523
ISNE,"3/26/2019 10 a.m. EDT",13086,13050,11699,-1387
ISNE,"3/26/2019 11 a.m. EDT",12489,12470,11123,-1366
ISNE,"3/26/2019 12 p.m. EDT",12103,12080,10747,-1356
ISNE,"3/26/2019 1 p.m. EDT",11776,11750,10558,-1218
ISNE,"3/26/2019 2 p.m. EDT",11592,11580,10391,-1201
ISNE,"3/26/2019 3 p.m. EDT",11408,11400,10069,-1339
ISNE,"3/26/2019 4 p.m. EDT",11576,11500,10322,-1254
ISNE,"3/26/2019 5 p.m. EDT",12416,12420,10976,-1440
ISNE,"3/26/2019 6 p.m. EDT",13260,13260,11560,-1700
ISNE,"3/26/2019 7 p.m. EDT",14234,14230,12615,-1619
ISNE,"3/26/2019 8 p.m. EDT",14994,15130,13483,-1511
ISNE,"3/26/2019 9 p.m. EDT",14847,14980,13424,-1423
ISNE,"3/26/2019 10 p.m. EDT",14029,14210,12435,-1594
ISNE,"3/26/2019 11 p.m. EDT",12897,13080,11400,-1497
ISNE,"3/27/2019 12 a.m. EDT",11922,12070,10170,-1752
ISNE,"3/27/2019 1 a.m. EDT",11579,11270,10163,-1416
ISNE,"3/27/2019 2 a.m. EDT",11324,11010,9994,-1330
ISNE,"3/27/2019 3 a.m. EDT",11223,10920,9879,-1344
ISNE,"3/27/2019 4 a.m. EDT",11278,10980,9908,-1370
ISNE,"3/27/2019 5 a.m. EDT",11637,11440,10379,-1258
ISNE,"3/27/2019 6 a.m. EDT",12490,12590,11039,-1451
ISNE,"3/27/2019 7 a.m. EDT",14232,14400,13241,-991
ISNE,"3/27/2019 8 a.m. EDT",14934,15130,13957,-977
ISNE,"3/27/2019 9 a.m. EDT",14168,14200,13356,-812
ISNE,"3/27/2019 10 a.m. EDT",13210,13150,12245,-965
ISNE,"3/27/2019 11 a.m. EDT",12534,12500,11500,-1034
ISNE,"3/27/2019 12 p.m. EDT",12083,12100,11085,-998
ISNE,"3/27/2019 1 p.m. EDT",11896,11750,10823,-1073
ISNE,"3/27/2019 2 p.m. EDT",11898,11630,10715,-1183
ISNE,"3/27/2019 3 p.m. EDT",11968,11500,10562,-1406
ISNE,"3/27/2019 4 p.m. EDT",11944,11600,10523,-1421
ISNE,"3/27/2019 5 p.m. EDT",12536,12250,11028,-1508
ISNE,"3/27/2019 6 p.m. EDT",13250,13360,11487,-1763
ISNE,"3/27/2019 7 p.m. EDT",14091,14100,12267,-1824
ISNE,"3/27/2019 8 p.m. EDT",14861,14890,13211,-1650
ISNE,"3/27/2019 9 p.m. EDT",14830,14780,13024,-1806
ISNE,"3/27/2019 10 p.m. EDT",14400,13990,12409,-1991
ISNE,"3/27/2019 11 p.m. EDT",12798,12860,10913,-1885
ISNE,"3/28/2019 12 a.m. EDT",11767,11820,9788,-1979
ISNE,"3/28/2019 1 a.m. EDT",11767,11040,9533,-2234
ISNE,"3/28/2019 2 a.m. EDT",11948,10740,9862,-2086
ISNE,"3/28/2019 3 a.m. EDT",11855,10650,9759,-2096
ISNE,"3/28/2019 4 a.m. EDT",11881,10700,9782,-2099
ISNE,"3/28/2019 5 a.m. EDT",12247,11040,10248,-1999
ISNE,"3/28/2019 6 a.m. EDT",12672,12050,10473,-2199
ISNE,"3/28/2019 7 a.m. EDT",13930,13740,11952,-1978
ISNE,"3/28/2019 8 a.m. EDT",14555,14420,12459,-2096
ISNE,"3/28/2019 9 a.m. EDT",13884,13790,11880,-2004
ISNE,"3/28/2019 10 a.m. EDT",12989,13160,11401,-1588
ISNE,"3/28/2019 11 a.m. EDT",12342,12620,10749,-1593
ISNE,"3/28/2019 12 p.m. EDT",11963,12270,10321,-1642
ISNE,"3/28/2019 1 p.m. EDT",11870,11540,10551,-1319
ISNE,"3/28/2019 2 p.m. EDT",11738,11420,10386,-1352
ISNE,"3/28/2019 3 p.m. EDT",11631,11340,10275,-1356
ISNE,"3/28/2019 4 p.m. EDT",11895,11930,10506,-1389
ISNE,"3/28/2019 5 p.m. EDT",12538,12530,10871,-1667
ISNE,"3/28/2019 6 p.m. EDT",13236,13260,11576,-1660
ISNE,"3/28/2019 7 p.m. EDT",13967,14000,12093,-1874
ISNE,"3/28/2019 8 p.m. EDT",14597,14500,12531,-2066
ISNE,"3/28/2019 9 p.m. EDT",14308,14180,12250,-2058
ISNE,"3/28/2019 10 p.m. EDT",13427,13380,11386,-2041
ISNE,"3/28/2019 11 p.m. EDT",12273,12280,10305,-1968
ISNE,"3/29/2019 12 a.m. EDT",11194,11230,9428,-1766
ISNE,"3/29/2019 1 a.m. EDT",10500,10650,8631,-1869
ISNE,"3/29/2019 2 a.m. EDT",10391,10250,8339,-2052
ISNE,"3/29/2019 3 a.m. EDT",10212,10060,8220,-1992
ISNE,"3/29/2019 4 a.m. EDT",10186,9950,8230,-1956
ISNE,"3/29/2019 5 a.m. EDT",10466,10230,8547,-1919
ISNE,"3/29/2019 6 a.m. EDT",11143,11200,8979,-2164
ISNE,"3/29/2019 7 a.m. EDT",12763,12850,10398,-2365
ISNE,"3/29/2019 8 a.m. EDT",13668,13720,11535,-2133
ISNE,"3/29/2019 9 a.m. EDT",13832,13870,11873,-1959
ISNE,"3/29/2019 10 a.m. EDT",13859,13750,11885,-1974
ISNE,"3/29/2019 11 a.m. EDT",13883,13660,11884,-1999
ISNE,"3/29/2019 12 p.m. EDT",13761,13550,11894,-1867
ISNE,"3/29/2019 1 p.m. EDT",13422,13400,11592,-1830
ISNE,"3/29/2019 2 p.m. EDT",13409,13270,11628,-1781
ISNE,"3/29/2019 3 p.m. EDT",13278,13120,11149,-2129
ISNE,"3/29/2019 4 p.m. EDT",13149,13120,10973,-2176
ISNE,"3/29/2019 5 p.m. EDT",13168,13240,10845,-2323
ISNE,"3/29/2019 6 p.m. EDT",13415,13450,11096,-2319
ISNE,"3/29/2019 7 p.m. EDT",13552,13580,11355,-2197
ISNE,"3/29/2019 8 p.m. EDT",13824,13850,11560,-2264
ISNE,"3/29/2019 9 p.m. EDT",13504,13500,11248,-2256
ISNE,"3/29/2019 10 p.m. EDT",12825,12810,10823,-2002
ISNE,"3/29/2019 11 p.m. EDT",11895,11900,10127,-1768
ISNE,"3/30/2019 12 a.m. EDT",10971,10940,9089,-1882
ISNE,"3/30/2019 1 a.m. EDT",10550,10250,8513,-2037
ISNE,"3/30/2019 2 a.m. EDT",10447,9860,8555,-1892
ISNE,"3/30/2019 3 a.m. EDT",10238,9630,8525,-1713
ISNE,"3/30/2019 4 a.m. EDT",10152,9550,8358,-1794
ISNE,"3/30/2019 5 a.m. EDT",10226,9680,8427,-1799
ISNE,"3/30/2019 6 a.m. EDT",10591,10080,8577,-2014
ISNE,"3/30/2019 7 a.m. EDT",10995,10710,8829,-2166
ISNE,"3/30/2019 8 a.m. EDT",11711,11400,9550,-2161
ISNE,"3/30/2019 9 a.m. EDT",12033,11900,9855,-2178
ISNE,"3/30/2019 10 a.m. EDT",12087,12120,10084,-2003
ISNE,"3/30/2019 11 a.m. EDT",11706,11900,9732,-1974
ISNE,"3/30/2019 12 p.m. EDT",11128,11530,9266,-1862
ISNE,"3/30/2019 1 p.m. EDT",10807,11220,9359,-1448
ISNE,"3/30/2019 2 p.m. EDT",10776,10960,8981,-1795
ISNE,"3/30/2019 3 p.m. EDT",10561,10880,8867,-1694
ISNE,"3/30/2019 4 p.m. EDT",10721,11020,9138,-1583
ISNE,"3/30/2019 5 p.m. EDT",11160,11430,9370,-1790
ISNE,"3/30/2019 6 p.m. EDT",11570,12020,9747,-1823
ISNE,"3/30/2019 7 p.m. EDT",12116,12460,10182,-1934
ISNE,"3/30/2019 8 p.m. EDT",12582,12830,10446,-2136
ISNE,"3/30/2019 9 p.m. EDT",12426,12630,10581,-1845
ISNE,"3/30/2019 10 p.m. EDT",11867,12050,9973,-1894
ISNE,"3/30/2019 11 p.m. EDT",11102,11320,9385,-1717
ISNE,"3/31/2019 12 a.m. EDT",10541,10480,8835,-1706
ISNE,"3/31/2019 1 a.m. EDT",9984,9760,7993,-1991
ISNE,"3/31/2019 2 a.m. EDT",9741,9330,7865,-1876
ISNE,"3/31/2019 3 a.m. EDT",9630,9110,7748,-1882
ISNE,"3/31/2019 4 a.m. EDT",9685,8970,7853,-1832
ISNE,"3/31/2019 5 a.m. EDT",9716,9050,7667,-2049
ISNE,"3/31/2019 6 a.m. EDT",9673,9270,7943,-1730
ISNE,"3/31/2019 7 a.m. EDT",10093,9700,8193,-1900
ISNE,"3/31/2019 8 a.m. EDT",10532,10180,8883,-1649
ISNE,"3/31/2019 9 a.m. EDT",10935,10780,8931,-2004
ISNE,"3/31/2019 10 a.m. EDT",10766,11050,8665,-2101
ISNE,"3/31/2019 11 a.m. EDT",11092,11350,9078,-2014
ISNE,"3/31/2019 12 p.m. EDT",11862,11770,9987,-1875
ISNE,"3/31/2019 1 p.m. EDT",12337,12160,10486,-1851
ISNE,"3/31/2019 2 p.m. EDT",12379,12090,10443,-1936
ISNE,"3/31/2019 3 p.m. EDT",12327,12130,10293,-2034
ISNE,"3/31/2019 4 p.m. EDT",12687,12200,10620,-2067
ISNE,"3/31/2019 5 p.m. EDT",12908,12310,10602,-2306
ISNE,"3/31/2019 6 p.m. EDT",13248,13280,10813,-2435
ISNE,"3/31/2019 7 p.m. EDT",13358,13400,10768,-2590
ISNE,"3/31/2019 8 p.m. EDT",13582,13560,10998,-2584
ISNE,"3/31/2019 9 p.m. EDT",13308,13110,11099,-2209
ISNE,"3/31/2019 10 p.m. EDT",12513,12310,10521,-1992
ISNE,"3/31/2019 11 p.m. EDT",11720,11410,9894,-1826
ISNE,"4/1/2019 12 a.m. EDT",11164,10590,9274,-1890
