"BA Code","Timestamp (Hour Ending)","Demand (MWh)","Demand Forecast (MWh)","Net Generation (MWh)","Total Interchange (MWh)"
ISNE,"3/1/2018 12 a.m. EST",11074,11190,8920,-2154
ISNE,"3/1/2018 1 a.m. EST",10909,10510,8713,-2196
ISNE,"3/1/2018 2 a.m. EST",10612,10220,8531,-2081
ISNE,"3/1/2018 3 a.m. EST",10486,10030,8507,-1979
ISNE,"3/1/2018 4 a.m. EST",10706,10040,8566,-2140
ISNE,"3/1/2018 5 a.m. EST",10830,10440,8776,-2054
ISNE,"3/1/2018 6 a.m. EST",11864,11420,9425,-2439
ISNE,"3/1/2018 7 a.m. EST",13401,12960,11097,-2304
ISNE,"3/1/2018 8 a.m. EST",13563,13700,11366,-2197
ISNE,"3/1/2018 9 a.m. EST",13184,13290,11143,-2041
ISNE,"3/1/2018 10 a.m. EST",12784,12770,10975,-1809
ISNE,"3/1/2018 11 a.m. EST",12444,12700,10594,-1850
ISNE,"3/1/2018 12 p.m. EST",12299,12740,10249,-2050
ISNE,"3/1/2018 1 p.m. EST",12343,12810,10386,-1957
ISNE,"3/1/2018 2 p.m. EST",12804,12820,10722,-2082
ISNE,"3/1/2018 3 p.m. EST",12863,13010,10750,-2113
ISNE,"3/1/2018 4 p.m. EST",12983,13330,10893,-2090
ISNE,"3/1/2018 5 p.m. EST",13513,13910,11412,-2101
ISNE,"3/1/2018 6 p.m. EST",14440,14570,12518,-1922
ISNE,"3/1/2018 7 p.m. EST",14975,15190,13114,-1861
ISNE,"3/1/2018 8 p.m. EST",14685,14950,12682,-2003
ISNE,"3/1/2018 9 p.m. EST",14159,14460,12039,-2120
ISNE,"3/1/2018 10 p.m. EST",13288,13500,10985,-2303
ISNE,"3/1/2018 11 p.m. EST",12180,12370,9717,-2463
ISNE,"3/2/2018 12 a.m. EST",11425,11310,9192,-2233
ISNE,"3/2/2018 1 a.m. EST",11056,10840,8618,-2438
ISNE,"3/2/2018 2 a.m. EST",10784,10580,8463,-2321
ISNE,"3/2/2018 3 a.m. EST",10800,10440,8554,-2246
ISNE,"3/2/2018 4 a.m. EST",10863,10500,8974,-1889
ISNE,"3/2/2018 5 a.m. EST",11069,10920,8874,-2195
ISNE,"3/2/2018 6 a.m. EST",11846,11910,9739,-2107
ISNE,"3/2/2018 7 a.m. EST",13291,13490,11044,-2247
ISNE,"3/2/2018 8 a.m. EST",14438,14300,12014,-2424
ISNE,"3/2/2018 9 a.m. EST",14998,14640,12549,-2449
ISNE,"3/2/2018 10 a.m. EST",15349,15420,12964,-2385
ISNE,"3/2/2018 11 a.m. EST",15590,15300,13216,-2374
ISNE,"3/2/2018 12 p.m. EST",15663,15290,13181,-2482
ISNE,"3/2/2018 1 p.m. EST",15591,15260,13103,-2488
ISNE,"3/2/2018 2 p.m. EST",15454,15290,12866,-2588
ISNE,"3/2/2018 3 p.m. EST",15185,15230,12618,-2567
ISNE,"3/2/2018 4 p.m. EST",15000,15330,12455,-2545
ISNE,"3/2/2018 5 p.m. EST",15123,15570,12644,-2479
ISNE,"3/2/2018 6 p.m. EST",15472,15690,12920,-2552
ISNE,"3/2/2018 7 p.m. EST",15360,15900,13062,-2298
ISNE,"3/2/2018 8 p.m. EST",14650,15560,12213,-2437
ISNE,"3/2/2018 9 p.m. EST",14034,15060,11893,-2141
ISNE,"3/2/2018 10 p.m. EST",13286,14330,11189,-2097
ISNE,"3/2/2018 11 p.m. EST",12356,13360,10201,-2155
ISNE,"3/3/2018 12 a.m. EST",11461,12420,9458,-2003
ISNE,"3/3/2018 1 a.m. EST",10810,10790,8613,-2197
ISNE,"3/3/2018 2 a.m. EST",10695,10430,8540,-2155
ISNE,"3/3/2018 3 a.m. EST",10743,10230,8553,-2190
ISNE,"3/3/2018 4 a.m. EST",10938,10210,8637,-2301
ISNE,"3/3/2018 5 a.m. EST",11052,10370,8579,-2473
ISNE,"3/3/2018 6 a.m. EST",11106,10810,8645,-2461
ISNE,"3/3/2018 7 a.m. EST",11527,11310,9133,-2394
ISNE,"3/3/2018 8 a.m. EST",12189,11890,9699,-2490
ISNE,"3/3/2018 9 a.m. EST",12737,12710,10692,-2045
ISNE,"3/3/2018 10 a.m. EST",12875,12880,11169,-1706
ISNE,"3/3/2018 11 a.m. EST",12875,12900,10755,-2120
ISNE,"3/3/2018 12 p.m. EST",12872,12890,10857,-2015
ISNE,"3/3/2018 1 p.m. EST",12787,12750,10645,-2142
ISNE,"3/3/2018 2 p.m. EST",12606,12680,10445,-2161
ISNE,"3/3/2018 3 p.m. EST",12765,12750,10607,-2158
ISNE,"3/3/2018 4 p.m. EST",12844,13100,10771,-2073
ISNE,"3/3/2018 5 p.m. EST",13064,13700,11051,-2013
ISNE,"3/3/2018 6 p.m. EST",13835,14400,12130,-1705
ISNE,"3/3/2018 7 p.m. EST",14303,14950,12875,-1428
ISNE,"3/3/2018 8 p.m. EST",13973,14430,12434,-1539
ISNE,"3/3/2018 9 p.m. EST",13555,14040,11774,-1781
ISNE,"3/3/2018 10 p.m. EST",12958,13400,10933,-2025
ISNE,"3/3/2018 11 p.m. EST",12186,12610,9698,-2488
ISNE,"3/4/2018 12 a.m. EST",11622,11710,9283,-2339
ISNE,"3/4/2018 1 a.m. EST",11042,10860,8868,-2174
ISNE,"3/4/2018 2 a.m. EST",10800,10540,8521,-2279
ISNE,"3/4/2018 3 a.m. EST",10457,10350,8283,-2174
ISNE,"3/4/2018 4 a.m. EST",10606,10250,8280,-2326
ISNE,"3/4/2018 5 a.m. EST",10699,10290,8278,-2421
ISNE,"3/4/2018 6 a.m. EST",10949,10580,8598,-2351
ISNE,"3/4/2018 7 a.m. EST",11146,10970,8736,-2410
ISNE,"3/4/2018 8 a.m. EST",11877,11570,9440,-2437
ISNE,"3/4/2018 9 a.m. EST",12440,12220,10039,-2401
ISNE,"3/4/2018 10 a.m. EST",12579,12670,9995,-2584
ISNE,"3/4/2018 11 a.m. EST",12846,12850,10168,-2678
ISNE,"3/4/2018 12 p.m. EST",12956,12980,10380,-2576
ISNE,"3/4/2018 1 p.m. EST",12932,12960,10319,-2613
ISNE,"3/4/2018 2 p.m. EST",12922,13010,10295,-2627
ISNE,"3/4/2018 3 p.m. EST",12996,13100,10471,-2525
ISNE,"3/4/2018 4 p.m. EST",13227,13380,10747,-2480
ISNE,"3/4/2018 5 p.m. EST",13867,14180,11262,-2605
ISNE,"3/4/2018 6 p.m. EST",14759,14830,12304,-2455
ISNE,"3/4/2018 7 p.m. EST",15272,15450,13135,-2137
ISNE,"3/4/2018 8 p.m. EST",14992,15020,12725,-2267
ISNE,"3/4/2018 9 p.m. EST",14395,14480,12020,-2375
ISNE,"3/4/2018 10 p.m. EST",13531,13670,11331,-2200
ISNE,"3/4/2018 11 p.m. EST",12511,12700,10184,-2327
ISNE,"3/5/2018 12 a.m. EST",11625,11720,9436,-2189
ISNE,"3/5/2018 1 a.m. EST",11326,11060,9488,-1838
ISNE,"3/5/2018 2 a.m. EST",11078,10770,9325,-1753
ISNE,"3/5/2018 3 a.m. EST",10967,10680,9141,-1826
ISNE,"3/5/2018 4 a.m. EST",11267,10740,9345,-1922
ISNE,"3/5/2018 5 a.m. EST",11482,11150,9698,-1784
ISNE,"3/5/2018 6 a.m. EST",12249,12150,10400,-1849
ISNE,"3/5/2018 7 a.m. EST",13878,13760,11815,-2063
ISNE,"3/5/2018 8 a.m. EST",14896,14650,12744,-2152
ISNE,"3/5/2018 9 a.m. EST",15147,14900,12934,-2213
ISNE,"3/5/2018 10 a.m. EST",15207,15210,13265,-1942
ISNE,"3/5/2018 11 a.m. EST",15138,15080,13199,-1939
ISNE,"3/5/2018 12 p.m. EST",14777,14960,12623,-2154
ISNE,"3/5/2018 1 p.m. EST",14379,14780,12262,-2117
ISNE,"3/5/2018 2 p.m. EST",14437,14700,12377,-2060
ISNE,"3/5/2018 3 p.m. EST",14305,14700,12053,-2252
ISNE,"3/5/2018 4 p.m. EST",14442,14750,12379,-2063
ISNE,"3/5/2018 5 p.m. EST",14578,15210,12403,-2175
ISNE,"3/5/2018 6 p.m. EST",15527,15900,13530,-1997
ISNE,"3/5/2018 7 p.m. EST",16322,16600,14504,-1818
ISNE,"3/5/2018 8 p.m. EST",16017,16160,14168,-1849
ISNE,"3/5/2018 9 p.m. EST",15412,15430,13394,-2018
ISNE,"3/5/2018 10 p.m. EST",14436,14450,12228,-2208
ISNE,"3/5/2018 11 p.m. EST",13230,13220,10892,-2338
ISNE,"3/6/2018 12 a.m. EST",12216,12130,9856,-2360
ISNE,"3/6/2018 1 a.m. EST",11919,11310,9730,-2189
ISNE,"3/6/2018 2 a.m. EST",12028,11080,9717,-2311
ISNE,"3/6/2018 3 a.m. EST",12071,10880,9464,-2607
ISNE,"3/6/2018 4 a.m. EST",12030,10970,9297,-2733
ISNE,"3/6/2018 5 a.m. EST",12036,11350,9433,-2603
ISNE,"3/6/2018 6 a.m. EST",12552,12410,10240,-2312
ISNE,"3/6/2018 7 a.m. EST",14163,14030,12161,-2002
ISNE,"3/6/2018 8 a.m. EST",14771,14680,12852,-1919
ISNE,"3/6/2018 9 a.m. EST",14428,14590,12763,-1665
ISNE,"3/6/2018 10 a.m. EST",14002,14040,12071,-1931
ISNE,"3/6/2018 11 a.m. EST",13998,13680,12091,-1907
ISNE,"3/6/2018 12 p.m. EST",14047,13610,12135,-1912
ISNE,"3/6/2018 1 p.m. EST",13670,13510,11979,-1691
ISNE,"3/6/2018 2 p.m. EST",13568,13480,11832,-1736
ISNE,"3/6/2018 3 p.m. EST",13705,13690,11531,-2174
ISNE,"3/6/2018 4 p.m. EST",13972,14040,11913,-2059
ISNE,"3/6/2018 5 p.m. EST",14356,14600,12388,-1968
ISNE,"3/6/2018 6 p.m. EST",15282,15670,13521,-1761
ISNE,"3/6/2018 7 p.m. EST",16067,16350,14298,-1769
ISNE,"3/6/2018 8 p.m. EST",15866,16020,14078,-1788
ISNE,"3/6/2018 9 p.m. EST",15319,15450,13681,-1638
ISNE,"3/6/2018 10 p.m. EST",14369,14480,12716,-1653
ISNE,"3/6/2018 11 p.m. EST",13195,13240,11101,-2094
ISNE,"3/7/2018 12 a.m. EST",12307,12090,10287,-2020
ISNE,"3/7/2018 1 a.m. EST",11716,11470,9667,-2049
ISNE,"3/7/2018 2 a.m. EST",11343,11150,9223,-2120
ISNE,"3/7/2018 3 a.m. EST",11398,11020,9274,-2124
ISNE,"3/7/2018 4 a.m. EST",11464,11000,9231,-2233
ISNE,"3/7/2018 5 a.m. EST",11835,11390,9576,-2259
ISNE,"3/7/2018 6 a.m. EST",12532,12460,10338,-2194
ISNE,"3/7/2018 7 a.m. EST",13807,14320,11790,-2017
ISNE,"3/7/2018 8 a.m. EST",14832,15210,12692,-2140
ISNE,"3/7/2018 9 a.m. EST",15443,15380,13211,-2232
ISNE,"3/7/2018 10 a.m. EST",15372,15370,13229,-2143
ISNE,"3/7/2018 11 a.m. EST",15577,15420,13402,-2175
ISNE,"3/7/2018 12 p.m. EST",15626,15430,13501,-2125
ISNE,"3/7/2018 1 p.m. EST",15662,15420,13585,-2077
ISNE,"3/7/2018 2 p.m. EST",15775,15450,13930,-1845
ISNE,"3/7/2018 3 p.m. EST",15752,15460,13868,-1884
ISNE,"3/7/2018 4 p.m. EST",15782,15520,13619,-2163
ISNE,"3/7/2018 5 p.m. EST",16096,15990,13770,-2326
ISNE,"3/7/2018 6 p.m. EST",16720,16680,14205,-2515
ISNE,"3/7/2018 7 p.m. EST",16776,17000,14388,-2388
ISNE,"3/7/2018 8 p.m. EST",16138,16570,13668,-2470
ISNE,"3/7/2018 9 p.m. EST",15299,15910,12722,-2577
ISNE,"3/7/2018 10 p.m. EST",14225,14810,11718,-2507
ISNE,"3/7/2018 11 p.m. EST",13041,13540,10422,-2619
ISNE,"3/8/2018 12 a.m. EST",12167,12420,9418,-2749
ISNE,"3/8/2018 1 a.m. EST",11591,11350,9722,-1869
ISNE,"3/8/2018 2 a.m. EST",10946,10920,9462,-1484
ISNE,"3/8/2018 3 a.m. EST",10955,10680,8937,-2018
ISNE,"3/8/2018 4 a.m. EST",11226,10550,8754,-2472
ISNE,"3/8/2018 5 a.m. EST",11526,10800,8707,-2819
ISNE,"3/8/2018 6 a.m. EST",11860,11500,9197,-2663
ISNE,"3/8/2018 7 a.m. EST",12747,12480,10115,-2632
ISNE,"3/8/2018 8 a.m. EST",13586,13310,11042,-2544
ISNE,"3/8/2018 9 a.m. EST",14163,13830,11621,-2542
ISNE,"3/8/2018 10 a.m. EST",14133,14200,11540,-2593
ISNE,"3/8/2018 11 a.m. EST",14218,14180,11670,-2548
ISNE,"3/8/2018 12 p.m. EST",14288,14210,11658,-2630
ISNE,"3/8/2018 1 p.m. EST",14334,14160,11747,-2587
ISNE,"3/8/2018 2 p.m. EST",14264,14170,11666,-2598
ISNE,"3/8/2018 3 p.m. EST",14203,14260,11581,-2622
ISNE,"3/8/2018 4 p.m. EST",14275,14320,11849,-2426
ISNE,"3/8/2018 5 p.m. EST",14599,14770,12296,-2303
ISNE,"3/8/2018 6 p.m. EST",15227,15510,13071,-2156
ISNE,"3/8/2018 7 p.m. EST",15729,16030,13724,-2005
ISNE,"3/8/2018 8 p.m. EST",15409,15710,13314,-2095
ISNE,"3/8/2018 9 p.m. EST",14859,15180,12838,-2021
ISNE,"3/8/2018 10 p.m. EST",13988,14260,11929,-2059
ISNE,"3/8/2018 11 p.m. EST",12871,13070,10421,-2450
ISNE,"3/9/2018 12 a.m. EST",11943,12010,9348,-2595
ISNE,"3/9/2018 1 a.m. EST",11650,11310,8813,-2837
ISNE,"3/9/2018 2 a.m. EST",11559,11020,8667,-2892
ISNE,"3/9/2018 3 a.m. EST",11441,10890,8670,-2771
ISNE,"3/9/2018 4 a.m. EST",11658,10950,9001,-2657
ISNE,"3/9/2018 5 a.m. EST",11724,11320,9213,-2511
ISNE,"3/9/2018 6 a.m. EST",12293,12310,10217,-2076
ISNE,"3/9/2018 7 a.m. EST",13732,13770,11857,-1875
ISNE,"3/9/2018 8 a.m. EST",14489,14490,12308,-2181
ISNE,"3/9/2018 9 a.m. EST",14532,14510,12351,-2181
ISNE,"3/9/2018 10 a.m. EST",14431,14420,12411,-2020
ISNE,"3/9/2018 11 a.m. EST",14432,14270,12450,-1982
ISNE,"3/9/2018 12 p.m. EST",14332,14260,12366,-1966
ISNE,"3/9/2018 1 p.m. EST",14171,14160,12252,-1919
ISNE,"3/9/2018 2 p.m. EST",14170,14200,12085,-2085
ISNE,"3/9/2018 3 p.m. EST",14128,14240,11841,-2287
ISNE,"3/9/2018 4 p.m. EST",14187,14370,11953,-2234
ISNE,"3/9/2018 5 p.m. EST",14482,14890,12168,-2314
ISNE,"3/9/2018 6 p.m. EST",15110,15360,12957,-2153
ISNE,"3/9/2018 7 p.m. EST",15667,15710,13303,-2364
ISNE,"3/9/2018 8 p.m. EST",15364,15360,12928,-2436
ISNE,"3/9/2018 9 p.m. EST",14883,14840,12669,-2214
ISNE,"3/9/2018 10 p.m. EST",14169,14150,11739,-2430
ISNE,"3/9/2018 11 p.m. EST",13268,13180,10809,-2459
ISNE,"3/10/2018 12 a.m. EST",12355,12190,9790,-2565
ISNE,"3/10/2018 1 a.m. EST",11699,11600,9226,-2473
ISNE,"3/10/2018 2 a.m. EST",11539,11250,9118,-2421
ISNE,"3/10/2018 3 a.m. EST",11795,11070,9286,-2509
ISNE,"3/10/2018 4 a.m. EST",11853,10960,9333,-2520
ISNE,"3/10/2018 5 a.m. EST",11975,11130,9373,-2602
ISNE,"3/10/2018 6 a.m. EST",11890,11560,9715,-2175
ISNE,"3/10/2018 7 a.m. EST",12177,12130,9890,-2287
ISNE,"3/10/2018 8 a.m. EST",12680,12720,10303,-2377
ISNE,"3/10/2018 9 a.m. EST",13051,13070,10802,-2249
ISNE,"3/10/2018 10 a.m. EST",13216,13180,10719,-2497
ISNE,"3/10/2018 11 a.m. EST",13479,13170,10968,-2511
ISNE,"3/10/2018 12 p.m. EST",13548,13020,10949,-2599
ISNE,"3/10/2018 1 p.m. EST",13227,12890,10612,-2615
ISNE,"3/10/2018 2 p.m. EST",13398,12910,10766,-2632
ISNE,"3/10/2018 3 p.m. EST",13407,13020,10849,-2558
ISNE,"3/10/2018 4 p.m. EST",13292,13200,10919,-2373
ISNE,"3/10/2018 5 p.m. EST",13689,13810,11329,-2360
ISNE,"3/10/2018 6 p.m. EST",14367,14310,11930,-2437
ISNE,"3/10/2018 7 p.m. EST",15046,14930,12639,-2407
ISNE,"3/10/2018 8 p.m. EST",14766,14600,12423,-2343
ISNE,"3/10/2018 9 p.m. EST",14325,14300,11936,-2389
ISNE,"3/10/2018 10 p.m. EST",13702,13730,11332,-2370
ISNE,"3/10/2018 11 p.m. EST",12896,12960,10530,-2366
ISNE,"3/11/2018 12 a.m. EST",12123,12100,9851,-2272
ISNE,"3/11/2018 1 a.m. EST",11745,11410,9557,-2188
ISNE,"3/11/2018 3 a.m. EDT",11736,11100,9324,-2412
ISNE,"3/11/2018 4 a.m. EDT",11793,10640,9382,-2411
ISNE,"3/11/2018 5 a.m. EDT",11723,10760,9319,-2404
ISNE,"3/11/2018 6 a.m. EDT",11667,10970,9272,-2395
ISNE,"3/11/2018 7 a.m. EDT",11863,11360,9563,-2300
ISNE,"3/11/2018 8 a.m. EDT",12271,11890,9937,-2334
ISNE,"3/11/2018 9 a.m. EDT",12353,12510,10049,-2304
ISNE,"3/11/2018 10 a.m. EDT",12430,12510,10024,-2406
ISNE,"3/11/2018 11 a.m. EDT",12392,12270,10097,-2295
ISNE,"3/11/2018 12 p.m. EDT",12316,12130,9967,-2349
ISNE,"3/11/2018 1 p.m. EDT",12432,11940,9977,-2455
ISNE,"3/11/2018 2 p.m. EDT",12280,11930,9836,-2444
ISNE,"3/11/2018 3 p.m. EDT",12228,11950,9721,-2507
ISNE,"3/11/2018 4 p.m. EDT",12326,12230,9852,-2474
ISNE,"3/11/2018 5 p.m. EDT",12480,12800,10033,-2447
ISNE,"3/11/2018 6 p.m. EDT",13439,13550,10934,-2505
ISNE,"3/11/2018 7 p.m. EDT",14105,14420,11668,-2437
ISNE,"3/11/2018 8 p.m. EDT",14796,14870,12564,-2232
ISNE,"3/11/2018 9 p.m. EDT",14541,14620,12292,-2249
ISNE,"3/11/2018 10 p.m. EDT",13815,13710,11579,-2236
ISNE,"3/11/2018 11 p.m. EDT",12782,12710,10227,-2555
ISNE,"3/12/2018 12 a.m. EDT",11821,11710,9250,-2571
ISNE,"3/12/2018 1 a.m. EDT",11683,11000,9122,-2561
ISNE,"3/12/2018 2 a.m. EDT",11895,10750,9142,-2753
ISNE,"3/12/2018 3 a.m. EDT",11831,10720,9027,-2804
ISNE,"3/12/2018 4 a.m. EDT",11908,10750,9109,-2799
ISNE,"3/12/2018 5 a.m. EDT",12060,11170,9413,-2647
ISNE,"3/12/2018 6 a.m. EDT",12650,12150,10294,-2356
ISNE,"3/12/2018 7 a.m. EDT",14140,13880,12214,-1926
ISNE,"3/12/2018 8 a.m. EDT",15225,14750,13420,-1805
ISNE,"3/12/2018 9 a.m. EDT",14934,14950,12815,-2119
ISNE,"3/12/2018 10 a.m. EDT",14245,14270,12172,-2073
ISNE,"3/12/2018 11 a.m. EDT",13860,14050,12077,-1783
ISNE,"3/12/2018 12 p.m. EDT",13749,14040,12042,-1707
ISNE,"3/12/2018 1 p.m. EDT",13837,13990,11988,-1849
ISNE,"3/12/2018 2 p.m. EDT",13893,13880,11914,-1979
ISNE,"3/12/2018 3 p.m. EDT",13905,13910,11950,-1955
ISNE,"3/12/2018 4 p.m. EDT",14051,14220,12049,-2002
ISNE,"3/12/2018 5 p.m. EDT",14306,14750,12233,-2073
ISNE,"3/12/2018 6 p.m. EDT",14808,15050,12643,-2165
ISNE,"3/12/2018 7 p.m. EDT",15377,15630,13320,-2057
ISNE,"3/12/2018 8 p.m. EDT",15730,16010,13675,-2055
ISNE,"3/12/2018 9 p.m. EDT",15285,15380,13193,-2092
ISNE,"3/12/2018 10 p.m. EDT",14463,14380,12370,-2093
ISNE,"3/12/2018 11 p.m. EDT",13403,13140,11166,-2237
ISNE,"3/13/2018 12 a.m. EDT",12551,12030,10295,-2256
ISNE,"3/13/2018 1 a.m. EDT",11888,11580,9436,-2452
ISNE,"3/13/2018 2 a.m. EDT",11671,11150,9248,-2423
ISNE,"3/13/2018 3 a.m. EDT",11528,10970,9163,-2365
ISNE,"3/13/2018 4 a.m. EDT",11320,10990,9023,-2297
ISNE,"3/13/2018 5 a.m. EDT",11505,11300,9218,-2287
ISNE,"3/13/2018 6 a.m. EDT",11908,11980,9723,-2185
ISNE,"3/13/2018 7 a.m. EDT",12892,12920,10757,-2135
ISNE,"3/13/2018 8 a.m. EDT",13742,13660,11852,-1890
ISNE,"3/13/2018 9 a.m. EDT",14455,14310,12544,-1911
ISNE,"3/13/2018 10 a.m. EDT",15020,14960,12878,-2142
ISNE,"3/13/2018 11 a.m. EDT",15329,15370,13203,-2126
ISNE,"3/13/2018 12 p.m. EDT",15577,15690,13415,-2162
ISNE,"3/13/2018 1 p.m. EDT",15634,15780,13195,-2439
ISNE,"3/13/2018 2 p.m. EDT",15445,15790,12895,-2550
ISNE,"3/13/2018 3 p.m. EDT",15169,15740,12546,-2623
ISNE,"3/13/2018 4 p.m. EDT",14959,15750,12326,-2633
ISNE,"3/13/2018 5 p.m. EDT",15018,15880,12270,-2748
ISNE,"3/13/2018 6 p.m. EDT",15331,15990,12655,-2676
ISNE,"3/13/2018 7 p.m. EDT",15496,16200,13051,-2445
ISNE,"3/13/2018 8 p.m. EDT",15735,16620,13639,-2096
ISNE,"3/13/2018 9 p.m. EDT",15230,15500,13050,-2180
ISNE,"3/13/2018 10 p.m. EDT",14362,14380,11973,-2389
ISNE,"3/13/2018 11 p.m. EDT",13285,13230,10669,-2616
ISNE,"3/14/2018 12 a.m. EDT",12286,12210,9744,-2542
ISNE,"3/14/2018 1 a.m. EDT",11850,11690,9281,-2569
ISNE,"3/14/2018 2 a.m. EDT",11829,11370,9082,-2747
ISNE,"3/14/2018 3 a.m. EDT",11862,11180,9117,-2745
ISNE,"3/14/2018 4 a.m. EDT",11674,11150,8904,-2770
ISNE,"3/14/2018 5 a.m. EDT",11882,11480,9049,-2833
ISNE,"3/14/2018 6 a.m. EDT",12279,12380,9598,-2681
ISNE,"3/14/2018 7 a.m. EDT",13703,14130,11075,-2628
ISNE,"3/14/2018 8 a.m. EDT",14716,15150,12251,-2465
ISNE,"3/14/2018 9 a.m. EDT",15095,15240,12738,-2357
ISNE,"3/14/2018 10 a.m. EDT",15149,15160,13710,-1439
ISNE,"3/14/2018 11 a.m. EDT",15066,14980,12503,-2563
ISNE,"3/14/2018 12 p.m. EDT",14899,14780,12157,-2742
ISNE,"3/14/2018 1 p.m. EDT",14599,14620,11799,-2800
ISNE,"3/14/2018 2 p.m. EDT",14455,14490,11758,-2697
ISNE,"3/14/2018 3 p.m. EDT",14266,14400,11531,-2735
ISNE,"3/14/2018 4 p.m. EDT",14154,14330,11332,-2822
ISNE,"3/14/2018 5 p.m. EDT",14320,14830,11421,-2899
ISNE,"3/14/2018 6 p.m. EDT",14784,15130,11975,-2809
ISNE,"3/14/2018 7 p.m. EDT",15596,15670,12829,-2767
ISNE,"3/14/2018 8 p.m. EDT",15844,16140,13228,-2616
ISNE,"3/14/2018 9 p.m. EDT",15507,15720,12864,-2643
ISNE,"3/14/2018 10 p.m. EDT",14641,14810,11959,-2682
ISNE,"3/14/2018 11 p.m. EDT",13461,13530,10558,-2903
ISNE,"3/15/2018 12 a.m. EDT",12396,12380,9657,-2739
ISNE,"3/15/2018 1 a.m. EDT",12021,11680,9121,-2900
ISNE,"3/15/2018 2 a.m. EDT",12196,11320,9359,-2837
ISNE,"3/15/2018 3 a.m. EDT",11989,11150,9252,-2737
ISNE,"3/15/2018 4 a.m. EDT",11962,11170,9233,-2729
ISNE,"3/15/2018 5 a.m. EDT",12288,11560,9648,-2640
ISNE,"3/15/2018 6 a.m. EDT",13223,12440,10690,-2533
ISNE,"3/15/2018 7 a.m. EDT",14224,14190,11782,-2442
ISNE,"3/15/2018 8 a.m. EDT",15185,15190,12823,-2362
ISNE,"3/15/2018 9 a.m. EDT",15231,15200,12710,-2521
ISNE,"3/15/2018 10 a.m. EDT",14936,14940,12434,-2502
ISNE,"3/15/2018 11 a.m. EDT",14615,14620,12032,-2583
ISNE,"3/15/2018 12 p.m. EDT",14910,14470,12276,-2634
ISNE,"3/15/2018 1 p.m. EDT",14389,14210,11654,-2735
ISNE,"3/15/2018 2 p.m. EDT",14197,14050,11529,-2668
ISNE,"3/15/2018 3 p.m. EDT",14228,14050,11531,-2697
ISNE,"3/15/2018 4 p.m. EDT",14252,14050,11464,-2788
ISNE,"3/15/2018 5 p.m. EDT",14359,14400,11466,-2893
ISNE,"3/15/2018 6 p.m. EDT",14501,14800,11674,-2827
ISNE,"3/15/2018 7 p.m. EDT",15002,15340,12216,-2786
ISNE,"3/15/2018 8 p.m. EDT",15636,15870,13023,-2613
ISNE,"3/15/2018 9 p.m. EDT",15362,15530,12759,-2603
ISNE,"3/15/2018 10 p.m. EDT",14558,14660,11916,-2642
ISNE,"3/15/2018 11 p.m. EDT",13692,13480,10862,-2830
ISNE,"3/16/2018 12 a.m. EDT",12808,12360,9917,-2891
ISNE,"3/16/2018 1 a.m. EDT",12212,11710,9534,-2678
ISNE,"3/16/2018 2 a.m. EDT",12077,11300,9468,-2609
ISNE,"3/16/2018 3 a.m. EDT",11909,11200,9283,-2626
ISNE,"3/16/2018 4 a.m. EDT",11919,11270,9325,-2594
ISNE,"3/16/2018 5 a.m. EDT",12256,11670,9556,-2700
ISNE,"3/16/2018 6 a.m. EDT",12768,12410,10190,-2578
ISNE,"3/16/2018 7 a.m. EDT",14169,14030,11699,-2470
ISNE,"3/16/2018 8 a.m. EDT",15135,14920,12599,-2536
ISNE,"3/16/2018 9 a.m. EDT",14992,15000,12458,-2534
ISNE,"3/16/2018 10 a.m. EDT",14670,14620,12134,-2536
ISNE,"3/16/2018 11 a.m. EDT",14574,14300,12092,-2482
ISNE,"3/16/2018 12 p.m. EDT",14341,13940,11935,-2406
ISNE,"3/16/2018 1 p.m. EDT",14076,13790,11559,-2517
ISNE,"3/16/2018 2 p.m. EDT",14000,13660,11439,-2561
ISNE,"3/16/2018 3 p.m. EDT",13870,13630,11132,-2738
ISNE,"3/16/2018 4 p.m. EDT",13841,13690,11157,-2684
ISNE,"3/16/2018 5 p.m. EDT",14085,14260,11283,-2802
ISNE,"3/16/2018 6 p.m. EDT",14533,14720,11743,-2790
ISNE,"3/16/2018 7 p.m. EDT",15073,15040,12297,-2776
ISNE,"3/16/2018 8 p.m. EDT",15708,15630,12937,-2771
ISNE,"3/16/2018 9 p.m. EDT",15500,15380,12765,-2735
ISNE,"3/16/2018 10 p.m. EDT",14900,14840,12175,-2725
ISNE,"3/16/2018 11 p.m. EDT",14004,13960,11179,-2825
ISNE,"3/17/2018 12 a.m. EDT",13063,12930,10232,-2831
ISNE,"3/17/2018 1 a.m. EDT",12353,12230,9536,-2817
ISNE,"3/17/2018 2 a.m. EDT",12176,11850,9417,-2759
ISNE,"3/17/2018 3 a.m. EDT",12246,11630,9372,-2874
ISNE,"3/17/2018 4 a.m. EDT",12161,11610,9367,-2794
ISNE,"3/17/2018 5 a.m. EDT",12122,11700,9333,-2789
ISNE,"3/17/2018 6 a.m. EDT",12140,12090,9406,-2734
ISNE,"3/17/2018 7 a.m. EDT",12862,12780,10094,-2768
ISNE,"3/17/2018 8 a.m. EDT",13548,13450,10792,-2756
ISNE,"3/17/2018 9 a.m. EDT",13920,13930,11236,-2684
ISNE,"3/17/2018 10 a.m. EDT",13800,13820,11075,-2725
ISNE,"3/17/2018 11 a.m. EDT",13561,13730,10908,-2653
ISNE,"3/17/2018 12 p.m. EDT",13291,13490,10622,-2669
ISNE,"3/17/2018 1 p.m. EDT",12935,13160,10248,-2687
ISNE,"3/17/2018 2 p.m. EDT",12805,12850,10116,-2689
ISNE,"3/17/2018 3 p.m. EDT",12884,12730,10120,-2764
ISNE,"3/17/2018 4 p.m. EDT",12937,12880,10110,-2827
ISNE,"3/17/2018 5 p.m. EDT",13285,13300,10481,-2804
ISNE,"3/17/2018 6 p.m. EDT",13458,13900,10684,-2774
ISNE,"3/17/2018 7 p.m. EDT",14015,14440,11342,-2673
ISNE,"3/17/2018 8 p.m. EDT",14732,15150,11936,-2796
ISNE,"3/17/2018 9 p.m. EDT",14685,15070,11915,-2770
ISNE,"3/17/2018 10 p.m. EDT",14245,14570,11477,-2768
ISNE,"3/17/2018 11 p.m. EDT",13535,13770,10719,-2816
ISNE,"3/18/2018 12 a.m. EDT",12776,12900,9970,-2806
ISNE,"3/18/2018 1 a.m. EDT",12255,12570,9393,-2862
ISNE,"3/18/2018 2 a.m. EDT",12246,12380,9420,-2826
ISNE,"3/18/2018 3 a.m. EDT",12238,12310,9450,-2788
ISNE,"3/18/2018 4 a.m. EDT",12222,12240,9441,-2781
ISNE,"3/18/2018 5 a.m. EDT",12080,12240,9353,-2727
ISNE,"3/18/2018 6 a.m. EDT",12379,12460,9754,-2625
ISNE,"3/18/2018 7 a.m. EDT",12723,12870,10090,-2633
ISNE,"3/18/2018 8 a.m. EDT",13264,13130,10714,-2550
ISNE,"3/18/2018 9 a.m. EDT",13563,13300,10959,-2604
ISNE,"3/18/2018 10 a.m. EDT",13521,13500,10715,-2806
ISNE,"3/18/2018 11 a.m. EDT",13335,13270,10540,-2795
ISNE,"3/18/2018 12 p.m. EDT",13182,12890,10483,-2699
ISNE,"3/18/2018 1 p.m. EDT",12989,12560,10281,-2708
ISNE,"3/18/2018 2 p.m. EDT",13021,12190,10304,-2717
ISNE,"3/18/2018 3 p.m. EDT",13092,12040,10341,-2751
ISNE,"3/18/2018 4 p.m. EDT",12915,12480,10200,-2715
ISNE,"3/18/2018 5 p.m. EDT",13305,13460,10563,-2742
ISNE,"3/18/2018 6 p.m. EDT",14138,14260,11325,-2813
ISNE,"3/18/2018 7 p.m. EDT",14744,15140,12009,-2735
ISNE,"3/18/2018 8 p.m. EDT",15547,16030,12854,-2693
ISNE,"3/18/2018 9 p.m. EDT",15359,15670,12621,-2738
ISNE,"3/18/2018 10 p.m. EDT",14607,14920,11790,-2817
ISNE,"3/18/2018 11 p.m. EDT",13562,13800,10712,-2850
ISNE,"3/19/2018 12 a.m. EDT",12604,12740,9647,-2957
ISNE,"3/19/2018 1 a.m. EDT",12289,12020,9513,-2776
ISNE,"3/19/2018 2 a.m. EDT",12255,11750,9502,-2753
ISNE,"3/19/2018 3 a.m. EDT",12180,11670,9357,-2823
ISNE,"3/19/2018 4 a.m. EDT",11864,11740,9267,-2597
ISNE,"3/19/2018 5 a.m. EDT",12129,12130,9575,-2554
ISNE,"3/19/2018 6 a.m. EDT",13178,13200,10848,-2330
ISNE,"3/19/2018 7 a.m. EDT",15037,15070,12714,-2323
ISNE,"3/19/2018 8 a.m. EDT",15977,15970,13725,-2252
ISNE,"3/19/2018 9 a.m. EDT",15619,15590,13231,-2388
ISNE,"3/19/2018 10 a.m. EDT",14986,14900,12504,-2482
ISNE,"3/19/2018 11 a.m. EDT",14542,14430,12096,-2446
ISNE,"3/19/2018 12 p.m. EDT",14189,14060,11615,-2574
ISNE,"3/19/2018 1 p.m. EDT",13849,13580,11241,-2608
ISNE,"3/19/2018 2 p.m. EDT",13641,13320,11003,-2638
ISNE,"3/19/2018 3 p.m. EDT",13625,13240,11025,-2600
ISNE,"3/19/2018 4 p.m. EDT",13593,13270,10924,-2669
ISNE,"3/19/2018 5 p.m. EDT",14041,14020,11301,-2740
ISNE,"3/19/2018 6 p.m. EDT",14606,14790,11811,-2795
ISNE,"3/19/2018 7 p.m. EDT",15400,15450,12636,-2764
ISNE,"3/19/2018 8 p.m. EDT",16137,16350,13371,-2766
ISNE,"3/19/2018 9 p.m. EDT",15906,16060,13047,-2859
ISNE,"3/19/2018 10 p.m. EDT",15025,15270,12171,-2854
ISNE,"3/19/2018 11 p.m. EDT",13820,14070,10939,-2881
ISNE,"3/20/2018 12 a.m. EDT",12937,13040,9986,-2951
ISNE,"3/20/2018 1 a.m. EDT",12537,12110,9613,-2924
ISNE,"3/20/2018 2 a.m. EDT",12430,11810,9673,-2757
ISNE,"3/20/2018 3 a.m. EDT",12322,11710,9584,-2738
ISNE,"3/20/2018 4 a.m. EDT",12320,11780,9596,-2724
ISNE,"3/20/2018 5 a.m. EDT",12293,12180,9669,-2624
ISNE,"3/20/2018 6 a.m. EDT",13235,13260,10660,-2575
ISNE,"3/20/2018 7 a.m. EDT",15059,15090,12613,-2446
ISNE,"3/20/2018 8 a.m. EDT",15926,15930,13402,-2524
ISNE,"3/20/2018 9 a.m. EDT",15498,15470,13021,-2477
ISNE,"3/20/2018 10 a.m. EDT",14845,14850,12294,-2551
ISNE,"3/20/2018 11 a.m. EDT",14323,14370,11687,-2636
ISNE,"3/20/2018 12 p.m. EDT",13965,14040,11301,-2664
ISNE,"3/20/2018 1 p.m. EDT",14071,13720,11455,-2616
ISNE,"3/20/2018 2 p.m. EDT",13919,13520,11331,-2588
ISNE,"3/20/2018 3 p.m. EDT",13802,13300,11168,-2634
ISNE,"3/20/2018 4 p.m. EDT",13850,13270,11237,-2613
ISNE,"3/20/2018 5 p.m. EDT",14141,13680,11509,-2632
ISNE,"3/20/2018 6 p.m. EDT",14796,14350,11932,-2864
ISNE,"3/20/2018 7 p.m. EDT",15368,15030,12479,-2889
ISNE,"3/20/2018 8 p.m. EDT",15855,16080,13046,-2809
ISNE,"3/20/2018 9 p.m. EDT",15517,15660,12694,-2823
ISNE,"3/20/2018 10 p.m. EDT",14624,14800,11836,-2788
ISNE,"3/20/2018 11 p.m. EDT",13416,13620,10736,-2680
ISNE,"3/21/2018 12 a.m. EDT",12356,12540,9673,-2683
ISNE,"3/21/2018 1 a.m. EDT",11912,11660,9239,-2673
ISNE,"3/21/2018 2 a.m. EDT",11846,11330,9181,-2665
ISNE,"3/21/2018 3 a.m. EDT",11702,11160,9137,-2565
ISNE,"3/21/2018 4 a.m. EDT",11726,11180,9229,-2497
ISNE,"3/21/2018 5 a.m. EDT",11899,11530,9524,-2375
ISNE,"3/21/2018 6 a.m. EDT",12496,12530,10183,-2313
ISNE,"3/21/2018 7 a.m. EDT",14219,14260,11857,-2362
ISNE,"3/21/2018 8 a.m. EDT",15220,15220,12801,-2419
ISNE,"3/21/2018 9 a.m. EDT",15476,15470,13044,-2432
ISNE,"3/21/2018 10 a.m. EDT",15571,15550,13074,-2497
ISNE,"3/21/2018 11 a.m. EDT",15651,15500,13196,-2455
ISNE,"3/21/2018 12 p.m. EDT",15550,15470,12896,-2654
ISNE,"3/21/2018 1 p.m. EDT",15303,15330,12510,-2793
ISNE,"3/21/2018 2 p.m. EDT",15085,15270,12335,-2750
ISNE,"3/21/2018 3 p.m. EDT",15006,15070,12088,-2918
ISNE,"3/21/2018 4 p.m. EDT",15040,15050,12078,-2962
ISNE,"3/21/2018 5 p.m. EDT",15375,15370,12470,-2905
ISNE,"3/21/2018 6 p.m. EDT",15861,15560,12867,-2994
ISNE,"3/21/2018 7 p.m. EDT",16103,15800,13138,-2965
ISNE,"3/21/2018 8 p.m. EDT",16254,16200,13357,-2897
ISNE,"3/21/2018 9 p.m. EDT",15728,15730,13032,-2696
ISNE,"3/21/2018 10 p.m. EDT",14725,14930,11982,-2743
ISNE,"3/21/2018 11 p.m. EDT",13469,13590,10634,-2835
ISNE,"3/22/2018 12 a.m. EDT",12533,12470,9643,-2890
ISNE,"3/22/2018 1 a.m. EDT",12193,11710,9228,-2965
ISNE,"3/22/2018 2 a.m. EDT",11892,11340,8857,-3035
ISNE,"3/22/2018 3 a.m. EDT",11735,11260,8668,-3067
ISNE,"3/22/2018 4 a.m. EDT",11756,11220,8696,-3060
ISNE,"3/22/2018 5 a.m. EDT",11788,11570,8860,-2928
ISNE,"3/22/2018 6 a.m. EDT",12538,12530,9705,-2833
ISNE,"3/22/2018 7 a.m. EDT",14212,14380,11651,-2561
ISNE,"3/22/2018 8 a.m. EDT",15276,15360,12523,-2753
ISNE,"3/22/2018 9 a.m. EDT",15579,15320,12782,-2797
ISNE,"3/22/2018 10 a.m. EDT",15528,15530,12894,-2634
ISNE,"3/22/2018 11 a.m. EDT",15204,15250,12595,-2609
ISNE,"3/22/2018 12 p.m. EDT",14818,14790,12194,-2624
ISNE,"3/22/2018 1 p.m. EDT",14652,14540,12125,-2527
ISNE,"3/22/2018 2 p.m. EDT",14463,14410,11876,-2587
ISNE,"3/22/2018 3 p.m. EDT",14221,14230,11607,-2614
ISNE,"3/22/2018 4 p.m. EDT",14126,14230,11461,-2665
ISNE,"3/22/2018 5 p.m. EDT",14382,14420,11741,-2641
ISNE,"3/22/2018 6 p.m. EDT",14517,14640,11761,-2756
ISNE,"3/22/2018 7 p.m. EDT",14935,15190,12149,-2786
ISNE,"3/22/2018 8 p.m. EDT",15450,15540,12666,-2784
ISNE,"3/22/2018 9 p.m. EDT",15189,15330,12478,-2711
ISNE,"3/22/2018 10 p.m. EDT",14329,14550,11638,-2691
ISNE,"3/22/2018 11 p.m. EDT",13170,13340,10500,-2670
ISNE,"3/23/2018 12 a.m. EDT",12628,12310,9767,-2861
ISNE,"3/23/2018 1 a.m. EDT",12102,11420,9238,-2864
ISNE,"3/23/2018 2 a.m. EDT",12083,11090,9203,-2880
ISNE,"3/23/2018 3 a.m. EDT",12241,10970,9377,-2864
ISNE,"3/23/2018 4 a.m. EDT",12306,11000,9441,-2865
ISNE,"3/23/2018 5 a.m. EDT",12420,11350,9609,-2811
ISNE,"3/23/2018 6 a.m. EDT",13004,12340,10388,-2616
ISNE,"3/23/2018 7 a.m. EDT",14180,14080,11676,-2504
ISNE,"3/23/2018 8 a.m. EDT",14863,14840,12341,-2522
ISNE,"3/23/2018 9 a.m. EDT",14681,14640,12044,-2637
ISNE,"3/23/2018 10 a.m. EDT",14187,14250,11636,-2551
ISNE,"3/23/2018 11 a.m. EDT",13635,13900,11085,-2550
ISNE,"3/23/2018 12 p.m. EDT",13337,13720,10876,-2461
ISNE,"3/23/2018 1 p.m. EDT",13077,13360,10469,-2608
ISNE,"3/23/2018 2 p.m. EDT",12740,13420,10136,-2604
ISNE,"3/23/2018 3 p.m. EDT",12957,13290,10271,-2686
ISNE,"3/23/2018 4 p.m. EDT",13127,13310,10423,-2704
ISNE,"3/23/2018 5 p.m. EDT",13240,13590,10578,-2662
ISNE,"3/23/2018 6 p.m. EDT",13700,13890,11114,-2586
ISNE,"3/23/2018 7 p.m. EDT",14094,14190,11442,-2652
ISNE,"3/23/2018 8 p.m. EDT",14588,14790,12045,-2543
ISNE,"3/23/2018 9 p.m. EDT",14369,14580,11968,-2401
ISNE,"3/23/2018 10 p.m. EDT",13755,13930,11228,-2527
ISNE,"3/23/2018 11 p.m. EDT",12871,13020,10247,-2624
ISNE,"3/24/2018 12 a.m. EDT",12186,12020,9524,-2662
ISNE,"3/24/2018 1 a.m. EDT",11486,11190,8825,-2661
ISNE,"3/24/2018 2 a.m. EDT",11076,10810,8462,-2614
ISNE,"3/24/2018 3 a.m. EDT",10878,10620,8400,-2478
ISNE,"3/24/2018 4 a.m. EDT",10828,10570,8352,-2476
ISNE,"3/24/2018 5 a.m. EDT",10952,10710,8469,-2483
ISNE,"3/24/2018 6 a.m. EDT",11162,11120,8743,-2419
ISNE,"3/24/2018 7 a.m. EDT",11860,11900,9467,-2393
ISNE,"3/24/2018 8 a.m. EDT",12571,12520,10175,-2396
ISNE,"3/24/2018 9 a.m. EDT",13047,12940,10724,-2323
ISNE,"3/24/2018 10 a.m. EDT",12917,12910,10426,-2491
ISNE,"3/24/2018 11 a.m. EDT",12480,12700,10182,-2298
ISNE,"3/24/2018 12 p.m. EDT",12112,12420,9640,-2472
ISNE,"3/24/2018 1 p.m. EDT",12009,12210,9489,-2520
ISNE,"3/24/2018 2 p.m. EDT",12132,12080,9447,-2685
ISNE,"3/24/2018 3 p.m. EDT",12110,11980,9257,-2853
ISNE,"3/24/2018 4 p.m. EDT",11984,12070,9129,-2855
ISNE,"3/24/2018 5 p.m. EDT",12377,12520,9586,-2791
ISNE,"3/24/2018 6 p.m. EDT",12875,13030,10154,-2721
ISNE,"3/24/2018 7 p.m. EDT",13340,13540,10662,-2678
ISNE,"3/24/2018 8 p.m. EDT",13854,14000,11288,-2566
ISNE,"3/24/2018 9 p.m. EDT",13696,13880,11083,-2613
ISNE,"3/24/2018 10 p.m. EDT",13188,13320,10632,-2556
ISNE,"3/24/2018 11 p.m. EDT",12454,12570,9688,-2766
ISNE,"3/25/2018 12 a.m. EDT",11648,11730,8920,-2728
ISNE,"3/25/2018 1 a.m. EDT",11114,11070,8513,-2601
ISNE,"3/25/2018 2 a.m. EDT",10910,10680,8352,-2558
ISNE,"3/25/2018 3 a.m. EDT",10952,10520,8447,-2505
ISNE,"3/25/2018 4 a.m. EDT",10883,10420,8425,-2458
ISNE,"3/25/2018 5 a.m. EDT",10955,10560,8551,-2404
ISNE,"3/25/2018 6 a.m. EDT",11021,10850,8602,-2419
ISNE,"3/25/2018 7 a.m. EDT",11385,11420,9038,-2347
ISNE,"3/25/2018 8 a.m. EDT",11920,12000,9280,-2640
ISNE,"3/25/2018 9 a.m. EDT",12696,12480,10116,-2580
ISNE,"3/25/2018 10 a.m. EDT",13193,13180,10861,-2332
ISNE,"3/25/2018 11 a.m. EDT",13334,13380,11160,-2174
ISNE,"3/25/2018 12 p.m. EDT",13151,13280,10939,-2212
ISNE,"3/25/2018 1 p.m. EDT",12902,13210,10457,-2445
ISNE,"3/25/2018 2 p.m. EDT",12646,13100,10031,-2615
ISNE,"3/25/2018 3 p.m. EDT",12371,12920,9816,-2555
ISNE,"3/25/2018 4 p.m. EDT",12374,12880,9734,-2640
ISNE,"3/25/2018 5 p.m. EDT",12720,13260,10139,-2581
ISNE,"3/25/2018 6 p.m. EDT",13432,13780,10869,-2563
ISNE,"3/25/2018 7 p.m. EDT",14123,14370,11791,-2332
ISNE,"3/25/2018 8 p.m. EDT",14821,14890,12466,-2355
ISNE,"3/25/2018 9 p.m. EDT",14704,14650,12243,-2461
ISNE,"3/25/2018 10 p.m. EDT",13928,13780,11630,-2298
ISNE,"3/25/2018 11 p.m. EDT",12878,12770,10363,-2515
ISNE,"3/26/2018 12 a.m. EDT",11908,11760,9290,-2618
ISNE,"3/26/2018 1 a.m. EDT",11565,11320,8945,-2620
ISNE,"3/26/2018 2 a.m. EDT",11324,11020,8703,-2621
ISNE,"3/26/2018 3 a.m. EDT",11215,10920,8650,-2565
ISNE,"3/26/2018 4 a.m. EDT",11305,11020,8814,-2491
ISNE,"3/26/2018 5 a.m. EDT",11714,11430,9418,-2296
ISNE,"3/26/2018 6 a.m. EDT",12545,12400,10397,-2148
ISNE,"3/26/2018 7 a.m. EDT",14395,14150,12381,-2014
ISNE,"3/26/2018 8 a.m. EDT",15168,14950,13239,-1929
ISNE,"3/26/2018 9 a.m. EDT",14619,14610,12408,-2211
ISNE,"3/26/2018 10 a.m. EDT",13867,13960,11493,-2374
ISNE,"3/26/2018 11 a.m. EDT",13356,13380,11099,-2257
ISNE,"3/26/2018 12 p.m. EDT",12993,13050,10855,-2138
ISNE,"3/26/2018 1 p.m. EDT",12918,12890,10685,-2233
ISNE,"3/26/2018 2 p.m. EDT",12830,12700,10481,-2349
ISNE,"3/26/2018 3 p.m. EDT",12817,12630,10399,-2418
ISNE,"3/26/2018 4 p.m. EDT",12604,12600,10078,-2526
ISNE,"3/26/2018 5 p.m. EDT",12806,13170,10252,-2554
ISNE,"3/26/2018 6 p.m. EDT",13705,13930,11079,-2626
ISNE,"3/26/2018 7 p.m. EDT",14536,14660,12096,-2440
ISNE,"3/26/2018 8 p.m. EDT",15324,15440,12892,-2432
ISNE,"3/26/2018 9 p.m. EDT",15179,15200,12717,-2462
ISNE,"3/26/2018 10 p.m. EDT",14308,14300,11856,-2452
ISNE,"3/26/2018 11 p.m. EDT",13130,13140,10592,-2538
ISNE,"3/27/2018 12 a.m. EDT",12298,12080,9527,-2771
ISNE,"3/27/2018 1 a.m. EDT",12007,11410,9396,-2611
ISNE,"3/27/2018 2 a.m. EDT",11738,11160,9147,-2591
ISNE,"3/27/2018 3 a.m. EDT",11656,11040,9049,-2607
ISNE,"3/27/2018 4 a.m. EDT",11732,11110,9228,-2504
ISNE,"3/27/2018 5 a.m. EDT",12128,11470,9705,-2423
ISNE,"3/27/2018 6 a.m. EDT",12957,12590,10803,-2154
ISNE,"3/27/2018 7 a.m. EDT",14700,14500,12323,-2377
ISNE,"3/27/2018 8 a.m. EDT",15177,15190,12801,-2376
ISNE,"3/27/2018 9 a.m. EDT",14624,14560,12366,-2258
ISNE,"3/27/2018 10 a.m. EDT",13852,13990,11779,-2073
ISNE,"3/27/2018 11 a.m. EDT",13279,13440,11711,-1568
ISNE,"3/27/2018 12 p.m. EDT",12894,13080,11380,-1514
ISNE,"3/27/2018 1 p.m. EDT",12620,12730,11185,-1435
ISNE,"3/27/2018 2 p.m. EDT",12949,12730,11307,-1642
ISNE,"3/27/2018 3 p.m. EDT",13165,12680,11469,-1696
ISNE,"3/27/2018 4 p.m. EDT",13323,12760,11648,-1675
ISNE,"3/27/2018 5 p.m. EDT",13573,13290,11871,-1702
ISNE,"3/27/2018 6 p.m. EDT",14213,13910,12437,-1776
ISNE,"3/27/2018 7 p.m. EDT",14732,14550,12500,-2232
ISNE,"3/27/2018 8 p.m. EDT",15257,15200,12977,-2280
ISNE,"3/27/2018 9 p.m. EDT",14902,14990,12527,-2375
ISNE,"3/27/2018 10 p.m. EDT",14059,14180,12144,-1915
ISNE,"3/27/2018 11 p.m. EDT",12822,12950,10672,-2150
ISNE,"3/28/2018 12 a.m. EDT",12051,11890,9724,-2327
ISNE,"3/28/2018 1 a.m. EDT",11682,10970,9234,-2448
ISNE,"3/28/2018 2 a.m. EDT",11661,10630,9157,-2504
ISNE,"3/28/2018 3 a.m. EDT",11489,10450,8802,-2687
ISNE,"3/28/2018 4 a.m. EDT",11462,10430,8795,-2667
ISNE,"3/28/2018 5 a.m. EDT",11733,10790,9164,-2569
ISNE,"3/28/2018 6 a.m. EDT",12227,11800,10071,-2156
ISNE,"3/28/2018 7 a.m. EDT",13581,13620,11662,-1919
ISNE,"3/28/2018 8 a.m. EDT",14561,14560,12616,-1945
ISNE,"3/28/2018 9 a.m. EDT",14593,14570,12791,-1802
ISNE,"3/28/2018 10 a.m. EDT",14430,13970,12768,-1662
ISNE,"3/28/2018 11 a.m. EDT",14046,13730,12470,-1576
ISNE,"3/28/2018 12 p.m. EDT",13235,13410,11568,-1667
ISNE,"3/28/2018 1 p.m. EDT",12632,13120,11097,-1535
ISNE,"3/28/2018 2 p.m. EDT",12502,12420,11059,-1443
ISNE,"3/28/2018 3 p.m. EDT",12658,12440,11073,-1585
ISNE,"3/28/2018 4 p.m. EDT",12761,12520,11097,-1664
ISNE,"3/28/2018 5 p.m. EDT",13153,13030,11495,-1658
ISNE,"3/28/2018 6 p.m. EDT",13577,13750,11804,-1773
ISNE,"3/28/2018 7 p.m. EDT",14004,14340,12409,-1595
ISNE,"3/28/2018 8 p.m. EDT",14582,14750,12997,-1585
ISNE,"3/28/2018 9 p.m. EDT",14384,14420,12556,-1828
ISNE,"3/28/2018 10 p.m. EDT",13547,13590,11876,-1671
ISNE,"3/28/2018 11 p.m. EDT",12401,12440,10631,-1770
ISNE,"3/29/2018 12 a.m. EDT",11566,11330,9311,-2255
ISNE,"3/29/2018 1 a.m. EDT",11150,10630,9081,-2069
ISNE,"3/29/2018 2 a.m. EDT",10845,10280,8805,-2040
ISNE,"3/29/2018 3 a.m. EDT",10690,10130,8676,-2014
ISNE,"3/29/2018 4 a.m. EDT",10957,10160,8818,-2139
ISNE,"3/29/2018 5 a.m. EDT",11105,10530,9216,-1889
ISNE,"3/29/2018 6 a.m. EDT",11721,11540,9969,-1752
ISNE,"3/29/2018 7 a.m. EDT",13249,13280,11672,-1577
ISNE,"3/29/2018 8 a.m. EDT",14082,14080,12351,-1731
ISNE,"3/29/2018 9 a.m. EDT",13914,13890,12119,-1795
ISNE,"3/29/2018 10 a.m. EDT",13725,13750,11760,-1965
ISNE,"3/29/2018 11 a.m. EDT",13408,13540,11449,-1959
ISNE,"3/29/2018 12 p.m. EDT",13084,13450,11276,-1808
ISNE,"3/29/2018 1 p.m. EDT",13458,13270,11774,-1684
ISNE,"3/29/2018 2 p.m. EDT",13645,13280,11803,-1842
ISNE,"3/29/2018 3 p.m. EDT",13339,13180,11291,-2048
ISNE,"3/29/2018 4 p.m. EDT",13438,13300,11147,-2291
ISNE,"3/29/2018 5 p.m. EDT",13717,13630,11388,-2329
ISNE,"3/29/2018 6 p.m. EDT",14076,14030,11677,-2399
ISNE,"3/29/2018 7 p.m. EDT",14331,14410,11896,-2435
ISNE,"3/29/2018 8 p.m. EDT",14586,14700,12281,-2305
ISNE,"3/29/2018 9 p.m. EDT",14210,14310,11779,-2431
ISNE,"3/29/2018 10 p.m. EDT",13383,13440,11004,-2379
ISNE,"3/29/2018 11 p.m. EDT",12392,12270,10272,-2120
ISNE,"3/30/2018 12 a.m. EDT",11678,11130,9422,-2256
ISNE,"3/30/2018 1 a.m. EDT",10975,10430,8547,-2428
ISNE,"3/30/2018 2 a.m. EDT",10568,10030,8270,-2298
ISNE,"3/30/2018 3 a.m. EDT",10386,9810,8140,-2246
ISNE,"3/30/2018 4 a.m. EDT",10545,9770,8248,-2297
ISNE,"3/30/2018 5 a.m. EDT",10762,9990,8201,-2561
ISNE,"3/30/2018 6 a.m. EDT",11383,10780,8867,-2516
ISNE,"3/30/2018 7 a.m. EDT",12269,12090,9720,-2549
ISNE,"3/30/2018 8 a.m. EDT",13008,13010,10801,-2207
ISNE,"3/30/2018 9 a.m. EDT",13546,13560,11206,-2340
ISNE,"3/30/2018 10 a.m. EDT",13796,13840,11415,-2381
ISNE,"3/30/2018 11 a.m. EDT",13821,13790,11578,-2243
ISNE,"3/30/2018 12 p.m. EDT",13764,13790,11490,-2274
ISNE,"3/30/2018 1 p.m. EDT",13628,13570,11290,-2338
ISNE,"3/30/2018 2 p.m. EDT",13537,13500,11132,-2405
ISNE,"3/30/2018 3 p.m. EDT",13182,13460,10815,-2367
ISNE,"3/30/2018 4 p.m. EDT",12969,13440,10529,-2440
ISNE,"3/30/2018 5 p.m. EDT",13146,13280,10697,-2449
ISNE,"3/30/2018 6 p.m. EDT",13482,13400,11257,-2225
ISNE,"3/30/2018 7 p.m. EDT",13603,13670,11426,-2177
ISNE,"3/30/2018 8 p.m. EDT",13773,13900,11585,-2188
ISNE,"3/30/2018 9 p.m. EDT",13483,13360,11366,-2117
ISNE,"3/30/2018 10 p.m. EDT",12846,12650,10749,-2097
ISNE,"3/30/2018 11 p.m. EDT",12010,11900,10005,-2005
ISNE,"3/31/2018 12 a.m. EDT",11320,10870,9319,-2001
ISNE,"3/31/2018 1 a.m. EDT",10642,10360,9126,-1516
ISNE,"3/31/2018 2 a.m. EDT",10243,9970,8811,-1432
ISNE,"3/31/2018 3 a.m. EDT",10304,9770,8697,-1607
ISNE,"3/31/2018 4 a.m. EDT",10499,9730,8729,-1770
ISNE,"3/31/2018 5 a.m. EDT",10427,9870,8924,-1503
ISNE,"3/31/2018 6 a.m. EDT",10814,10300,9041,-1773
ISNE,"3/31/2018 7 a.m. EDT",11401,10970,9190,-2211
ISNE,"3/31/2018 8 a.m. EDT",11567,11560,9759,-1808
ISNE,"3/31/2018 9 a.m. EDT",11767,11760,9921,-1846
ISNE,"3/31/2018 10 a.m. EDT",11590,11600,9712,-1878
ISNE,"3/31/2018 11 a.m. EDT",11265,11200,9419,-1846
ISNE,"3/31/2018 12 p.m. EDT",10948,10770,9029,-1919
ISNE,"3/31/2018 1 p.m. EDT",10807,10450,8849,-1958
ISNE,"3/31/2018 2 p.m. EDT",10783,10360,8943,-1840
ISNE,"3/31/2018 3 p.m. EDT",10433,10350,8822,-1611
ISNE,"3/31/2018 4 p.m. EDT",10721,10470,8977,-1744
ISNE,"3/31/2018 5 p.m. EDT",10959,11030,9109,-1850
ISNE,"3/31/2018 6 p.m. EDT",11627,11650,9785,-1842
ISNE,"3/31/2018 7 p.m. EDT",12344,12570,10302,-2042
ISNE,"3/31/2018 8 p.m. EDT",13026,13250,11012,-2014
ISNE,"3/31/2018 9 p.m. EDT",13079,13040,11137,-1942
ISNE,"3/31/2018 10 p.m. EDT",12620,12670,10823,-1797
ISNE,"3/31/2018 11 p.m. EDT",11881,11870,9809,-2072
ISNE,"4/1/2018 12 a.m. EDT",10991,11000,8942,-2049
