"BA Code","Timestamp (Hour Ending)","Demand (MWh)","Demand Forecast (MWh)","Net Generation (MWh)","Total Interchange (MWh)"
ISNE,"10/1/2015 12 a.m. EDT",12396,11850,10224,-2172
ISNE,"10/1/2015 1 a.m. EDT",11808,11180,9311,-2497
ISNE,"10/1/2015 2 a.m. EDT",11485,10600,9088,-2397
ISNE,"10/1/2015 3 a.m. EDT",11310,10310,9104,-2206
ISNE,"10/1/2015 4 a.m. EDT",11201,10210,8541,-2660
ISNE,"10/1/2015 5 a.m. EDT",11354,10100,8480,-2874
ISNE,"10/1/2015 6 a.m. EDT",11783,10990,9206,-2577
ISNE,"10/1/2015 7 a.m. EDT",13095,12850,10730,-2365
ISNE,"10/1/2015 8 a.m. EDT",13930,13980,11345,-2585
ISNE,"10/1/2015 9 a.m. EDT",14036,14360,11207,-2829
ISNE,"10/1/2015 10 a.m. EDT",14139,14570,11312,-2827
ISNE,"10/1/2015 11 a.m. EDT",14299,14760,11670,-2629
ISNE,"10/1/2015 12 p.m. EDT",14345,14800,11906,-2439
ISNE,"10/1/2015 1 p.m. EDT",14280,14750,11913,-2367
ISNE,"10/1/2015 2 p.m. EDT",14309,14870,11917,-2392
ISNE,"10/1/2015 3 p.m. EDT",14216,14830,11880,-2336
ISNE,"10/1/2015 4 p.m. EDT",14234,14830,11839,-2395
ISNE,"10/1/2015 5 p.m. EDT",14346,14960,11842,-2504
ISNE,"10/1/2015 6 p.m. EDT",14665,15200,12191,-2474
ISNE,"10/1/2015 7 p.m. EDT",15152,15680,12500,-2652
ISNE,"10/1/2015 8 p.m. EDT",15292,15800,12714,-2578
ISNE,"10/1/2015 9 p.m. EDT",14680,15030,12249,-2431
ISNE,"10/1/2015 10 p.m. EDT",13655,13970,11539,-2116
ISNE,"10/1/2015 11 p.m. EDT",12284,12600,10539,-1745
ISNE,"10/2/2015 12 a.m. EDT",11405,11360,9173,-2232
ISNE,"10/2/2015 1 a.m. EDT",10700,10250,8037,-2663
ISNE,"10/2/2015 2 a.m. EDT",10144,9900,7751,-2393
ISNE,"10/2/2015 3 a.m. EDT",10090,9650,7761,-2329
ISNE,"10/2/2015 4 a.m. EDT",10019,9600,7646,-2373
ISNE,"10/2/2015 5 a.m. EDT",10237,9750,7696,-2541
ISNE,"10/2/2015 6 a.m. EDT",11023,10690,8317,-2706
ISNE,"10/2/2015 7 a.m. EDT",12349,12430,9765,-2584
ISNE,"10/2/2015 8 a.m. EDT",13443,13470,10782,-2661
ISNE,"10/2/2015 9 a.m. EDT",13916,13680,11689,-2227
ISNE,"10/2/2015 10 a.m. EDT",14148,13820,11873,-2275
ISNE,"10/2/2015 11 a.m. EDT",14296,13880,11946,-2350
ISNE,"10/2/2015 12 p.m. EDT",14312,13820,11647,-2665
ISNE,"10/2/2015 1 p.m. EDT",14234,13700,11696,-2538
ISNE,"10/2/2015 2 p.m. EDT",14211,13720,11696,-2515
ISNE,"10/2/2015 3 p.m. EDT",14119,13620,11544,-2575
ISNE,"10/2/2015 4 p.m. EDT",14065,13540,11558,-2507
ISNE,"10/2/2015 5 p.m. EDT",14173,13590,11484,-2689
ISNE,"10/2/2015 6 p.m. EDT",14443,13820,11608,-2835
ISNE,"10/2/2015 7 p.m. EDT",14822,14020,11664,-3158
ISNE,"10/2/2015 8 p.m. EDT",14771,14500,11762,-3009
ISNE,"10/2/2015 9 p.m. EDT",14190,14050,11497,-2693
ISNE,"10/2/2015 10 p.m. EDT",13376,13300,11105,-2271
ISNE,"10/2/2015 11 p.m. EDT",12302,12210,9575,-2727
ISNE,"10/3/2015 12 a.m. EDT",11239,11080,8548,-2691
ISNE,"10/3/2015 1 a.m. EDT",10898,10350,8199,-2699
ISNE,"10/3/2015 2 a.m. EDT",10434,9860,7924,-2510
ISNE,"10/3/2015 3 a.m. EDT",10150,9600,7760,-2390
ISNE,"10/3/2015 4 a.m. EDT",10279,9470,7771,-2508
ISNE,"10/3/2015 5 a.m. EDT",10401,9460,7840,-2561
ISNE,"10/3/2015 6 a.m. EDT",10729,9850,8021,-2708
ISNE,"10/3/2015 7 a.m. EDT",11165,10520,8574,-2591
ISNE,"10/3/2015 8 a.m. EDT",11981,11390,9459,-2522
ISNE,"10/3/2015 9 a.m. EDT",12689,12480,9950,-2739
ISNE,"10/3/2015 10 a.m. EDT",13122,13220,10998,-2124
ISNE,"10/3/2015 11 a.m. EDT",13410,13570,11494,-1916
ISNE,"10/3/2015 12 p.m. EDT",13425,13700,11400,-2025
ISNE,"10/3/2015 1 p.m. EDT",13300,13540,11028,-2272
ISNE,"10/3/2015 2 p.m. EDT",13072,13260,10704,-2368
ISNE,"10/3/2015 3 p.m. EDT",12887,12990,10731,-2156
ISNE,"10/3/2015 4 p.m. EDT",12846,12940,10833,-2013
ISNE,"10/3/2015 5 p.m. EDT",12993,13240,10881,-2112
ISNE,"10/3/2015 6 p.m. EDT",13352,13620,11247,-2105
ISNE,"10/3/2015 7 p.m. EDT",13896,14050,11484,-2412
ISNE,"10/3/2015 8 p.m. EDT",14014,14300,11719,-2295
ISNE,"10/3/2015 9 p.m. EDT",13571,13510,11778,-1793
ISNE,"10/3/2015 10 p.m. EDT",12882,12840,11122,-1760
ISNE,"10/3/2015 11 p.m. EDT",11974,11990,10070,-1904
ISNE,"10/4/2015 12 a.m. EDT",11006,11020,9119,-1887
ISNE,"10/4/2015 1 a.m. EDT",10227,10260,7890,-2337
ISNE,"10/4/2015 2 a.m. EDT",9750,9760,7468,-2282
ISNE,"10/4/2015 3 a.m. EDT",9746,9470,7394,-2352
ISNE,"10/4/2015 4 a.m. EDT",9825,9350,7352,-2473
ISNE,"10/4/2015 5 a.m. EDT",9927,9360,7513,-2414
ISNE,"10/4/2015 6 a.m. EDT",9979,9600,7573,-2406
ISNE,"10/4/2015 7 a.m. EDT",10316,10070,7843,-2473
ISNE,"10/4/2015 8 a.m. EDT",10616,10710,8665,-1951
ISNE,"10/4/2015 9 a.m. EDT",11411,11640,9353,-2058
ISNE,"10/4/2015 10 a.m. EDT",11881,12260,9651,-2230
ISNE,"10/4/2015 11 a.m. EDT",12092,12540,9532,-2560
ISNE,"10/4/2015 12 p.m. EDT",12164,12660,9737,-2427
ISNE,"10/4/2015 1 p.m. EDT",12113,12660,10102,-2011
ISNE,"10/4/2015 2 p.m. EDT",12002,12530,9901,-2101
ISNE,"10/4/2015 3 p.m. EDT",11934,12400,10025,-1909
ISNE,"10/4/2015 4 p.m. EDT",12054,12500,10227,-1827
ISNE,"10/4/2015 5 p.m. EDT",12476,12840,10466,-2010
ISNE,"10/4/2015 6 p.m. EDT",13123,13400,10880,-2243
ISNE,"10/4/2015 7 p.m. EDT",13933,14330,11451,-2482
ISNE,"10/4/2015 8 p.m. EDT",14366,14500,11867,-2499
ISNE,"10/4/2015 9 p.m. EDT",13796,13800,11059,-2737
ISNE,"10/4/2015 10 p.m. EDT",12807,12830,9982,-2825
ISNE,"10/4/2015 11 p.m. EDT",11643,11770,9055,-2588
ISNE,"10/5/2015 12 a.m. EDT",10584,10760,7758,-2826
ISNE,"10/5/2015 1 a.m. EDT",10163,9980,6992,-3171
ISNE,"10/5/2015 2 a.m. EDT",10275,9600,7096,-3179
ISNE,"10/5/2015 3 a.m. EDT",10334,9390,7342,-2992
ISNE,"10/5/2015 4 a.m. EDT",10493,9400,7243,-3250
ISNE,"10/5/2015 5 a.m. EDT",10812,9710,7822,-2990
ISNE,"10/5/2015 6 a.m. EDT",11437,10780,8368,-3069
ISNE,"10/5/2015 7 a.m. EDT",12635,12640,9679,-2956
ISNE,"10/5/2015 8 a.m. EDT",13698,13670,10680,-3018
ISNE,"10/5/2015 9 a.m. EDT",13938,13980,11058,-2880
ISNE,"10/5/2015 10 a.m. EDT",13966,14070,11188,-2778
ISNE,"10/5/2015 11 a.m. EDT",14033,14160,10876,-3157
ISNE,"10/5/2015 12 p.m. EDT",14077,14100,10787,-3290
ISNE,"10/5/2015 1 p.m. EDT",14043,14050,10525,-3518
ISNE,"10/5/2015 2 p.m. EDT",14100,14080,10389,-3711
ISNE,"10/5/2015 3 p.m. EDT",14044,14060,10401,-3643
ISNE,"10/5/2015 4 p.m. EDT",14004,14110,10454,-3550
ISNE,"10/5/2015 5 p.m. EDT",14155,14320,10984,-3171
ISNE,"10/5/2015 6 p.m. EDT",14522,14710,11397,-3125
ISNE,"10/5/2015 7 p.m. EDT",15157,15330,11820,-3337
ISNE,"10/5/2015 8 p.m. EDT",15423,15700,12134,-3289
ISNE,"10/5/2015 9 p.m. EDT",14762,14880,11388,-3374
ISNE,"10/5/2015 10 p.m. EDT",13643,13720,10515,-3128
ISNE,"10/5/2015 11 p.m. EDT",12329,12320,8917,-3412
ISNE,"10/6/2015 12 a.m. EDT",11678,11070,8099,-3579
ISNE,"10/6/2015 1 a.m. EDT",11124,10220,8029,-3095
ISNE,"10/6/2015 2 a.m. EDT",10977,9810,7816,-3161
ISNE,"10/6/2015 3 a.m. EDT",10765,9640,7846,-2919
ISNE,"10/6/2015 4 a.m. EDT",10725,9630,7466,-3259
ISNE,"10/6/2015 5 a.m. EDT",11004,9920,7779,-3225
ISNE,"10/6/2015 6 a.m. EDT",11704,10960,8539,-3165
ISNE,"10/6/2015 7 a.m. EDT",12803,12690,9587,-3216
ISNE,"10/6/2015 8 a.m. EDT",13769,13690,10452,-3317
ISNE,"10/6/2015 9 a.m. EDT",13878,13810,10762,-3116
ISNE,"10/6/2015 10 a.m. EDT",13855,13880,11046,-2809
ISNE,"10/6/2015 11 a.m. EDT",13884,13940,11022,-2862
ISNE,"10/6/2015 12 p.m. EDT",13900,13970,11007,-2893
ISNE,"10/6/2015 1 p.m. EDT",13869,13950,10944,-2925
ISNE,"10/6/2015 2 p.m. EDT",13948,14050,11071,-2877
ISNE,"10/6/2015 3 p.m. EDT",13936,14040,11166,-2770
ISNE,"10/6/2015 4 p.m. EDT",13983,14030,11067,-2916
ISNE,"10/6/2015 5 p.m. EDT",14253,14210,11287,-2966
ISNE,"10/6/2015 6 p.m. EDT",14654,14510,11669,-2985
ISNE,"10/6/2015 7 p.m. EDT",15225,15130,12231,-2994
ISNE,"10/6/2015 8 p.m. EDT",15446,15350,12282,-3164
ISNE,"10/6/2015 9 p.m. EDT",14767,14630,11506,-3261
ISNE,"10/6/2015 10 p.m. EDT",13665,13560,10759,-2906
ISNE,"10/6/2015 11 p.m. EDT",12283,12100,9684,-2599
ISNE,"10/7/2015 12 a.m. EDT",11040,10910,8533,-2507
ISNE,"10/7/2015 1 a.m. EDT",10684,10260,7702,-2982
ISNE,"10/7/2015 2 a.m. EDT",10763,9840,7489,-3274
ISNE,"10/7/2015 3 a.m. EDT",10713,9640,7347,-3366
ISNE,"10/7/2015 4 a.m. EDT",10734,9570,7213,-3521
ISNE,"10/7/2015 5 a.m. EDT",10933,9870,7307,-3626
ISNE,"10/7/2015 6 a.m. EDT",11344,10880,7935,-3409
ISNE,"10/7/2015 7 a.m. EDT",12740,12740,9597,-3143
ISNE,"10/7/2015 8 a.m. EDT",13711,13730,10658,-3053
ISNE,"10/7/2015 9 a.m. EDT",13863,13850,10839,-3024
ISNE,"10/7/2015 10 a.m. EDT",13889,13930,10820,-3069
ISNE,"10/7/2015 11 a.m. EDT",13952,14040,10945,-3007
ISNE,"10/7/2015 12 p.m. EDT",14008,14080,10832,-3176
ISNE,"10/7/2015 1 p.m. EDT",13995,14010,10885,-3110
ISNE,"10/7/2015 2 p.m. EDT",14110,14100,11015,-3095
ISNE,"10/7/2015 3 p.m. EDT",14140,14180,11174,-2966
ISNE,"10/7/2015 4 p.m. EDT",14249,14210,11311,-2938
ISNE,"10/7/2015 5 p.m. EDT",14489,14470,11550,-2939
ISNE,"10/7/2015 6 p.m. EDT",14804,14740,11675,-3129
ISNE,"10/7/2015 7 p.m. EDT",15311,15190,12179,-3132
ISNE,"10/7/2015 8 p.m. EDT",15542,15360,12558,-2984
ISNE,"10/7/2015 9 p.m. EDT",14860,14770,11757,-3103
ISNE,"10/7/2015 10 p.m. EDT",13746,13680,10676,-3070
ISNE,"10/7/2015 11 p.m. EDT",12352,12280,9334,-3018
ISNE,"10/8/2015 12 a.m. EDT",11156,11070,8221,-2935
ISNE,"10/8/2015 1 a.m. EDT",11079,10330,7923,-3156
ISNE,"10/8/2015 2 a.m. EDT",11102,9840,7957,-3145
ISNE,"10/8/2015 3 a.m. EDT",11025,9630,7998,-3027
ISNE,"10/8/2015 4 a.m. EDT",10944,9590,7693,-3251
ISNE,"10/8/2015 5 a.m. EDT",11184,9890,7941,-3243
ISNE,"10/8/2015 6 a.m. EDT",11809,10850,8539,-3270
ISNE,"10/8/2015 7 a.m. EDT",12628,12710,9569,-3059
ISNE,"10/8/2015 8 a.m. EDT",13596,13710,10378,-3218
ISNE,"10/8/2015 9 a.m. EDT",13753,13870,10708,-3045
ISNE,"10/8/2015 10 a.m. EDT",13733,13940,10450,-3283
ISNE,"10/8/2015 11 a.m. EDT",13761,14030,10472,-3289
ISNE,"10/8/2015 12 p.m. EDT",13761,14030,10452,-3309
ISNE,"10/8/2015 1 p.m. EDT",13723,14020,10585,-3138
ISNE,"10/8/2015 2 p.m. EDT",13836,14120,10831,-3005
ISNE,"10/8/2015 3 p.m. EDT",13825,14090,10776,-3049
ISNE,"10/8/2015 4 p.m. EDT",13846,14120,10682,-3164
ISNE,"10/8/2015 5 p.m. EDT",14066,14290,10820,-3246
ISNE,"10/8/2015 6 p.m. EDT",14385,14630,11125,-3260
ISNE,"10/8/2015 7 p.m. EDT",14985,15250,11705,-3280
ISNE,"10/8/2015 8 p.m. EDT",15231,15330,12111,-3120
ISNE,"10/8/2015 9 p.m. EDT",14653,14730,11434,-3219
ISNE,"10/8/2015 10 p.m. EDT",13646,13690,10514,-3132
ISNE,"10/8/2015 11 p.m. EDT",12314,12310,9341,-2973
ISNE,"10/9/2015 12 a.m. EDT",11076,11100,8596,-2480
ISNE,"10/9/2015 1 a.m. EDT",10618,10170,7828,-2790
ISNE,"10/9/2015 2 a.m. EDT",10578,9770,7561,-3017
ISNE,"10/9/2015 3 a.m. EDT",10642,9560,8046,-2596
ISNE,"10/9/2015 4 a.m. EDT",10666,9520,8032,-2634
ISNE,"10/9/2015 5 a.m. EDT",10845,9810,8035,-2810
ISNE,"10/9/2015 6 a.m. EDT",11403,10790,8570,-2833
ISNE,"10/9/2015 7 a.m. EDT",12590,12540,10062,-2528
ISNE,"10/9/2015 8 a.m. EDT",13652,13650,11146,-2506
ISNE,"10/9/2015 9 a.m. EDT",14157,13950,11584,-2573
ISNE,"10/9/2015 10 a.m. EDT",14465,14140,11580,-2885
ISNE,"10/9/2015 11 a.m. EDT",14816,14340,11875,-2941
ISNE,"10/9/2015 12 p.m. EDT",14941,14410,12002,-2939
ISNE,"10/9/2015 1 p.m. EDT",14940,14400,11951,-2989
ISNE,"10/9/2015 2 p.m. EDT",14988,14450,12039,-2949
ISNE,"10/9/2015 3 p.m. EDT",14933,14380,12061,-2872
ISNE,"10/9/2015 4 p.m. EDT",14844,14330,12074,-2770
ISNE,"10/9/2015 5 p.m. EDT",14938,14400,12286,-2652
ISNE,"10/9/2015 6 p.m. EDT",15196,14570,12450,-2746
ISNE,"10/9/2015 7 p.m. EDT",15460,14950,12672,-2788
ISNE,"10/9/2015 8 p.m. EDT",15135,14840,12355,-2780
ISNE,"10/9/2015 9 p.m. EDT",14498,14240,11547,-2951
ISNE,"10/9/2015 10 p.m. EDT",13637,13340,10794,-2843
ISNE,"10/9/2015 11 p.m. EDT",12517,12250,9854,-2663
ISNE,"10/10/2015 12 a.m. EDT",11346,11120,8887,-2459
ISNE,"10/10/2015 1 a.m. EDT",10789,10230,8172,-2617
ISNE,"10/10/2015 2 a.m. EDT",10718,9750,7925,-2793
ISNE,"10/10/2015 3 a.m. EDT",10357,9490,7548,-2809
ISNE,"10/10/2015 4 a.m. EDT",10454,9360,7301,-3153
ISNE,"10/10/2015 5 a.m. EDT",10509,9380,7474,-3035
ISNE,"10/10/2015 6 a.m. EDT",10590,9740,7710,-2880
ISNE,"10/10/2015 7 a.m. EDT",10983,10430,8118,-2865
ISNE,"10/10/2015 8 a.m. EDT",11383,11180,8597,-2786
ISNE,"10/10/2015 9 a.m. EDT",12106,12050,9195,-2911
ISNE,"10/10/2015 10 a.m. EDT",12548,12470,9518,-3030
ISNE,"10/10/2015 11 a.m. EDT",12605,12600,9750,-2855
ISNE,"10/10/2015 12 p.m. EDT",12481,12610,9681,-2800
ISNE,"10/10/2015 1 p.m. EDT",12035,12430,9341,-2694
ISNE,"10/10/2015 2 p.m. EDT",11812,12260,9123,-2689
ISNE,"10/10/2015 3 p.m. EDT",11692,12150,9083,-2609
ISNE,"10/10/2015 4 p.m. EDT",11767,12210,9325,-2442
ISNE,"10/10/2015 5 p.m. EDT",12136,12430,9780,-2356
ISNE,"10/10/2015 6 p.m. EDT",12693,12880,10144,-2549
ISNE,"10/10/2015 7 p.m. EDT",13416,13530,10621,-2795
ISNE,"10/10/2015 8 p.m. EDT",13585,13750,10722,-2863
ISNE,"10/10/2015 9 p.m. EDT",13172,13260,10238,-2934
ISNE,"10/10/2015 10 p.m. EDT",12531,12620,9790,-2741
ISNE,"10/10/2015 11 p.m. EDT",11669,11750,8928,-2741
ISNE,"10/11/2015 12 a.m. EDT",10749,10810,7819,-2930
ISNE,"10/11/2015 1 a.m. EDT",10316,10030,7281,-3035
ISNE,"10/11/2015 2 a.m. EDT",10148,9630,7386,-2762
ISNE,"10/11/2015 3 a.m. EDT",10179,9330,7472,-2707
ISNE,"10/11/2015 4 a.m. EDT",10320,9200,7421,-2899
ISNE,"10/11/2015 5 a.m. EDT",10350,9260,7358,-2992
ISNE,"10/11/2015 6 a.m. EDT",10226,9550,7193,-3033
ISNE,"10/11/2015 7 a.m. EDT",10544,10080,7438,-3106
ISNE,"10/11/2015 8 a.m. EDT",11115,10630,8200,-2915
ISNE,"10/11/2015 9 a.m. EDT",11596,11340,8726,-2870
ISNE,"10/11/2015 10 a.m. EDT",11769,11840,9228,-2541
ISNE,"10/11/2015 11 a.m. EDT",11890,12090,9443,-2447
ISNE,"10/11/2015 12 p.m. EDT",11835,12160,9360,-2475
ISNE,"10/11/2015 1 p.m. EDT",11756,12120,9200,-2556
ISNE,"10/11/2015 2 p.m. EDT",11686,11980,8948,-2738
ISNE,"10/11/2015 3 p.m. EDT",11678,11850,8946,-2732
ISNE,"10/11/2015 4 p.m. EDT",11861,11940,9159,-2702
ISNE,"10/11/2015 5 p.m. EDT",12351,12340,9538,-2813
ISNE,"10/11/2015 6 p.m. EDT",12892,13140,10197,-2695
ISNE,"10/11/2015 7 p.m. EDT",13595,13940,10841,-2754
ISNE,"10/11/2015 8 p.m. EDT",13720,14100,11040,-2680
ISNE,"10/11/2015 9 p.m. EDT",13254,13520,10646,-2608
ISNE,"10/11/2015 10 p.m. EDT",12392,12570,9799,-2593
ISNE,"10/11/2015 11 p.m. EDT",11439,11410,8720,-2719
ISNE,"10/12/2015 12 a.m. EDT",10517,10400,7725,-2792
ISNE,"10/12/2015 1 a.m. EDT",10046,9770,7240,-2806
ISNE,"10/12/2015 2 a.m. EDT",10222,9380,7428,-2794
ISNE,"10/12/2015 3 a.m. EDT",10034,9190,7317,-2717
ISNE,"10/12/2015 4 a.m. EDT",9991,9170,7179,-2812
ISNE,"10/12/2015 5 a.m. EDT",10218,9460,7574,-2644
ISNE,"10/12/2015 6 a.m. EDT",10636,10260,7957,-2679
ISNE,"10/12/2015 7 a.m. EDT",11569,11370,8873,-2696
ISNE,"10/12/2015 8 a.m. EDT",12230,12330,9760,-2470
ISNE,"10/12/2015 9 a.m. EDT",12861,12960,10458,-2403
ISNE,"10/12/2015 10 a.m. EDT",13275,13330,10985,-2290
ISNE,"10/12/2015 11 a.m. EDT",13503,13600,11210,-2293
ISNE,"10/12/2015 12 p.m. EDT",13606,13760,11313,-2293
ISNE,"10/12/2015 1 p.m. EDT",13606,13770,11352,-2254
ISNE,"10/12/2015 2 p.m. EDT",13638,13820,11197,-2441
ISNE,"10/12/2015 3 p.m. EDT",13659,13820,11169,-2490
ISNE,"10/12/2015 4 p.m. EDT",13833,13930,11455,-2378
ISNE,"10/12/2015 5 p.m. EDT",14188,14350,11638,-2550
ISNE,"10/12/2015 6 p.m. EDT",14668,14780,12122,-2546
ISNE,"10/12/2015 7 p.m. EDT",15282,15500,12685,-2597
ISNE,"10/12/2015 8 p.m. EDT",15332,15750,13063,-2269
ISNE,"10/12/2015 9 p.m. EDT",14573,14710,12055,-2518
ISNE,"10/12/2015 10 p.m. EDT",13464,13570,10873,-2591
ISNE,"10/12/2015 11 p.m. EDT",12397,12170,9639,-2758
ISNE,"10/13/2015 12 a.m. EDT",11238,10970,8507,-2731
ISNE,"10/13/2015 1 a.m. EDT",10906,10090,8094,-2812
ISNE,"10/13/2015 2 a.m. EDT",10755,9700,7600,-3155
ISNE,"10/13/2015 3 a.m. EDT",10567,9510,7415,-3152
ISNE,"10/13/2015 4 a.m. EDT",10516,9470,7434,-3082
ISNE,"10/13/2015 5 a.m. EDT",10788,9800,7776,-3012
ISNE,"10/13/2015 6 a.m. EDT",11769,10720,8653,-3116
ISNE,"10/13/2015 7 a.m. EDT",12828,12430,9924,-2904
ISNE,"10/13/2015 8 a.m. EDT",13773,13490,10868,-2905
ISNE,"10/13/2015 9 a.m. EDT",14208,13870,11328,-2880
ISNE,"10/13/2015 10 a.m. EDT",14531,14150,11606,-2925
ISNE,"10/13/2015 11 a.m. EDT",14678,14380,11881,-2797
ISNE,"10/13/2015 12 p.m. EDT",14653,14510,11795,-2858
ISNE,"10/13/2015 1 p.m. EDT",14712,14500,11845,-2867
ISNE,"10/13/2015 2 p.m. EDT",14813,14610,12032,-2781
ISNE,"10/13/2015 3 p.m. EDT",14790,14570,11947,-2843
ISNE,"10/13/2015 4 p.m. EDT",14761,14630,11918,-2843
ISNE,"10/13/2015 5 p.m. EDT",14901,14840,12109,-2792
ISNE,"10/13/2015 6 p.m. EDT",15185,15140,12423,-2762
ISNE,"10/13/2015 7 p.m. EDT",15802,15530,13374,-2428
ISNE,"10/13/2015 8 p.m. EDT",15751,15600,13684,-2067
ISNE,"10/13/2015 9 p.m. EDT",15019,14860,12836,-2183
ISNE,"10/13/2015 10 p.m. EDT",13878,13690,11399,-2479
ISNE,"10/13/2015 11 p.m. EDT",12547,12300,10014,-2533
ISNE,"10/14/2015 12 a.m. EDT",11477,10980,9108,-2369
ISNE,"10/14/2015 1 a.m. EDT",11403,10180,8789,-2614
ISNE,"10/14/2015 2 a.m. EDT",11007,9840,8311,-2696
ISNE,"10/14/2015 3 a.m. EDT",10715,9610,7980,-2735
ISNE,"10/14/2015 4 a.m. EDT",10636,9530,8235,-2401
ISNE,"10/14/2015 5 a.m. EDT",10871,9800,8386,-2485
ISNE,"10/14/2015 6 a.m. EDT",11796,10750,9330,-2466
ISNE,"10/14/2015 7 a.m. EDT",12591,12540,10565,-2026
ISNE,"10/14/2015 8 a.m. EDT",13528,13610,11291,-2237
ISNE,"10/14/2015 9 a.m. EDT",13735,13860,11481,-2254
ISNE,"10/14/2015 10 a.m. EDT",13855,14040,11476,-2379
ISNE,"10/14/2015 11 a.m. EDT",14043,14200,11606,-2437
ISNE,"10/14/2015 12 p.m. EDT",14161,14240,11790,-2371
ISNE,"10/14/2015 1 p.m. EDT",14186,14270,11756,-2430
ISNE,"10/14/2015 2 p.m. EDT",14245,14320,11872,-2373
ISNE,"10/14/2015 3 p.m. EDT",14182,14290,11768,-2414
ISNE,"10/14/2015 4 p.m. EDT",14104,14300,11755,-2349
ISNE,"10/14/2015 5 p.m. EDT",14194,14450,11895,-2299
ISNE,"10/14/2015 6 p.m. EDT",14537,14780,12237,-2300
ISNE,"10/14/2015 7 p.m. EDT",15226,15360,12861,-2365
ISNE,"10/14/2015 8 p.m. EDT",15251,15400,13027,-2224
ISNE,"10/14/2015 9 p.m. EDT",14566,14650,12276,-2290
ISNE,"10/14/2015 10 p.m. EDT",13471,13590,11123,-2348
ISNE,"10/14/2015 11 p.m. EDT",12268,12250,9908,-2360
ISNE,"10/15/2015 12 a.m. EDT",11363,10980,8997,-2366
ISNE,"10/15/2015 1 a.m. EDT",11133,10340,8972,-2161
ISNE,"10/15/2015 2 a.m. EDT",10791,9880,8472,-2319
ISNE,"10/15/2015 3 a.m. EDT",10567,9660,8170,-2397
ISNE,"10/15/2015 4 a.m. EDT",10527,9630,8137,-2390
ISNE,"10/15/2015 5 a.m. EDT",10798,9750,8685,-2113
ISNE,"10/15/2015 6 a.m. EDT",11731,10790,9759,-1972
ISNE,"10/15/2015 7 a.m. EDT",12789,12620,10825,-1964
ISNE,"10/15/2015 8 a.m. EDT",13715,13540,11648,-2067
ISNE,"10/15/2015 9 a.m. EDT",13816,13740,11828,-1988
ISNE,"10/15/2015 10 a.m. EDT",13713,13740,11670,-2043
ISNE,"10/15/2015 11 a.m. EDT",13619,13750,11619,-2000
ISNE,"10/15/2015 12 p.m. EDT",13550,13750,11560,-1990
ISNE,"10/15/2015 1 p.m. EDT",13456,13620,11500,-1956
ISNE,"10/15/2015 2 p.m. EDT",13476,13580,11611,-1865
ISNE,"10/15/2015 3 p.m. EDT",13455,13570,11537,-1918
ISNE,"10/15/2015 4 p.m. EDT",13524,13520,11576,-1948
ISNE,"10/15/2015 5 p.m. EDT",13840,13770,11820,-2020
ISNE,"10/15/2015 6 p.m. EDT",14311,14170,12358,-1953
ISNE,"10/15/2015 7 p.m. EDT",15092,15050,13070,-2022
ISNE,"10/15/2015 8 p.m. EDT",15198,14960,13304,-1894
ISNE,"10/15/2015 9 p.m. EDT",14602,14510,12710,-1892
ISNE,"10/15/2015 10 p.m. EDT",13587,13470,11691,-1896
ISNE,"10/15/2015 11 p.m. EDT",12270,12110,10355,-1915
ISNE,"10/16/2015 12 a.m. EDT",11069,10950,9070,-1999
ISNE,"10/16/2015 1 a.m. EDT",10772,10240,8265,-2507
ISNE,"10/16/2015 2 a.m. EDT",10620,9790,8091,-2529
ISNE,"10/16/2015 3 a.m. EDT",10362,9560,7910,-2452
ISNE,"10/16/2015 4 a.m. EDT",10315,9520,8017,-2298
ISNE,"10/16/2015 5 a.m. EDT",10579,9770,8146,-2433
ISNE,"10/16/2015 6 a.m. EDT",11549,10710,9175,-2374
ISNE,"10/16/2015 7 a.m. EDT",12683,12490,10611,-2072
ISNE,"10/16/2015 8 a.m. EDT",13726,13550,11513,-2213
ISNE,"10/16/2015 9 a.m. EDT",14054,13790,11725,-2329
ISNE,"10/16/2015 10 a.m. EDT",14148,13850,11809,-2339
ISNE,"10/16/2015 11 a.m. EDT",14105,13840,11771,-2334
ISNE,"10/16/2015 12 p.m. EDT",13891,13780,11495,-2396
ISNE,"10/16/2015 1 p.m. EDT",13725,13650,11321,-2404
ISNE,"10/16/2015 2 p.m. EDT",13662,13600,11306,-2356
ISNE,"10/16/2015 3 p.m. EDT",13556,13540,11391,-2165
ISNE,"10/16/2015 4 p.m. EDT",13503,13530,11160,-2343
ISNE,"10/16/2015 5 p.m. EDT",13647,13750,11264,-2383
ISNE,"10/16/2015 6 p.m. EDT",13987,14080,11644,-2343
ISNE,"10/16/2015 7 p.m. EDT",14602,14590,12444,-2158
ISNE,"10/16/2015 8 p.m. EDT",14556,14480,12266,-2290
ISNE,"10/16/2015 9 p.m. EDT",14012,13920,11558,-2454
ISNE,"10/16/2015 10 p.m. EDT",13234,13130,10537,-2697
ISNE,"10/16/2015 11 p.m. EDT",12229,12090,9803,-2426
ISNE,"10/17/2015 12 a.m. EDT",11434,11000,9025,-2409
ISNE,"10/17/2015 1 a.m. EDT",10882,10250,8532,-2350
ISNE,"10/17/2015 2 a.m. EDT",10699,9810,8108,-2591
ISNE,"10/17/2015 3 a.m. EDT",10592,9560,7797,-2795
ISNE,"10/17/2015 4 a.m. EDT",10622,9450,7941,-2681
ISNE,"10/17/2015 5 a.m. EDT",10468,9500,8168,-2300
ISNE,"10/17/2015 6 a.m. EDT",10820,9960,8660,-2160
ISNE,"10/17/2015 7 a.m. EDT",11300,10710,8990,-2310
ISNE,"10/17/2015 8 a.m. EDT",11661,11520,9492,-2169
ISNE,"10/17/2015 9 a.m. EDT",12401,12400,10283,-2118
ISNE,"10/17/2015 10 a.m. EDT",12652,12860,10517,-2135
ISNE,"10/17/2015 11 a.m. EDT",12671,12770,10514,-2157
ISNE,"10/17/2015 12 p.m. EDT",12570,12680,10350,-2220
ISNE,"10/17/2015 1 p.m. EDT",12435,12560,10226,-2209
ISNE,"10/17/2015 2 p.m. EDT",12268,12410,10061,-2207
ISNE,"10/17/2015 3 p.m. EDT",12161,12320,9901,-2260
ISNE,"10/17/2015 4 p.m. EDT",12248,12380,10079,-2169
ISNE,"10/17/2015 5 p.m. EDT",12583,12680,10481,-2102
ISNE,"10/17/2015 6 p.m. EDT",13206,13260,11133,-2073
ISNE,"10/17/2015 7 p.m. EDT",14031,14160,11954,-2077
ISNE,"10/17/2015 8 p.m. EDT",14004,14070,11901,-2103
ISNE,"10/17/2015 9 p.m. EDT",13575,13680,11255,-2320
ISNE,"10/17/2015 10 p.m. EDT",12964,12980,10652,-2312
ISNE,"10/17/2015 11 p.m. EDT",12144,12170,9621,-2523
ISNE,"10/18/2015 12 a.m. EDT",11486,11180,9152,-2334
ISNE,"10/18/2015 1 a.m. EDT",10767,10620,8200,-2567
ISNE,"10/18/2015 2 a.m. EDT",10810,10190,7904,-2906
ISNE,"10/18/2015 3 a.m. EDT",10640,9950,7711,-2929
ISNE,"10/18/2015 4 a.m. EDT",10545,9950,7611,-2934
ISNE,"10/18/2015 5 a.m. EDT",10625,9980,7325,-3300
ISNE,"10/18/2015 6 a.m. EDT",10926,10070,7821,-3105
ISNE,"10/18/2015 7 a.m. EDT",11785,10710,8805,-2980
ISNE,"10/18/2015 8 a.m. EDT",11981,11360,9281,-2700
ISNE,"10/18/2015 9 a.m. EDT",12547,12110,9491,-3056
ISNE,"10/18/2015 10 a.m. EDT",12498,12510,9440,-3058
ISNE,"10/18/2015 11 a.m. EDT",12548,12650,9444,-3104
ISNE,"10/18/2015 12 p.m. EDT",12617,12660,9543,-3074
ISNE,"10/18/2015 1 p.m. EDT",13014,12650,9868,-3146
ISNE,"10/18/2015 2 p.m. EDT",13141,12580,10007,-3134
ISNE,"10/18/2015 3 p.m. EDT",13177,12410,10190,-2987
ISNE,"10/18/2015 4 p.m. EDT",13310,12630,10397,-2913
ISNE,"10/18/2015 5 p.m. EDT",13754,13140,10826,-2928
ISNE,"10/18/2015 6 p.m. EDT",14276,13960,11257,-3019
ISNE,"10/18/2015 7 p.m. EDT",15212,14930,12246,-2966
ISNE,"10/18/2015 8 p.m. EDT",15261,14950,12290,-2971
ISNE,"10/18/2015 9 p.m. EDT",14773,14500,11733,-3040
ISNE,"10/18/2015 10 p.m. EDT",13809,13600,10527,-3282
ISNE,"10/18/2015 11 p.m. EDT",12790,12460,9513,-3277
ISNE,"10/19/2015 12 a.m. EDT",11797,11450,8362,-3435
ISNE,"10/19/2015 1 a.m. EDT",11281,10830,7951,-3330
ISNE,"10/19/2015 2 a.m. EDT",11179,10500,7853,-3326
ISNE,"10/19/2015 3 a.m. EDT",11239,10380,7898,-3341
ISNE,"10/19/2015 4 a.m. EDT",11277,10430,7947,-3330
ISNE,"10/19/2015 5 a.m. EDT",11658,10830,8395,-3263
ISNE,"10/19/2015 6 a.m. EDT",12524,11950,9382,-3142
ISNE,"10/19/2015 7 a.m. EDT",14061,13890,11306,-2755
ISNE,"10/19/2015 8 a.m. EDT",15209,14910,12607,-2602
ISNE,"10/19/2015 9 a.m. EDT",15264,14980,12580,-2684
ISNE,"10/19/2015 10 a.m. EDT",15049,14830,12282,-2767
ISNE,"10/19/2015 11 a.m. EDT",14835,14680,12113,-2722
ISNE,"10/19/2015 12 p.m. EDT",14576,14510,11751,-2825
ISNE,"10/19/2015 1 p.m. EDT",14292,14340,11290,-3002
ISNE,"10/19/2015 2 p.m. EDT",14110,14280,11085,-3025
ISNE,"10/19/2015 3 p.m. EDT",13933,14140,11007,-2926
ISNE,"10/19/2015 4 p.m. EDT",13941,14100,11044,-2897
ISNE,"10/19/2015 5 p.m. EDT",14339,14360,11411,-2928
ISNE,"10/19/2015 6 p.m. EDT",15137,15050,12274,-2863
ISNE,"10/19/2015 7 p.m. EDT",16143,16010,13501,-2642
ISNE,"10/19/2015 8 p.m. EDT",16145,15990,13434,-2711
ISNE,"10/19/2015 9 p.m. EDT",15467,15440,12617,-2850
ISNE,"10/19/2015 10 p.m. EDT",14388,14300,11373,-3015
ISNE,"10/19/2015 11 p.m. EDT",12948,12970,9773,-3175
ISNE,"10/20/2015 12 a.m. EDT",11683,11750,8334,-3349
ISNE,"10/20/2015 1 a.m. EDT",10953,10990,7667,-3286
ISNE,"10/20/2015 2 a.m. EDT",10687,10520,7319,-3368
ISNE,"10/20/2015 3 a.m. EDT",10550,10310,7198,-3352
ISNE,"10/20/2015 4 a.m. EDT",10667,10290,7310,-3357
ISNE,"10/20/2015 5 a.m. EDT",10942,10570,7608,-3334
ISNE,"10/20/2015 6 a.m. EDT",11729,11450,8658,-3071
ISNE,"10/20/2015 7 a.m. EDT",13374,13420,10451,-2923
ISNE,"10/20/2015 8 a.m. EDT",14397,14500,11747,-2650
ISNE,"10/20/2015 9 a.m. EDT",14496,14530,11839,-2657
ISNE,"10/20/2015 10 a.m. EDT",14382,14480,11690,-2692
ISNE,"10/20/2015 11 a.m. EDT",14439,14440,11597,-2842
ISNE,"10/20/2015 12 p.m. EDT",14373,14320,11441,-2932
ISNE,"10/20/2015 1 p.m. EDT",14192,14190,11168,-3024
ISNE,"10/20/2015 2 p.m. EDT",14158,14100,11200,-2958
ISNE,"10/20/2015 3 p.m. EDT",13972,13980,11163,-2809
ISNE,"10/20/2015 4 p.m. EDT",13987,13950,11050,-2937
ISNE,"10/20/2015 5 p.m. EDT",14262,14200,11330,-2932
ISNE,"10/20/2015 6 p.m. EDT",14762,14670,11771,-2991
ISNE,"10/20/2015 7 p.m. EDT",15630,15470,12773,-2857
ISNE,"10/20/2015 8 p.m. EDT",15555,15380,12747,-2808
ISNE,"10/20/2015 9 p.m. EDT",14836,14910,12171,-2665
ISNE,"10/20/2015 10 p.m. EDT",13735,13800,10919,-2816
ISNE,"10/20/2015 11 p.m. EDT",12359,12410,9256,-3103
ISNE,"10/21/2015 12 a.m. EDT",11413,11200,8351,-3062
ISNE,"10/21/2015 1 a.m. EDT",11132,10350,8162,-2970
ISNE,"10/21/2015 2 a.m. EDT",10995,9930,7942,-3053
ISNE,"10/21/2015 3 a.m. EDT",10770,9720,7683,-3087
ISNE,"10/21/2015 4 a.m. EDT",10717,9670,7491,-3226
ISNE,"10/21/2015 5 a.m. EDT",10977,9960,7711,-3266
ISNE,"10/21/2015 6 a.m. EDT",11656,10970,8484,-3172
ISNE,"10/21/2015 7 a.m. EDT",12874,12890,9737,-3137
ISNE,"10/21/2015 8 a.m. EDT",13981,13960,10792,-3189
ISNE,"10/21/2015 9 a.m. EDT",14258,14110,11460,-2798
ISNE,"10/21/2015 10 a.m. EDT",14380,14150,11216,-3164
ISNE,"10/21/2015 11 a.m. EDT",14473,14200,11361,-3112
ISNE,"10/21/2015 12 p.m. EDT",14438,14200,11273,-3165
ISNE,"10/21/2015 1 p.m. EDT",14247,14120,11110,-3137
ISNE,"10/21/2015 2 p.m. EDT",14234,14140,11237,-2997
ISNE,"10/21/2015 3 p.m. EDT",14155,14110,11301,-2854
ISNE,"10/21/2015 4 p.m. EDT",14128,14120,11124,-3004
ISNE,"10/21/2015 5 p.m. EDT",14361,14380,11265,-3096
ISNE,"10/21/2015 6 p.m. EDT",14782,14840,11854,-2928
ISNE,"10/21/2015 7 p.m. EDT",15546,15600,12801,-2745
ISNE,"10/21/2015 8 p.m. EDT",15414,15430,12768,-2646
ISNE,"10/21/2015 9 p.m. EDT",14740,14740,11788,-2952
ISNE,"10/21/2015 10 p.m. EDT",13682,13660,10601,-3081
ISNE,"10/21/2015 11 p.m. EDT",12329,12330,9383,-2946
ISNE,"10/22/2015 12 a.m. EDT",11607,11120,8608,-2999
ISNE,"10/22/2015 1 a.m. EDT",11397,10290,8661,-2736
ISNE,"10/22/2015 2 a.m. EDT",10976,9850,8489,-2487
ISNE,"10/22/2015 3 a.m. EDT",10725,9610,8188,-2537
ISNE,"10/22/2015 4 a.m. EDT",10680,9560,8020,-2660
ISNE,"10/22/2015 5 a.m. EDT",10942,9860,8253,-2689
ISNE,"10/22/2015 6 a.m. EDT",11937,10870,9186,-2751
ISNE,"10/22/2015 7 a.m. EDT",12959,12780,10350,-2609
ISNE,"10/22/2015 8 a.m. EDT",13943,13860,11318,-2625
ISNE,"10/22/2015 9 a.m. EDT",14142,14090,11491,-2651
ISNE,"10/22/2015 10 a.m. EDT",14230,14220,11515,-2715
ISNE,"10/22/2015 11 a.m. EDT",14363,14340,11672,-2691
ISNE,"10/22/2015 12 p.m. EDT",14426,14380,11677,-2749
ISNE,"10/22/2015 1 p.m. EDT",14371,14320,11684,-2687
ISNE,"10/22/2015 2 p.m. EDT",14402,14410,11567,-2835
ISNE,"10/22/2015 3 p.m. EDT",14403,14350,11517,-2886
ISNE,"10/22/2015 4 p.m. EDT",14406,14340,11602,-2804
ISNE,"10/22/2015 5 p.m. EDT",14573,14500,11586,-2987
ISNE,"10/22/2015 6 p.m. EDT",14982,14790,11967,-3015
ISNE,"10/22/2015 7 p.m. EDT",15628,15520,12457,-3171
ISNE,"10/22/2015 8 p.m. EDT",15434,15320,12298,-3136
ISNE,"10/22/2015 9 p.m. EDT",14781,14730,11714,-3067
ISNE,"10/22/2015 10 p.m. EDT",13733,13690,10778,-2955
ISNE,"10/22/2015 11 p.m. EDT",12383,12330,9529,-2854
ISNE,"10/23/2015 12 a.m. EDT",11733,11130,9215,-2518
ISNE,"10/23/2015 1 a.m. EDT",11369,10310,8695,-2674
ISNE,"10/23/2015 2 a.m. EDT",10864,9820,8537,-2327
ISNE,"10/23/2015 3 a.m. EDT",10593,9550,8101,-2492
ISNE,"10/23/2015 4 a.m. EDT",10498,9500,8008,-2490
ISNE,"10/23/2015 5 a.m. EDT",10770,9780,8268,-2502
ISNE,"10/23/2015 6 a.m. EDT",11535,10730,8987,-2548
ISNE,"10/23/2015 7 a.m. EDT",12669,12510,9917,-2752
ISNE,"10/23/2015 8 a.m. EDT",13696,13600,10470,-3226
ISNE,"10/23/2015 9 a.m. EDT",13911,13910,10678,-3233
ISNE,"10/23/2015 10 a.m. EDT",13912,13970,10826,-3086
ISNE,"10/23/2015 11 a.m. EDT",13902,13970,11324,-2578
ISNE,"10/23/2015 12 p.m. EDT",13828,13890,11563,-2265
ISNE,"10/23/2015 1 p.m. EDT",13680,13720,11398,-2282
ISNE,"10/23/2015 2 p.m. EDT",13656,13620,11434,-2222
ISNE,"10/23/2015 3 p.m. EDT",13578,13520,11340,-2238
ISNE,"10/23/2015 4 p.m. EDT",13495,13480,11286,-2209
ISNE,"10/23/2015 5 p.m. EDT",13742,13630,11458,-2284
ISNE,"10/23/2015 6 p.m. EDT",14244,14080,11892,-2352
ISNE,"10/23/2015 7 p.m. EDT",14966,14900,12558,-2408
ISNE,"10/23/2015 8 p.m. EDT",14851,14740,12454,-2397
ISNE,"10/23/2015 9 p.m. EDT",14374,14260,11961,-2413
ISNE,"10/23/2015 10 p.m. EDT",13670,13450,11309,-2361
ISNE,"10/23/2015 11 p.m. EDT",12679,12420,10403,-2276
ISNE,"10/24/2015 12 a.m. EDT",11811,11370,9703,-2108
ISNE,"10/24/2015 1 a.m. EDT",11088,10590,8751,-2337
ISNE,"10/24/2015 2 a.m. EDT",10841,10140,8391,-2450
ISNE,"10/24/2015 3 a.m. EDT",10662,9870,8181,-2481
ISNE,"10/24/2015 4 a.m. EDT",10587,9760,8092,-2495
ISNE,"10/24/2015 5 a.m. EDT",10684,9840,8262,-2422
ISNE,"10/24/2015 6 a.m. EDT",11114,10690,8770,-2344
ISNE,"10/24/2015 7 a.m. EDT",11669,11550,9360,-2309
ISNE,"10/24/2015 8 a.m. EDT",12261,12240,10056,-2205
ISNE,"10/24/2015 9 a.m. EDT",13115,12940,10932,-2183
ISNE,"10/24/2015 10 a.m. EDT",13545,13180,11292,-2253
ISNE,"10/24/2015 11 a.m. EDT",13619,13220,11400,-2219
ISNE,"10/24/2015 12 p.m. EDT",13491,13000,11247,-2244
ISNE,"10/24/2015 1 p.m. EDT",13337,12760,10995,-2342
ISNE,"10/24/2015 2 p.m. EDT",13158,12560,10800,-2358
ISNE,"10/24/2015 3 p.m. EDT",13018,12390,10586,-2432
ISNE,"10/24/2015 4 p.m. EDT",13053,12430,10708,-2345
ISNE,"10/24/2015 5 p.m. EDT",13360,12770,11022,-2338
ISNE,"10/24/2015 6 p.m. EDT",13916,13380,11604,-2312
ISNE,"10/24/2015 7 p.m. EDT",14479,14250,12213,-2266
ISNE,"10/24/2015 8 p.m. EDT",14190,14030,11784,-2406
ISNE,"10/24/2015 9 p.m. EDT",13699,13620,11186,-2513
ISNE,"10/24/2015 10 p.m. EDT",13024,12950,10471,-2553
ISNE,"10/24/2015 11 p.m. EDT",12131,12040,9667,-2464
ISNE,"10/25/2015 12 a.m. EDT",11174,11120,8655,-2519
ISNE,"10/25/2015 1 a.m. EDT",11035,10470,8634,-2401
ISNE,"10/25/2015 2 a.m. EDT",10745,9950,8327,-2418
ISNE,"10/25/2015 3 a.m. EDT",10642,9640,8188,-2454
ISNE,"10/25/2015 4 a.m. EDT",10587,9470,7896,-2691
ISNE,"10/25/2015 5 a.m. EDT",10592,9460,7845,-2747
ISNE,"10/25/2015 6 a.m. EDT",10809,9700,8164,-2645
ISNE,"10/25/2015 7 a.m. EDT",11018,10340,8467,-2551
ISNE,"10/25/2015 8 a.m. EDT",11363,10860,8813,-2550
ISNE,"10/25/2015 9 a.m. EDT",11905,11830,9617,-2288
ISNE,"10/25/2015 10 a.m. EDT",12686,12420,10268,-2418
ISNE,"10/25/2015 11 a.m. EDT",13129,12750,10785,-2344
ISNE,"10/25/2015 12 p.m. EDT",13358,12890,10767,-2591
ISNE,"10/25/2015 1 p.m. EDT",13417,12920,10860,-2557
ISNE,"10/25/2015 2 p.m. EDT",13195,13000,10810,-2385
ISNE,"10/25/2015 3 p.m. EDT",12963,12950,10522,-2441
ISNE,"10/25/2015 4 p.m. EDT",12863,12930,10388,-2475
ISNE,"10/25/2015 5 p.m. EDT",13077,13260,10701,-2376
ISNE,"10/25/2015 6 p.m. EDT",13671,13770,11046,-2625
ISNE,"10/25/2015 7 p.m. EDT",14580,14600,12240,-2340
ISNE,"10/25/2015 8 p.m. EDT",14449,14540,12192,-2257
ISNE,"10/25/2015 9 p.m. EDT",13818,14010,11524,-2294
ISNE,"10/25/2015 10 p.m. EDT",12842,12970,10483,-2359
ISNE,"10/25/2015 11 p.m. EDT",11693,11920,9539,-2154
ISNE,"10/26/2015 12 a.m. EDT",11077,10920,9104,-1973
ISNE,"10/26/2015 1 a.m. EDT",10569,10220,8430,-2139
ISNE,"10/26/2015 2 a.m. EDT",10077,9830,8167,-1910
ISNE,"10/26/2015 3 a.m. EDT",9810,9680,8396,-1414
ISNE,"10/26/2015 4 a.m. EDT",9844,9700,8585,-1259
ISNE,"10/26/2015 5 a.m. EDT",10044,9980,8392,-1652
ISNE,"10/26/2015 6 a.m. EDT",11087,11060,9006,-2081
ISNE,"10/26/2015 7 a.m. EDT",12920,12990,10985,-1935
ISNE,"10/26/2015 8 a.m. EDT",14330,14030,11911,-2419
ISNE,"10/26/2015 9 a.m. EDT",14356,14210,11913,-2443
ISNE,"10/26/2015 10 a.m. EDT",14147,14190,11651,-2496
ISNE,"10/26/2015 11 a.m. EDT",14034,14140,11515,-2519
ISNE,"10/26/2015 12 p.m. EDT",13880,14070,11485,-2395
ISNE,"10/26/2015 1 p.m. EDT",13695,13890,11240,-2455
ISNE,"10/26/2015 2 p.m. EDT",13614,13820,11104,-2510
ISNE,"10/26/2015 3 p.m. EDT",13497,13730,11065,-2432
ISNE,"10/26/2015 4 p.m. EDT",13558,13700,11401,-2157
ISNE,"10/26/2015 5 p.m. EDT",13959,13980,11707,-2252
ISNE,"10/26/2015 6 p.m. EDT",14734,14740,12216,-2518
ISNE,"10/26/2015 7 p.m. EDT",15768,15800,13380,-2388
ISNE,"10/26/2015 8 p.m. EDT",15660,15750,13221,-2439
ISNE,"10/26/2015 9 p.m. EDT",15036,15130,12571,-2465
ISNE,"10/26/2015 10 p.m. EDT",14065,13980,11475,-2590
ISNE,"10/26/2015 11 p.m. EDT",12933,12640,10588,-2345
ISNE,"10/27/2015 12 a.m. EDT",11839,11470,9590,-2249
ISNE,"10/27/2015 1 a.m. EDT",11497,10670,9049,-2448
ISNE,"10/27/2015 2 a.m. EDT",11228,10290,8725,-2503
ISNE,"10/27/2015 3 a.m. EDT",11077,10120,8496,-2581
ISNE,"10/27/2015 4 a.m. EDT",11087,10140,8715,-2372
ISNE,"10/27/2015 5 a.m. EDT",11352,10550,8861,-2491
ISNE,"10/27/2015 6 a.m. EDT",12016,11710,9445,-2571
ISNE,"10/27/2015 7 a.m. EDT",13791,13690,11301,-2490
ISNE,"10/27/2015 8 a.m. EDT",14912,14780,12478,-2434
ISNE,"10/27/2015 9 a.m. EDT",14900,14830,12512,-2388
ISNE,"10/27/2015 10 a.m. EDT",14588,14700,12053,-2535
ISNE,"10/27/2015 11 a.m. EDT",14280,14600,11616,-2664
ISNE,"10/27/2015 12 p.m. EDT",14098,14430,11348,-2750
ISNE,"10/27/2015 1 p.m. EDT",13863,14260,11097,-2766
ISNE,"10/27/2015 2 p.m. EDT",13764,14170,11069,-2695
ISNE,"10/27/2015 3 p.m. EDT",13685,14030,11023,-2662
ISNE,"10/27/2015 4 p.m. EDT",13786,14010,11193,-2593
ISNE,"10/27/2015 5 p.m. EDT",14156,14320,11612,-2544
ISNE,"10/27/2015 6 p.m. EDT",14899,15060,12344,-2555
ISNE,"10/27/2015 7 p.m. EDT",15904,15900,13542,-2362
ISNE,"10/27/2015 8 p.m. EDT",15724,15790,13384,-2340
ISNE,"10/27/2015 9 p.m. EDT",15104,15150,12706,-2398
ISNE,"10/27/2015 10 p.m. EDT",14098,14120,11536,-2562
ISNE,"10/27/2015 11 p.m. EDT",12731,12760,10153,-2578
ISNE,"10/28/2015 12 a.m. EDT",11586,11560,8999,-2587
ISNE,"10/28/2015 1 a.m. EDT",11131,10730,8408,-2723
ISNE,"10/28/2015 2 a.m. EDT",10922,10310,8236,-2686
ISNE,"10/28/2015 3 a.m. EDT",10711,10090,7969,-2742
ISNE,"10/28/2015 4 a.m. EDT",10685,10060,7886,-2799
ISNE,"10/28/2015 5 a.m. EDT",10978,10370,8239,-2739
ISNE,"10/28/2015 6 a.m. EDT",11999,11440,9439,-2560
ISNE,"10/28/2015 7 a.m. EDT",13512,13410,11040,-2472
ISNE,"10/28/2015 8 a.m. EDT",14600,14530,12208,-2392
ISNE,"10/28/2015 9 a.m. EDT",14709,14680,12224,-2485
ISNE,"10/28/2015 10 a.m. EDT",14751,14620,12198,-2553
ISNE,"10/28/2015 11 a.m. EDT",14784,14660,12221,-2563
ISNE,"10/28/2015 12 p.m. EDT",14728,14650,12121,-2607
ISNE,"10/28/2015 1 p.m. EDT",14727,14540,12132,-2595
ISNE,"10/28/2015 2 p.m. EDT",14905,14540,12299,-2606
ISNE,"10/28/2015 3 p.m. EDT",14853,14470,12266,-2587
ISNE,"10/28/2015 4 p.m. EDT",14928,14600,12349,-2579
ISNE,"10/28/2015 5 p.m. EDT",15292,15000,12771,-2521
ISNE,"10/28/2015 6 p.m. EDT",15978,15530,13427,-2551
ISNE,"10/28/2015 7 p.m. EDT",16269,16100,13726,-2543
ISNE,"10/28/2015 8 p.m. EDT",15872,15640,13304,-2568
ISNE,"10/28/2015 9 p.m. EDT",15436,14840,12661,-2775
ISNE,"10/28/2015 10 p.m. EDT",14465,13700,11739,-2726
ISNE,"10/28/2015 11 p.m. EDT",13134,12300,10353,-2781
ISNE,"10/29/2015 12 a.m. EDT",11949,11140,9286,-2663
ISNE,"10/29/2015 1 a.m. EDT",11371,10680,8671,-2700
ISNE,"10/29/2015 2 a.m. EDT",10897,10220,8187,-2710
ISNE,"10/29/2015 3 a.m. EDT",10664,10000,7940,-2724
ISNE,"10/29/2015 4 a.m. EDT",10598,9970,7834,-2764
ISNE,"10/29/2015 5 a.m. EDT",10822,10460,8023,-2799
ISNE,"10/29/2015 6 a.m. EDT",11531,11460,8799,-2732
ISNE,"10/29/2015 7 a.m. EDT",13133,13490,10367,-2766
ISNE,"10/29/2015 8 a.m. EDT",14484,14570,11736,-2748
ISNE,"10/29/2015 9 a.m. EDT",14740,14860,11979,-2761
ISNE,"10/29/2015 10 a.m. EDT",14835,15020,12041,-2794
ISNE,"10/29/2015 11 a.m. EDT",14841,15120,12108,-2733
ISNE,"10/29/2015 12 p.m. EDT",14714,15100,11926,-2788
ISNE,"10/29/2015 1 p.m. EDT",14607,14940,11819,-2788
ISNE,"10/29/2015 2 p.m. EDT",14684,14990,11908,-2776
ISNE,"10/29/2015 3 p.m. EDT",14509,14930,11723,-2786
ISNE,"10/29/2015 4 p.m. EDT",14321,14820,11584,-2737
ISNE,"10/29/2015 5 p.m. EDT",14308,14930,11603,-2705
ISNE,"10/29/2015 6 p.m. EDT",14682,15340,11942,-2740
ISNE,"10/29/2015 7 p.m. EDT",15459,16000,12809,-2650
ISNE,"10/29/2015 8 p.m. EDT",15238,15480,12582,-2656
ISNE,"10/29/2015 9 p.m. EDT",14611,14840,11958,-2653
ISNE,"10/29/2015 10 p.m. EDT",13571,13760,10878,-2693
ISNE,"10/29/2015 11 p.m. EDT",12342,12490,9608,-2734
ISNE,"10/30/2015 12 a.m. EDT",11457,11310,8702,-2755
ISNE,"10/30/2015 1 a.m. EDT",10951,10410,8272,-2679
ISNE,"10/30/2015 2 a.m. EDT",10611,9960,8128,-2483
ISNE,"10/30/2015 3 a.m. EDT",10332,9720,8006,-2326
ISNE,"10/30/2015 4 a.m. EDT",10498,9670,7994,-2504
ISNE,"10/30/2015 5 a.m. EDT",10490,9780,8043,-2447
ISNE,"10/30/2015 6 a.m. EDT",11127,10750,8779,-2348
ISNE,"10/30/2015 7 a.m. EDT",12627,12590,10224,-2403
ISNE,"10/30/2015 8 a.m. EDT",13788,13760,11053,-2735
ISNE,"10/30/2015 9 a.m. EDT",13893,13850,11159,-2734
ISNE,"10/30/2015 10 a.m. EDT",13818,13770,11099,-2719
ISNE,"10/30/2015 11 a.m. EDT",13835,13650,11071,-2764
ISNE,"10/30/2015 12 p.m. EDT",13773,13530,11048,-2725
ISNE,"10/30/2015 1 p.m. EDT",13553,13380,10893,-2660
ISNE,"10/30/2015 2 p.m. EDT",13407,13360,10647,-2760
ISNE,"10/30/2015 3 p.m. EDT",13224,13310,10460,-2764
ISNE,"10/30/2015 4 p.m. EDT",13248,13300,10527,-2721
ISNE,"10/30/2015 5 p.m. EDT",13535,13550,10842,-2693
ISNE,"10/30/2015 6 p.m. EDT",14082,14080,11425,-2657
ISNE,"10/30/2015 7 p.m. EDT",14800,14960,12168,-2632
ISNE,"10/30/2015 8 p.m. EDT",14531,14670,11977,-2554
ISNE,"10/30/2015 9 p.m. EDT",14040,14140,11324,-2716
ISNE,"10/30/2015 10 p.m. EDT",13353,13370,10622,-2731
ISNE,"10/30/2015 11 p.m. EDT",12364,12340,9805,-2559
ISNE,"10/31/2015 12 a.m. EDT",11325,11300,9128,-2197
ISNE,"10/31/2015 1 a.m. EDT",10818,10540,8197,-2621
ISNE,"10/31/2015 2 a.m. EDT",10393,10100,7919,-2474
ISNE,"10/31/2015 3 a.m. EDT",10164,9870,7799,-2365
ISNE,"10/31/2015 4 a.m. EDT",10091,9780,7953,-2138
ISNE,"10/31/2015 5 a.m. EDT",10221,9900,8027,-2194
ISNE,"10/31/2015 6 a.m. EDT",10667,10410,8303,-2364
ISNE,"10/31/2015 7 a.m. EDT",11320,11270,8657,-2663
ISNE,"10/31/2015 8 a.m. EDT",12070,12070,9369,-2701
ISNE,"10/31/2015 9 a.m. EDT",12813,12780,10195,-2618
ISNE,"10/31/2015 10 a.m. EDT",13019,13030,10362,-2657
ISNE,"10/31/2015 11 a.m. EDT",12927,13030,10275,-2652
ISNE,"10/31/2015 12 p.m. EDT",12690,12910,10026,-2664
ISNE,"10/31/2015 1 p.m. EDT",12501,12680,9802,-2699
ISNE,"10/31/2015 2 p.m. EDT",12359,12460,9565,-2794
ISNE,"10/31/2015 3 p.m. EDT",12285,12360,9547,-2738
ISNE,"10/31/2015 4 p.m. EDT",12353,12430,9591,-2762
ISNE,"10/31/2015 5 p.m. EDT",12739,12830,10046,-2693
ISNE,"10/31/2015 6 p.m. EDT",13314,13500,10647,-2667
ISNE,"10/31/2015 7 p.m. EDT",13695,14300,11201,-2494
ISNE,"10/31/2015 8 p.m. EDT",13368,14020,10951,-2417
ISNE,"10/31/2015 9 p.m. EDT",13049,13580,10481,-2568
ISNE,"10/31/2015 10 p.m. EDT",12543,12910,9911,-2632
ISNE,"10/31/2015 11 p.m. EDT",11786,12050,9225,-2561
ISNE,"11/1/2015 12 a.m. EDT",10915,11110,8385,-2530
