"BA Code","Timestamp (Hour Ending)","Demand (MWh)","Demand Forecast (MWh)","Net Generation (MWh)","Total Interchange (MWh)"
ISNE,"3/1/2021 12 a.m. EST",12266,11350,-41,-12307
ISNE,"3/1/2021 1 a.m. EST",12037,10910,9505,-2532
ISNE,"3/1/2021 2 a.m. EST",11735,10610,9150,-2585
ISNE,"3/1/2021 3 a.m. EST",11601,10490,8914,-2687
ISNE,"3/1/2021 4 a.m. EST",11650,10520,8914,-2736
ISNE,"3/1/2021 5 a.m. EST",11959,11030,9226,-2733
ISNE,"3/1/2021 6 a.m. EST",12278,11880,9819,-2459
ISNE,"3/1/2021 7 a.m. EST",13064,13400,11518,-1546
ISNE,"3/1/2021 8 a.m. EST",14092,14250,12695,-1397
ISNE,"3/1/2021 9 a.m. EST",14534,14510,13006,-1528
ISNE,"3/1/2021 10 a.m. EST",14696,14700,13073,-1623
ISNE,"3/1/2021 11 a.m. EST",14760,14740,13078,-1682
ISNE,"3/1/2021 12 p.m. EST",15007,14670,12940,-2067
ISNE,"3/1/2021 1 p.m. EST",14998,14640,12623,-2375
ISNE,"3/1/2021 2 p.m. EST",14667,14600,12327,-2340
ISNE,"3/1/2021 3 p.m. EST",14554,14400,12242,-2312
ISNE,"3/1/2021 4 p.m. EST",14452,14280,12024,-2428
ISNE,"3/1/2021 5 p.m. EST",14641,14740,12261,-2380
ISNE,"3/1/2021 6 p.m. EST",15717,15530,13397,-2320
ISNE,"3/1/2021 7 p.m. EST",16374,16100,13958,-2416
ISNE,"3/1/2021 8 p.m. EST",15925,15840,13514,-2411
ISNE,"3/1/2021 9 p.m. EST",15278,15330,12858,-2420
ISNE,"3/1/2021 10 p.m. EST",14497,14440,11996,-2501
ISNE,"3/1/2021 11 p.m. EST",13786,13450,11287,-2499
ISNE,"3/2/2021 12 a.m. EST",13187,12630,2776,-10411
ISNE,"3/2/2021 1 a.m. EST",13195,12160,10708,-2487
ISNE,"3/2/2021 2 a.m. EST",13087,12070,10495,-2592
ISNE,"3/2/2021 3 a.m. EST",13110,12050,10529,-2581
ISNE,"3/2/2021 4 a.m. EST",13306,12200,10898,-2408
ISNE,"3/2/2021 5 a.m. EST",13494,12780,11390,-2104
ISNE,"3/2/2021 6 a.m. EST",13973,13860,12211,-1762
ISNE,"3/2/2021 7 a.m. EST",15325,15190,13820,-1505
ISNE,"3/2/2021 8 a.m. EST",15824,15740,14435,-1389
ISNE,"3/2/2021 9 a.m. EST",15341,15320,14114,-1227
ISNE,"3/2/2021 10 a.m. EST",14670,14670,13482,-1188
ISNE,"3/2/2021 11 a.m. EST",14319,14230,13161,-1158
ISNE,"3/2/2021 12 p.m. EST",14311,13940,12749,-1562
ISNE,"3/2/2021 1 p.m. EST",14097,13660,12670,-1427
ISNE,"3/2/2021 2 p.m. EST",13915,13560,12455,-1460
ISNE,"3/2/2021 3 p.m. EST",14020,13550,12580,-1440
ISNE,"3/2/2021 4 p.m. EST",14635,14160,13335,-1300
ISNE,"3/2/2021 5 p.m. EST",15665,15240,14257,-1408
ISNE,"3/2/2021 6 p.m. EST",17091,16600,15569,-1522
ISNE,"3/2/2021 7 p.m. EST",17650,17420,16091,-1559
ISNE,"3/2/2021 8 p.m. EST",17218,17160,15595,-1623
ISNE,"3/2/2021 9 p.m. EST",16551,16500,14981,-1570
ISNE,"3/2/2021 10 p.m. EST",15617,15350,14162,-1455
ISNE,"3/2/2021 11 p.m. EST",14478,14260,12873,-1605
ISNE,"3/3/2021 12 a.m. EST",13532,13130,11829,-1703
ISNE,"3/3/2021 1 a.m. EST",13197,12930,11529,-1668
ISNE,"3/3/2021 2 a.m. EST",12836,12570,11429,-1407
ISNE,"3/3/2021 3 a.m. EST",12656,12400,11044,-1612
ISNE,"3/3/2021 4 a.m. EST",12641,12380,11084,-1557
ISNE,"3/3/2021 5 a.m. EST",12693,12680,11351,-1342
ISNE,"3/3/2021 6 a.m. EST",13440,13460,12074,-1366
ISNE,"3/3/2021 7 a.m. EST",14676,14700,13539,-1137
ISNE,"3/3/2021 8 a.m. EST",15326,15320,13954,-1372
ISNE,"3/3/2021 9 a.m. EST",14930,15090,13337,-1593
ISNE,"3/3/2021 10 a.m. EST",13844,13810,12267,-1577
ISNE,"3/3/2021 11 a.m. EST",13708,13160,12114,-1594
ISNE,"3/3/2021 12 p.m. EST",13600,12770,12120,-1480
ISNE,"3/3/2021 1 p.m. EST",13434,12540,12142,-1292
ISNE,"3/3/2021 2 p.m. EST",13470,12520,12062,-1408
ISNE,"3/3/2021 3 p.m. EST",13679,12660,12074,-1605
ISNE,"3/3/2021 4 p.m. EST",13770,13160,12053,-1717
ISNE,"3/3/2021 5 p.m. EST",14366,14160,12592,-1774
ISNE,"3/3/2021 6 p.m. EST",15527,15240,13620,-1907
ISNE,"3/3/2021 7 p.m. EST",16067,15800,14074,-1993
ISNE,"3/3/2021 8 p.m. EST",15597,15500,13534,-2063
ISNE,"3/3/2021 9 p.m. EST",14906,14920,12849,-2057
ISNE,"3/3/2021 10 p.m. EST",14016,14120,11973,-2043
ISNE,"3/3/2021 11 p.m. EST",13137,13110,11150,-1987
ISNE,"3/4/2021 12 a.m. EST",12635,12240,10477,-2158
ISNE,"3/4/2021 1 a.m. EST",12581,11490,10326,-2255
ISNE,"3/4/2021 2 a.m. EST",12285,11190,10113,-2172
ISNE,"3/4/2021 3 a.m. EST",12160,11060,9956,-2204
ISNE,"3/4/2021 4 a.m. EST",12208,11130,10013,-2195
ISNE,"3/4/2021 5 a.m. EST",12291,11510,10182,-2109
ISNE,"3/4/2021 6 a.m. EST",13180,12420,11178,-2002
ISNE,"3/4/2021 7 a.m. EST",13933,13700,12018,-1915
ISNE,"3/4/2021 8 a.m. EST",14336,14330,12313,-2023
ISNE,"3/4/2021 9 a.m. EST",14561,14130,12410,-2151
ISNE,"3/4/2021 10 a.m. EST",14405,13970,12535,-1870
ISNE,"3/4/2021 11 a.m. EST",13694,13670,11995,-1699
ISNE,"3/4/2021 12 p.m. EST",13739,13430,12334,-1405
ISNE,"3/4/2021 1 p.m. EST",13380,13060,11924,-1456
ISNE,"3/4/2021 2 p.m. EST",13178,12800,11690,-1488
ISNE,"3/4/2021 3 p.m. EST",13116,12960,11435,-1681
ISNE,"3/4/2021 4 p.m. EST",13235,13570,11685,-1550
ISNE,"3/4/2021 5 p.m. EST",14302,14670,12656,-1646
ISNE,"3/4/2021 6 p.m. EST",15819,15910,14026,-1793
ISNE,"3/4/2021 7 p.m. EST",16571,16550,14701,-1870
ISNE,"3/4/2021 8 p.m. EST",16217,16200,14403,-1814
ISNE,"3/4/2021 9 p.m. EST",15637,15620,13790,-1847
ISNE,"3/4/2021 10 p.m. EST",14851,14830,13184,-1667
ISNE,"3/4/2021 11 p.m. EST",13876,13810,12489,-1387
ISNE,"3/5/2021 12 a.m. EST",13044,12980,11760,-1284
ISNE,"3/5/2021 1 a.m. EST",12703,12500,11234,-1469
ISNE,"3/5/2021 2 a.m. EST",12526,12240,11129,-1397
ISNE,"3/5/2021 3 a.m. EST",12440,12140,11033,-1407
ISNE,"3/5/2021 4 a.m. EST",12483,12190,11015,-1468
ISNE,"3/5/2021 5 a.m. EST",12839,12570,11150,-1689
ISNE,"3/5/2021 6 a.m. EST",13421,13450,12007,-1414
ISNE,"3/5/2021 7 a.m. EST",14655,14680,13458,-1197
ISNE,"3/5/2021 8 a.m. EST",15188,15180,13948,-1240
ISNE,"3/5/2021 9 a.m. EST",14884,14860,13333,-1551
ISNE,"3/5/2021 10 a.m. EST",14210,14180,12474,-1736
ISNE,"3/5/2021 11 a.m. EST",13733,13710,11836,-1897
ISNE,"3/5/2021 12 p.m. EST",13398,13370,11385,-2013
ISNE,"3/5/2021 1 p.m. EST",13034,13010,11077,-1957
ISNE,"3/5/2021 2 p.m. EST",12830,12820,10830,-2000
ISNE,"3/5/2021 3 p.m. EST",12925,12900,10979,-1946
ISNE,"3/5/2021 4 p.m. EST",13541,13340,11755,-1786
ISNE,"3/5/2021 5 p.m. EST",14699,14700,12757,-1942
ISNE,"3/5/2021 6 p.m. EST",15997,15860,13902,-2095
ISNE,"3/5/2021 7 p.m. EST",16573,16400,14441,-2132
ISNE,"3/5/2021 8 p.m. EST",16176,16020,13918,-2258
ISNE,"3/5/2021 9 p.m. EST",15571,15360,13307,-2264
ISNE,"3/5/2021 10 p.m. EST",14845,14670,12543,-2302
ISNE,"3/5/2021 11 p.m. EST",13923,13810,11678,-2245
ISNE,"3/6/2021 12 a.m. EST",13099,13020,10715,-2384
ISNE,"3/6/2021 1 a.m. EST",12507,12480,10233,-2274
ISNE,"3/6/2021 2 a.m. EST",12185,12150,9934,-2251
ISNE,"3/6/2021 3 a.m. EST",12046,12020,9948,-2098
ISNE,"3/6/2021 4 a.m. EST",12034,12010,9868,-2166
ISNE,"3/6/2021 5 a.m. EST",12212,12180,10052,-2160
ISNE,"3/6/2021 6 a.m. EST",12633,12600,10684,-1949
ISNE,"3/6/2021 7 a.m. EST",13192,13160,11273,-1919
ISNE,"3/6/2021 8 a.m. EST",13227,13190,11252,-1975
ISNE,"3/6/2021 9 a.m. EST",12838,12820,10877,-1961
ISNE,"3/6/2021 10 a.m. EST",12435,12390,10633,-1802
ISNE,"3/6/2021 11 a.m. EST",12357,11820,10212,-2145
ISNE,"3/6/2021 12 p.m. EST",12146,11530,10052,-2094
ISNE,"3/6/2021 1 p.m. EST",11951,11060,9905,-2046
ISNE,"3/6/2021 2 p.m. EST",12029,11050,10095,-1934
ISNE,"3/6/2021 3 p.m. EST",12299,11520,10276,-2023
ISNE,"3/6/2021 4 p.m. EST",12915,12640,10774,-2141
ISNE,"3/6/2021 5 p.m. EST",13865,14330,11713,-2152
ISNE,"3/6/2021 6 p.m. EST",15181,15000,12997,-2184
ISNE,"3/6/2021 7 p.m. EST",15868,15620,13718,-2150
ISNE,"3/6/2021 8 p.m. EST",15545,15270,13406,-2139
ISNE,"3/6/2021 9 p.m. EST",15024,14750,12820,-2204
ISNE,"3/6/2021 10 p.m. EST",14401,13960,12075,-2326
ISNE,"3/6/2021 11 p.m. EST",13627,13250,11254,-2373
ISNE,"3/7/2021 12 a.m. EST",13175,12620,10838,-2337
ISNE,"3/7/2021 1 a.m. EST",12661,12340,10606,-2055
ISNE,"3/7/2021 2 a.m. EST",12323,12020,10190,-2133
ISNE,"3/7/2021 3 a.m. EST",12191,11890,9917,-2274
ISNE,"3/7/2021 4 a.m. EST",12181,11890,9938,-2243
ISNE,"3/7/2021 5 a.m. EST",12307,12020,10195,-2112
ISNE,"3/7/2021 6 a.m. EST",12630,12350,10601,-2029
ISNE,"3/7/2021 7 a.m. EST",12757,12730,10695,-2062
ISNE,"3/7/2021 8 a.m. EST",12599,12570,10499,-2100
ISNE,"3/7/2021 9 a.m. EST",12161,12100,10067,-2094
ISNE,"3/7/2021 10 a.m. EST",11972,11700,9815,-2157
ISNE,"3/7/2021 11 a.m. EST",11567,11380,9450,-2117
ISNE,"3/7/2021 12 p.m. EST",11573,11140,9543,-2030
ISNE,"3/7/2021 1 p.m. EST",11669,10960,9645,-2024
ISNE,"3/7/2021 2 p.m. EST",11546,10870,9497,-2049
ISNE,"3/7/2021 3 p.m. EST",11912,11120,9895,-2017
ISNE,"3/7/2021 4 p.m. EST",12159,12110,10242,-1917
ISNE,"3/7/2021 5 p.m. EST",13389,13300,11412,-1977
ISNE,"3/7/2021 6 p.m. EST",14964,14660,13035,-1929
ISNE,"3/7/2021 7 p.m. EST",15800,15440,13845,-1955
ISNE,"3/7/2021 8 p.m. EST",15498,15130,13609,-1889
ISNE,"3/7/2021 9 p.m. EST",14896,14620,13021,-1875
ISNE,"3/7/2021 10 p.m. EST",14089,13900,12048,-2041
ISNE,"3/7/2021 11 p.m. EST",13241,12960,11240,-2001
ISNE,"3/8/2021 12 a.m. EST",12455,12250,10480,-1975
ISNE,"3/8/2021 1 a.m. EST",11998,11980,9847,-2151
ISNE,"3/8/2021 2 a.m. EST",11790,11770,9716,-2074
ISNE,"3/8/2021 3 a.m. EST",11762,11750,9694,-2068
ISNE,"3/8/2021 4 a.m. EST",11880,11870,9948,-1932
ISNE,"3/8/2021 5 a.m. EST",12326,12330,10339,-1987
ISNE,"3/8/2021 6 a.m. EST",13280,13290,11285,-1995
ISNE,"3/8/2021 7 a.m. EST",14561,14570,12655,-1906
ISNE,"3/8/2021 8 a.m. EST",14762,14730,12952,-1810
ISNE,"3/8/2021 9 a.m. EST",14013,13960,12007,-2006
ISNE,"3/8/2021 10 a.m. EST",13204,13140,11185,-2019
ISNE,"3/8/2021 11 a.m. EST",12704,12600,10650,-2054
ISNE,"3/8/2021 12 p.m. EST",12674,12200,10809,-1865
ISNE,"3/8/2021 1 p.m. EST",12503,12030,11117,-1386
ISNE,"3/8/2021 2 p.m. EST",12340,11970,10883,-1457
ISNE,"3/8/2021 3 p.m. EST",12385,12170,10782,-1603
ISNE,"3/8/2021 4 p.m. EST",12772,12870,11215,-1557
ISNE,"3/8/2021 5 p.m. EST",14059,13920,12328,-1731
ISNE,"3/8/2021 6 p.m. EST",15570,15240,14293,-1277
ISNE,"3/8/2021 7 p.m. EST",16352,16010,14652,-1700
ISNE,"3/8/2021 8 p.m. EST",15898,15680,14080,-1818
ISNE,"3/8/2021 9 p.m. EST",15193,15020,13458,-1735
ISNE,"3/8/2021 10 p.m. EST",14273,14070,12389,-1884
ISNE,"3/8/2021 11 p.m. EST",13214,13300,11337,-1877
ISNE,"3/9/2021 12 a.m. EST",12291,12420,10320,-1971
ISNE,"3/9/2021 1 a.m. EST",11732,11660,9696,-2036
ISNE,"3/9/2021 2 a.m. EST",11604,11320,9638,-1966
ISNE,"3/9/2021 3 a.m. EST",11460,11180,9534,-1926
ISNE,"3/9/2021 4 a.m. EST",11458,11190,9527,-1931
ISNE,"3/9/2021 5 a.m. EST",11889,11500,10086,-1803
ISNE,"3/9/2021 6 a.m. EST",12592,12340,10757,-1835
ISNE,"3/9/2021 7 a.m. EST",13563,13580,11831,-1732
ISNE,"3/9/2021 8 a.m. EST",14047,14030,12338,-1709
ISNE,"3/9/2021 9 a.m. EST",13418,13390,11723,-1695
ISNE,"3/9/2021 10 a.m. EST",12574,12470,10802,-1772
ISNE,"3/9/2021 11 a.m. EST",12293,11770,10454,-1839
ISNE,"3/9/2021 12 p.m. EST",12000,11410,10252,-1748
ISNE,"3/9/2021 1 p.m. EST",11900,11270,10148,-1752
ISNE,"3/9/2021 2 p.m. EST",12030,11210,10341,-1689
ISNE,"3/9/2021 3 p.m. EST",12434,11360,10638,-1796
ISNE,"3/9/2021 4 p.m. EST",12823,12000,11055,-1768
ISNE,"3/9/2021 5 p.m. EST",13241,13030,11273,-1968
ISNE,"3/9/2021 6 p.m. EST",14355,14340,12674,-1681
ISNE,"3/9/2021 7 p.m. EST",15142,15250,13179,-1963
ISNE,"3/9/2021 8 p.m. EST",14757,14670,12742,-2015
ISNE,"3/9/2021 9 p.m. EST",14094,14150,12363,-1731
ISNE,"3/9/2021 10 p.m. EST",13297,13290,11301,-1996
ISNE,"3/9/2021 11 p.m. EST",12609,12260,10467,-2142
ISNE,"3/10/2021 12 a.m. EST",12021,11420,9818,-2203
ISNE,"3/10/2021 1 a.m. EST",11579,10880,9291,-2288
ISNE,"3/10/2021 2 a.m. EST",11555,10620,9306,-2249
ISNE,"3/10/2021 3 a.m. EST",11228,10520,9035,-2193
ISNE,"3/10/2021 4 a.m. EST",11322,10580,9197,-2125
ISNE,"3/10/2021 5 a.m. EST",11518,10940,9466,-2052
ISNE,"3/10/2021 6 a.m. EST",12244,11910,9863,-2381
ISNE,"3/10/2021 7 a.m. EST",13387,13210,10791,-2596
ISNE,"3/10/2021 8 a.m. EST",13571,13470,11296,-2275
ISNE,"3/10/2021 9 a.m. EST",12799,12780,10559,-2240
ISNE,"3/10/2021 10 a.m. EST",12030,11920,9709,-2321
ISNE,"3/10/2021 11 a.m. EST",11710,11340,9684,-2026
ISNE,"3/10/2021 12 p.m. EST",11446,11000,9366,-2080
ISNE,"3/10/2021 1 p.m. EST",11272,10830,9269,-2003
ISNE,"3/10/2021 2 p.m. EST",11474,10850,9227,-2247
ISNE,"3/10/2021 3 p.m. EST",11666,11110,9606,-2060
ISNE,"3/10/2021 4 p.m. EST",11962,11800,9964,-1998
ISNE,"3/10/2021 5 p.m. EST",12944,13100,10751,-2193
ISNE,"3/10/2021 6 p.m. EST",14314,14500,12088,-2226
ISNE,"3/10/2021 7 p.m. EST",15169,15250,13138,-2031
ISNE,"3/10/2021 8 p.m. EST",14845,14670,12598,-2247
ISNE,"3/10/2021 9 p.m. EST",14181,14000,11903,-2278
ISNE,"3/10/2021 10 p.m. EST",13321,13020,10726,-2595
ISNE,"3/10/2021 11 p.m. EST",12332,11980,9713,-2619
ISNE,"3/11/2021 12 a.m. EST",11669,11100,9195,-2474
ISNE,"3/11/2021 1 a.m. EST",11592,10830,8703,-2889
ISNE,"3/11/2021 2 a.m. EST",11369,10510,8573,-2796
ISNE,"3/11/2021 3 a.m. EST",11235,10400,8372,-2863
ISNE,"3/11/2021 4 a.m. EST",11246,10410,8407,-2839
ISNE,"3/11/2021 5 a.m. EST",11529,10730,8838,-2691
ISNE,"3/11/2021 6 a.m. EST",11797,11610,9065,-2732
ISNE,"3/11/2021 7 a.m. EST",12804,12800,10131,-2673
ISNE,"3/11/2021 8 a.m. EST",13489,13450,11209,-2280
ISNE,"3/11/2021 9 a.m. EST",13614,13530,11412,-2202
ISNE,"3/11/2021 10 a.m. EST",13126,13130,10918,-2208
ISNE,"3/11/2021 11 a.m. EST",12503,12590,10229,-2274
ISNE,"3/11/2021 12 p.m. EST",11970,12040,9607,-2363
ISNE,"3/11/2021 1 p.m. EST",11514,11720,9163,-2351
ISNE,"3/11/2021 2 p.m. EST",11208,11440,8843,-2365
ISNE,"3/11/2021 3 p.m. EST",11375,11500,8981,-2394
ISNE,"3/11/2021 4 p.m. EST",12099,11970,9760,-2339
ISNE,"3/11/2021 5 p.m. EST",12785,12770,10392,-2393
ISNE,"3/11/2021 6 p.m. EST",13763,13780,11146,-2617
ISNE,"3/11/2021 7 p.m. EST",14529,14500,11940,-2589
ISNE,"3/11/2021 8 p.m. EST",14140,14000,11456,-2684
ISNE,"3/11/2021 9 p.m. EST",13442,13380,10866,-2576
ISNE,"3/11/2021 10 p.m. EST",12551,12480,9973,-2578
ISNE,"3/11/2021 11 p.m. EST",11573,11640,8926,-2647
ISNE,"3/12/2021 12 a.m. EST",11084,10760,8530,-2554
ISNE,"3/12/2021 1 a.m. EST",10909,10050,8555,-2354
ISNE,"3/12/2021 2 a.m. EST",10809,9720,8521,-2288
ISNE,"3/12/2021 3 a.m. EST",10611,9520,8174,-2437
ISNE,"3/12/2021 4 a.m. EST",10585,9510,8240,-2345
ISNE,"3/12/2021 5 a.m. EST",10858,9790,8366,-2492
ISNE,"3/12/2021 6 a.m. EST",11334,10600,8693,-2641
ISNE,"3/12/2021 7 a.m. EST",11961,11740,9402,-2559
ISNE,"3/12/2021 8 a.m. EST",12148,12140,9531,-2617
ISNE,"3/12/2021 9 a.m. EST",11580,11560,9100,-2480
ISNE,"3/12/2021 10 a.m. EST",10917,10720,8806,-2111
ISNE,"3/12/2021 11 a.m. EST",10674,10360,8670,-2004
ISNE,"3/12/2021 12 p.m. EST",10531,10150,8561,-1970
ISNE,"3/12/2021 1 p.m. EST",10649,9930,8718,-1931
ISNE,"3/12/2021 2 p.m. EST",10669,9970,8681,-1988
ISNE,"3/12/2021 3 p.m. EST",10854,10110,8753,-2101
ISNE,"3/12/2021 4 p.m. EST",11383,10910,9189,-2194
ISNE,"3/12/2021 5 p.m. EST",12073,12040,9794,-2279
ISNE,"3/12/2021 6 p.m. EST",13177,13390,10636,-2541
ISNE,"3/12/2021 7 p.m. EST",13835,14050,11235,-2600
ISNE,"3/12/2021 8 p.m. EST",13503,13680,10875,-2628
ISNE,"3/12/2021 9 p.m. EST",12926,13210,10318,-2608
ISNE,"3/12/2021 10 p.m. EST",12277,12490,9632,-2645
ISNE,"3/12/2021 11 p.m. EST",11496,11770,8839,-2657
ISNE,"3/13/2021 12 a.m. EST",10752,11040,8234,-2518
ISNE,"3/13/2021 1 a.m. EST",10680,10270,8228,-2452
ISNE,"3/13/2021 2 a.m. EST",10586,10030,8006,-2580
ISNE,"3/13/2021 3 a.m. EST",10534,9980,7940,-2594
ISNE,"3/13/2021 4 a.m. EST",10640,10100,8163,-2477
ISNE,"3/13/2021 5 a.m. EST",10730,10370,8165,-2565
ISNE,"3/13/2021 6 a.m. EST",11132,10860,8641,-2491
ISNE,"3/13/2021 7 a.m. EST",11383,11380,9063,-2320
ISNE,"3/13/2021 8 a.m. EST",11383,11360,9225,-2158
ISNE,"3/13/2021 9 a.m. EST",11038,11010,8987,-2051
ISNE,"3/13/2021 10 a.m. EST",10646,10620,8984,-1662
ISNE,"3/13/2021 11 a.m. EST",10360,10270,8652,-1708
ISNE,"3/13/2021 12 p.m. EST",10162,9960,8487,-1675
ISNE,"3/13/2021 1 p.m. EST",9933,9810,8284,-1649
ISNE,"3/13/2021 2 p.m. EST",9782,9730,8174,-1608
ISNE,"3/13/2021 3 p.m. EST",9942,9900,8386,-1556
ISNE,"3/13/2021 4 p.m. EST",10625,10650,8812,-1813
ISNE,"3/13/2021 5 p.m. EST",11905,11830,9663,-2242
ISNE,"3/13/2021 6 p.m. EST",13300,13310,10863,-2437
ISNE,"3/13/2021 7 p.m. EST",14152,14050,11775,-2377
ISNE,"3/13/2021 8 p.m. EST",13918,13810,11403,-2515
ISNE,"3/13/2021 9 p.m. EST",13435,13370,11037,-2398
ISNE,"3/13/2021 10 p.m. EST",12816,12790,10390,-2426
ISNE,"3/13/2021 11 p.m. EST",12134,12030,9774,-2360
ISNE,"3/14/2021 12 a.m. EST",11631,11320,9312,-2319
ISNE,"3/14/2021 1 a.m. EST",11095,10780,8794,-2301
ISNE,"3/14/2021 3 a.m. EDT",11048,10430,8741,-2307
ISNE,"3/14/2021 4 a.m. EDT",10692,10300,8418,-2274
ISNE,"3/14/2021 5 a.m. EDT",10649,10290,8429,-2220
ISNE,"3/14/2021 6 a.m. EDT",10830,10500,8578,-2252
ISNE,"3/14/2021 7 a.m. EDT",11234,10860,9016,-2218
ISNE,"3/14/2021 8 a.m. EDT",11282,11130,9002,-2280
ISNE,"3/14/2021 9 a.m. EDT",11143,11150,8904,-2239
ISNE,"3/14/2021 10 a.m. EDT",10770,10710,8499,-2271
ISNE,"3/14/2021 11 a.m. EDT",10962,10580,8799,-2163
ISNE,"3/14/2021 12 p.m. EDT",11356,10640,9133,-2223
ISNE,"3/14/2021 1 p.m. EDT",11521,10790,9259,-2262
ISNE,"3/14/2021 2 p.m. EDT",11547,11020,9318,-2229
ISNE,"3/14/2021 3 p.m. EDT",11919,11300,9615,-2304
ISNE,"3/14/2021 4 p.m. EDT",12315,11960,9980,-2335
ISNE,"3/14/2021 5 p.m. EDT",12655,12440,10395,-2260
ISNE,"3/14/2021 6 p.m. EDT",13500,13460,11067,-2433
ISNE,"3/14/2021 7 p.m. EDT",14469,14350,12054,-2415
ISNE,"3/14/2021 8 p.m. EDT",15160,14660,12817,-2343
ISNE,"3/14/2021 9 p.m. EDT",14913,14180,12647,-2266
ISNE,"3/14/2021 10 p.m. EDT",14274,13500,11830,-2444
ISNE,"3/14/2021 11 p.m. EDT",13414,12680,11020,-2394
ISNE,"3/15/2021 12 a.m. EDT",12890,11980,10495,-2395
ISNE,"3/15/2021 1 a.m. EDT",12974,12080,10620,-2354
ISNE,"3/15/2021 2 a.m. EDT",12910,11830,10576,-2334
ISNE,"3/15/2021 3 a.m. EDT",12855,11780,10552,-2303
ISNE,"3/15/2021 4 a.m. EDT",12972,11910,10592,-2380
ISNE,"3/15/2021 5 a.m. EDT",13269,12350,10926,-2343
ISNE,"3/15/2021 6 a.m. EDT",13469,13260,11361,-2108
ISNE,"3/15/2021 7 a.m. EDT",14740,14750,13114,-1626
ISNE,"3/15/2021 8 a.m. EDT",15915,15430,13984,-1931
ISNE,"3/15/2021 9 a.m. EDT",15797,14980,13834,-1963
ISNE,"3/15/2021 10 a.m. EDT",14950,14800,12717,-2233
ISNE,"3/15/2021 11 a.m. EDT",14211,14130,11881,-2330
ISNE,"3/15/2021 12 p.m. EDT",13872,13610,11560,-2312
ISNE,"3/15/2021 1 p.m. EDT",13706,12970,11419,-2287
ISNE,"3/15/2021 2 p.m. EDT",13633,12970,11436,-2197
ISNE,"3/15/2021 3 p.m. EDT",13388,12880,11169,-2219
ISNE,"3/15/2021 4 p.m. EDT",13475,13020,11181,-2294
ISNE,"3/15/2021 5 p.m. EDT",14218,13850,11885,-2333
ISNE,"3/15/2021 6 p.m. EDT",15176,14890,12889,-2287
ISNE,"3/15/2021 7 p.m. EDT",16281,15990,14041,-2240
ISNE,"3/15/2021 8 p.m. EDT",16821,16500,14532,-2289
ISNE,"3/15/2021 9 p.m. EDT",16337,16040,14034,-2303
ISNE,"3/15/2021 10 p.m. EDT",15468,15180,13237,-2231
ISNE,"3/15/2021 11 p.m. EDT",14420,13940,12065,-2355
ISNE,"3/16/2021 12 a.m. EDT",13471,12960,11160,-2311
ISNE,"3/16/2021 1 a.m. EDT",12842,12820,10290,-2552
ISNE,"3/16/2021 2 a.m. EDT",12496,12480,9897,-2599
ISNE,"3/16/2021 3 a.m. EDT",12355,12350,9891,-2464
ISNE,"3/16/2021 4 a.m. EDT",12403,12360,10034,-2369
ISNE,"3/16/2021 5 a.m. EDT",12980,12750,10542,-2438
ISNE,"3/16/2021 6 a.m. EDT",13791,13640,11427,-2364
ISNE,"3/16/2021 7 a.m. EDT",14979,15080,12645,-2334
ISNE,"3/16/2021 8 a.m. EDT",15900,16090,13538,-2362
ISNE,"3/16/2021 9 a.m. EDT",15581,15620,13319,-2262
ISNE,"3/16/2021 10 a.m. EDT",14791,14680,12830,-1961
ISNE,"3/16/2021 11 a.m. EDT",14436,13870,12710,-1726
ISNE,"3/16/2021 12 p.m. EDT",14198,13450,12160,-2038
ISNE,"3/16/2021 1 p.m. EDT",14046,13110,12039,-2007
ISNE,"3/16/2021 2 p.m. EDT",13719,13020,11730,-1989
ISNE,"3/16/2021 3 p.m. EDT",13389,12840,11259,-2130
ISNE,"3/16/2021 4 p.m. EDT",13619,12860,11449,-2170
ISNE,"3/16/2021 5 p.m. EDT",13930,13650,11772,-2158
ISNE,"3/16/2021 6 p.m. EDT",14985,14740,12644,-2341
ISNE,"3/16/2021 7 p.m. EDT",15644,15580,13339,-2305
ISNE,"3/16/2021 8 p.m. EDT",15927,15900,13681,-2246
ISNE,"3/16/2021 9 p.m. EDT",15379,15230,13005,-2374
ISNE,"3/16/2021 10 p.m. EDT",14492,14330,12052,-2440
ISNE,"3/16/2021 11 p.m. EDT",13410,13240,10898,-2512
ISNE,"3/17/2021 12 a.m. EDT",12701,12320,10248,-2453
ISNE,"3/17/2021 1 a.m. EDT",11859,11780,9773,-2086
ISNE,"3/17/2021 2 a.m. EDT",11586,11450,9486,-2100
ISNE,"3/17/2021 3 a.m. EDT",11837,11310,9545,-2292
ISNE,"3/17/2021 4 a.m. EDT",11908,11340,9599,-2309
ISNE,"3/17/2021 5 a.m. EDT",11936,11670,9754,-2182
ISNE,"3/17/2021 6 a.m. EDT",12531,12590,10427,-2104
ISNE,"3/17/2021 7 a.m. EDT",13824,14100,11658,-2166
ISNE,"3/17/2021 8 a.m. EDT",14849,14760,12322,-2527
ISNE,"3/17/2021 9 a.m. EDT",14926,14390,12632,-2294
ISNE,"3/17/2021 10 a.m. EDT",14353,14240,11959,-2394
ISNE,"3/17/2021 11 a.m. EDT",13559,13570,11627,-1932
ISNE,"3/17/2021 12 p.m. EDT",12907,12960,10988,-1919
ISNE,"3/17/2021 1 p.m. EDT",12556,12440,10684,-1872
ISNE,"3/17/2021 2 p.m. EDT",12475,12260,10560,-1915
ISNE,"3/17/2021 3 p.m. EDT",12317,12210,10496,-1821
ISNE,"3/17/2021 4 p.m. EDT",12413,12370,10337,-2076
ISNE,"3/17/2021 5 p.m. EDT",13052,12720,10571,-2481
ISNE,"3/17/2021 6 p.m. EDT",13934,13700,11459,-2475
ISNE,"3/17/2021 7 p.m. EDT",14156,14260,11565,-2591
ISNE,"3/17/2021 8 p.m. EDT",14613,14580,12006,-2607
ISNE,"3/17/2021 9 p.m. EDT",14240,14190,11649,-2591
ISNE,"3/17/2021 10 p.m. EDT",13491,13360,11054,-2437
ISNE,"3/17/2021 11 p.m. EDT",12727,12280,10131,-2596
ISNE,"3/18/2021 12 a.m. EDT",11925,11330,9282,-2643
ISNE,"3/18/2021 1 a.m. EDT",11567,10990,9166,-2401
ISNE,"3/18/2021 2 a.m. EDT",11475,10650,9070,-2405
ISNE,"3/18/2021 3 a.m. EDT",11322,10520,8882,-2440
ISNE,"3/18/2021 4 a.m. EDT",11560,10520,9051,-2509
ISNE,"3/18/2021 5 a.m. EDT",11851,10810,9303,-2548
ISNE,"3/18/2021 6 a.m. EDT",12110,11610,9551,-2559
ISNE,"3/18/2021 7 a.m. EDT",13376,12980,10703,-2673
ISNE,"3/18/2021 8 a.m. EDT",14179,14000,11330,-2849
ISNE,"3/18/2021 9 a.m. EDT",14463,14450,11716,-2747
ISNE,"3/18/2021 10 a.m. EDT",14507,14500,11857,-2650
ISNE,"3/18/2021 11 a.m. EDT",14488,14370,11979,-2509
ISNE,"3/18/2021 12 p.m. EDT",14423,14170,11989,-2434
ISNE,"3/18/2021 1 p.m. EDT",14387,14060,11927,-2460
ISNE,"3/18/2021 2 p.m. EDT",14383,14030,11886,-2497
ISNE,"3/18/2021 3 p.m. EDT",14321,14010,11801,-2520
ISNE,"3/18/2021 4 p.m. EDT",14348,14050,11946,-2402
ISNE,"3/18/2021 5 p.m. EDT",14631,14250,12211,-2420
ISNE,"3/18/2021 6 p.m. EDT",15071,14420,12669,-2402
ISNE,"3/18/2021 7 p.m. EDT",15177,14700,12856,-2321
ISNE,"3/18/2021 8 p.m. EDT",15046,14800,12635,-2411
ISNE,"3/18/2021 9 p.m. EDT",14452,14370,12004,-2448
ISNE,"3/18/2021 10 p.m. EDT",13604,13520,11027,-2577
ISNE,"3/18/2021 11 p.m. EDT",12774,12380,10192,-2582
ISNE,"3/19/2021 12 a.m. EDT",12316,11360,9807,-2509
ISNE,"3/19/2021 1 a.m. EDT",11634,11140,9306,-2328
ISNE,"3/19/2021 2 a.m. EDT",11122,10810,8797,-2325
ISNE,"3/19/2021 3 a.m. EDT",11002,10710,8626,-2376
ISNE,"3/19/2021 4 a.m. EDT",11100,10790,8767,-2333
ISNE,"3/19/2021 5 a.m. EDT",11452,11160,9295,-2157
ISNE,"3/19/2021 6 a.m. EDT",12332,12060,10164,-2168
ISNE,"3/19/2021 7 a.m. EDT",13509,13530,11403,-2106
ISNE,"3/19/2021 8 a.m. EDT",14520,14520,12353,-2167
ISNE,"3/19/2021 9 a.m. EDT",14202,14170,11998,-2204
ISNE,"3/19/2021 10 a.m. EDT",13256,13220,11033,-2223
ISNE,"3/19/2021 11 a.m. EDT",12483,12490,10404,-2079
ISNE,"3/19/2021 12 p.m. EDT",12356,12080,10379,-1977
ISNE,"3/19/2021 1 p.m. EDT",12223,11760,10318,-1905
ISNE,"3/19/2021 2 p.m. EDT",12014,11620,10335,-1679
ISNE,"3/19/2021 3 p.m. EDT",11760,11610,10193,-1567
ISNE,"3/19/2021 4 p.m. EDT",11801,11750,10272,-1529
ISNE,"3/19/2021 5 p.m. EDT",12135,12410,10480,-1655
ISNE,"3/19/2021 6 p.m. EDT",13201,13450,11072,-2129
ISNE,"3/19/2021 7 p.m. EDT",14252,14180,11958,-2294
ISNE,"3/19/2021 8 p.m. EDT",14869,14750,12563,-2306
ISNE,"3/19/2021 9 p.m. EDT",14591,14290,12500,-2091
ISNE,"3/19/2021 10 p.m. EDT",13994,13690,11833,-2161
ISNE,"3/19/2021 11 p.m. EDT",13167,12850,10882,-2285
ISNE,"3/20/2021 12 a.m. EDT",12338,12000,10136,-2202
ISNE,"3/20/2021 1 a.m. EDT",11719,11700,9769,-1950
ISNE,"3/20/2021 2 a.m. EDT",11371,11340,9544,-1827
ISNE,"3/20/2021 3 a.m. EDT",11185,11170,9443,-1742
ISNE,"3/20/2021 4 a.m. EDT",11161,11140,9364,-1797
ISNE,"3/20/2021 5 a.m. EDT",11307,11300,9461,-1846
ISNE,"3/20/2021 6 a.m. EDT",11700,11690,9794,-1906
ISNE,"3/20/2021 7 a.m. EDT",12386,12380,10333,-2053
ISNE,"3/20/2021 8 a.m. EDT",12829,12810,10673,-2156
ISNE,"3/20/2021 9 a.m. EDT",12491,12450,10482,-2009
ISNE,"3/20/2021 10 a.m. EDT",11713,11710,9505,-2208
ISNE,"3/20/2021 11 a.m. EDT",10977,11030,8761,-2216
ISNE,"3/20/2021 12 p.m. EDT",10865,10390,8656,-2209
ISNE,"3/20/2021 1 p.m. EDT",10417,10000,8379,-2038
ISNE,"3/20/2021 2 p.m. EDT",10056,9600,8104,-1952
ISNE,"3/20/2021 3 p.m. EDT",10045,9550,8299,-1746
ISNE,"3/20/2021 4 p.m. EDT",9969,9800,8399,-1570
ISNE,"3/20/2021 5 p.m. EDT",10527,10800,8800,-1727
ISNE,"3/20/2021 6 p.m. EDT",11477,11850,9226,-2251
ISNE,"3/20/2021 7 p.m. EDT",12532,12630,10027,-2505
ISNE,"3/20/2021 8 p.m. EDT",13171,13250,10769,-2402
ISNE,"3/20/2021 9 p.m. EDT",12999,12770,10943,-2056
ISNE,"3/20/2021 10 p.m. EDT",12492,12250,10501,-1991
ISNE,"3/20/2021 11 p.m. EDT",11830,11610,9570,-2260
ISNE,"3/21/2021 12 a.m. EDT",11139,10940,8911,-2228
ISNE,"3/21/2021 1 a.m. EDT",10635,10600,8447,-2188
ISNE,"3/21/2021 2 a.m. EDT",10299,10280,8116,-2183
ISNE,"3/21/2021 3 a.m. EDT",10169,10150,7939,-2230
ISNE,"3/21/2021 4 a.m. EDT",10152,10140,7986,-2166
ISNE,"3/21/2021 5 a.m. EDT",10271,10270,8092,-2179
ISNE,"3/21/2021 6 a.m. EDT",10592,10600,8505,-2087
ISNE,"3/21/2021 7 a.m. EDT",11130,11130,8853,-2277
ISNE,"3/21/2021 8 a.m. EDT",11498,11490,9056,-2442
ISNE,"3/21/2021 9 a.m. EDT",11236,11200,8848,-2388
ISNE,"3/21/2021 10 a.m. EDT",10606,10600,8313,-2293
ISNE,"3/21/2021 11 a.m. EDT",9987,10000,7817,-2170
ISNE,"3/21/2021 12 p.m. EDT",9801,9620,7701,-2100
ISNE,"3/21/2021 1 p.m. EDT",9747,9400,7602,-2145
ISNE,"3/21/2021 2 p.m. EDT",9478,9230,7542,-1936
ISNE,"3/21/2021 3 p.m. EDT",9555,9200,7479,-2076
ISNE,"3/21/2021 4 p.m. EDT",9766,9530,7602,-2164
ISNE,"3/21/2021 5 p.m. EDT",10345,10440,8095,-2250
ISNE,"3/21/2021 6 p.m. EDT",11405,11710,8912,-2493
ISNE,"3/21/2021 7 p.m. EDT",12540,12620,10015,-2525
ISNE,"3/21/2021 8 p.m. EDT",13218,13250,10602,-2616
ISNE,"3/21/2021 9 p.m. EDT",12989,12720,10473,-2516
ISNE,"3/21/2021 10 p.m. EDT",12262,11970,9833,-2429
ISNE,"3/21/2021 11 p.m. EDT",11392,11140,8810,-2582
ISNE,"3/22/2021 12 a.m. EDT",10604,10410,7962,-2642
ISNE,"3/22/2021 1 a.m. EDT",10122,10090,7689,-2433
ISNE,"3/22/2021 2 a.m. EDT",9863,9840,7671,-2192
ISNE,"3/22/2021 3 a.m. EDT",9901,9780,7608,-2293
ISNE,"3/22/2021 4 a.m. EDT",10167,9890,7842,-2325
ISNE,"3/22/2021 5 a.m. EDT",10335,10330,8092,-2243
ISNE,"3/22/2021 6 a.m. EDT",11275,11300,9326,-1949
ISNE,"3/22/2021 7 a.m. EDT",12770,12780,11481,-1289
ISNE,"3/22/2021 8 a.m. EDT",13636,13630,12132,-1504
ISNE,"3/22/2021 9 a.m. EDT",13147,13110,11529,-1618
ISNE,"3/22/2021 10 a.m. EDT",12137,11960,10719,-1418
ISNE,"3/22/2021 11 a.m. EDT",11305,11300,10014,-1291
ISNE,"3/22/2021 12 p.m. EDT",10791,10840,9476,-1315
ISNE,"3/22/2021 1 p.m. EDT",10470,10450,9184,-1286
ISNE,"3/22/2021 2 p.m. EDT",10349,10320,9012,-1337
ISNE,"3/22/2021 3 p.m. EDT",10605,10340,9071,-1534
ISNE,"3/22/2021 4 p.m. EDT",10846,10630,9239,-1607
ISNE,"3/22/2021 5 p.m. EDT",11112,11350,9607,-1505
ISNE,"3/22/2021 6 p.m. EDT",12336,12510,10815,-1521
ISNE,"3/22/2021 7 p.m. EDT",13279,13500,11442,-1837
ISNE,"3/22/2021 8 p.m. EDT",13837,13900,11854,-1983
ISNE,"3/22/2021 9 p.m. EDT",13466,13450,11534,-1932
ISNE,"3/22/2021 10 p.m. EDT",12657,12500,10647,-2010
ISNE,"3/22/2021 11 p.m. EDT",11741,11520,9628,-2113
ISNE,"3/23/2021 12 a.m. EDT",11078,10760,9350,-1728
ISNE,"3/23/2021 1 a.m. EDT",10822,10240,8811,-2011
ISNE,"3/23/2021 2 a.m. EDT",10526,9960,8634,-1892
ISNE,"3/23/2021 3 a.m. EDT",10438,9880,8513,-1925
ISNE,"3/23/2021 4 a.m. EDT",10489,9940,8623,-1866
ISNE,"3/23/2021 5 a.m. EDT",10773,10290,8722,-2051
ISNE,"3/23/2021 6 a.m. EDT",11150,11160,9316,-1834
ISNE,"3/23/2021 7 a.m. EDT",12579,12600,10603,-1976
ISNE,"3/23/2021 8 a.m. EDT",13417,13400,11306,-2111
ISNE,"3/23/2021 9 a.m. EDT",13023,12980,11013,-2010
ISNE,"3/23/2021 10 a.m. EDT",12047,12000,10521,-1526
ISNE,"3/23/2021 11 a.m. EDT",11141,11120,9856,-1285
ISNE,"3/23/2021 12 p.m. EDT",10962,10620,9555,-1407
ISNE,"3/23/2021 1 p.m. EDT",10869,10270,9397,-1472
ISNE,"3/23/2021 2 p.m. EDT",10684,10080,9166,-1518
ISNE,"3/23/2021 3 p.m. EDT",10610,10020,9121,-1489
ISNE,"3/23/2021 4 p.m. EDT",10863,10370,9321,-1542
ISNE,"3/23/2021 5 p.m. EDT",11222,11360,9777,-1445
ISNE,"3/23/2021 6 p.m. EDT",12271,12580,10556,-1715
ISNE,"3/23/2021 7 p.m. EDT",13102,13390,11338,-1764
ISNE,"3/23/2021 8 p.m. EDT",13645,13750,11897,-1748
ISNE,"3/23/2021 9 p.m. EDT",13256,13390,11541,-1715
ISNE,"3/23/2021 10 p.m. EDT",12408,12550,10558,-1850
ISNE,"3/23/2021 11 p.m. EDT",11389,11560,9518,-1871
ISNE,"3/24/2021 12 a.m. EDT",10509,10680,8943,-1566
ISNE,"3/24/2021 1 a.m. EDT",10458,9880,8551,-1907
ISNE,"3/24/2021 2 a.m. EDT",10408,9590,8432,-1976
ISNE,"3/24/2021 3 a.m. EDT",10549,9480,8385,-2164
ISNE,"3/24/2021 4 a.m. EDT",10622,9530,8580,-2042
ISNE,"3/24/2021 5 a.m. EDT",10638,9850,8594,-2044
ISNE,"3/24/2021 6 a.m. EDT",10980,10710,8853,-2127
ISNE,"3/24/2021 7 a.m. EDT",12078,12070,10143,-1935
ISNE,"3/24/2021 8 a.m. EDT",12914,13040,10974,-1940
ISNE,"3/24/2021 9 a.m. EDT",12953,12940,11364,-1589
ISNE,"3/24/2021 10 a.m. EDT",12540,12540,11038,-1502
ISNE,"3/24/2021 11 a.m. EDT",12253,12320,10909,-1344
ISNE,"3/24/2021 12 p.m. EDT",12163,12000,10841,-1322
ISNE,"3/24/2021 1 p.m. EDT",11573,11910,10273,-1300
ISNE,"3/24/2021 2 p.m. EDT",11541,11880,10349,-1192
ISNE,"3/24/2021 3 p.m. EDT",11547,11840,10348,-1199
ISNE,"3/24/2021 4 p.m. EDT",12051,12130,10798,-1253
ISNE,"3/24/2021 5 p.m. EDT",12740,12490,11209,-1531
ISNE,"3/24/2021 6 p.m. EDT",13393,13100,11728,-1665
ISNE,"3/24/2021 7 p.m. EDT",13743,13720,11908,-1835
ISNE,"3/24/2021 8 p.m. EDT",13911,14100,12076,-1835
ISNE,"3/24/2021 9 p.m. EDT",13376,13290,11631,-1745
ISNE,"3/24/2021 10 p.m. EDT",12494,12400,10460,-2034
ISNE,"3/24/2021 11 p.m. EDT",11488,11350,9365,-2123
ISNE,"3/25/2021 12 a.m. EDT",10770,10460,9041,-1729
ISNE,"3/25/2021 1 a.m. EDT",10468,9880,8591,-1877
ISNE,"3/25/2021 2 a.m. EDT",10101,9530,8242,-1859
ISNE,"3/25/2021 3 a.m. EDT",9917,9350,7995,-1922
ISNE,"3/25/2021 4 a.m. EDT",9893,9340,7965,-1928
ISNE,"3/25/2021 5 a.m. EDT",10095,9530,8143,-1952
ISNE,"3/25/2021 6 a.m. EDT",10354,10350,8366,-1988
ISNE,"3/25/2021 7 a.m. EDT",11680,11720,9877,-1803
ISNE,"3/25/2021 8 a.m. EDT",12707,12580,10689,-2018
ISNE,"3/25/2021 9 a.m. EDT",13030,12710,11172,-1858
ISNE,"3/25/2021 10 a.m. EDT",12899,13030,11102,-1797
ISNE,"3/25/2021 11 a.m. EDT",12728,12670,10817,-1911
ISNE,"3/25/2021 12 p.m. EDT",12553,12360,10662,-1891
ISNE,"3/25/2021 1 p.m. EDT",12181,12020,10660,-1521
ISNE,"3/25/2021 2 p.m. EDT",11589,11910,10049,-1540
ISNE,"3/25/2021 3 p.m. EDT",11034,11800,9410,-1624
ISNE,"3/25/2021 4 p.m. EDT",10928,11820,9188,-1740
ISNE,"3/25/2021 5 p.m. EDT",11459,12150,9667,-1792
ISNE,"3/25/2021 6 p.m. EDT",12529,12700,10605,-1924
ISNE,"3/25/2021 7 p.m. EDT",13214,13270,10953,-2261
ISNE,"3/25/2021 8 p.m. EDT",13641,13590,11206,-2435
ISNE,"3/25/2021 9 p.m. EDT",13217,13150,10740,-2477
ISNE,"3/25/2021 10 p.m. EDT",12365,12260,9748,-2617
ISNE,"3/25/2021 11 p.m. EDT",11319,11250,9096,-2223
ISNE,"3/26/2021 12 a.m. EDT",10407,10340,8251,-2156
ISNE,"3/26/2021 1 a.m. EDT",10304,9720,8181,-2123
ISNE,"3/26/2021 2 a.m. EDT",10173,9330,8093,-2080
ISNE,"3/26/2021 3 a.m. EDT",9972,9150,7860,-2112
ISNE,"3/26/2021 4 a.m. EDT",10139,9090,7818,-2321
ISNE,"3/26/2021 5 a.m. EDT",10316,9330,7935,-2381
ISNE,"3/26/2021 6 a.m. EDT",10134,10160,7788,-2346
ISNE,"3/26/2021 7 a.m. EDT",11287,11410,8785,-2502
ISNE,"3/26/2021 8 a.m. EDT",12376,12360,9799,-2577
ISNE,"3/26/2021 9 a.m. EDT",12966,12700,10466,-2500
ISNE,"3/26/2021 10 a.m. EDT",13212,13110,10674,-2538
ISNE,"3/26/2021 11 a.m. EDT",13306,13040,10911,-2395
ISNE,"3/26/2021 12 p.m. EDT",13302,12930,10967,-2335
ISNE,"3/26/2021 1 p.m. EDT",13139,12810,10518,-2621
ISNE,"3/26/2021 2 p.m. EDT",12801,12520,10372,-2429
ISNE,"3/26/2021 3 p.m. EDT",12177,12290,10358,-1819
ISNE,"3/26/2021 4 p.m. EDT",11935,12190,10094,-1841
ISNE,"3/26/2021 5 p.m. EDT",12059,12240,9994,-2065
ISNE,"3/26/2021 6 p.m. EDT",12624,12620,10470,-2154
ISNE,"3/26/2021 7 p.m. EDT",12984,13230,10823,-2161
ISNE,"3/26/2021 8 p.m. EDT",13203,13450,11007,-2196
ISNE,"3/26/2021 9 p.m. EDT",12818,12510,10524,-2294
ISNE,"3/26/2021 10 p.m. EDT",12103,11840,9623,-2480
ISNE,"3/26/2021 11 p.m. EDT",11257,11060,8992,-2265
ISNE,"3/27/2021 12 a.m. EDT",10412,10220,8509,-1903
ISNE,"3/27/2021 1 a.m. EDT",10085,9670,8152,-1933
ISNE,"3/27/2021 2 a.m. EDT",9945,9320,8060,-1885
ISNE,"3/27/2021 3 a.m. EDT",9699,9100,7853,-1846
ISNE,"3/27/2021 4 a.m. EDT",9893,9010,7915,-1978
ISNE,"3/27/2021 5 a.m. EDT",9985,9110,8083,-1902
ISNE,"3/27/2021 6 a.m. EDT",10062,9350,8114,-1948
ISNE,"3/27/2021 7 a.m. EDT",10388,9710,8506,-1882
ISNE,"3/27/2021 8 a.m. EDT",10784,10070,8895,-1889
ISNE,"3/27/2021 9 a.m. EDT",10473,10280,8733,-1740
ISNE,"3/27/2021 10 a.m. EDT",10084,9950,8475,-1609
ISNE,"3/27/2021 11 a.m. EDT",9608,9560,7777,-1831
ISNE,"3/27/2021 12 p.m. EDT",9482,9190,7705,-1777
ISNE,"3/27/2021 1 p.m. EDT",9680,8930,8089,-1591
ISNE,"3/27/2021 2 p.m. EDT",9532,8760,8046,-1486
ISNE,"3/27/2021 3 p.m. EDT",9727,8690,8120,-1607
ISNE,"3/27/2021 4 p.m. EDT",9813,8970,8282,-1531
ISNE,"3/27/2021 5 p.m. EDT",10261,9820,8754,-1507
ISNE,"3/27/2021 6 p.m. EDT",11091,10930,9174,-1917
ISNE,"3/27/2021 7 p.m. EDT",11858,11810,9703,-2155
ISNE,"3/27/2021 8 p.m. EDT",12353,12140,10038,-2315
ISNE,"3/27/2021 9 p.m. EDT",12168,11860,9870,-2298
ISNE,"3/27/2021 10 p.m. EDT",11600,11350,9480,-2120
ISNE,"3/27/2021 11 p.m. EDT",10899,10690,8815,-2084
ISNE,"3/28/2021 12 a.m. EDT",10306,10040,8160,-2146
ISNE,"3/28/2021 1 a.m. EDT",9884,9590,8030,-1854
ISNE,"3/28/2021 2 a.m. EDT",9797,9250,7946,-1851
ISNE,"3/28/2021 3 a.m. EDT",9797,9060,7966,-1831
ISNE,"3/28/2021 4 a.m. EDT",9801,8980,8020,-1781
ISNE,"3/28/2021 5 a.m. EDT",9677,9080,7963,-1714
ISNE,"3/28/2021 6 a.m. EDT",9875,9310,7810,-2065
ISNE,"3/28/2021 7 a.m. EDT",10261,10010,8146,-2115
ISNE,"3/28/2021 8 a.m. EDT",10646,10580,8566,-2080
ISNE,"3/28/2021 9 a.m. EDT",11528,11360,9506,-2022
ISNE,"3/28/2021 10 a.m. EDT",11791,11740,10172,-1619
ISNE,"3/28/2021 11 a.m. EDT",12390,12170,10715,-1675
ISNE,"3/28/2021 12 p.m. EDT",12858,12570,10972,-1886
ISNE,"3/28/2021 1 p.m. EDT",13214,13110,11197,-2017
ISNE,"3/28/2021 2 p.m. EDT",13276,13130,11264,-2012
ISNE,"3/28/2021 3 p.m. EDT",13234,12950,11172,-2062
ISNE,"3/28/2021 4 p.m. EDT",13264,12950,11133,-2131
ISNE,"3/28/2021 5 p.m. EDT",13456,13140,11266,-2190
ISNE,"3/28/2021 6 p.m. EDT",13786,13670,11449,-2337
ISNE,"3/28/2021 7 p.m. EDT",13738,13810,11032,-2706
ISNE,"3/28/2021 8 p.m. EDT",13523,13820,10797,-2726
ISNE,"3/28/2021 9 p.m. EDT",12930,13080,10337,-2593
ISNE,"3/28/2021 10 p.m. EDT",12098,12110,9438,-2660
ISNE,"3/28/2021 11 p.m. EDT",11165,11100,8821,-2344
ISNE,"3/29/2021 12 a.m. EDT",10638,10240,8597,-2041
ISNE,"3/29/2021 1 a.m. EDT",10552,9730,8497,-2055
ISNE,"3/29/2021 2 a.m. EDT",10499,9420,8480,-2019
ISNE,"3/29/2021 3 a.m. EDT",10387,9310,8514,-1873
ISNE,"3/29/2021 4 a.m. EDT",10440,9410,8530,-1910
ISNE,"3/29/2021 5 a.m. EDT",10780,9740,8852,-1928
ISNE,"3/29/2021 6 a.m. EDT",11214,10760,9201,-2013
ISNE,"3/29/2021 7 a.m. EDT",12061,12350,10409,-1652
ISNE,"3/29/2021 8 a.m. EDT",12935,13150,11048,-1887
ISNE,"3/29/2021 9 a.m. EDT",12849,12910,11003,-1846
ISNE,"3/29/2021 10 a.m. EDT",12187,12230,10431,-1756
ISNE,"3/29/2021 11 a.m. EDT",11714,11590,10443,-1271
ISNE,"3/29/2021 12 p.m. EDT",11606,11160,10200,-1406
ISNE,"3/29/2021 1 p.m. EDT",11542,10850,9816,-1726
ISNE,"3/29/2021 2 p.m. EDT",11071,10610,9108,-1963
ISNE,"3/29/2021 3 p.m. EDT",10820,10430,8771,-2049
ISNE,"3/29/2021 4 p.m. EDT",10897,10660,9198,-1699
ISNE,"3/29/2021 5 p.m. EDT",11590,11530,9748,-1842
ISNE,"3/29/2021 6 p.m. EDT",12442,12810,10568,-1874
ISNE,"3/29/2021 7 p.m. EDT",13465,13710,11457,-2008
ISNE,"3/29/2021 8 p.m. EDT",14025,14400,11730,-2295
ISNE,"3/29/2021 9 p.m. EDT",13780,13910,11863,-1917
ISNE,"3/29/2021 10 p.m. EDT",13024,13080,11086,-1938
ISNE,"3/29/2021 11 p.m. EDT",12027,11980,10092,-1935
ISNE,"3/30/2021 12 a.m. EDT",11142,11050,9303,-1839
ISNE,"3/30/2021 1 a.m. EDT",10866,10580,8938,-1928
ISNE,"3/30/2021 2 a.m. EDT",10592,10290,8727,-1865
ISNE,"3/30/2021 3 a.m. EDT",10479,10190,8759,-1720
ISNE,"3/30/2021 4 a.m. EDT",10559,10270,8947,-1612
ISNE,"3/30/2021 5 a.m. EDT",10895,10620,9078,-1817
ISNE,"3/30/2021 6 a.m. EDT",11515,11530,9501,-2014
ISNE,"3/30/2021 7 a.m. EDT",12896,12910,11083,-1813
ISNE,"3/30/2021 8 a.m. EDT",13522,13510,11681,-1841
ISNE,"3/30/2021 9 a.m. EDT",12908,12860,11127,-1781
ISNE,"3/30/2021 10 a.m. EDT",11816,11760,9954,-1862
ISNE,"3/30/2021 11 a.m. EDT",10952,10810,9320,-1632
ISNE,"3/30/2021 12 p.m. EDT",10611,10300,9030,-1581
ISNE,"3/30/2021 1 p.m. EDT",10533,10000,8796,-1737
ISNE,"3/30/2021 2 p.m. EDT",10537,9820,8797,-1740
ISNE,"3/30/2021 3 p.m. EDT",10378,9730,8713,-1665
ISNE,"3/30/2021 4 p.m. EDT",10570,10080,8878,-1692
ISNE,"3/30/2021 5 p.m. EDT",10944,11040,9101,-1843
ISNE,"3/30/2021 6 p.m. EDT",12086,12420,10186,-1900
ISNE,"3/30/2021 7 p.m. EDT",13100,13260,11255,-1845
ISNE,"3/30/2021 8 p.m. EDT",13680,13800,11766,-1914
ISNE,"3/30/2021 9 p.m. EDT",13433,13370,11475,-1958
ISNE,"3/30/2021 10 p.m. EDT",12634,12520,10556,-2078
ISNE,"3/30/2021 11 p.m. EDT",11627,11500,9390,-2237
ISNE,"3/31/2021 12 a.m. EDT",10819,10590,8776,-2043
ISNE,"3/31/2021 1 a.m. EDT",10391,10080,8644,-1747
ISNE,"3/31/2021 2 a.m. EDT",10063,9750,8301,-1762
ISNE,"3/31/2021 3 a.m. EDT",10129,9580,8422,-1707
ISNE,"3/31/2021 4 a.m. EDT",10110,9570,8378,-1732
ISNE,"3/31/2021 5 a.m. EDT",10125,9840,8385,-1740
ISNE,"3/31/2021 6 a.m. EDT",10812,10610,8847,-1965
ISNE,"3/31/2021 7 a.m. EDT",11865,11880,9633,-2232
ISNE,"3/31/2021 8 a.m. EDT",12634,12640,10774,-1860
ISNE,"3/31/2021 9 a.m. EDT",12740,12740,11004,-1736
ISNE,"3/31/2021 10 a.m. EDT",12556,12480,10907,-1649
ISNE,"3/31/2021 11 a.m. EDT",12264,12220,10735,-1529
ISNE,"3/31/2021 12 p.m. EDT",12129,12080,10656,-1473
ISNE,"3/31/2021 1 p.m. EDT",12126,12030,10628,-1498
ISNE,"3/31/2021 2 p.m. EDT",12204,11990,10668,-1536
ISNE,"3/31/2021 3 p.m. EDT",12231,12000,10772,-1459
ISNE,"3/31/2021 4 p.m. EDT",12227,12190,10647,-1580
ISNE,"3/31/2021 5 p.m. EDT",12683,12520,11036,-1647
ISNE,"3/31/2021 6 p.m. EDT",13301,13070,11511,-1790
ISNE,"3/31/2021 7 p.m. EDT",13615,13450,11552,-2063
ISNE,"3/31/2021 8 p.m. EDT",13707,13700,11642,-2065
ISNE,"3/31/2021 9 p.m. EDT",13180,13220,11251,-1929
ISNE,"3/31/2021 10 p.m. EDT",12326,12350,10204,-2122
ISNE,"3/31/2021 11 p.m. EDT",11319,11290,9237,-2082
ISNE,"4/1/2021 12 a.m. EDT",10544,10380,8661,-1883
