"BA Code","Timestamp (Hour Ending)","Demand (MWh)","Demand Forecast (MWh)","Net Generation (MWh)","Total Interchange (MWh)"
ISNE,"2/1/2016 12 a.m. EST",11679,11650,9478,-2201
ISNE,"2/1/2016 1 a.m. EST",11317,10770,9062,-2255
ISNE,"2/1/2016 2 a.m. EST",11402,10390,9260,-2142
ISNE,"2/1/2016 3 a.m. EST",11269,10240,9300,-1969
ISNE,"2/1/2016 4 a.m. EST",11317,10330,9267,-2050
ISNE,"2/1/2016 5 a.m. EST",11445,10760,9498,-1947
ISNE,"2/1/2016 6 a.m. EST",12276,12050,10155,-2121
ISNE,"2/1/2016 7 a.m. EST",13732,14090,11054,-2678
ISNE,"2/1/2016 8 a.m. EST",14710,14870,11454,-3256
ISNE,"2/1/2016 9 a.m. EST",14672,14930,11661,-3011
ISNE,"2/1/2016 10 a.m. EST",14446,14690,11753,-2693
ISNE,"2/1/2016 11 a.m. EST",14280,14580,11662,-2618
ISNE,"2/1/2016 12 p.m. EST",14254,14510,11691,-2563
ISNE,"2/1/2016 1 p.m. EST",14238,14360,11673,-2565
ISNE,"2/1/2016 2 p.m. EST",14180,14360,11620,-2560
ISNE,"2/1/2016 3 p.m. EST",14164,14370,11736,-2428
ISNE,"2/1/2016 4 p.m. EST",14327,14600,11823,-2504
ISNE,"2/1/2016 5 p.m. EST",14980,15300,11982,-2998
ISNE,"2/1/2016 6 p.m. EST",16201,16620,13215,-2986
ISNE,"2/1/2016 7 p.m. EST",16314,16650,13503,-2811
ISNE,"2/1/2016 8 p.m. EST",15890,16200,13276,-2614
ISNE,"2/1/2016 9 p.m. EST",15238,15560,12714,-2524
ISNE,"2/1/2016 10 p.m. EST",14209,14510,11305,-2904
ISNE,"2/1/2016 11 p.m. EST",12915,13200,9949,-2966
ISNE,"2/2/2016 12 a.m. EST",11898,12080,9450,-2448
ISNE,"2/2/2016 1 a.m. EST",11356,11280,9588,-1768
ISNE,"2/2/2016 2 a.m. EST",11177,10940,9417,-1760
ISNE,"2/2/2016 3 a.m. EST",11118,10800,9336,-1782
ISNE,"2/2/2016 4 a.m. EST",10963,10870,9417,-1546
ISNE,"2/2/2016 5 a.m. EST",11268,11270,9570,-1698
ISNE,"2/2/2016 6 a.m. EST",12232,12230,10337,-1895
ISNE,"2/2/2016 7 a.m. EST",14252,14170,12158,-2094
ISNE,"2/2/2016 8 a.m. EST",15226,15040,12855,-2371
ISNE,"2/2/2016 9 a.m. EST",15041,15070,12850,-2191
ISNE,"2/2/2016 10 a.m. EST",14650,14750,12533,-2117
ISNE,"2/2/2016 11 a.m. EST",14363,14480,12096,-2267
ISNE,"2/2/2016 12 p.m. EST",14115,14220,11802,-2313
ISNE,"2/2/2016 1 p.m. EST",13867,14110,11432,-2435
ISNE,"2/2/2016 2 p.m. EST",13825,14010,11400,-2425
ISNE,"2/2/2016 3 p.m. EST",13794,14070,11367,-2427
ISNE,"2/2/2016 4 p.m. EST",14018,14230,11573,-2445
ISNE,"2/2/2016 5 p.m. EST",14735,15000,12155,-2580
ISNE,"2/2/2016 6 p.m. EST",16111,16300,13025,-3086
ISNE,"2/2/2016 7 p.m. EST",16505,16700,13583,-2922
ISNE,"2/2/2016 8 p.m. EST",16183,16140,13564,-2619
ISNE,"2/2/2016 9 p.m. EST",15634,15700,12957,-2677
ISNE,"2/2/2016 10 p.m. EST",14616,14650,11886,-2730
ISNE,"2/2/2016 11 p.m. EST",13315,13370,10939,-2376
ISNE,"2/3/2016 12 a.m. EST",12198,12260,9896,-2302
ISNE,"2/3/2016 1 a.m. EST",11720,11400,9425,-2295
ISNE,"2/3/2016 2 a.m. EST",11557,11020,9287,-2270
ISNE,"2/3/2016 3 a.m. EST",11409,10800,9401,-2008
ISNE,"2/3/2016 4 a.m. EST",11430,10810,9475,-1955
ISNE,"2/3/2016 5 a.m. EST",11802,11160,10010,-1792
ISNE,"2/3/2016 6 a.m. EST",12595,12360,11039,-1556
ISNE,"2/3/2016 7 a.m. EST",14241,14300,12245,-1996
ISNE,"2/3/2016 8 a.m. EST",15308,15310,12975,-2333
ISNE,"2/3/2016 9 a.m. EST",15522,15440,13270,-2252
ISNE,"2/3/2016 10 a.m. EST",15668,15430,13523,-2145
ISNE,"2/3/2016 11 a.m. EST",15818,15470,13525,-2293
ISNE,"2/3/2016 12 p.m. EST",15801,15530,13782,-2019
ISNE,"2/3/2016 1 p.m. EST",15699,15300,13488,-2211
ISNE,"2/3/2016 2 p.m. EST",15666,15240,13106,-2560
ISNE,"2/3/2016 3 p.m. EST",15516,15110,13035,-2481
ISNE,"2/3/2016 4 p.m. EST",15537,15170,13313,-2224
ISNE,"2/3/2016 5 p.m. EST",15962,15720,13743,-2219
ISNE,"2/3/2016 6 p.m. EST",16704,16570,13920,-2784
ISNE,"2/3/2016 7 p.m. EST",16594,16520,13577,-3017
ISNE,"2/3/2016 8 p.m. EST",16032,16020,13198,-2834
ISNE,"2/3/2016 9 p.m. EST",15260,15240,12658,-2602
ISNE,"2/3/2016 10 p.m. EST",14137,14120,11774,-2363
ISNE,"2/3/2016 11 p.m. EST",12761,12710,10650,-2111
ISNE,"2/4/2016 12 a.m. EST",11827,11540,9618,-2209
ISNE,"2/4/2016 1 a.m. EST",11468,10830,9484,-1984
ISNE,"2/4/2016 2 a.m. EST",11389,10410,9628,-1761
ISNE,"2/4/2016 3 a.m. EST",11127,10210,9304,-1823
ISNE,"2/4/2016 4 a.m. EST",11079,10200,9253,-1826
ISNE,"2/4/2016 5 a.m. EST",11375,10510,9460,-1915
ISNE,"2/4/2016 6 a.m. EST",12323,11390,10358,-1965
ISNE,"2/4/2016 7 a.m. EST",13257,13260,10889,-2368
ISNE,"2/4/2016 8 a.m. EST",14299,14360,11817,-2482
ISNE,"2/4/2016 9 a.m. EST",14533,14530,12197,-2336
ISNE,"2/4/2016 10 a.m. EST",14612,14470,12407,-2205
ISNE,"2/4/2016 11 a.m. EST",14624,14470,12340,-2284
ISNE,"2/4/2016 12 p.m. EST",14473,14390,12182,-2291
ISNE,"2/4/2016 1 p.m. EST",14240,14120,11707,-2533
ISNE,"2/4/2016 2 p.m. EST",14223,14090,11872,-2351
ISNE,"2/4/2016 3 p.m. EST",14225,14050,11851,-2374
ISNE,"2/4/2016 4 p.m. EST",14337,14170,11969,-2368
ISNE,"2/4/2016 5 p.m. EST",14849,14770,12537,-2312
ISNE,"2/4/2016 6 p.m. EST",15922,15940,13414,-2508
ISNE,"2/4/2016 7 p.m. EST",16065,15940,13355,-2710
ISNE,"2/4/2016 8 p.m. EST",15704,15740,12922,-2782
ISNE,"2/4/2016 9 p.m. EST",15124,15230,12685,-2439
ISNE,"2/4/2016 10 p.m. EST",14165,14240,11894,-2271
ISNE,"2/4/2016 11 p.m. EST",12924,13020,10801,-2123
ISNE,"2/5/2016 12 a.m. EST",12257,11980,10199,-2058
ISNE,"2/5/2016 1 a.m. EST",11885,11160,9582,-2303
ISNE,"2/5/2016 2 a.m. EST",11773,10770,9363,-2410
ISNE,"2/5/2016 3 a.m. EST",11637,10600,9318,-2319
ISNE,"2/5/2016 4 a.m. EST",11655,10650,9597,-2058
ISNE,"2/5/2016 5 a.m. EST",12000,11030,9997,-2003
ISNE,"2/5/2016 6 a.m. EST",12707,12100,10644,-2063
ISNE,"2/5/2016 7 a.m. EST",13657,14030,11230,-2427
ISNE,"2/5/2016 8 a.m. EST",14868,15120,12540,-2328
ISNE,"2/5/2016 9 a.m. EST",15595,15430,13525,-2070
ISNE,"2/5/2016 10 a.m. EST",16194,15550,14021,-2173
ISNE,"2/5/2016 11 a.m. EST",16617,15520,14202,-2415
ISNE,"2/5/2016 12 p.m. EST",16770,15400,13950,-2820
ISNE,"2/5/2016 1 p.m. EST",16639,15280,13694,-2945
ISNE,"2/5/2016 2 p.m. EST",16421,15190,13631,-2790
ISNE,"2/5/2016 3 p.m. EST",15991,15120,13124,-2867
ISNE,"2/5/2016 4 p.m. EST",15674,15080,12684,-2990
ISNE,"2/5/2016 5 p.m. EST",15887,15610,13128,-2759
ISNE,"2/5/2016 6 p.m. EST",16825,16400,13975,-2850
ISNE,"2/5/2016 7 p.m. EST",17098,16560,14199,-2899
ISNE,"2/5/2016 8 p.m. EST",16616,16150,14070,-2546
ISNE,"2/5/2016 9 p.m. EST",16042,15720,13501,-2541
ISNE,"2/5/2016 10 p.m. EST",15235,14990,12882,-2353
ISNE,"2/5/2016 11 p.m. EST",14190,14030,11845,-2345
ISNE,"2/6/2016 12 a.m. EST",13180,13010,10779,-2401
ISNE,"2/6/2016 1 a.m. EST",12899,12370,9975,-2924
ISNE,"2/6/2016 2 a.m. EST",12594,12050,9676,-2918
ISNE,"2/6/2016 3 a.m. EST",12409,11710,9342,-3067
ISNE,"2/6/2016 4 a.m. EST",12374,11730,9382,-2992
ISNE,"2/6/2016 5 a.m. EST",12644,11900,9540,-3104
ISNE,"2/6/2016 6 a.m. EST",12634,12460,9735,-2899
ISNE,"2/6/2016 7 a.m. EST",13445,13170,10469,-2976
ISNE,"2/6/2016 8 a.m. EST",14165,13750,11054,-3111
ISNE,"2/6/2016 9 a.m. EST",14661,14270,11657,-3004
ISNE,"2/6/2016 10 a.m. EST",15016,14550,12008,-3008
ISNE,"2/6/2016 11 a.m. EST",15022,14520,12066,-2956
ISNE,"2/6/2016 12 p.m. EST",14776,14210,11791,-2985
ISNE,"2/6/2016 1 p.m. EST",14423,13950,11372,-3051
ISNE,"2/6/2016 2 p.m. EST",14114,13770,10952,-3162
ISNE,"2/6/2016 3 p.m. EST",13905,13600,10902,-3003
ISNE,"2/6/2016 4 p.m. EST",14004,13740,11207,-2797
ISNE,"2/6/2016 5 p.m. EST",14508,14450,11774,-2734
ISNE,"2/6/2016 6 p.m. EST",15732,15620,12863,-2869
ISNE,"2/6/2016 7 p.m. EST",16073,16140,13372,-2701
ISNE,"2/6/2016 8 p.m. EST",15669,15700,12946,-2723
ISNE,"2/6/2016 9 p.m. EST",15204,15170,12462,-2742
ISNE,"2/6/2016 10 p.m. EST",14552,14360,11810,-2742
ISNE,"2/6/2016 11 p.m. EST",13719,13460,10965,-2754
ISNE,"2/7/2016 12 a.m. EST",12811,12570,9810,-3001
ISNE,"2/7/2016 1 a.m. EST",12511,11940,9025,-3486
ISNE,"2/7/2016 2 a.m. EST",12176,11470,8853,-3323
ISNE,"2/7/2016 3 a.m. EST",12185,11230,8820,-3365
ISNE,"2/7/2016 4 a.m. EST",12099,11140,8715,-3384
ISNE,"2/7/2016 5 a.m. EST",12305,11190,8957,-3348
ISNE,"2/7/2016 6 a.m. EST",12773,11710,9505,-3268
ISNE,"2/7/2016 7 a.m. EST",13273,12210,10043,-3230
ISNE,"2/7/2016 8 a.m. EST",13264,12560,10138,-3126
ISNE,"2/7/2016 9 a.m. EST",13755,13090,10815,-2940
ISNE,"2/7/2016 10 a.m. EST",13872,13410,10610,-3262
ISNE,"2/7/2016 11 a.m. EST",13842,13420,10436,-3406
ISNE,"2/7/2016 12 p.m. EST",13752,13430,10430,-3322
ISNE,"2/7/2016 1 p.m. EST",13629,13390,10262,-3367
ISNE,"2/7/2016 2 p.m. EST",13473,13240,10162,-3311
ISNE,"2/7/2016 3 p.m. EST",13418,13260,10295,-3123
ISNE,"2/7/2016 4 p.m. EST",13699,13590,10576,-3123
ISNE,"2/7/2016 5 p.m. EST",14445,14500,11532,-2913
ISNE,"2/7/2016 6 p.m. EST",15844,15740,12805,-3039
ISNE,"2/7/2016 7 p.m. EST",15995,16200,12934,-3061
ISNE,"2/7/2016 8 p.m. EST",15265,15750,12258,-3007
ISNE,"2/7/2016 9 p.m. EST",14755,15120,11750,-3005
ISNE,"2/7/2016 10 p.m. EST",14109,14170,11038,-3071
ISNE,"2/7/2016 11 p.m. EST",13278,13090,10261,-3017
ISNE,"2/8/2016 12 a.m. EST",12433,12140,9470,-2963
ISNE,"2/8/2016 1 a.m. EST",12321,11570,9089,-3232
ISNE,"2/8/2016 2 a.m. EST",12222,11200,9149,-3073
ISNE,"2/8/2016 3 a.m. EST",12095,11050,8946,-3149
ISNE,"2/8/2016 4 a.m. EST",12177,11170,9307,-2870
ISNE,"2/8/2016 5 a.m. EST",12633,11530,9142,-3491
ISNE,"2/8/2016 6 a.m. EST",13341,12700,9902,-3439
ISNE,"2/8/2016 7 a.m. EST",14357,14510,11127,-3230
ISNE,"2/8/2016 8 a.m. EST",15490,15720,12103,-3387
ISNE,"2/8/2016 9 a.m. EST",16158,16130,12855,-3303
ISNE,"2/8/2016 10 a.m. EST",16723,16420,13282,-3441
ISNE,"2/8/2016 11 a.m. EST",17171,16620,13715,-3456
ISNE,"2/8/2016 12 p.m. EST",17458,16740,13920,-3538
ISNE,"2/8/2016 1 p.m. EST",17531,16740,13927,-3604
ISNE,"2/8/2016 2 p.m. EST",17460,16730,13765,-3695
ISNE,"2/8/2016 3 p.m. EST",17218,16660,13623,-3595
ISNE,"2/8/2016 4 p.m. EST",17079,16770,13384,-3695
ISNE,"2/8/2016 5 p.m. EST",17418,17170,13664,-3754
ISNE,"2/8/2016 6 p.m. EST",18536,18100,14698,-3838
ISNE,"2/8/2016 7 p.m. EST",18651,18300,14819,-3832
ISNE,"2/8/2016 8 p.m. EST",18066,17880,14302,-3764
ISNE,"2/8/2016 9 p.m. EST",17250,17180,13374,-3876
ISNE,"2/8/2016 10 p.m. EST",16144,16050,12293,-3851
ISNE,"2/8/2016 11 p.m. EST",15047,14630,11183,-3864
ISNE,"2/9/2016 12 a.m. EST",13911,13440,10363,-3548
ISNE,"2/9/2016 1 a.m. EST",13377,12830,9680,-3697
ISNE,"2/9/2016 2 a.m. EST",13284,12410,9576,-3708
ISNE,"2/9/2016 3 a.m. EST",13188,12230,9655,-3533
ISNE,"2/9/2016 4 a.m. EST",13224,12250,9704,-3520
ISNE,"2/9/2016 5 a.m. EST",13535,12620,10015,-3520
ISNE,"2/9/2016 6 a.m. EST",14094,13780,10637,-3457
ISNE,"2/9/2016 7 a.m. EST",15554,15540,12299,-3255
ISNE,"2/9/2016 8 a.m. EST",16526,16530,13108,-3418
ISNE,"2/9/2016 9 a.m. EST",16867,16700,13534,-3333
ISNE,"2/9/2016 10 a.m. EST",16900,16710,13679,-3221
ISNE,"2/9/2016 11 a.m. EST",16806,16700,13582,-3224
ISNE,"2/9/2016 12 p.m. EST",16679,16560,13352,-3327
ISNE,"2/9/2016 1 p.m. EST",16465,16360,13106,-3359
ISNE,"2/9/2016 2 p.m. EST",16334,16230,12906,-3428
ISNE,"2/9/2016 3 p.m. EST",16109,16000,12758,-3351
ISNE,"2/9/2016 4 p.m. EST",16053,16020,12766,-3287
ISNE,"2/9/2016 5 p.m. EST",16486,16640,13366,-3120
ISNE,"2/9/2016 6 p.m. EST",17674,17830,14244,-3430
ISNE,"2/9/2016 7 p.m. EST",18036,18150,14631,-3405
ISNE,"2/9/2016 8 p.m. EST",17676,17650,14356,-3320
ISNE,"2/9/2016 9 p.m. EST",17060,16960,13710,-3350
ISNE,"2/9/2016 10 p.m. EST",16016,16000,12548,-3468
ISNE,"2/9/2016 11 p.m. EST",14691,14640,11213,-3478
ISNE,"2/10/2016 12 a.m. EST",13855,13480,10444,-3411
ISNE,"2/10/2016 1 a.m. EST",13755,12710,9955,-3800
ISNE,"2/10/2016 2 a.m. EST",13208,12340,9501,-3707
ISNE,"2/10/2016 3 a.m. EST",13032,12160,9238,-3794
ISNE,"2/10/2016 4 a.m. EST",13067,12160,9319,-3748
ISNE,"2/10/2016 5 a.m. EST",13399,12620,9606,-3793
ISNE,"2/10/2016 6 a.m. EST",14192,13680,10414,-3778
ISNE,"2/10/2016 7 a.m. EST",15500,15540,11870,-3630
ISNE,"2/10/2016 8 a.m. EST",16467,16460,12679,-3788
ISNE,"2/10/2016 9 a.m. EST",16589,16600,12960,-3629
ISNE,"2/10/2016 10 a.m. EST",16556,16530,13008,-3548
ISNE,"2/10/2016 11 a.m. EST",16434,16390,12867,-3567
ISNE,"2/10/2016 12 p.m. EST",16161,16230,12543,-3618
ISNE,"2/10/2016 1 p.m. EST",15932,15990,12317,-3615
ISNE,"2/10/2016 2 p.m. EST",16163,15870,12681,-3482
ISNE,"2/10/2016 3 p.m. EST",16176,15690,12623,-3553
ISNE,"2/10/2016 4 p.m. EST",16195,15770,12471,-3724
ISNE,"2/10/2016 5 p.m. EST",16292,16360,12561,-3731
ISNE,"2/10/2016 6 p.m. EST",17353,17610,13500,-3853
ISNE,"2/10/2016 7 p.m. EST",17705,18000,13995,-3710
ISNE,"2/10/2016 8 p.m. EST",17331,17470,13613,-3718
ISNE,"2/10/2016 9 p.m. EST",16773,16750,13096,-3677
ISNE,"2/10/2016 10 p.m. EST",15773,15690,11939,-3834
ISNE,"2/10/2016 11 p.m. EST",14704,14370,10777,-3927
ISNE,"2/11/2016 12 a.m. EST",14024,13210,10093,-3931
ISNE,"2/11/2016 1 a.m. EST",13639,12450,9693,-3946
ISNE,"2/11/2016 2 a.m. EST",13249,12120,9545,-3704
ISNE,"2/11/2016 3 a.m. EST",13071,11970,9242,-3829
ISNE,"2/11/2016 4 a.m. EST",13118,12050,9324,-3794
ISNE,"2/11/2016 5 a.m. EST",13511,12490,9714,-3797
ISNE,"2/11/2016 6 a.m. EST",14241,13600,10689,-3552
ISNE,"2/11/2016 7 a.m. EST",15518,15490,12456,-3062
ISNE,"2/11/2016 8 a.m. EST",16483,16410,13288,-3195
ISNE,"2/11/2016 9 a.m. EST",16645,16630,13226,-3419
ISNE,"2/11/2016 10 a.m. EST",16648,16660,13005,-3643
ISNE,"2/11/2016 11 a.m. EST",16586,16650,12792,-3794
ISNE,"2/11/2016 12 p.m. EST",16536,16480,13109,-3427
ISNE,"2/11/2016 1 p.m. EST",16445,16330,12983,-3462
ISNE,"2/11/2016 2 p.m. EST",16430,16300,13211,-3219
ISNE,"2/11/2016 3 p.m. EST",16369,16200,13257,-3112
ISNE,"2/11/2016 4 p.m. EST",16502,16310,13766,-2736
ISNE,"2/11/2016 5 p.m. EST",17119,16750,14357,-2762
ISNE,"2/11/2016 6 p.m. EST",18368,17980,15347,-3021
ISNE,"2/11/2016 7 p.m. EST",19013,18500,16160,-2853
ISNE,"2/11/2016 8 p.m. EST",18806,18250,16098,-2708
ISNE,"2/11/2016 9 p.m. EST",18401,17770,15669,-2732
ISNE,"2/11/2016 10 p.m. EST",17455,16800,14447,-3008
ISNE,"2/11/2016 11 p.m. EST",16143,15490,12886,-3257
ISNE,"2/12/2016 12 a.m. EST",15029,14380,11928,-3101
ISNE,"2/12/2016 1 a.m. EST",14938,13840,11516,-3422
ISNE,"2/12/2016 2 a.m. EST",14749,13470,11725,-3024
ISNE,"2/12/2016 3 a.m. EST",14615,13330,11625,-2990
ISNE,"2/12/2016 4 a.m. EST",14635,13390,11373,-3262
ISNE,"2/12/2016 5 a.m. EST",14781,14300,11556,-3225
ISNE,"2/12/2016 6 a.m. EST",15301,15400,12265,-3036
ISNE,"2/12/2016 7 a.m. EST",17091,17320,14491,-2600
ISNE,"2/12/2016 8 a.m. EST",17992,18220,14897,-3095
ISNE,"2/12/2016 9 a.m. EST",17964,18230,14533,-3431
ISNE,"2/12/2016 10 a.m. EST",17698,18020,14232,-3466
ISNE,"2/12/2016 11 a.m. EST",17477,17850,14087,-3390
ISNE,"2/12/2016 12 p.m. EST",17164,17610,13971,-3193
ISNE,"2/12/2016 1 p.m. EST",16836,17300,13585,-3251
ISNE,"2/12/2016 2 p.m. EST",16742,17110,13383,-3359
ISNE,"2/12/2016 3 p.m. EST",16710,16920,13725,-2985
ISNE,"2/12/2016 4 p.m. EST",16858,16760,13777,-3081
ISNE,"2/12/2016 5 p.m. EST",17293,17140,14333,-2960
ISNE,"2/12/2016 6 p.m. EST",18251,18140,15131,-3120
ISNE,"2/12/2016 7 p.m. EST",18447,18500,15577,-2870
ISNE,"2/12/2016 8 p.m. EST",18007,17850,15356,-2651
ISNE,"2/12/2016 9 p.m. EST",17449,17340,14736,-2713
ISNE,"2/12/2016 10 p.m. EST",16623,16500,14209,-2414
ISNE,"2/12/2016 11 p.m. EST",15538,15360,12963,-2575
ISNE,"2/13/2016 12 a.m. EST",14996,14290,12050,-2946
ISNE,"2/13/2016 1 a.m. EST",14598,13840,11867,-2731
ISNE,"2/13/2016 2 a.m. EST",14359,13420,11818,-2541
ISNE,"2/13/2016 3 a.m. EST",14185,13130,11555,-2630
ISNE,"2/13/2016 4 a.m. EST",14110,13100,11323,-2787
ISNE,"2/13/2016 5 a.m. EST",14202,13200,11189,-3013
ISNE,"2/13/2016 6 a.m. EST",14505,13590,11206,-3299
ISNE,"2/13/2016 7 a.m. EST",14771,14270,11736,-3035
ISNE,"2/13/2016 8 a.m. EST",15205,15140,12085,-3120
ISNE,"2/13/2016 9 a.m. EST",15807,15900,12552,-3255
ISNE,"2/13/2016 10 a.m. EST",16233,16640,12917,-3316
ISNE,"2/13/2016 11 a.m. EST",16245,16960,12989,-3256
ISNE,"2/13/2016 12 p.m. EST",16138,16960,13027,-3111
ISNE,"2/13/2016 1 p.m. EST",15958,16880,12887,-3071
ISNE,"2/13/2016 2 p.m. EST",15786,16690,12695,-3091
ISNE,"2/13/2016 3 p.m. EST",15775,16640,12805,-2970
ISNE,"2/13/2016 4 p.m. EST",16080,16760,13158,-2922
ISNE,"2/13/2016 5 p.m. EST",16797,17520,14394,-2403
ISNE,"2/13/2016 6 p.m. EST",18173,18780,15990,-2183
ISNE,"2/13/2016 7 p.m. EST",18845,19240,16710,-2135
ISNE,"2/13/2016 8 p.m. EST",18695,18990,16696,-1999
ISNE,"2/13/2016 9 p.m. EST",18422,18490,16263,-2159
ISNE,"2/13/2016 10 p.m. EST",17837,17890,15500,-2337
ISNE,"2/13/2016 11 p.m. EST",17089,17100,14683,-2406
ISNE,"2/14/2016 12 a.m. EST",16244,16170,13672,-2572
ISNE,"2/14/2016 1 a.m. EST",15615,15180,12833,-2782
ISNE,"2/14/2016 2 a.m. EST",15381,14750,12485,-2896
ISNE,"2/14/2016 3 a.m. EST",15379,14540,12382,-2997
ISNE,"2/14/2016 4 a.m. EST",15176,14480,12326,-2850
ISNE,"2/14/2016 5 a.m. EST",15248,14570,12509,-2739
ISNE,"2/14/2016 6 a.m. EST",15601,15360,12601,-3000
ISNE,"2/14/2016 7 a.m. EST",16152,15720,13071,-3081
ISNE,"2/14/2016 8 a.m. EST",16745,16430,13611,-3134
ISNE,"2/14/2016 9 a.m. EST",17500,17330,14106,-3394
ISNE,"2/14/2016 10 a.m. EST",17915,17710,14604,-3311
ISNE,"2/14/2016 11 a.m. EST",17990,17820,14795,-3195
ISNE,"2/14/2016 12 p.m. EST",17936,17870,14605,-3331
ISNE,"2/14/2016 1 p.m. EST",17723,17810,14314,-3409
ISNE,"2/14/2016 2 p.m. EST",17382,17440,14034,-3348
ISNE,"2/14/2016 3 p.m. EST",17443,17040,13924,-3519
ISNE,"2/14/2016 4 p.m. EST",17548,16970,14172,-3376
ISNE,"2/14/2016 5 p.m. EST",17859,17680,14675,-3184
ISNE,"2/14/2016 6 p.m. EST",19014,18980,15729,-3285
ISNE,"2/14/2016 7 p.m. EST",19562,19690,16509,-3053
ISNE,"2/14/2016 8 p.m. EST",19181,19110,16152,-3029
ISNE,"2/14/2016 9 p.m. EST",18650,18600,15748,-2902
ISNE,"2/14/2016 10 p.m. EST",17802,17770,14834,-2968
ISNE,"2/14/2016 11 p.m. EST",16847,16810,13712,-3135
ISNE,"2/15/2016 12 a.m. EST",15942,15710,12746,-3196
ISNE,"2/15/2016 1 a.m. EST",15523,15400,12286,-3237
ISNE,"2/15/2016 2 a.m. EST",15372,15080,12485,-2887
ISNE,"2/15/2016 3 a.m. EST",15321,14980,12428,-2893
ISNE,"2/15/2016 4 a.m. EST",15351,14930,12259,-3092
ISNE,"2/15/2016 5 a.m. EST",15709,15110,12346,-3363
ISNE,"2/15/2016 6 a.m. EST",15876,15760,12253,-3623
ISNE,"2/15/2016 7 a.m. EST",17001,16900,13529,-3472
ISNE,"2/15/2016 8 a.m. EST",17826,17610,14704,-3122
ISNE,"2/15/2016 9 a.m. EST",18253,17910,15150,-3103
ISNE,"2/15/2016 10 a.m. EST",18471,18080,15388,-3083
ISNE,"2/15/2016 11 a.m. EST",18614,18050,15275,-3339
ISNE,"2/15/2016 12 p.m. EST",18564,17910,15393,-3171
ISNE,"2/15/2016 1 p.m. EST",18479,17690,15351,-3128
ISNE,"2/15/2016 2 p.m. EST",18345,17490,14873,-3472
ISNE,"2/15/2016 3 p.m. EST",18253,17380,14924,-3329
ISNE,"2/15/2016 4 p.m. EST",18310,17380,15047,-3263
ISNE,"2/15/2016 5 p.m. EST",18711,17750,15419,-3292
ISNE,"2/15/2016 6 p.m. EST",19530,18690,16198,-3332
ISNE,"2/15/2016 7 p.m. EST",19574,18950,16226,-3348
ISNE,"2/15/2016 8 p.m. EST",18985,18330,15682,-3303
ISNE,"2/15/2016 9 p.m. EST",18196,17680,15146,-3050
ISNE,"2/15/2016 10 p.m. EST",17056,16530,14200,-2856
ISNE,"2/15/2016 11 p.m. EST",15680,15250,12604,-3076
ISNE,"2/16/2016 12 a.m. EST",14452,14150,11321,-3131
ISNE,"2/16/2016 1 a.m. EST",13819,13150,10808,-3011
ISNE,"2/16/2016 2 a.m. EST",13505,12590,10479,-3026
ISNE,"2/16/2016 3 a.m. EST",13602,12320,10508,-3094
ISNE,"2/16/2016 4 a.m. EST",13489,12130,10388,-3101
ISNE,"2/16/2016 5 a.m. EST",13467,12730,10411,-3056
ISNE,"2/16/2016 6 a.m. EST",13898,13580,11046,-2852
ISNE,"2/16/2016 7 a.m. EST",15167,15010,12397,-2770
ISNE,"2/16/2016 8 a.m. EST",15747,16090,12997,-2750
ISNE,"2/16/2016 9 a.m. EST",16159,16280,13659,-2500
ISNE,"2/16/2016 10 a.m. EST",16380,16320,14166,-2214
ISNE,"2/16/2016 11 a.m. EST",16428,16340,14167,-2261
ISNE,"2/16/2016 12 p.m. EST",16366,16270,14103,-2263
ISNE,"2/16/2016 1 p.m. EST",16342,16110,14095,-2247
ISNE,"2/16/2016 2 p.m. EST",16328,16080,14007,-2321
ISNE,"2/16/2016 3 p.m. EST",16189,15910,13803,-2386
ISNE,"2/16/2016 4 p.m. EST",16152,15890,13558,-2594
ISNE,"2/16/2016 5 p.m. EST",16478,16060,13929,-2549
ISNE,"2/16/2016 6 p.m. EST",17151,16880,14304,-2847
ISNE,"2/16/2016 7 p.m. EST",17125,17000,14355,-2770
ISNE,"2/16/2016 8 p.m. EST",16530,16580,13953,-2577
ISNE,"2/16/2016 9 p.m. EST",15785,15900,13197,-2588
ISNE,"2/16/2016 10 p.m. EST",14724,14840,12036,-2688
ISNE,"2/16/2016 11 p.m. EST",13471,13550,10588,-2883
ISNE,"2/17/2016 12 a.m. EST",12841,12370,9927,-2914
ISNE,"2/17/2016 1 a.m. EST",12735,11730,9639,-3096
ISNE,"2/17/2016 2 a.m. EST",12455,11420,9699,-2756
ISNE,"2/17/2016 3 a.m. EST",12317,11290,9496,-2821
ISNE,"2/17/2016 4 a.m. EST",12342,11350,9438,-2904
ISNE,"2/17/2016 5 a.m. EST",12752,11690,9736,-3016
ISNE,"2/17/2016 6 a.m. EST",13516,12770,10393,-3123
ISNE,"2/17/2016 7 a.m. EST",14386,14580,11656,-2730
ISNE,"2/17/2016 8 a.m. EST",15292,15530,12161,-3131
ISNE,"2/17/2016 9 a.m. EST",15425,15670,12582,-2843
ISNE,"2/17/2016 10 a.m. EST",15186,15450,12198,-2988
ISNE,"2/17/2016 11 a.m. EST",15041,15220,12067,-2974
ISNE,"2/17/2016 12 p.m. EST",14915,14960,12498,-2417
ISNE,"2/17/2016 1 p.m. EST",14815,14660,12362,-2453
ISNE,"2/17/2016 2 p.m. EST",14962,14550,11903,-3059
ISNE,"2/17/2016 3 p.m. EST",14785,14500,11891,-2894
ISNE,"2/17/2016 4 p.m. EST",14968,14700,12112,-2856
ISNE,"2/17/2016 5 p.m. EST",15522,15280,12457,-3065
ISNE,"2/17/2016 6 p.m. EST",16609,16540,13814,-2795
ISNE,"2/17/2016 7 p.m. EST",17119,17100,14614,-2505
ISNE,"2/17/2016 8 p.m. EST",16780,16780,14403,-2377
ISNE,"2/17/2016 9 p.m. EST",16201,16250,13642,-2559
ISNE,"2/17/2016 10 p.m. EST",15270,15320,12506,-2764
ISNE,"2/17/2016 11 p.m. EST",14282,14090,11378,-2904
ISNE,"2/18/2016 12 a.m. EST",13720,12970,10621,-3099
ISNE,"2/18/2016 1 a.m. EST",13287,12050,9960,-3327
ISNE,"2/18/2016 2 a.m. EST",13000,11700,9858,-3142
ISNE,"2/18/2016 3 a.m. EST",13031,11590,9803,-3228
ISNE,"2/18/2016 4 a.m. EST",13056,11670,9731,-3325
ISNE,"2/18/2016 5 a.m. EST",13430,12180,10022,-3408
ISNE,"2/18/2016 6 a.m. EST",13715,13320,10872,-2843
ISNE,"2/18/2016 7 a.m. EST",14819,15150,11826,-2993
ISNE,"2/18/2016 8 a.m. EST",15742,15790,12092,-3650
ISNE,"2/18/2016 9 a.m. EST",15743,15670,12312,-3431
ISNE,"2/18/2016 10 a.m. EST",15525,15420,12299,-3226
ISNE,"2/18/2016 11 a.m. EST",15345,15110,12026,-3319
ISNE,"2/18/2016 12 p.m. EST",15156,14990,12024,-3132
ISNE,"2/18/2016 1 p.m. EST",14950,14780,11881,-3069
ISNE,"2/18/2016 2 p.m. EST",14862,14710,11740,-3122
ISNE,"2/18/2016 3 p.m. EST",14865,14710,11910,-2955
ISNE,"2/18/2016 4 p.m. EST",15302,14900,12165,-3137
ISNE,"2/18/2016 5 p.m. EST",15770,15600,12576,-3194
ISNE,"2/18/2016 6 p.m. EST",17003,16970,13783,-3220
ISNE,"2/18/2016 7 p.m. EST",17674,17700,14335,-3339
ISNE,"2/18/2016 8 p.m. EST",17399,17410,14240,-3159
ISNE,"2/18/2016 9 p.m. EST",16888,16900,13760,-3128
ISNE,"2/18/2016 10 p.m. EST",16022,15980,12772,-3250
ISNE,"2/18/2016 11 p.m. EST",14866,14750,11292,-3574
ISNE,"2/19/2016 12 a.m. EST",13740,13630,10428,-3312
ISNE,"2/19/2016 1 a.m. EST",13501,12910,9686,-3815
ISNE,"2/19/2016 2 a.m. EST",13268,12570,9400,-3868
ISNE,"2/19/2016 3 a.m. EST",13106,12410,9339,-3767
ISNE,"2/19/2016 4 a.m. EST",13161,12480,9337,-3824
ISNE,"2/19/2016 5 a.m. EST",13528,13010,9667,-3861
ISNE,"2/19/2016 6 a.m. EST",14197,14100,10604,-3593
ISNE,"2/19/2016 7 a.m. EST",15574,15800,12325,-3249
ISNE,"2/19/2016 8 a.m. EST",16397,16520,12726,-3671
ISNE,"2/19/2016 9 a.m. EST",16282,16490,12697,-3585
ISNE,"2/19/2016 10 a.m. EST",15906,16310,12353,-3553
ISNE,"2/19/2016 11 a.m. EST",15604,16120,11978,-3626
ISNE,"2/19/2016 12 p.m. EST",15291,15830,11703,-3588
ISNE,"2/19/2016 1 p.m. EST",15035,15530,11639,-3396
ISNE,"2/19/2016 2 p.m. EST",15067,15360,11693,-3374
ISNE,"2/19/2016 3 p.m. EST",15171,15260,11824,-3347
ISNE,"2/19/2016 4 p.m. EST",15267,15390,11890,-3377
ISNE,"2/19/2016 5 p.m. EST",15659,15920,12419,-3240
ISNE,"2/19/2016 6 p.m. EST",16560,16930,13144,-3416
ISNE,"2/19/2016 7 p.m. EST",16861,17250,13509,-3352
ISNE,"2/19/2016 8 p.m. EST",16397,16730,13210,-3187
ISNE,"2/19/2016 9 p.m. EST",15827,16150,12736,-3091
ISNE,"2/19/2016 10 p.m. EST",15033,15370,11852,-3181
ISNE,"2/19/2016 11 p.m. EST",14024,14330,10867,-3157
ISNE,"2/20/2016 12 a.m. EST",13158,13270,10536,-2622
ISNE,"2/20/2016 1 a.m. EST",12449,12300,9690,-2759
ISNE,"2/20/2016 2 a.m. EST",12199,11830,9693,-2506
ISNE,"2/20/2016 3 a.m. EST",11915,11550,9395,-2520
ISNE,"2/20/2016 4 a.m. EST",12011,11480,9436,-2575
ISNE,"2/20/2016 5 a.m. EST",11853,11330,9425,-2428
ISNE,"2/20/2016 6 a.m. EST",12150,11730,9457,-2693
ISNE,"2/20/2016 7 a.m. EST",12906,12300,10087,-2819
ISNE,"2/20/2016 8 a.m. EST",13125,13070,10509,-2616
ISNE,"2/20/2016 9 a.m. EST",13780,13790,11220,-2560
ISNE,"2/20/2016 10 a.m. EST",14057,14000,11531,-2526
ISNE,"2/20/2016 11 a.m. EST",13723,13860,11106,-2617
ISNE,"2/20/2016 12 p.m. EST",13459,13610,10628,-2831
ISNE,"2/20/2016 1 p.m. EST",13159,13340,10453,-2706
ISNE,"2/20/2016 2 p.m. EST",12982,13090,10643,-2339
ISNE,"2/20/2016 3 p.m. EST",12758,13020,10550,-2208
ISNE,"2/20/2016 4 p.m. EST",12757,13260,10513,-2244
ISNE,"2/20/2016 5 p.m. EST",13182,13790,10766,-2416
ISNE,"2/20/2016 6 p.m. EST",14158,15000,11591,-2567
ISNE,"2/20/2016 7 p.m. EST",14686,15550,12416,-2270
ISNE,"2/20/2016 8 p.m. EST",14314,14820,11982,-2332
ISNE,"2/20/2016 9 p.m. EST",13844,14320,11475,-2369
ISNE,"2/20/2016 10 p.m. EST",13189,13650,10592,-2597
ISNE,"2/20/2016 11 p.m. EST",12361,12860,10187,-2174
ISNE,"2/21/2016 12 a.m. EST",11468,11970,9883,-1585
ISNE,"2/21/2016 1 a.m. EST",11398,11200,9589,-1809
ISNE,"2/21/2016 2 a.m. EST",11627,10760,9333,-2294
ISNE,"2/21/2016 3 a.m. EST",11012,10480,9228,-1784
ISNE,"2/21/2016 4 a.m. EST",11032,10410,9256,-1776
ISNE,"2/21/2016 5 a.m. EST",11098,10150,9318,-1780
ISNE,"2/21/2016 6 a.m. EST",11252,10440,9449,-1803
ISNE,"2/21/2016 7 a.m. EST",11413,10880,9359,-2054
ISNE,"2/21/2016 8 a.m. EST",11784,11350,9793,-1991
ISNE,"2/21/2016 9 a.m. EST",11910,12130,10184,-1726
ISNE,"2/21/2016 10 a.m. EST",12386,12630,10576,-1810
ISNE,"2/21/2016 11 a.m. EST",12606,12640,10817,-1789
ISNE,"2/21/2016 12 p.m. EST",12828,12690,10801,-2027
ISNE,"2/21/2016 1 p.m. EST",12896,12780,10943,-1953
ISNE,"2/21/2016 2 p.m. EST",12856,12850,10606,-2250
ISNE,"2/21/2016 3 p.m. EST",12776,12920,10439,-2337
ISNE,"2/21/2016 4 p.m. EST",12825,13200,10440,-2385
ISNE,"2/21/2016 5 p.m. EST",13407,13910,10927,-2480
ISNE,"2/21/2016 6 p.m. EST",14596,15220,12397,-2199
ISNE,"2/21/2016 7 p.m. EST",15249,15750,13150,-2099
ISNE,"2/21/2016 8 p.m. EST",14916,15360,12744,-2172
ISNE,"2/21/2016 9 p.m. EST",14343,14620,11963,-2380
ISNE,"2/21/2016 10 p.m. EST",13411,13660,11268,-2143
ISNE,"2/21/2016 11 p.m. EST",12366,12630,10236,-2130
ISNE,"2/22/2016 12 a.m. EST",11633,11670,9793,-1840
ISNE,"2/22/2016 1 a.m. EST",11092,10800,9676,-1416
ISNE,"2/22/2016 2 a.m. EST",11128,10560,9605,-1523
ISNE,"2/22/2016 3 a.m. EST",11148,10470,9591,-1557
ISNE,"2/22/2016 4 a.m. EST",11223,10520,9600,-1623
ISNE,"2/22/2016 5 a.m. EST",11656,10870,9810,-1846
ISNE,"2/22/2016 6 a.m. EST",12471,12090,10424,-2047
ISNE,"2/22/2016 7 a.m. EST",13939,14010,11762,-2177
ISNE,"2/22/2016 8 a.m. EST",14797,14930,12541,-2256
ISNE,"2/22/2016 9 a.m. EST",14657,14730,12339,-2318
ISNE,"2/22/2016 10 a.m. EST",14364,14430,12074,-2290
ISNE,"2/22/2016 11 a.m. EST",14231,14180,12344,-1887
ISNE,"2/22/2016 12 p.m. EST",14090,14080,12289,-1801
ISNE,"2/22/2016 1 p.m. EST",13891,13880,11970,-1921
ISNE,"2/22/2016 2 p.m. EST",13807,13890,11687,-2120
ISNE,"2/22/2016 3 p.m. EST",13751,13900,11553,-2198
ISNE,"2/22/2016 4 p.m. EST",13967,14230,11829,-2138
ISNE,"2/22/2016 5 p.m. EST",14621,15050,12284,-2337
ISNE,"2/22/2016 6 p.m. EST",15870,16530,13422,-2448
ISNE,"2/22/2016 7 p.m. EST",16676,17250,14275,-2401
ISNE,"2/22/2016 8 p.m. EST",16373,16850,14049,-2324
ISNE,"2/22/2016 9 p.m. EST",15818,16230,13574,-2244
ISNE,"2/22/2016 10 p.m. EST",14864,15240,12427,-2437
ISNE,"2/22/2016 11 p.m. EST",13618,13960,11073,-2545
ISNE,"2/23/2016 12 a.m. EST",12550,12840,10107,-2443
ISNE,"2/23/2016 1 a.m. EST",12062,11990,9591,-2471
ISNE,"2/23/2016 2 a.m. EST",12071,11660,9475,-2596
ISNE,"2/23/2016 3 a.m. EST",12185,11520,9518,-2667
ISNE,"2/23/2016 4 a.m. EST",12268,11570,9579,-2689
ISNE,"2/23/2016 5 a.m. EST",12616,12070,9823,-2793
ISNE,"2/23/2016 6 a.m. EST",13171,13070,10587,-2584
ISNE,"2/23/2016 7 a.m. EST",14793,14900,12371,-2422
ISNE,"2/23/2016 8 a.m. EST",15717,15790,13235,-2482
ISNE,"2/23/2016 9 a.m. EST",15800,15780,13407,-2393
ISNE,"2/23/2016 10 a.m. EST",15697,15620,13317,-2380
ISNE,"2/23/2016 11 a.m. EST",15655,15480,13020,-2635
ISNE,"2/23/2016 12 p.m. EST",15609,15330,12869,-2740
ISNE,"2/23/2016 1 p.m. EST",15427,15200,12672,-2755
ISNE,"2/23/2016 2 p.m. EST",15497,15260,12774,-2723
ISNE,"2/23/2016 3 p.m. EST",15563,15220,12882,-2681
ISNE,"2/23/2016 4 p.m. EST",15690,15360,12918,-2772
ISNE,"2/23/2016 5 p.m. EST",16167,15880,13481,-2686
ISNE,"2/23/2016 6 p.m. EST",17108,17050,14278,-2830
ISNE,"2/23/2016 7 p.m. EST",17524,17400,14583,-2941
ISNE,"2/23/2016 8 p.m. EST",17066,17010,14218,-2848
ISNE,"2/23/2016 9 p.m. EST",16361,16360,13442,-2919
ISNE,"2/23/2016 10 p.m. EST",15253,15350,12225,-3028
ISNE,"2/23/2016 11 p.m. EST",13916,13990,11232,-2684
ISNE,"2/24/2016 12 a.m. EST",12728,12810,10451,-2277
ISNE,"2/24/2016 1 a.m. EST",11976,12010,9962,-2014
ISNE,"2/24/2016 2 a.m. EST",11944,11620,9574,-2370
ISNE,"2/24/2016 3 a.m. EST",12034,11400,9656,-2378
ISNE,"2/24/2016 4 a.m. EST",12125,11370,9712,-2413
ISNE,"2/24/2016 5 a.m. EST",12437,11680,10060,-2377
ISNE,"2/24/2016 6 a.m. EST",12637,12710,10615,-2022
ISNE,"2/24/2016 7 a.m. EST",14379,14600,12001,-2378
ISNE,"2/24/2016 8 a.m. EST",15428,15600,12995,-2433
ISNE,"2/24/2016 9 a.m. EST",15814,15760,13441,-2373
ISNE,"2/24/2016 10 a.m. EST",15933,15770,13463,-2470
ISNE,"2/24/2016 11 a.m. EST",16048,15820,13817,-2231
ISNE,"2/24/2016 12 p.m. EST",16045,15830,13871,-2174
ISNE,"2/24/2016 1 p.m. EST",15933,15690,13700,-2233
ISNE,"2/24/2016 2 p.m. EST",15953,15710,13439,-2514
ISNE,"2/24/2016 3 p.m. EST",15925,15620,13416,-2509
ISNE,"2/24/2016 4 p.m. EST",15952,15690,13637,-2315
ISNE,"2/24/2016 5 p.m. EST",16247,16100,14107,-2140
ISNE,"2/24/2016 6 p.m. EST",16920,17030,14670,-2250
ISNE,"2/24/2016 7 p.m. EST",16996,17200,14559,-2437
ISNE,"2/24/2016 8 p.m. EST",16459,16640,13913,-2546
ISNE,"2/24/2016 9 p.m. EST",15701,15870,13302,-2399
ISNE,"2/24/2016 10 p.m. EST",14583,14700,12619,-1964
ISNE,"2/24/2016 11 p.m. EST",13180,13300,10966,-2214
ISNE,"2/25/2016 12 a.m. EST",12217,12100,10278,-1939
ISNE,"2/25/2016 1 a.m. EST",12061,11230,10117,-1944
ISNE,"2/25/2016 2 a.m. EST",11870,10660,9773,-2097
ISNE,"2/25/2016 3 a.m. EST",11675,10420,9794,-1881
ISNE,"2/25/2016 4 a.m. EST",11554,10390,9651,-1903
ISNE,"2/25/2016 5 a.m. EST",11770,10590,9986,-1784
ISNE,"2/25/2016 6 a.m. EST",12290,11510,10551,-1739
ISNE,"2/25/2016 7 a.m. EST",13429,13290,11572,-1857
ISNE,"2/25/2016 8 a.m. EST",14051,14320,12035,-2016
ISNE,"2/25/2016 9 a.m. EST",14325,14490,12243,-2082
ISNE,"2/25/2016 10 a.m. EST",14178,14560,12262,-1916
ISNE,"2/25/2016 11 a.m. EST",14308,14580,12236,-2072
ISNE,"2/25/2016 12 p.m. EST",14185,14490,12119,-2066
ISNE,"2/25/2016 1 p.m. EST",14055,14370,12025,-2030
ISNE,"2/25/2016 2 p.m. EST",14040,14340,11820,-2220
ISNE,"2/25/2016 3 p.m. EST",14044,14270,11787,-2257
ISNE,"2/25/2016 4 p.m. EST",14323,14390,12012,-2311
ISNE,"2/25/2016 5 p.m. EST",14837,14810,12615,-2222
ISNE,"2/25/2016 6 p.m. EST",15655,15850,13260,-2395
ISNE,"2/25/2016 7 p.m. EST",15991,16100,13270,-2721
ISNE,"2/25/2016 8 p.m. EST",15697,15760,12984,-2713
ISNE,"2/25/2016 9 p.m. EST",15143,15130,12542,-2601
ISNE,"2/25/2016 10 p.m. EST",14219,14280,11757,-2462
ISNE,"2/25/2016 11 p.m. EST",13049,13050,10765,-2284
ISNE,"2/26/2016 12 a.m. EST",12291,11930,10212,-2079
ISNE,"2/26/2016 1 a.m. EST",12230,11110,9737,-2493
ISNE,"2/26/2016 2 a.m. EST",12272,10760,9925,-2347
ISNE,"2/26/2016 3 a.m. EST",12134,10660,9999,-2135
ISNE,"2/26/2016 4 a.m. EST",12163,10700,9711,-2452
ISNE,"2/26/2016 5 a.m. EST",12309,11080,9886,-2423
ISNE,"2/26/2016 6 a.m. EST",13010,12320,10534,-2476
ISNE,"2/26/2016 7 a.m. EST",14032,14090,11765,-2267
ISNE,"2/26/2016 8 a.m. EST",14960,15060,12448,-2512
ISNE,"2/26/2016 9 a.m. EST",14980,15250,12626,-2354
ISNE,"2/26/2016 10 a.m. EST",14736,15280,12557,-2179
ISNE,"2/26/2016 11 a.m. EST",14586,15190,12377,-2209
ISNE,"2/26/2016 12 p.m. EST",14422,15000,12145,-2277
ISNE,"2/26/2016 1 p.m. EST",14241,14810,11842,-2399
ISNE,"2/26/2016 2 p.m. EST",14169,14760,11660,-2509
ISNE,"2/26/2016 3 p.m. EST",14123,14720,11786,-2337
ISNE,"2/26/2016 4 p.m. EST",14336,14820,12145,-2191
ISNE,"2/26/2016 5 p.m. EST",14949,15360,12674,-2275
ISNE,"2/26/2016 6 p.m. EST",16005,16450,13273,-2732
ISNE,"2/26/2016 7 p.m. EST",16779,16830,14281,-2498
ISNE,"2/26/2016 8 p.m. EST",16505,16490,13912,-2593
ISNE,"2/26/2016 9 p.m. EST",16054,16020,13425,-2629
ISNE,"2/26/2016 10 p.m. EST",15334,15330,12664,-2670
ISNE,"2/26/2016 11 p.m. EST",14350,14370,11689,-2661
ISNE,"2/27/2016 12 a.m. EST",13428,13380,10790,-2638
ISNE,"2/27/2016 1 a.m. EST",12930,12700,10069,-2861
ISNE,"2/27/2016 2 a.m. EST",12769,12290,9618,-3151
ISNE,"2/27/2016 3 a.m. EST",12603,12070,9463,-3140
ISNE,"2/27/2016 4 a.m. EST",12552,12030,9582,-2970
ISNE,"2/27/2016 5 a.m. EST",12906,12200,9992,-2914
ISNE,"2/27/2016 6 a.m. EST",12926,12670,10323,-2603
ISNE,"2/27/2016 7 a.m. EST",13240,13290,10429,-2811
ISNE,"2/27/2016 8 a.m. EST",13815,13750,11098,-2717
ISNE,"2/27/2016 9 a.m. EST",14218,14090,11455,-2763
ISNE,"2/27/2016 10 a.m. EST",14321,14210,11755,-2566
ISNE,"2/27/2016 11 a.m. EST",14190,14100,11632,-2558
ISNE,"2/27/2016 12 p.m. EST",13872,13680,11433,-2439
ISNE,"2/27/2016 1 p.m. EST",13520,13400,11108,-2412
ISNE,"2/27/2016 2 p.m. EST",13187,13120,10669,-2518
ISNE,"2/27/2016 3 p.m. EST",13081,13150,10517,-2564
ISNE,"2/27/2016 4 p.m. EST",13504,13460,10909,-2595
ISNE,"2/27/2016 5 p.m. EST",13824,14190,11156,-2668
ISNE,"2/27/2016 6 p.m. EST",14874,15360,12071,-2803
ISNE,"2/27/2016 7 p.m. EST",15656,15810,12852,-2804
ISNE,"2/27/2016 8 p.m. EST",15369,15430,12490,-2879
ISNE,"2/27/2016 9 p.m. EST",14930,14990,11988,-2942
ISNE,"2/27/2016 10 p.m. EST",14253,14360,11714,-2539
ISNE,"2/27/2016 11 p.m. EST",13375,13580,10898,-2477
ISNE,"2/28/2016 12 a.m. EST",12578,12700,10022,-2556
ISNE,"2/28/2016 1 a.m. EST",12246,11920,9512,-2734
ISNE,"2/28/2016 2 a.m. EST",12018,11500,9561,-2457
ISNE,"2/28/2016 3 a.m. EST",11953,11240,9579,-2374
ISNE,"2/28/2016 4 a.m. EST",11867,11110,9463,-2404
ISNE,"2/28/2016 5 a.m. EST",12068,10790,9487,-2581
ISNE,"2/28/2016 6 a.m. EST",12164,11080,9594,-2570
ISNE,"2/28/2016 7 a.m. EST",12162,11450,9439,-2723
ISNE,"2/28/2016 8 a.m. EST",12480,11900,9594,-2886
ISNE,"2/28/2016 9 a.m. EST",12734,12570,10067,-2667
ISNE,"2/28/2016 10 a.m. EST",12880,12940,10202,-2678
ISNE,"2/28/2016 11 a.m. EST",12779,12940,10174,-2605
ISNE,"2/28/2016 12 p.m. EST",12672,12830,9987,-2685
ISNE,"2/28/2016 1 p.m. EST",12526,12740,9872,-2654
ISNE,"2/28/2016 2 p.m. EST",12266,12570,9661,-2605
ISNE,"2/28/2016 3 p.m. EST",12181,12550,9770,-2411
ISNE,"2/28/2016 4 p.m. EST",12431,12880,9836,-2595
ISNE,"2/28/2016 5 p.m. EST",13041,13690,10549,-2492
ISNE,"2/28/2016 6 p.m. EST",14140,14860,11367,-2773
ISNE,"2/28/2016 7 p.m. EST",15104,15430,12308,-2796
ISNE,"2/28/2016 8 p.m. EST",14823,15080,12008,-2815
ISNE,"2/28/2016 9 p.m. EST",14256,14520,11436,-2820
ISNE,"2/28/2016 10 p.m. EST",13332,13580,10892,-2440
ISNE,"2/28/2016 11 p.m. EST",12266,12600,9995,-2271
ISNE,"2/29/2016 12 a.m. EST",11432,11630,9091,-2341
ISNE,"2/29/2016 1 a.m. EST",11445,10740,9041,-2404
ISNE,"2/29/2016 2 a.m. EST",11146,10390,9026,-2120
ISNE,"2/29/2016 3 a.m. EST",11018,10270,8783,-2235
ISNE,"2/29/2016 4 a.m. EST",11159,10310,8978,-2181
ISNE,"2/29/2016 5 a.m. EST",11668,10610,9385,-2283
ISNE,"2/29/2016 6 a.m. EST",12334,11730,10074,-2260
ISNE,"2/29/2016 7 a.m. EST",13518,13570,11112,-2406
ISNE,"2/29/2016 8 a.m. EST",14258,14530,11418,-2840
ISNE,"2/29/2016 9 a.m. EST",14140,14670,11549,-2591
ISNE,"2/29/2016 10 a.m. EST",13939,14550,11646,-2293
ISNE,"2/29/2016 11 a.m. EST",14048,14370,11811,-2237
ISNE,"2/29/2016 12 p.m. EST",14205,14280,11767,-2438
ISNE,"2/29/2016 1 p.m. EST",14294,14050,11927,-2367
ISNE,"2/29/2016 2 p.m. EST",14313,14020,12005,-2308
ISNE,"2/29/2016 3 p.m. EST",14106,13900,11959,-2147
ISNE,"2/29/2016 4 p.m. EST",14016,14050,11784,-2232
ISNE,"2/29/2016 5 p.m. EST",14301,14520,11823,-2478
ISNE,"2/29/2016 6 p.m. EST",15186,15720,12689,-2497
ISNE,"2/29/2016 7 p.m. EST",16029,16300,13568,-2461
ISNE,"2/29/2016 8 p.m. EST",15706,15950,13343,-2363
ISNE,"2/29/2016 9 p.m. EST",15089,15250,12908,-2181
ISNE,"2/29/2016 10 p.m. EST",14065,14280,11900,-2165
ISNE,"2/29/2016 11 p.m. EST",12772,13000,10663,-2109
ISNE,"3/1/2016 12 a.m. EST",12056,11880,9964,-2092
