"BA Code","Timestamp (Hour Ending)","Demand (MWh)","Demand Forecast (MWh)","Net Generation (MWh)","Total Interchange (MWh)"
ISNE,"9/1/2018 12 a.m. EDT",12334,12980,10431,-1903
ISNE,"9/1/2018 1 a.m. EDT",11492,11470,9173,-2319
ISNE,"9/1/2018 2 a.m. EDT",11314,10890,8760,-2554
ISNE,"9/1/2018 3 a.m. EDT",11465,10530,8904,-2561
ISNE,"9/1/2018 4 a.m. EDT",11671,10340,9132,-2539
ISNE,"9/1/2018 5 a.m. EDT",11645,10320,8990,-2655
ISNE,"9/1/2018 6 a.m. EDT",11832,10540,8990,-2842
ISNE,"9/1/2018 7 a.m. EDT",11692,10900,9017,-2675
ISNE,"9/1/2018 8 a.m. EDT",11968,11490,9225,-2743
ISNE,"9/1/2018 9 a.m. EDT",12450,12200,10033,-2417
ISNE,"9/1/2018 10 a.m. EDT",12725,12690,10763,-1962
ISNE,"9/1/2018 11 a.m. EDT",12900,12940,11188,-1712
ISNE,"9/1/2018 12 p.m. EDT",12945,13190,11674,-1271
ISNE,"9/1/2018 1 p.m. EDT",13151,13400,12088,-1063
ISNE,"9/1/2018 2 p.m. EDT",13499,13550,12292,-1207
ISNE,"9/1/2018 3 p.m. EDT",13817,13840,12563,-1254
ISNE,"9/1/2018 4 p.m. EDT",14184,14520,12904,-1280
ISNE,"9/1/2018 5 p.m. EDT",14650,14900,13337,-1313
ISNE,"9/1/2018 6 p.m. EDT",15015,15210,13802,-1213
ISNE,"9/1/2018 7 p.m. EDT",15062,15120,13686,-1376
ISNE,"9/1/2018 8 p.m. EDT",15053,15340,13690,-1363
ISNE,"9/1/2018 9 p.m. EDT",14898,15080,13190,-1708
ISNE,"9/1/2018 10 p.m. EDT",14201,14320,12511,-1690
ISNE,"9/1/2018 11 p.m. EDT",13259,13280,11173,-2086
ISNE,"9/2/2018 12 a.m. EDT",12242,12240,9864,-2378
ISNE,"9/2/2018 1 a.m. EDT",11614,11430,9024,-2590
ISNE,"9/2/2018 2 a.m. EDT",11161,10850,8542,-2619
ISNE,"9/2/2018 3 a.m. EDT",11271,10490,8465,-2806
ISNE,"9/2/2018 4 a.m. EDT",11345,10280,8432,-2913
ISNE,"9/2/2018 5 a.m. EDT",11287,10210,8450,-2837
ISNE,"9/2/2018 6 a.m. EDT",11157,10330,8330,-2827
ISNE,"9/2/2018 7 a.m. EDT",11376,10560,8426,-2950
ISNE,"9/2/2018 8 a.m. EDT",11643,11080,8742,-2901
ISNE,"9/2/2018 9 a.m. EDT",12009,11870,9673,-2336
ISNE,"9/2/2018 10 a.m. EDT",12439,12480,10347,-2092
ISNE,"9/2/2018 11 a.m. EDT",12777,13020,11138,-1639
ISNE,"9/2/2018 12 p.m. EDT",13274,13530,11585,-1689
ISNE,"9/2/2018 1 p.m. EDT",13873,14230,12365,-1508
ISNE,"9/2/2018 2 p.m. EDT",14447,14700,13023,-1424
ISNE,"9/2/2018 3 p.m. EDT",15088,15090,14039,-1049
ISNE,"9/2/2018 4 p.m. EDT",15702,15590,14606,-1096
ISNE,"9/2/2018 5 p.m. EDT",16303,16170,15073,-1230
ISNE,"9/2/2018 6 p.m. EDT",16745,16700,15170,-1575
ISNE,"9/2/2018 7 p.m. EDT",16745,16770,14703,-2042
ISNE,"9/2/2018 8 p.m. EDT",16699,17030,14582,-2117
ISNE,"9/2/2018 9 p.m. EDT",16543,16700,14490,-2053
ISNE,"9/2/2018 10 p.m. EDT",15847,15860,13808,-2039
ISNE,"9/2/2018 11 p.m. EDT",14888,14460,12747,-2141
ISNE,"9/3/2018 12 a.m. EDT",13836,13370,11457,-2379
ISNE,"9/3/2018 1 a.m. EDT",12978,12950,10503,-2475
ISNE,"9/3/2018 2 a.m. EDT",12612,12370,10259,-2353
ISNE,"9/3/2018 3 a.m. EDT",12587,12040,10102,-2485
ISNE,"9/3/2018 4 a.m. EDT",12700,11900,10081,-2619
ISNE,"9/3/2018 5 a.m. EDT",12777,11990,10089,-2688
ISNE,"9/3/2018 6 a.m. EDT",12960,12380,10449,-2511
ISNE,"9/3/2018 7 a.m. EDT",13383,12890,10804,-2579
ISNE,"9/3/2018 8 a.m. EDT",13846,13590,11456,-2390
ISNE,"9/3/2018 9 a.m. EDT",14822,14680,12798,-2024
ISNE,"9/3/2018 10 a.m. EDT",15846,15860,13839,-2007
ISNE,"9/3/2018 11 a.m. EDT",17076,17090,15214,-1862
ISNE,"9/3/2018 12 p.m. EDT",18350,18360,16022,-2328
ISNE,"9/3/2018 1 p.m. EDT",19528,19560,17212,-2316
ISNE,"9/3/2018 2 p.m. EDT",20518,20530,18188,-2330
ISNE,"9/3/2018 3 p.m. EDT",21262,21260,18743,-2519
ISNE,"9/3/2018 4 p.m. EDT",21895,21880,18889,-3006
ISNE,"9/3/2018 5 p.m. EDT",22435,22400,19128,-3307
ISNE,"9/3/2018 6 p.m. EDT",22983,22820,19248,-3735
ISNE,"9/3/2018 7 p.m. EDT",22815,22720,19269,-3546
ISNE,"9/3/2018 8 p.m. EDT",22651,22660,19051,-3600
ISNE,"9/3/2018 9 p.m. EDT",22166,21990,18971,-3195
ISNE,"9/3/2018 10 p.m. EDT",20710,20690,17608,-3102
ISNE,"9/3/2018 11 p.m. EDT",18851,18970,15698,-3153
ISNE,"9/4/2018 12 a.m. EDT",17207,17320,14095,-3112
ISNE,"9/4/2018 1 a.m. EDT",16339,16000,13327,-3012
ISNE,"9/4/2018 2 a.m. EDT",16002,15280,12887,-3115
ISNE,"9/4/2018 3 a.m. EDT",15757,14600,12610,-3147
ISNE,"9/4/2018 4 a.m. EDT",15725,14350,12519,-3206
ISNE,"9/4/2018 5 a.m. EDT",16042,14450,12858,-3184
ISNE,"9/4/2018 6 a.m. EDT",16829,15190,13750,-3079
ISNE,"9/4/2018 7 a.m. EDT",17688,16540,14646,-3042
ISNE,"9/4/2018 8 a.m. EDT",18286,17860,15450,-2836
ISNE,"9/4/2018 9 a.m. EDT",19119,18730,16213,-2906
ISNE,"9/4/2018 10 a.m. EDT",19511,19300,16639,-2872
ISNE,"9/4/2018 11 a.m. EDT",20226,20150,17371,-2855
ISNE,"9/4/2018 12 p.m. EDT",20882,20900,18105,-2777
ISNE,"9/4/2018 1 p.m. EDT",21522,21420,18790,-2732
ISNE,"9/4/2018 2 p.m. EDT",22049,22070,19254,-2795
ISNE,"9/4/2018 3 p.m. EDT",22342,22460,20020,-2322
ISNE,"9/4/2018 4 p.m. EDT",22637,22690,20500,-2137
ISNE,"9/4/2018 5 p.m. EDT",22968,22890,20724,-2244
ISNE,"9/4/2018 6 p.m. EDT",23024,23000,20598,-2426
ISNE,"9/4/2018 7 p.m. EDT",22529,22530,19923,-2606
ISNE,"9/4/2018 8 p.m. EDT",22066,22150,19412,-2654
ISNE,"9/4/2018 9 p.m. EDT",21268,21280,18493,-2775
ISNE,"9/4/2018 10 p.m. EDT",19635,19820,16677,-2958
ISNE,"9/4/2018 11 p.m. EDT",17692,17970,14780,-2912
ISNE,"9/5/2018 12 a.m. EDT",15974,16290,13352,-2622
ISNE,"9/5/2018 1 a.m. EDT",15509,14730,12633,-2876
ISNE,"9/5/2018 2 a.m. EDT",15499,13910,12504,-2995
ISNE,"9/5/2018 3 a.m. EDT",14997,13380,12244,-2753
ISNE,"9/5/2018 4 a.m. EDT",14691,13100,11806,-2885
ISNE,"9/5/2018 5 a.m. EDT",14794,13220,11889,-2905
ISNE,"9/5/2018 6 a.m. EDT",15597,14050,12775,-2822
ISNE,"9/5/2018 7 a.m. EDT",16606,15240,13782,-2824
ISNE,"9/5/2018 8 a.m. EDT",16862,16500,14349,-2513
ISNE,"9/5/2018 9 a.m. EDT",17054,17210,14772,-2282
ISNE,"9/5/2018 10 a.m. EDT",17567,17580,15445,-2122
ISNE,"9/5/2018 11 a.m. EDT",18251,18320,16076,-2175
ISNE,"9/5/2018 12 p.m. EDT",19130,19100,16980,-2150
ISNE,"9/5/2018 1 p.m. EDT",20029,20100,17819,-2210
ISNE,"9/5/2018 2 p.m. EDT",21027,20960,18819,-2208
ISNE,"9/5/2018 3 p.m. EDT",21770,21570,19489,-2281
ISNE,"9/5/2018 4 p.m. EDT",22445,22100,20283,-2162
ISNE,"9/5/2018 5 p.m. EDT",23007,22500,20857,-2150
ISNE,"9/5/2018 6 p.m. EDT",23300,22600,20634,-2666
ISNE,"9/5/2018 7 p.m. EDT",22932,22000,19863,-3069
ISNE,"9/5/2018 8 p.m. EDT",22487,21830,19362,-3125
ISNE,"9/5/2018 9 p.m. EDT",21720,21110,18566,-3154
ISNE,"9/5/2018 10 p.m. EDT",20182,19780,17070,-3112
ISNE,"9/5/2018 11 p.m. EDT",18483,17980,15502,-2981
ISNE,"9/6/2018 12 a.m. EDT",17072,16230,14169,-2903
ISNE,"9/6/2018 1 a.m. EDT",16149,14950,12950,-3199
ISNE,"9/6/2018 2 a.m. EDT",15708,14230,12577,-3131
ISNE,"9/6/2018 3 a.m. EDT",15411,13710,12316,-3095
ISNE,"9/6/2018 4 a.m. EDT",15389,13420,12290,-3099
ISNE,"9/6/2018 5 a.m. EDT",15724,13740,12750,-2974
ISNE,"9/6/2018 6 a.m. EDT",16663,14690,13896,-2767
ISNE,"9/6/2018 7 a.m. EDT",17610,16220,14692,-2918
ISNE,"9/6/2018 8 a.m. EDT",18075,17470,15436,-2639
ISNE,"9/6/2018 9 a.m. EDT",18952,18430,16181,-2771
ISNE,"9/6/2018 10 a.m. EDT",19820,19340,17016,-2804
ISNE,"9/6/2018 11 a.m. EDT",20639,20190,17613,-3026
ISNE,"9/6/2018 12 p.m. EDT",21590,21100,18484,-3106
ISNE,"9/6/2018 1 p.m. EDT",22458,21740,19385,-3073
ISNE,"9/6/2018 2 p.m. EDT",23330,22490,20356,-2974
ISNE,"9/6/2018 3 p.m. EDT",23868,23020,21004,-2864
ISNE,"9/6/2018 4 p.m. EDT",24197,23420,21391,-2806
ISNE,"9/6/2018 5 p.m. EDT",23499,23390,20649,-2850
ISNE,"9/6/2018 6 p.m. EDT",22281,23100,19962,-2319
ISNE,"9/6/2018 7 p.m. EDT",21356,22500,18994,-2362
ISNE,"9/6/2018 8 p.m. EDT",20961,22390,18111,-2850
ISNE,"9/6/2018 9 p.m. EDT",20175,21420,17361,-2814
ISNE,"9/6/2018 10 p.m. EDT",18823,19810,15778,-3045
ISNE,"9/6/2018 11 p.m. EDT",17208,17850,14163,-3045
ISNE,"9/7/2018 12 a.m. EDT",15619,16050,13128,-2491
ISNE,"9/7/2018 1 a.m. EDT",14704,13760,12226,-2478
ISNE,"9/7/2018 2 a.m. EDT",14417,13040,11874,-2543
ISNE,"9/7/2018 3 a.m. EDT",14410,12650,11911,-2499
ISNE,"9/7/2018 4 a.m. EDT",14194,12080,11714,-2480
ISNE,"9/7/2018 5 a.m. EDT",14170,12130,11639,-2531
ISNE,"9/7/2018 6 a.m. EDT",14290,12920,11894,-2396
ISNE,"9/7/2018 7 a.m. EDT",14778,14390,12572,-2206
ISNE,"9/7/2018 8 a.m. EDT",15397,15200,13457,-1940
ISNE,"9/7/2018 9 a.m. EDT",15601,15380,13953,-1648
ISNE,"9/7/2018 10 a.m. EDT",15733,15550,14224,-1509
ISNE,"9/7/2018 11 a.m. EDT",15911,15780,14676,-1235
ISNE,"9/7/2018 12 p.m. EDT",15941,15740,14599,-1342
ISNE,"9/7/2018 1 p.m. EDT",15834,15750,14746,-1088
ISNE,"9/7/2018 2 p.m. EDT",15774,16040,14467,-1307
ISNE,"9/7/2018 3 p.m. EDT",15585,16010,13828,-1757
ISNE,"9/7/2018 4 p.m. EDT",15507,16140,13848,-1659
ISNE,"9/7/2018 5 p.m. EDT",15541,16460,14358,-1183
ISNE,"9/7/2018 6 p.m. EDT",15584,16360,14233,-1351
ISNE,"9/7/2018 7 p.m. EDT",15523,16180,13848,-1675
ISNE,"9/7/2018 8 p.m. EDT",15615,16180,13837,-1778
ISNE,"9/7/2018 9 p.m. EDT",15263,15820,13727,-1536
ISNE,"9/7/2018 10 p.m. EDT",14464,14870,12895,-1569
ISNE,"9/7/2018 11 p.m. EDT",13415,13750,11574,-1841
ISNE,"9/8/2018 12 a.m. EDT",12302,12600,10409,-1893
ISNE,"9/8/2018 1 a.m. EDT",11496,12090,9601,-1895
ISNE,"9/8/2018 2 a.m. EDT",11222,11360,9306,-1916
ISNE,"9/8/2018 3 a.m. EDT",11174,10980,9225,-1949
ISNE,"9/8/2018 4 a.m. EDT",11024,10590,9224,-1800
ISNE,"9/8/2018 5 a.m. EDT",11006,10570,9250,-1756
ISNE,"9/8/2018 6 a.m. EDT",11231,10970,9560,-1671
ISNE,"9/8/2018 7 a.m. EDT",11727,11240,9819,-1908
ISNE,"9/8/2018 8 a.m. EDT",11858,11780,10168,-1690
ISNE,"9/8/2018 9 a.m. EDT",12478,12410,10838,-1640
ISNE,"9/8/2018 10 a.m. EDT",12851,12770,11264,-1587
ISNE,"9/8/2018 11 a.m. EDT",12879,13070,11291,-1588
ISNE,"9/8/2018 12 p.m. EDT",12757,12860,11208,-1549
ISNE,"9/8/2018 1 p.m. EDT",12774,12850,11444,-1330
ISNE,"9/8/2018 2 p.m. EDT",12777,12900,11330,-1447
ISNE,"9/8/2018 3 p.m. EDT",12764,12920,11512,-1252
ISNE,"9/8/2018 4 p.m. EDT",12832,12990,11644,-1188
ISNE,"9/8/2018 5 p.m. EDT",13001,13250,11912,-1089
ISNE,"9/8/2018 6 p.m. EDT",13188,13590,11714,-1474
ISNE,"9/8/2018 7 p.m. EDT",13289,13740,11899,-1390
ISNE,"9/8/2018 8 p.m. EDT",13480,14050,12109,-1371
ISNE,"9/8/2018 9 p.m. EDT",13148,13470,11759,-1389
ISNE,"9/8/2018 10 p.m. EDT",12474,12850,10830,-1644
ISNE,"9/8/2018 11 p.m. EDT",11618,11900,9594,-2024
ISNE,"9/9/2018 12 a.m. EDT",10823,10980,8705,-2118
ISNE,"9/9/2018 1 a.m. EDT",10282,10070,8406,-1876
ISNE,"9/9/2018 2 a.m. EDT",10099,9590,8357,-1742
ISNE,"9/9/2018 3 a.m. EDT",10221,9300,8426,-1795
ISNE,"9/9/2018 4 a.m. EDT",10124,9150,8254,-1870
ISNE,"9/9/2018 5 a.m. EDT",10195,9120,8254,-1941
ISNE,"9/9/2018 6 a.m. EDT",10334,9250,8287,-2047
ISNE,"9/9/2018 7 a.m. EDT",10428,9560,8208,-2220
ISNE,"9/9/2018 8 a.m. EDT",10755,9960,8336,-2419
ISNE,"9/9/2018 9 a.m. EDT",10834,10650,8685,-2149
ISNE,"9/9/2018 10 a.m. EDT",11240,11060,9098,-2142
ISNE,"9/9/2018 11 a.m. EDT",11476,11110,9234,-2242
ISNE,"9/9/2018 12 p.m. EDT",11556,11320,9562,-1994
ISNE,"9/9/2018 1 p.m. EDT",11672,11370,9558,-2114
ISNE,"9/9/2018 2 p.m. EDT",11670,11440,9613,-2057
ISNE,"9/9/2018 3 p.m. EDT",11916,11540,9475,-2441
ISNE,"9/9/2018 4 p.m. EDT",12134,11770,9587,-2547
ISNE,"9/9/2018 5 p.m. EDT",12249,12220,9795,-2454
ISNE,"9/9/2018 6 p.m. EDT",12787,12740,10587,-2200
ISNE,"9/9/2018 7 p.m. EDT",13125,13230,10961,-2164
ISNE,"9/9/2018 8 p.m. EDT",13444,13500,11651,-1793
ISNE,"9/9/2018 9 p.m. EDT",13012,13070,11286,-1726
ISNE,"9/9/2018 10 p.m. EDT",12126,12250,10265,-1861
ISNE,"9/9/2018 11 p.m. EDT",11097,11240,8887,-2210
ISNE,"9/10/2018 12 a.m. EDT",10210,10290,7912,-2298
ISNE,"9/10/2018 1 a.m. EDT",9950,9700,7459,-2491
ISNE,"9/10/2018 2 a.m. EDT",9760,9360,7300,-2460
ISNE,"9/10/2018 3 a.m. EDT",9707,9210,7386,-2321
ISNE,"9/10/2018 4 a.m. EDT",9860,9050,7499,-2361
ISNE,"9/10/2018 5 a.m. EDT",10121,9380,7927,-2194
ISNE,"9/10/2018 6 a.m. EDT",10368,10290,8453,-1915
ISNE,"9/10/2018 7 a.m. EDT",11762,11970,9678,-2084
ISNE,"9/10/2018 8 a.m. EDT",12787,13030,10972,-1815
ISNE,"9/10/2018 9 a.m. EDT",13314,13320,11383,-1931
ISNE,"9/10/2018 10 a.m. EDT",13660,13670,11986,-1674
ISNE,"9/10/2018 11 a.m. EDT",13914,13920,12416,-1498
ISNE,"9/10/2018 12 p.m. EDT",14002,13990,12339,-1663
ISNE,"9/10/2018 1 p.m. EDT",14000,14080,12209,-1791
ISNE,"9/10/2018 2 p.m. EDT",14134,14140,12325,-1809
ISNE,"9/10/2018 3 p.m. EDT",14135,13990,12509,-1626
ISNE,"9/10/2018 4 p.m. EDT",14170,14190,12435,-1735
ISNE,"9/10/2018 5 p.m. EDT",14345,14430,12655,-1690
ISNE,"9/10/2018 6 p.m. EDT",14710,14920,13055,-1655
ISNE,"9/10/2018 7 p.m. EDT",14844,15110,12987,-1857
ISNE,"9/10/2018 8 p.m. EDT",14858,15300,13120,-1738
ISNE,"9/10/2018 9 p.m. EDT",14248,14670,12306,-1942
ISNE,"9/10/2018 10 p.m. EDT",13233,13630,11356,-1877
ISNE,"9/10/2018 11 p.m. EDT",12191,12410,10172,-2019
ISNE,"9/11/2018 12 a.m. EDT",11392,11200,9564,-1828
ISNE,"9/11/2018 1 a.m. EDT",10893,10330,8840,-2053
ISNE,"9/11/2018 2 a.m. EDT",10756,9970,8782,-1974
ISNE,"9/11/2018 3 a.m. EDT",10756,9780,8716,-2040
ISNE,"9/11/2018 4 a.m. EDT",10798,9770,8719,-2079
ISNE,"9/11/2018 5 a.m. EDT",10624,10070,8888,-1736
ISNE,"9/11/2018 6 a.m. EDT",11340,10970,9617,-1723
ISNE,"9/11/2018 7 a.m. EDT",12539,12570,10764,-1775
ISNE,"9/11/2018 8 a.m. EDT",13598,13610,11902,-1696
ISNE,"9/11/2018 9 a.m. EDT",14065,14060,12603,-1462
ISNE,"9/11/2018 10 a.m. EDT",14335,14320,12758,-1577
ISNE,"9/11/2018 11 a.m. EDT",14549,14710,12735,-1814
ISNE,"9/11/2018 12 p.m. EDT",14652,15160,12551,-2101
ISNE,"9/11/2018 1 p.m. EDT",14748,15530,12804,-1944
ISNE,"9/11/2018 2 p.m. EDT",15047,16010,13144,-1903
ISNE,"9/11/2018 3 p.m. EDT",15195,16400,13438,-1757
ISNE,"9/11/2018 4 p.m. EDT",15506,16810,13621,-1885
ISNE,"9/11/2018 5 p.m. EDT",15928,17480,14119,-1809
ISNE,"9/11/2018 6 p.m. EDT",16378,17690,14399,-1979
ISNE,"9/11/2018 7 p.m. EDT",16550,17660,14388,-2162
ISNE,"9/11/2018 8 p.m. EDT",16755,17960,14768,-1987
ISNE,"9/11/2018 9 p.m. EDT",16275,17350,14442,-1833
ISNE,"9/11/2018 10 p.m. EDT",15208,16110,13273,-1935
ISNE,"9/11/2018 11 p.m. EDT",13896,14660,12131,-1765
ISNE,"9/12/2018 12 a.m. EDT",12936,13290,11243,-1693
ISNE,"9/12/2018 1 a.m. EDT",12362,11850,10179,-2183
ISNE,"9/12/2018 2 a.m. EDT",11887,11350,9814,-2073
ISNE,"9/12/2018 3 a.m. EDT",11607,11070,9434,-2173
ISNE,"9/12/2018 4 a.m. EDT",11515,10990,9474,-2041
ISNE,"9/12/2018 5 a.m. EDT",11705,11260,9713,-1992
ISNE,"9/12/2018 6 a.m. EDT",12413,12190,10382,-2031
ISNE,"9/12/2018 7 a.m. EDT",13837,13870,12117,-1720
ISNE,"9/12/2018 8 a.m. EDT",14955,14970,13212,-1743
ISNE,"9/12/2018 9 a.m. EDT",15479,15480,13855,-1624
ISNE,"9/12/2018 10 a.m. EDT",15821,15800,14221,-1600
ISNE,"9/12/2018 11 a.m. EDT",16110,16160,14679,-1431
ISNE,"9/12/2018 12 p.m. EDT",16160,16350,14658,-1502
ISNE,"9/12/2018 1 p.m. EDT",16079,16420,14659,-1420
ISNE,"9/12/2018 2 p.m. EDT",16065,16610,14511,-1554
ISNE,"9/12/2018 3 p.m. EDT",15947,16640,14507,-1440
ISNE,"9/12/2018 4 p.m. EDT",15823,16690,14578,-1245
ISNE,"9/12/2018 5 p.m. EDT",15861,16620,14445,-1416
ISNE,"9/12/2018 6 p.m. EDT",15972,16810,14600,-1372
ISNE,"9/12/2018 7 p.m. EDT",16002,16810,14634,-1368
ISNE,"9/12/2018 8 p.m. EDT",16174,16930,14854,-1320
ISNE,"9/12/2018 9 p.m. EDT",15699,16370,14670,-1029
ISNE,"9/12/2018 10 p.m. EDT",14731,15220,13560,-1171
ISNE,"9/12/2018 11 p.m. EDT",13448,13910,12013,-1435
ISNE,"9/13/2018 12 a.m. EDT",12238,12730,10874,-1364
ISNE,"9/13/2018 1 a.m. EDT",11437,11510,9622,-1815
ISNE,"9/13/2018 2 a.m. EDT",11160,11010,9472,-1688
ISNE,"9/13/2018 3 a.m. EDT",10899,10730,9075,-1824
ISNE,"9/13/2018 4 a.m. EDT",10817,10650,9105,-1712
ISNE,"9/13/2018 5 a.m. EDT",11029,10880,9318,-1711
ISNE,"9/13/2018 6 a.m. EDT",11721,11790,9969,-1752
ISNE,"9/13/2018 7 a.m. EDT",13305,13370,11691,-1614
ISNE,"9/13/2018 8 a.m. EDT",14306,14340,12737,-1569
ISNE,"9/13/2018 9 a.m. EDT",14696,14670,13432,-1264
ISNE,"9/13/2018 10 a.m. EDT",14923,14970,13967,-956
ISNE,"9/13/2018 11 a.m. EDT",15195,15220,14280,-915
ISNE,"9/13/2018 12 p.m. EDT",15374,15460,14659,-715
ISNE,"9/13/2018 1 p.m. EDT",15486,15670,15263,-223
ISNE,"9/13/2018 2 p.m. EDT",15690,15940,15190,-500
ISNE,"9/13/2018 3 p.m. EDT",15794,16070,15437,-357
ISNE,"9/13/2018 4 p.m. EDT",15875,16240,15607,-268
ISNE,"9/13/2018 5 p.m. EDT",16017,16360,15933,-84
ISNE,"9/13/2018 6 p.m. EDT",16207,16450,16308,101
ISNE,"9/13/2018 7 p.m. EDT",16259,16490,16092,-167
ISNE,"9/13/2018 8 p.m. EDT",16466,16580,16053,-413
ISNE,"9/13/2018 9 p.m. EDT",16029,16130,15541,-488
ISNE,"9/13/2018 10 p.m. EDT",15011,15100,14372,-639
ISNE,"9/13/2018 11 p.m. EDT",13682,13740,12714,-968
ISNE,"9/14/2018 12 a.m. EDT",12401,12480,11103,-1298
ISNE,"9/14/2018 1 a.m. EDT",11725,11550,10453,-1272
ISNE,"9/14/2018 2 a.m. EDT",11645,11000,10136,-1509
ISNE,"9/14/2018 3 a.m. EDT",11698,10700,10196,-1502
ISNE,"9/14/2018 4 a.m. EDT",11573,10560,10093,-1480
ISNE,"9/14/2018 5 a.m. EDT",12010,10800,10394,-1616
ISNE,"9/14/2018 6 a.m. EDT",12166,11700,10879,-1287
ISNE,"9/14/2018 7 a.m. EDT",13042,13150,11646,-1396
ISNE,"9/14/2018 8 a.m. EDT",13988,14110,12916,-1072
ISNE,"9/14/2018 9 a.m. EDT",14420,14450,13739,-681
ISNE,"9/14/2018 10 a.m. EDT",14734,14760,14333,-401
ISNE,"9/14/2018 11 a.m. EDT",15020,15080,14573,-447
ISNE,"9/14/2018 12 p.m. EDT",15260,15390,15133,-127
ISNE,"9/14/2018 1 p.m. EDT",15415,15490,15157,-258
ISNE,"9/14/2018 2 p.m. EDT",15674,15840,15683,9
ISNE,"9/14/2018 3 p.m. EDT",15710,15990,15564,-146
ISNE,"9/14/2018 4 p.m. EDT",15831,16160,15745,-86
ISNE,"9/14/2018 5 p.m. EDT",16076,16280,16021,-55
ISNE,"9/14/2018 6 p.m. EDT",16256,16400,15619,-637
ISNE,"9/14/2018 7 p.m. EDT",16101,16210,15223,-878
ISNE,"9/14/2018 8 p.m. EDT",16081,16170,15225,-856
ISNE,"9/14/2018 9 p.m. EDT",15554,15640,14638,-916
ISNE,"9/14/2018 10 p.m. EDT",14645,14690,13972,-673
ISNE,"9/14/2018 11 p.m. EDT",13500,13540,12496,-1004
ISNE,"9/15/2018 12 a.m. EDT",12316,12350,10932,-1384
ISNE,"9/15/2018 1 a.m. EDT",11710,11390,10019,-1691
ISNE,"9/15/2018 2 a.m. EDT",11619,10840,9910,-1709
ISNE,"9/15/2018 3 a.m. EDT",11631,10480,9674,-1957
ISNE,"9/15/2018 4 a.m. EDT",11685,10320,9568,-2117
ISNE,"9/15/2018 5 a.m. EDT",11497,10330,9604,-1893
ISNE,"9/15/2018 6 a.m. EDT",11641,10780,9727,-1914
ISNE,"9/15/2018 7 a.m. EDT",11926,11290,9840,-2086
ISNE,"9/15/2018 8 a.m. EDT",12260,11940,10497,-1763
ISNE,"9/15/2018 9 a.m. EDT",13049,12650,11580,-1469
ISNE,"9/15/2018 10 a.m. EDT",13315,13340,12134,-1181
ISNE,"9/15/2018 11 a.m. EDT",13685,13560,12804,-881
ISNE,"9/15/2018 12 p.m. EDT",14033,13740,13228,-805
ISNE,"9/15/2018 1 p.m. EDT",14146,13990,13747,-399
ISNE,"9/15/2018 2 p.m. EDT",14321,14240,13991,-330
ISNE,"9/15/2018 3 p.m. EDT",14365,14390,14214,-151
ISNE,"9/15/2018 4 p.m. EDT",14692,14840,14425,-267
ISNE,"9/15/2018 5 p.m. EDT",15301,15280,14983,-318
ISNE,"9/15/2018 6 p.m. EDT",15830,15640,15601,-229
ISNE,"9/15/2018 7 p.m. EDT",15805,15600,15222,-583
ISNE,"9/15/2018 8 p.m. EDT",15730,15700,14792,-938
ISNE,"9/15/2018 9 p.m. EDT",15225,15430,14120,-1105
ISNE,"9/15/2018 10 p.m. EDT",14394,14480,13202,-1192
ISNE,"9/15/2018 11 p.m. EDT",13321,13400,12161,-1160
ISNE,"9/16/2018 12 a.m. EDT",12263,12360,10724,-1539
ISNE,"9/16/2018 1 a.m. EDT",11580,11410,9911,-1669
ISNE,"9/16/2018 2 a.m. EDT",11493,10810,9871,-1622
ISNE,"9/16/2018 3 a.m. EDT",11685,10450,10021,-1664
ISNE,"9/16/2018 4 a.m. EDT",11591,10280,9913,-1678
ISNE,"9/16/2018 5 a.m. EDT",11515,10190,9714,-1801
ISNE,"9/16/2018 6 a.m. EDT",11853,10370,10057,-1796
ISNE,"9/16/2018 7 a.m. EDT",12129,10710,10248,-1881
ISNE,"9/16/2018 8 a.m. EDT",12546,11220,10620,-1926
ISNE,"9/16/2018 9 a.m. EDT",12749,11910,10944,-1805
ISNE,"9/16/2018 10 a.m. EDT",13210,12500,11769,-1441
ISNE,"9/16/2018 11 a.m. EDT",13372,12980,12276,-1096
ISNE,"9/16/2018 12 p.m. EDT",13671,13530,12702,-969
ISNE,"9/16/2018 1 p.m. EDT",14484,14170,13866,-618
ISNE,"9/16/2018 2 p.m. EDT",15305,15340,14877,-428
ISNE,"9/16/2018 3 p.m. EDT",16059,15850,15617,-442
ISNE,"9/16/2018 4 p.m. EDT",16836,16830,16398,-438
ISNE,"9/16/2018 5 p.m. EDT",17639,17500,17178,-461
ISNE,"9/16/2018 6 p.m. EDT",18173,17930,17196,-977
ISNE,"9/16/2018 7 p.m. EDT",18079,18030,16517,-1562
ISNE,"9/16/2018 8 p.m. EDT",18031,18200,16467,-1564
ISNE,"9/16/2018 9 p.m. EDT",17401,17440,15695,-1706
ISNE,"9/16/2018 10 p.m. EDT",16093,16130,14214,-1879
ISNE,"9/16/2018 11 p.m. EDT",14741,14510,12969,-1772
ISNE,"9/17/2018 12 a.m. EDT",13528,13130,11484,-2044
ISNE,"9/17/2018 1 a.m. EDT",12954,12240,10645,-2309
ISNE,"9/17/2018 2 a.m. EDT",12499,11660,10264,-2235
ISNE,"9/17/2018 3 a.m. EDT",12372,11310,10314,-2058
ISNE,"9/17/2018 4 a.m. EDT",12480,11190,10298,-2182
ISNE,"9/17/2018 5 a.m. EDT",12923,11540,10527,-2396
ISNE,"9/17/2018 6 a.m. EDT",13251,12360,11067,-2184
ISNE,"9/17/2018 7 a.m. EDT",14852,13980,12588,-2264
ISNE,"9/17/2018 8 a.m. EDT",15498,14790,13403,-2095
ISNE,"9/17/2018 9 a.m. EDT",15777,15250,14069,-1708
ISNE,"9/17/2018 10 a.m. EDT",15773,15550,14353,-1420
ISNE,"9/17/2018 11 a.m. EDT",16080,15920,14713,-1367
ISNE,"9/17/2018 12 p.m. EDT",16334,16300,15070,-1264
ISNE,"9/17/2018 1 p.m. EDT",16926,16850,15562,-1364
ISNE,"9/17/2018 2 p.m. EDT",17557,17330,16090,-1467
ISNE,"9/17/2018 3 p.m. EDT",17826,17510,16184,-1642
ISNE,"9/17/2018 4 p.m. EDT",18166,17880,16528,-1638
ISNE,"9/17/2018 5 p.m. EDT",18418,18250,16777,-1641
ISNE,"9/17/2018 6 p.m. EDT",18568,18500,16647,-1921
ISNE,"9/17/2018 7 p.m. EDT",18530,18300,16405,-2125
ISNE,"9/17/2018 8 p.m. EDT",18734,18310,16748,-1986
ISNE,"9/17/2018 9 p.m. EDT",18077,17540,15830,-2247
ISNE,"9/17/2018 10 p.m. EDT",16870,16200,14721,-2149
ISNE,"9/17/2018 11 p.m. EDT",15669,14650,13527,-2142
ISNE,"9/18/2018 12 a.m. EDT",14387,13320,12162,-2225
ISNE,"9/18/2018 1 a.m. EDT",13982,13130,11449,-2533
ISNE,"9/18/2018 2 a.m. EDT",13674,12560,11302,-2372
ISNE,"9/18/2018 3 a.m. EDT",13603,12240,11254,-2349
ISNE,"9/18/2018 4 a.m. EDT",13467,12120,11161,-2306
ISNE,"9/18/2018 5 a.m. EDT",13707,12390,11415,-2292
ISNE,"9/18/2018 6 a.m. EDT",14141,13350,12038,-2103
ISNE,"9/18/2018 7 a.m. EDT",15156,15100,13440,-1716
ISNE,"9/18/2018 8 a.m. EDT",16244,16250,14545,-1699
ISNE,"9/18/2018 9 a.m. EDT",16851,16850,15231,-1620
ISNE,"9/18/2018 10 a.m. EDT",17311,17250,15365,-1946
ISNE,"9/18/2018 11 a.m. EDT",17642,17610,15647,-1995
ISNE,"9/18/2018 12 p.m. EDT",17668,17810,15555,-2113
ISNE,"9/18/2018 1 p.m. EDT",17534,17930,15377,-2157
ISNE,"9/18/2018 2 p.m. EDT",17338,18080,15176,-2162
ISNE,"9/18/2018 3 p.m. EDT",17159,18130,15263,-1896
ISNE,"9/18/2018 4 p.m. EDT",17118,18160,15393,-1725
ISNE,"9/18/2018 5 p.m. EDT",17271,18260,15688,-1583
ISNE,"9/18/2018 6 p.m. EDT",17611,18370,15763,-1848
ISNE,"9/18/2018 7 p.m. EDT",17700,18380,15626,-2074
ISNE,"9/18/2018 8 p.m. EDT",17787,18500,15662,-2125
ISNE,"9/18/2018 9 p.m. EDT",17101,17630,15052,-2049
ISNE,"9/18/2018 10 p.m. EDT",15892,16290,13972,-1920
ISNE,"9/18/2018 11 p.m. EDT",14707,14760,12740,-1967
ISNE,"9/19/2018 12 a.m. EDT",13592,13400,11624,-1968
ISNE,"9/19/2018 1 a.m. EDT",12939,12230,10974,-1965
ISNE,"9/19/2018 2 a.m. EDT",12847,11730,11023,-1824
ISNE,"9/19/2018 3 a.m. EDT",12593,11330,10684,-1909
ISNE,"9/19/2018 4 a.m. EDT",12434,11100,10548,-1886
ISNE,"9/19/2018 5 a.m. EDT",12141,11310,10255,-1886
ISNE,"9/19/2018 6 a.m. EDT",12444,12120,10905,-1539
ISNE,"9/19/2018 7 a.m. EDT",13467,13630,12088,-1379
ISNE,"9/19/2018 8 a.m. EDT",14280,14610,13114,-1166
ISNE,"9/19/2018 9 a.m. EDT",14666,14830,13323,-1343
ISNE,"9/19/2018 10 a.m. EDT",14906,15060,13784,-1122
ISNE,"9/19/2018 11 a.m. EDT",15041,15180,13945,-1096
ISNE,"9/19/2018 12 p.m. EDT",15096,15280,14152,-944
ISNE,"9/19/2018 1 p.m. EDT",15081,15310,14284,-797
ISNE,"9/19/2018 2 p.m. EDT",15162,15410,14416,-746
ISNE,"9/19/2018 3 p.m. EDT",15214,15490,14562,-652
ISNE,"9/19/2018 4 p.m. EDT",15241,15620,14756,-485
ISNE,"9/19/2018 5 p.m. EDT",15415,15730,15205,-210
ISNE,"9/19/2018 6 p.m. EDT",15584,15720,15065,-519
ISNE,"9/19/2018 7 p.m. EDT",15620,15870,14691,-929
ISNE,"9/19/2018 8 p.m. EDT",15738,15880,14589,-1149
ISNE,"9/19/2018 9 p.m. EDT",15108,15200,13885,-1223
ISNE,"9/19/2018 10 p.m. EDT",14062,14010,12801,-1261
ISNE,"9/19/2018 11 p.m. EDT",12907,12700,11657,-1250
ISNE,"9/20/2018 12 a.m. EDT",11819,11510,10408,-1411
ISNE,"9/20/2018 1 a.m. EDT",11308,10740,9412,-1896
ISNE,"9/20/2018 2 a.m. EDT",11090,10280,9539,-1551
ISNE,"9/20/2018 3 a.m. EDT",10968,9990,9468,-1500
ISNE,"9/20/2018 4 a.m. EDT",11170,9910,9470,-1700
ISNE,"9/20/2018 5 a.m. EDT",11459,10180,9745,-1714
ISNE,"9/20/2018 6 a.m. EDT",11910,11050,10212,-1698
ISNE,"9/20/2018 7 a.m. EDT",12666,12550,10934,-1732
ISNE,"9/20/2018 8 a.m. EDT",13399,13410,11941,-1458
ISNE,"9/20/2018 9 a.m. EDT",13669,13660,12573,-1096
ISNE,"9/20/2018 10 a.m. EDT",13773,13800,12991,-782
ISNE,"9/20/2018 11 a.m. EDT",13882,13820,13363,-519
ISNE,"9/20/2018 12 p.m. EDT",13847,13890,13571,-276
ISNE,"9/20/2018 1 p.m. EDT",13796,13900,13510,-286
ISNE,"9/20/2018 2 p.m. EDT",13987,14040,13602,-385
ISNE,"9/20/2018 3 p.m. EDT",14077,14130,13846,-231
ISNE,"9/20/2018 4 p.m. EDT",14216,14270,14045,-171
ISNE,"9/20/2018 5 p.m. EDT",14398,14450,14258,-140
ISNE,"9/20/2018 6 p.m. EDT",14657,14770,14491,-166
ISNE,"9/20/2018 7 p.m. EDT",14878,15060,14448,-430
ISNE,"9/20/2018 8 p.m. EDT",15153,15400,14681,-472
ISNE,"9/20/2018 9 p.m. EDT",14657,14770,13978,-679
ISNE,"9/20/2018 10 p.m. EDT",13690,13710,12763,-927
ISNE,"9/20/2018 11 p.m. EDT",12458,12400,11356,-1102
ISNE,"9/21/2018 12 a.m. EDT",11330,11240,9857,-1473
ISNE,"9/21/2018 1 a.m. EDT",11047,10530,9210,-1837
ISNE,"9/21/2018 2 a.m. EDT",10874,10050,9161,-1713
ISNE,"9/21/2018 3 a.m. EDT",10863,9810,9184,-1679
ISNE,"9/21/2018 4 a.m. EDT",10780,9770,9137,-1643
ISNE,"9/21/2018 5 a.m. EDT",10780,10000,9171,-1609
ISNE,"9/21/2018 6 a.m. EDT",11581,10860,9884,-1697
ISNE,"9/21/2018 7 a.m. EDT",12701,12370,11051,-1650
ISNE,"9/21/2018 8 a.m. EDT",13324,13330,12106,-1218
ISNE,"9/21/2018 9 a.m. EDT",13641,13700,12606,-1035
ISNE,"9/21/2018 10 a.m. EDT",13763,13780,13045,-718
ISNE,"9/21/2018 11 a.m. EDT",13818,13900,13087,-731
ISNE,"9/21/2018 12 p.m. EDT",13842,14000,13134,-708
ISNE,"9/21/2018 1 p.m. EDT",13937,14070,13060,-877
ISNE,"9/21/2018 2 p.m. EDT",14119,14290,13266,-853
ISNE,"9/21/2018 3 p.m. EDT",14144,14350,13473,-671
ISNE,"9/21/2018 4 p.m. EDT",14191,14450,13470,-721
ISNE,"9/21/2018 5 p.m. EDT",14320,14640,13569,-751
ISNE,"9/21/2018 6 p.m. EDT",14468,14820,13297,-1171
ISNE,"9/21/2018 7 p.m. EDT",14546,14930,13007,-1539
ISNE,"9/21/2018 8 p.m. EDT",14651,15100,13312,-1339
ISNE,"9/21/2018 9 p.m. EDT",14200,14610,12867,-1333
ISNE,"9/21/2018 10 p.m. EDT",13534,13740,12149,-1385
ISNE,"9/21/2018 11 p.m. EDT",12644,12720,11359,-1285
ISNE,"9/22/2018 12 a.m. EDT",11688,11690,10320,-1368
ISNE,"9/22/2018 1 a.m. EDT",10992,11000,9656,-1336
ISNE,"9/22/2018 2 a.m. EDT",10823,10580,9232,-1591
ISNE,"9/22/2018 3 a.m. EDT",10857,10330,9323,-1534
ISNE,"9/22/2018 4 a.m. EDT",10776,10210,9267,-1509
ISNE,"9/22/2018 5 a.m. EDT",10649,10250,9366,-1283
ISNE,"9/22/2018 6 a.m. EDT",11090,10610,9645,-1445
ISNE,"9/22/2018 7 a.m. EDT",11383,11140,9856,-1527
ISNE,"9/22/2018 8 a.m. EDT",11929,11690,10320,-1609
ISNE,"9/22/2018 9 a.m. EDT",12280,12230,10637,-1643
ISNE,"9/22/2018 10 a.m. EDT",12565,12620,10937,-1628
ISNE,"9/22/2018 11 a.m. EDT",12386,12830,10980,-1406
ISNE,"9/22/2018 12 p.m. EDT",12179,12890,11507,-672
ISNE,"9/22/2018 1 p.m. EDT",12013,12840,11218,-795
ISNE,"9/22/2018 2 p.m. EDT",11999,12760,10602,-1397
ISNE,"9/22/2018 3 p.m. EDT",12046,12710,10640,-1406
ISNE,"9/22/2018 4 p.m. EDT",12220,12760,10664,-1556
ISNE,"9/22/2018 5 p.m. EDT",12521,12880,10838,-1683
ISNE,"9/22/2018 6 p.m. EDT",12906,13140,11125,-1781
ISNE,"9/22/2018 7 p.m. EDT",13230,13480,11212,-2018
ISNE,"9/22/2018 8 p.m. EDT",13409,13600,11655,-1754
ISNE,"9/22/2018 9 p.m. EDT",12951,13040,11053,-1898
ISNE,"9/22/2018 10 p.m. EDT",12266,12290,10406,-1860
ISNE,"9/22/2018 11 p.m. EDT",11406,11420,9711,-1695
ISNE,"9/23/2018 12 a.m. EDT",10512,10540,8717,-1795
ISNE,"9/23/2018 1 a.m. EDT",9815,9780,7717,-2098
ISNE,"9/23/2018 2 a.m. EDT",9664,9350,7654,-2010
ISNE,"9/23/2018 3 a.m. EDT",9804,9090,7684,-2120
ISNE,"9/23/2018 4 a.m. EDT",9802,8970,7650,-2152
ISNE,"9/23/2018 5 a.m. EDT",9791,8980,7588,-2203
ISNE,"9/23/2018 6 a.m. EDT",9939,9170,7780,-2159
ISNE,"9/23/2018 7 a.m. EDT",10049,9550,7871,-2178
ISNE,"9/23/2018 8 a.m. EDT",10244,10050,8009,-2235
ISNE,"9/23/2018 9 a.m. EDT",10570,10580,8567,-2003
ISNE,"9/23/2018 10 a.m. EDT",10880,10920,8877,-2003
ISNE,"9/23/2018 11 a.m. EDT",11109,11180,9045,-2064
ISNE,"9/23/2018 12 p.m. EDT",11307,11350,9112,-2195
ISNE,"9/23/2018 1 p.m. EDT",11409,11470,9155,-2254
ISNE,"9/23/2018 2 p.m. EDT",11471,11590,9197,-2274
ISNE,"9/23/2018 3 p.m. EDT",11547,11640,9434,-2113
ISNE,"9/23/2018 4 p.m. EDT",11768,11670,9691,-2077
ISNE,"9/23/2018 5 p.m. EDT",12244,12200,10136,-2108
ISNE,"9/23/2018 6 p.m. EDT",12826,12800,10480,-2346
ISNE,"9/23/2018 7 p.m. EDT",13381,13350,11065,-2316
ISNE,"9/23/2018 8 p.m. EDT",13688,13750,11380,-2308
ISNE,"9/23/2018 9 p.m. EDT",13148,13080,10795,-2353
ISNE,"9/23/2018 10 p.m. EDT",12238,12150,9603,-2635
ISNE,"9/23/2018 11 p.m. EDT",11278,11090,8450,-2828
ISNE,"9/24/2018 12 a.m. EDT",10465,10160,7701,-2764
ISNE,"9/24/2018 1 a.m. EDT",9757,9530,7300,-2457
ISNE,"9/24/2018 2 a.m. EDT",9170,9160,7110,-2060
ISNE,"9/24/2018 3 a.m. EDT",9012,9000,7130,-1882
ISNE,"9/24/2018 4 a.m. EDT",9008,9000,7413,-1595
ISNE,"9/24/2018 5 a.m. EDT",9291,9300,7416,-1875
ISNE,"9/24/2018 6 a.m. EDT",10221,10250,8066,-2155
ISNE,"9/24/2018 7 a.m. EDT",11860,11900,9535,-2325
ISNE,"9/24/2018 8 a.m. EDT",12815,12820,10154,-2661
ISNE,"9/24/2018 9 a.m. EDT",13073,13080,10046,-3027
ISNE,"9/24/2018 10 a.m. EDT",13170,13170,10310,-2860
ISNE,"9/24/2018 11 a.m. EDT",13257,13270,10198,-3059
ISNE,"9/24/2018 12 p.m. EDT",13248,13270,10158,-3090
ISNE,"9/24/2018 1 p.m. EDT",13134,13170,10405,-2729
ISNE,"9/24/2018 2 p.m. EDT",13141,13180,10447,-2694
ISNE,"9/24/2018 3 p.m. EDT",13057,13270,10441,-2616
ISNE,"9/24/2018 4 p.m. EDT",13111,13300,10480,-2631
ISNE,"9/24/2018 5 p.m. EDT",13388,13620,10628,-2760
ISNE,"9/24/2018 6 p.m. EDT",13861,14030,11017,-2844
ISNE,"9/24/2018 7 p.m. EDT",14380,14530,11427,-2953
ISNE,"9/24/2018 8 p.m. EDT",14592,14750,11992,-2600
ISNE,"9/24/2018 9 p.m. EDT",13934,13970,11169,-2765
ISNE,"9/24/2018 10 p.m. EDT",12909,12820,10085,-2824
ISNE,"9/24/2018 11 p.m. EDT",11674,11550,8567,-3107
ISNE,"9/25/2018 12 a.m. EDT",10817,10490,8030,-2787
ISNE,"9/25/2018 1 a.m. EDT",10136,9870,7316,-2820
ISNE,"9/25/2018 2 a.m. EDT",9801,9510,7132,-2669
ISNE,"9/25/2018 3 a.m. EDT",9732,9350,7166,-2566
ISNE,"9/25/2018 4 a.m. EDT",9852,9330,7215,-2637
ISNE,"9/25/2018 5 a.m. EDT",9947,9620,7297,-2650
ISNE,"9/25/2018 6 a.m. EDT",10820,10570,7901,-2919
ISNE,"9/25/2018 7 a.m. EDT",12233,12270,9217,-3016
ISNE,"9/25/2018 8 a.m. EDT",13282,13290,10205,-3077
ISNE,"9/25/2018 9 a.m. EDT",13700,13700,10907,-2793
ISNE,"9/25/2018 10 a.m. EDT",13978,13950,10998,-2980
ISNE,"9/25/2018 11 a.m. EDT",14193,14170,11346,-2847
ISNE,"9/25/2018 12 p.m. EDT",14311,14280,11463,-2848
ISNE,"9/25/2018 1 p.m. EDT",14413,14390,11927,-2486
ISNE,"9/25/2018 2 p.m. EDT",14535,14400,12087,-2448
ISNE,"9/25/2018 3 p.m. EDT",14525,14280,11949,-2576
ISNE,"9/25/2018 4 p.m. EDT",14622,14370,11933,-2689
ISNE,"9/25/2018 5 p.m. EDT",14906,14610,12097,-2809
ISNE,"9/25/2018 6 p.m. EDT",15286,14820,12499,-2787
ISNE,"9/25/2018 7 p.m. EDT",15478,15400,12461,-3017
ISNE,"9/25/2018 8 p.m. EDT",15339,15150,12419,-2920
ISNE,"9/25/2018 9 p.m. EDT",14643,14590,11739,-2904
ISNE,"9/25/2018 10 p.m. EDT",13587,13500,10813,-2774
ISNE,"9/25/2018 11 p.m. EDT",12362,12290,9204,-3158
ISNE,"9/26/2018 12 a.m. EDT",11351,11160,8270,-3081
ISNE,"9/26/2018 1 a.m. EDT",11056,10590,8007,-3049
ISNE,"9/26/2018 2 a.m. EDT",10971,10180,8000,-2971
ISNE,"9/26/2018 3 a.m. EDT",10942,9990,7830,-3112
ISNE,"9/26/2018 4 a.m. EDT",11019,9980,7986,-3033
ISNE,"9/26/2018 5 a.m. EDT",11070,10270,8024,-3046
ISNE,"9/26/2018 6 a.m. EDT",11728,11250,8950,-2778
ISNE,"9/26/2018 7 a.m. EDT",13084,13090,9975,-3109
ISNE,"9/26/2018 8 a.m. EDT",14205,14230,11005,-3200
ISNE,"9/26/2018 9 a.m. EDT",14744,14750,11882,-2862
ISNE,"9/26/2018 10 a.m. EDT",15057,15010,12089,-2968
ISNE,"9/26/2018 11 a.m. EDT",15369,15600,12421,-2948
ISNE,"9/26/2018 12 p.m. EDT",15593,15910,12616,-2977
ISNE,"9/26/2018 1 p.m. EDT",15811,16070,12680,-3131
ISNE,"9/26/2018 2 p.m. EDT",16054,16260,13227,-2827
ISNE,"9/26/2018 3 p.m. EDT",16134,16570,13469,-2665
ISNE,"9/26/2018 4 p.m. EDT",16343,16820,13924,-2419
ISNE,"9/26/2018 5 p.m. EDT",16681,17110,14178,-2503
ISNE,"9/26/2018 6 p.m. EDT",17056,17540,13987,-3069
ISNE,"9/26/2018 7 p.m. EDT",17304,17920,14363,-2941
ISNE,"9/26/2018 8 p.m. EDT",17403,18250,14635,-2768
ISNE,"9/26/2018 9 p.m. EDT",16533,17070,13973,-2560
ISNE,"9/26/2018 10 p.m. EDT",15698,15840,12989,-2709
ISNE,"9/26/2018 11 p.m. EDT",14297,14360,11650,-2647
ISNE,"9/27/2018 12 a.m. EDT",12915,13020,10324,-2591
ISNE,"9/27/2018 1 a.m. EDT",12211,11710,9651,-2560
ISNE,"9/27/2018 2 a.m. EDT",11710,10970,9217,-2493
ISNE,"9/27/2018 3 a.m. EDT",11514,10690,8860,-2654
ISNE,"9/27/2018 4 a.m. EDT",11295,10450,8612,-2683
ISNE,"9/27/2018 5 a.m. EDT",11326,10510,8459,-2867
ISNE,"9/27/2018 6 a.m. EDT",11799,11320,9058,-2741
ISNE,"9/27/2018 7 a.m. EDT",12773,12880,10185,-2588
ISNE,"9/27/2018 8 a.m. EDT",13513,13750,10830,-2683
ISNE,"9/27/2018 9 a.m. EDT",13614,13920,10790,-2824
ISNE,"9/27/2018 10 a.m. EDT",13510,13500,10676,-2834
ISNE,"9/27/2018 11 a.m. EDT",13296,13460,10219,-3077
ISNE,"9/27/2018 12 p.m. EDT",13119,13470,10039,-3080
ISNE,"9/27/2018 1 p.m. EDT",13083,13470,10259,-2824
ISNE,"9/27/2018 2 p.m. EDT",13367,13710,10721,-2646
ISNE,"9/27/2018 3 p.m. EDT",13569,13820,11038,-2531
ISNE,"9/27/2018 4 p.m. EDT",13851,14020,11472,-2379
ISNE,"9/27/2018 5 p.m. EDT",14246,14350,11746,-2500
ISNE,"9/27/2018 6 p.m. EDT",14567,14720,11818,-2749
ISNE,"9/27/2018 7 p.m. EDT",14854,15000,12035,-2819
ISNE,"9/27/2018 8 p.m. EDT",15018,15230,12280,-2738
ISNE,"9/27/2018 9 p.m. EDT",14395,14410,11512,-2883
ISNE,"9/27/2018 10 p.m. EDT",13433,13360,10180,-3253
ISNE,"9/27/2018 11 p.m. EDT",12197,12150,8878,-3319
ISNE,"9/28/2018 12 a.m. EDT",11054,11040,7969,-3085
ISNE,"9/28/2018 1 a.m. EDT",10521,10390,7532,-2989
ISNE,"9/28/2018 2 a.m. EDT",10087,9970,7359,-2728
ISNE,"9/28/2018 3 a.m. EDT",9886,9740,7130,-2756
ISNE,"9/28/2018 4 a.m. EDT",10102,9550,7207,-2895
ISNE,"9/28/2018 5 a.m. EDT",10318,9780,7353,-2965
ISNE,"9/28/2018 6 a.m. EDT",11113,10650,8116,-2997
ISNE,"9/28/2018 7 a.m. EDT",12121,12190,9416,-2705
ISNE,"9/28/2018 8 a.m. EDT",13137,13200,10299,-2838
ISNE,"9/28/2018 9 a.m. EDT",13631,13550,10901,-2730
ISNE,"9/28/2018 10 a.m. EDT",13876,13900,11346,-2530
ISNE,"9/28/2018 11 a.m. EDT",13968,13950,10810,-3158
ISNE,"9/28/2018 12 p.m. EDT",13848,13920,10645,-3203
ISNE,"9/28/2018 1 p.m. EDT",13581,13850,10594,-2987
ISNE,"9/28/2018 2 p.m. EDT",13421,13850,10239,-3182
ISNE,"9/28/2018 3 p.m. EDT",13231,13770,9781,-3450
ISNE,"9/28/2018 4 p.m. EDT",13165,13750,10038,-3127
ISNE,"9/28/2018 5 p.m. EDT",13327,13910,10293,-3034
ISNE,"9/28/2018 6 p.m. EDT",13588,13920,10555,-3033
ISNE,"9/28/2018 7 p.m. EDT",13840,14220,10758,-3082
ISNE,"9/28/2018 8 p.m. EDT",13892,14250,10896,-2996
ISNE,"9/28/2018 9 p.m. EDT",13360,13520,10140,-3220
ISNE,"9/28/2018 10 p.m. EDT",12631,12650,9061,-3570
ISNE,"9/28/2018 11 p.m. EDT",11669,11650,8241,-3428
ISNE,"9/29/2018 12 a.m. EDT",10665,10720,7468,-3197
ISNE,"9/29/2018 1 a.m. EDT",9927,9900,6388,-3539
ISNE,"9/29/2018 2 a.m. EDT",9448,9440,6053,-3395
ISNE,"9/29/2018 3 a.m. EDT",9469,9200,6131,-3338
ISNE,"9/29/2018 4 a.m. EDT",9668,9110,6476,-3192
ISNE,"9/29/2018 5 a.m. EDT",9741,9190,6451,-3290
ISNE,"9/29/2018 6 a.m. EDT",10071,9540,6824,-3247
ISNE,"9/29/2018 7 a.m. EDT",10619,10110,7353,-3266
ISNE,"9/29/2018 8 a.m. EDT",11049,10770,7736,-3313
ISNE,"9/29/2018 9 a.m. EDT",11289,11240,7999,-3290
ISNE,"9/29/2018 10 a.m. EDT",11319,11270,8169,-3150
ISNE,"9/29/2018 11 a.m. EDT",11232,11240,8131,-3101
ISNE,"9/29/2018 12 p.m. EDT",11180,11170,8180,-3000
ISNE,"9/29/2018 1 p.m. EDT",11221,11030,8244,-2977
ISNE,"9/29/2018 2 p.m. EDT",11288,11040,8298,-2990
ISNE,"9/29/2018 3 p.m. EDT",11402,11100,8392,-3010
ISNE,"9/29/2018 4 p.m. EDT",11646,11360,8724,-2922
ISNE,"9/29/2018 5 p.m. EDT",12086,12050,9158,-2928
ISNE,"9/29/2018 6 p.m. EDT",12643,12720,9776,-2867
ISNE,"9/29/2018 7 p.m. EDT",13049,13090,9763,-3286
ISNE,"9/29/2018 8 p.m. EDT",13205,13350,9862,-3343
ISNE,"9/29/2018 9 p.m. EDT",12718,12770,9484,-3234
ISNE,"9/29/2018 10 p.m. EDT",12039,12040,8715,-3324
ISNE,"9/29/2018 11 p.m. EDT",11187,11190,7565,-3622
ISNE,"9/30/2018 12 a.m. EDT",10325,10310,6783,-3542
ISNE,"9/30/2018 1 a.m. EDT",9620,9600,6309,-3311
ISNE,"9/30/2018 2 a.m. EDT",9419,9140,6282,-3137
ISNE,"9/30/2018 3 a.m. EDT",9171,8890,6173,-2998
ISNE,"9/30/2018 4 a.m. EDT",9045,8770,6130,-2915
ISNE,"9/30/2018 5 a.m. EDT",9067,8820,5952,-3115
ISNE,"9/30/2018 6 a.m. EDT",9263,9010,6025,-3238
ISNE,"9/30/2018 7 a.m. EDT",9684,9310,6369,-3315
ISNE,"9/30/2018 8 a.m. EDT",9926,9760,6725,-3201
ISNE,"9/30/2018 9 a.m. EDT",10395,10180,7155,-3240
ISNE,"9/30/2018 10 a.m. EDT",10573,10400,7659,-2914
ISNE,"9/30/2018 11 a.m. EDT",10585,10530,7484,-3101
ISNE,"9/30/2018 12 p.m. EDT",10625,10640,7736,-2889
ISNE,"9/30/2018 1 p.m. EDT",10745,10800,8164,-2581
ISNE,"9/30/2018 2 p.m. EDT",10818,10890,8282,-2536
ISNE,"9/30/2018 3 p.m. EDT",10857,11170,8436,-2421
ISNE,"9/30/2018 4 p.m. EDT",11269,11510,8963,-2306
ISNE,"9/30/2018 5 p.m. EDT",11962,12160,9529,-2433
ISNE,"9/30/2018 6 p.m. EDT",12788,12830,10077,-2711
ISNE,"9/30/2018 7 p.m. EDT",13419,13370,10659,-2760
ISNE,"9/30/2018 8 p.m. EDT",13699,13600,10506,-3193
ISNE,"9/30/2018 9 p.m. EDT",13226,13080,9898,-3328
ISNE,"9/30/2018 10 p.m. EDT",12198,12090,8786,-3412
ISNE,"9/30/2018 11 p.m. EDT",11783,11050,8393,-3390
ISNE,"10/1/2018 12 a.m. EDT",11067,10100,7651,-3416
