"BA Code","Timestamp (Hour Ending)","Demand (MWh)","Demand Forecast (MWh)","Net Generation (MWh)","Total Interchange (MWh)"
ISNE,"12/1/2021 12 a.m. EST",12370,12400,10796,-1574
ISNE,"12/1/2021 1 a.m. EST",11709,11690,9917,-1792
ISNE,"12/1/2021 2 a.m. EST",11549,11280,9713,-1836
ISNE,"12/1/2021 3 a.m. EST",11671,11130,9942,-1729
ISNE,"12/1/2021 4 a.m. EST",11677,11150,9983,-1694
ISNE,"12/1/2021 5 a.m. EST",11773,11520,10148,-1625
ISNE,"12/1/2021 6 a.m. EST",12488,12490,10918,-1570
ISNE,"12/1/2021 7 a.m. EST",14019,14050,12527,-1492
ISNE,"12/1/2021 8 a.m. EST",14836,14840,13002,-1834
ISNE,"12/1/2021 9 a.m. EST",14545,14520,12743,-1802
ISNE,"12/1/2021 10 a.m. EST",13939,13830,12268,-1671
ISNE,"12/1/2021 11 a.m. EST",14032,13560,13068,-964
ISNE,"12/1/2021 12 p.m. EST",14289,13440,13473,-816
ISNE,"12/1/2021 1 p.m. EST",14217,13470,13184,-1033
ISNE,"12/1/2021 2 p.m. EST",14372,13710,13275,-1097
ISNE,"12/1/2021 3 p.m. EST",14603,14070,13056,-1547
ISNE,"12/1/2021 4 p.m. EST",14800,14620,13023,-1777
ISNE,"12/1/2021 5 p.m. EST",15709,15740,13957,-1752
ISNE,"12/1/2021 6 p.m. EST",16542,16570,14848,-1694
ISNE,"12/1/2021 7 p.m. EST",16399,16390,14612,-1787
ISNE,"12/1/2021 8 p.m. EST",15962,15940,14076,-1886
ISNE,"12/1/2021 9 p.m. EST",15314,15350,13463,-1851
ISNE,"12/1/2021 10 p.m. EST",14380,14430,12877,-1503
ISNE,"12/1/2021 11 p.m. EST",13212,13270,11529,-1683
ISNE,"12/2/2021 12 a.m. EST",12163,12240,10490,-1673
ISNE,"12/2/2021 1 a.m. EST",11517,11490,10178,-1339
ISNE,"12/2/2021 2 a.m. EST",11389,11100,10012,-1377
ISNE,"12/2/2021 3 a.m. EST",11525,10900,10212,-1313
ISNE,"12/2/2021 4 a.m. EST",11505,10890,10121,-1384
ISNE,"12/2/2021 5 a.m. EST",11788,11200,10523,-1265
ISNE,"12/2/2021 6 a.m. EST",12417,12100,11350,-1067
ISNE,"12/2/2021 7 a.m. EST",13673,13550,12655,-1018
ISNE,"12/2/2021 8 a.m. EST",14498,14690,12806,-1692
ISNE,"12/2/2021 9 a.m. EST",14808,14800,12991,-1817
ISNE,"12/2/2021 10 a.m. EST",14583,14540,12878,-1705
ISNE,"12/2/2021 11 a.m. EST",14285,14520,13016,-1269
ISNE,"12/2/2021 12 p.m. EST",13970,14470,13015,-955
ISNE,"12/2/2021 1 p.m. EST",14114,14420,13109,-1005
ISNE,"12/2/2021 2 p.m. EST",14448,14500,13487,-961
ISNE,"12/2/2021 3 p.m. EST",14532,14430,13400,-1132
ISNE,"12/2/2021 4 p.m. EST",14989,14710,12991,-1998
ISNE,"12/2/2021 5 p.m. EST",15305,15570,13438,-1867
ISNE,"12/2/2021 6 p.m. EST",15766,16100,13707,-2059
ISNE,"12/2/2021 7 p.m. EST",15747,15870,13624,-2123
ISNE,"12/2/2021 8 p.m. EST",15258,15080,13093,-2165
ISNE,"12/2/2021 9 p.m. EST",14609,14420,12263,-2346
ISNE,"12/2/2021 10 p.m. EST",14216,13500,11789,-2427
ISNE,"12/2/2021 11 p.m. EST",13474,12400,10536,-2938
ISNE,"12/3/2021 12 a.m. EST",12519,11380,9608,-2911
ISNE,"12/3/2021 1 a.m. EST",11606,10730,9426,-2180
ISNE,"12/3/2021 2 a.m. EST",11254,10400,9155,-2099
ISNE,"12/3/2021 3 a.m. EST",11105,10260,9018,-2087
ISNE,"12/3/2021 4 a.m. EST",11301,10310,9263,-2038
ISNE,"12/3/2021 5 a.m. EST",11678,10680,9658,-2020
ISNE,"12/3/2021 6 a.m. EST",12051,11620,10095,-1956
ISNE,"12/3/2021 7 a.m. EST",13120,13160,10933,-2187
ISNE,"12/3/2021 8 a.m. EST",14092,14090,11670,-2422
ISNE,"12/3/2021 9 a.m. EST",14106,14030,11598,-2508
ISNE,"12/3/2021 10 a.m. EST",13435,13410,10958,-2477
ISNE,"12/3/2021 11 a.m. EST",13033,12980,10510,-2523
ISNE,"12/3/2021 12 p.m. EST",12614,12820,10141,-2473
ISNE,"12/3/2021 1 p.m. EST",12402,12630,10107,-2295
ISNE,"12/3/2021 2 p.m. EST",12581,12780,10295,-2286
ISNE,"12/3/2021 3 p.m. EST",13305,13400,10959,-2346
ISNE,"12/3/2021 4 p.m. EST",14345,14220,11831,-2514
ISNE,"12/3/2021 5 p.m. EST",15565,15470,13307,-2258
ISNE,"12/3/2021 6 p.m. EST",16247,16310,14106,-2141
ISNE,"12/3/2021 7 p.m. EST",16055,16070,13721,-2334
ISNE,"12/3/2021 8 p.m. EST",15668,15580,13411,-2257
ISNE,"12/3/2021 9 p.m. EST",15192,15010,12853,-2339
ISNE,"12/3/2021 10 p.m. EST",14512,14320,12183,-2329
ISNE,"12/3/2021 11 p.m. EST",13637,13410,11067,-2570
ISNE,"12/4/2021 12 a.m. EST",12712,12520,10476,-2236
ISNE,"12/4/2021 1 a.m. EST",12320,12040,9845,-2475
ISNE,"12/4/2021 2 a.m. EST",11996,11650,9597,-2399
ISNE,"12/4/2021 3 a.m. EST",11793,11470,9396,-2397
ISNE,"12/4/2021 4 a.m. EST",11760,11430,9310,-2450
ISNE,"12/4/2021 5 a.m. EST",11928,11600,9460,-2468
ISNE,"12/4/2021 6 a.m. EST",12196,12040,9780,-2416
ISNE,"12/4/2021 7 a.m. EST",12738,12760,10373,-2365
ISNE,"12/4/2021 8 a.m. EST",13432,13440,10803,-2629
ISNE,"12/4/2021 9 a.m. EST",13731,13750,11321,-2410
ISNE,"12/4/2021 10 a.m. EST",13648,13650,11196,-2452
ISNE,"12/4/2021 11 a.m. EST",13256,13230,10882,-2374
ISNE,"12/4/2021 12 p.m. EST",12969,12680,10833,-2136
ISNE,"12/4/2021 1 p.m. EST",12964,12600,10448,-2516
ISNE,"12/4/2021 2 p.m. EST",13001,12760,10599,-2402
ISNE,"12/4/2021 3 p.m. EST",13301,13160,10680,-2621
ISNE,"12/4/2021 4 p.m. EST",13968,13850,11527,-2441
ISNE,"12/4/2021 5 p.m. EST",15100,14940,12831,-2269
ISNE,"12/4/2021 6 p.m. EST",15699,15530,13124,-2575
ISNE,"12/4/2021 7 p.m. EST",15499,15270,12971,-2528
ISNE,"12/4/2021 8 p.m. EST",15071,14780,12531,-2540
ISNE,"12/4/2021 9 p.m. EST",14560,14240,12098,-2462
ISNE,"12/4/2021 10 p.m. EST",13916,13610,11533,-2383
ISNE,"12/4/2021 11 p.m. EST",13051,12800,10792,-2259
ISNE,"12/5/2021 12 a.m. EST",12216,11970,9905,-2311
ISNE,"12/5/2021 1 a.m. EST",11766,11580,9963,-1803
ISNE,"12/5/2021 2 a.m. EST",11773,11210,9519,-2254
ISNE,"12/5/2021 3 a.m. EST",11573,10980,9111,-2462
ISNE,"12/5/2021 4 a.m. EST",11505,10930,9143,-2362
ISNE,"12/5/2021 5 a.m. EST",11568,11000,9315,-2253
ISNE,"12/5/2021 6 a.m. EST",11860,11300,9656,-2204
ISNE,"12/5/2021 7 a.m. EST",12389,11830,10125,-2264
ISNE,"12/5/2021 8 a.m. EST",12649,12320,10365,-2284
ISNE,"12/5/2021 9 a.m. EST",12723,12460,10496,-2227
ISNE,"12/5/2021 10 a.m. EST",12471,12390,10046,-2425
ISNE,"12/5/2021 11 a.m. EST",12207,12330,9939,-2268
ISNE,"12/5/2021 12 p.m. EST",11991,12310,9746,-2245
ISNE,"12/5/2021 1 p.m. EST",11701,12240,9464,-2237
ISNE,"12/5/2021 2 p.m. EST",11940,12460,9725,-2215
ISNE,"12/5/2021 3 p.m. EST",12642,12970,10443,-2199
ISNE,"12/5/2021 4 p.m. EST",13622,13760,11324,-2298
ISNE,"12/5/2021 5 p.m. EST",15118,15080,12749,-2369
ISNE,"12/5/2021 6 p.m. EST",15974,15920,13415,-2559
ISNE,"12/5/2021 7 p.m. EST",15805,15630,12935,-2870
ISNE,"12/5/2021 8 p.m. EST",15376,15140,12719,-2657
ISNE,"12/5/2021 9 p.m. EST",14774,14600,12214,-2560
ISNE,"12/5/2021 10 p.m. EST",13843,13750,11109,-2734
ISNE,"12/5/2021 11 p.m. EST",12696,12760,9981,-2715
ISNE,"12/6/2021 12 a.m. EST",11916,11870,9250,-2666
ISNE,"12/6/2021 1 a.m. EST",11525,10990,8856,-2669
ISNE,"12/6/2021 2 a.m. EST",11422,10600,8667,-2755
ISNE,"12/6/2021 3 a.m. EST",11231,10400,8469,-2762
ISNE,"12/6/2021 4 a.m. EST",11218,10390,8457,-2761
ISNE,"12/6/2021 5 a.m. EST",11258,10690,8517,-2741
ISNE,"12/6/2021 6 a.m. EST",12047,11620,9373,-2674
ISNE,"12/6/2021 7 a.m. EST",13103,13140,10492,-2611
ISNE,"12/6/2021 8 a.m. EST",14181,14170,11660,-2521
ISNE,"12/6/2021 9 a.m. EST",14547,14520,11907,-2640
ISNE,"12/6/2021 10 a.m. EST",14666,14660,12042,-2624
ISNE,"12/6/2021 11 a.m. EST",14626,14580,12005,-2621
ISNE,"12/6/2021 12 p.m. EST",14479,14450,11843,-2636
ISNE,"12/6/2021 1 p.m. EST",14287,14420,11707,-2580
ISNE,"12/6/2021 2 p.m. EST",14274,14540,11666,-2608
ISNE,"12/6/2021 3 p.m. EST",14208,14810,11321,-2887
ISNE,"12/6/2021 4 p.m. EST",14460,15230,11447,-3013
ISNE,"12/6/2021 5 p.m. EST",15390,15590,12368,-3022
ISNE,"12/6/2021 6 p.m. EST",16023,16080,13099,-2924
ISNE,"12/6/2021 7 p.m. EST",15727,15670,12748,-2979
ISNE,"12/6/2021 8 p.m. EST",15124,15190,12104,-3020
ISNE,"12/6/2021 9 p.m. EST",14372,14390,11505,-2867
ISNE,"12/6/2021 10 p.m. EST",13419,13410,10256,-3163
ISNE,"12/6/2021 11 p.m. EST",12304,12440,9407,-2897
ISNE,"12/7/2021 12 a.m. EST",11804,11510,8992,-2812
ISNE,"12/7/2021 1 a.m. EST",10926,10620,8757,-2169
ISNE,"12/7/2021 2 a.m. EST",10899,10320,8515,-2384
ISNE,"12/7/2021 3 a.m. EST",10921,10250,8460,-2461
ISNE,"12/7/2021 4 a.m. EST",11062,10340,8574,-2488
ISNE,"12/7/2021 5 a.m. EST",11042,10740,8553,-2489
ISNE,"12/7/2021 6 a.m. EST",11786,11770,9099,-2687
ISNE,"12/7/2021 7 a.m. EST",13361,13410,10768,-2593
ISNE,"12/7/2021 8 a.m. EST",14342,14400,11520,-2822
ISNE,"12/7/2021 9 a.m. EST",14032,14100,11144,-2888
ISNE,"12/7/2021 10 a.m. EST",13272,13290,10278,-2994
ISNE,"12/7/2021 11 a.m. EST",12932,13030,9733,-3199
ISNE,"12/7/2021 12 p.m. EST",13049,13120,10120,-2929
ISNE,"12/7/2021 1 p.m. EST",13279,13260,10214,-3065
ISNE,"12/7/2021 2 p.m. EST",13465,13510,10219,-3246
ISNE,"12/7/2021 3 p.m. EST",13850,14020,10546,-3304
ISNE,"12/7/2021 4 p.m. EST",14713,14760,11177,-3536
ISNE,"12/7/2021 5 p.m. EST",16013,15920,12565,-3448
ISNE,"12/7/2021 6 p.m. EST",16797,16780,13746,-3051
ISNE,"12/7/2021 7 p.m. EST",16652,16580,13288,-3364
ISNE,"12/7/2021 8 p.m. EST",16227,16130,12796,-3431
ISNE,"12/7/2021 9 p.m. EST",15625,15580,12116,-3509
ISNE,"12/7/2021 10 p.m. EST",14717,14640,11489,-3228
ISNE,"12/7/2021 11 p.m. EST",13531,13400,10130,-3401
ISNE,"12/8/2021 12 a.m. EST",12524,12350,9154,-3370
ISNE,"12/8/2021 1 a.m. EST",12263,11760,8263,-4000
ISNE,"12/8/2021 2 a.m. EST",11914,11370,7896,-4018
ISNE,"12/8/2021 3 a.m. EST",11605,11220,7630,-3975
ISNE,"12/8/2021 4 a.m. EST",11626,11250,7716,-3910
ISNE,"12/8/2021 5 a.m. EST",11938,11580,8176,-3762
ISNE,"12/8/2021 6 a.m. EST",12690,12500,8963,-3727
ISNE,"12/8/2021 7 a.m. EST",14107,14040,10899,-3208
ISNE,"12/8/2021 8 a.m. EST",15218,15160,12148,-3070
ISNE,"12/8/2021 9 a.m. EST",15430,15440,12224,-3206
ISNE,"12/8/2021 10 a.m. EST",15430,15450,12217,-3213
ISNE,"12/8/2021 11 a.m. EST",15500,15490,12327,-3173
ISNE,"12/8/2021 12 p.m. EST",15598,15440,12491,-3107
ISNE,"12/8/2021 1 p.m. EST",15683,15390,12635,-3048
ISNE,"12/8/2021 2 p.m. EST",15810,15450,12579,-3231
ISNE,"12/8/2021 3 p.m. EST",15799,15570,12588,-3211
ISNE,"12/8/2021 4 p.m. EST",16092,15880,12923,-3169
ISNE,"12/8/2021 5 p.m. EST",16987,16690,14324,-2663
ISNE,"12/8/2021 6 p.m. EST",17531,17170,15011,-2520
ISNE,"12/8/2021 7 p.m. EST",17308,16830,14385,-2923
ISNE,"12/8/2021 8 p.m. EST",16833,16350,13428,-3405
ISNE,"12/8/2021 9 p.m. EST",16134,15720,12929,-3205
ISNE,"12/8/2021 10 p.m. EST",15194,14780,12026,-3168
ISNE,"12/8/2021 11 p.m. EST",13979,13610,10800,-3179
ISNE,"12/9/2021 12 a.m. EST",12927,12580,9647,-3280
ISNE,"12/9/2021 1 a.m. EST",12243,12230,8807,-3436
ISNE,"12/9/2021 2 a.m. EST",12226,11890,8826,-3400
ISNE,"12/9/2021 3 a.m. EST",12058,11740,8653,-3405
ISNE,"12/9/2021 4 a.m. EST",12084,11760,8790,-3294
ISNE,"12/9/2021 5 a.m. EST",12435,12130,9125,-3310
ISNE,"12/9/2021 6 a.m. EST",13092,13120,9824,-3268
ISNE,"12/9/2021 7 a.m. EST",14702,14740,11518,-3184
ISNE,"12/9/2021 8 a.m. EST",15704,15710,12669,-3035
ISNE,"12/9/2021 9 a.m. EST",15851,15830,12820,-3031
ISNE,"12/9/2021 10 a.m. EST",15450,15420,12298,-3152
ISNE,"12/9/2021 11 a.m. EST",15101,14940,11812,-3289
ISNE,"12/9/2021 12 p.m. EST",15138,14590,11756,-3382
ISNE,"12/9/2021 1 p.m. EST",15162,14440,11786,-3376
ISNE,"12/9/2021 2 p.m. EST",15437,14570,12087,-3350
ISNE,"12/9/2021 3 p.m. EST",15378,14890,12191,-3187
ISNE,"12/9/2021 4 p.m. EST",15867,15640,12667,-3200
ISNE,"12/9/2021 5 p.m. EST",16891,16780,13769,-3122
ISNE,"12/9/2021 6 p.m. EST",17442,17500,14386,-3056
ISNE,"12/9/2021 7 p.m. EST",17203,17220,13992,-3211
ISNE,"12/9/2021 8 p.m. EST",16773,16790,13520,-3253
ISNE,"12/9/2021 9 p.m. EST",16158,16150,12856,-3302
ISNE,"12/9/2021 10 p.m. EST",15229,15210,11934,-3295
ISNE,"12/9/2021 11 p.m. EST",14059,13940,10695,-3364
ISNE,"12/10/2021 12 a.m. EST",13326,12880,9883,-3443
ISNE,"12/10/2021 1 a.m. EST",12975,12340,9893,-3082
ISNE,"12/10/2021 2 a.m. EST",12828,11960,10057,-2771
ISNE,"12/10/2021 3 a.m. EST",12898,11780,10187,-2711
ISNE,"12/10/2021 4 a.m. EST",12888,11780,10275,-2613
ISNE,"12/10/2021 5 a.m. EST",12630,12070,10130,-2500
ISNE,"12/10/2021 6 a.m. EST",12941,12910,10418,-2523
ISNE,"12/10/2021 7 a.m. EST",14357,14390,11839,-2518
ISNE,"12/10/2021 8 a.m. EST",15447,15450,13002,-2445
ISNE,"12/10/2021 9 a.m. EST",15870,15870,13271,-2599
ISNE,"12/10/2021 10 a.m. EST",16015,16040,13433,-2582
ISNE,"12/10/2021 11 a.m. EST",15994,15810,13489,-2505
ISNE,"12/10/2021 12 p.m. EST",15630,15510,13364,-2266
ISNE,"12/10/2021 1 p.m. EST",15444,15210,13025,-2419
ISNE,"12/10/2021 2 p.m. EST",15318,15030,12940,-2378
ISNE,"12/10/2021 3 p.m. EST",14858,14980,12527,-2331
ISNE,"12/10/2021 4 p.m. EST",15153,15100,12638,-2515
ISNE,"12/10/2021 5 p.m. EST",16100,15770,13667,-2433
ISNE,"12/10/2021 6 p.m. EST",16600,16510,14027,-2573
ISNE,"12/10/2021 7 p.m. EST",16262,16040,13460,-2802
ISNE,"12/10/2021 8 p.m. EST",15819,15520,12994,-2825
ISNE,"12/10/2021 9 p.m. EST",15265,14940,12393,-2872
ISNE,"12/10/2021 10 p.m. EST",14525,14200,11602,-2923
ISNE,"12/10/2021 11 p.m. EST",13861,13210,10818,-3043
ISNE,"12/11/2021 12 a.m. EST",12841,12180,9936,-2905
ISNE,"12/11/2021 1 a.m. EST",12389,11760,9575,-2814
ISNE,"12/11/2021 2 a.m. EST",12154,11300,9207,-2947
ISNE,"12/11/2021 3 a.m. EST",11912,11020,8919,-2993
ISNE,"12/11/2021 4 a.m. EST",11774,10900,8726,-3048
ISNE,"12/11/2021 5 a.m. EST",11864,10990,9005,-2859
ISNE,"12/11/2021 6 a.m. EST",11891,11340,9098,-2793
ISNE,"12/11/2021 7 a.m. EST",12269,12010,9213,-3056
ISNE,"12/11/2021 8 a.m. EST",13069,12810,10077,-2992
ISNE,"12/11/2021 9 a.m. EST",13649,13650,10877,-2772
ISNE,"12/11/2021 10 a.m. EST",14316,14310,11592,-2724
ISNE,"12/11/2021 11 a.m. EST",14658,14640,11968,-2690
ISNE,"12/11/2021 12 p.m. EST",14851,14830,12167,-2684
ISNE,"12/11/2021 1 p.m. EST",14744,14750,11989,-2755
ISNE,"12/11/2021 2 p.m. EST",14493,14340,11678,-2815
ISNE,"12/11/2021 3 p.m. EST",14345,14010,11366,-2979
ISNE,"12/11/2021 4 p.m. EST",14381,14080,11479,-2902
ISNE,"12/11/2021 5 p.m. EST",14945,14750,12084,-2861
ISNE,"12/11/2021 6 p.m. EST",15159,15100,12243,-2916
ISNE,"12/11/2021 7 p.m. EST",14761,14740,11585,-3176
ISNE,"12/11/2021 8 p.m. EST",14442,14120,11342,-3100
ISNE,"12/11/2021 9 p.m. EST",13879,13480,11046,-2833
ISNE,"12/11/2021 10 p.m. EST",13210,12780,10211,-2999
ISNE,"12/11/2021 11 p.m. EST",12573,11960,9891,-2682
ISNE,"12/12/2021 12 a.m. EST",11645,11170,8983,-2662
ISNE,"12/12/2021 1 a.m. EST",10914,10370,8191,-2723
ISNE,"12/12/2021 2 a.m. EST",10475,9930,7852,-2623
ISNE,"12/12/2021 3 a.m. EST",10287,9760,7676,-2611
ISNE,"12/12/2021 4 a.m. EST",10271,9730,7712,-2559
ISNE,"12/12/2021 5 a.m. EST",10373,9860,7767,-2606
ISNE,"12/12/2021 6 a.m. EST",11014,10220,8230,-2784
ISNE,"12/12/2021 7 a.m. EST",11388,10800,8482,-2906
ISNE,"12/12/2021 8 a.m. EST",12050,11470,9240,-2810
ISNE,"12/12/2021 9 a.m. EST",12556,11970,9477,-3079
ISNE,"12/12/2021 10 a.m. EST",12461,11840,9148,-3313
ISNE,"12/12/2021 11 a.m. EST",12030,11480,9085,-2945
ISNE,"12/12/2021 12 p.m. EST",11815,11360,8937,-2878
ISNE,"12/12/2021 1 p.m. EST",11806,11570,9233,-2573
ISNE,"12/12/2021 2 p.m. EST",11915,11690,9362,-2553
ISNE,"12/12/2021 3 p.m. EST",12625,12210,10083,-2542
ISNE,"12/12/2021 4 p.m. EST",13293,13200,10393,-2900
ISNE,"12/12/2021 5 p.m. EST",14742,14680,11739,-3003
ISNE,"12/12/2021 6 p.m. EST",15660,15640,12700,-2960
ISNE,"12/12/2021 7 p.m. EST",15581,15560,12574,-3007
ISNE,"12/12/2021 8 p.m. EST",15204,15230,12122,-3082
ISNE,"12/12/2021 9 p.m. EST",14708,14550,11526,-3182
ISNE,"12/12/2021 10 p.m. EST",13909,13670,10815,-3094
ISNE,"12/12/2021 11 p.m. EST",12809,12710,10069,-2740
ISNE,"12/13/2021 12 a.m. EST",11827,11770,9251,-2576
ISNE,"12/13/2021 1 a.m. EST",11175,11150,8747,-2428
ISNE,"12/13/2021 2 a.m. EST",11116,10790,8508,-2608
ISNE,"12/13/2021 3 a.m. EST",11005,10670,8446,-2559
ISNE,"12/13/2021 4 a.m. EST",11064,10730,8639,-2425
ISNE,"12/13/2021 5 a.m. EST",11356,11100,8771,-2585
ISNE,"12/13/2021 6 a.m. EST",12025,12030,9246,-2779
ISNE,"12/13/2021 7 a.m. EST",13565,13580,10800,-2765
ISNE,"12/13/2021 8 a.m. EST",14581,14580,11716,-2865
ISNE,"12/13/2021 9 a.m. EST",14807,14800,11771,-3036
ISNE,"12/13/2021 10 a.m. EST",14774,14780,11767,-3007
ISNE,"12/13/2021 11 a.m. EST",14580,14160,11533,-3047
ISNE,"12/13/2021 12 p.m. EST",14237,13620,11137,-3100
ISNE,"12/13/2021 1 p.m. EST",13365,13270,10285,-3080
ISNE,"12/13/2021 2 p.m. EST",12747,13230,10163,-2584
ISNE,"12/13/2021 3 p.m. EST",13284,13440,10737,-2547
ISNE,"12/13/2021 4 p.m. EST",14199,14120,11357,-2842
ISNE,"12/13/2021 5 p.m. EST",15483,15310,12727,-2756
ISNE,"12/13/2021 6 p.m. EST",16476,16500,13668,-2808
ISNE,"12/13/2021 7 p.m. EST",16311,16140,13538,-2773
ISNE,"12/13/2021 8 p.m. EST",15820,15580,12785,-3035
ISNE,"12/13/2021 9 p.m. EST",15153,14900,12299,-2854
ISNE,"12/13/2021 10 p.m. EST",14245,13980,11251,-2994
ISNE,"12/13/2021 11 p.m. EST",13500,12880,10532,-2968
ISNE,"12/14/2021 12 a.m. EST",11985,11830,9314,-2671
ISNE,"12/14/2021 1 a.m. EST",11528,11200,8821,-2707
ISNE,"12/14/2021 2 a.m. EST",11170,10820,8476,-2694
ISNE,"12/14/2021 3 a.m. EST",11008,10670,8462,-2546
ISNE,"12/14/2021 4 a.m. EST",11039,10710,8455,-2584
ISNE,"12/14/2021 5 a.m. EST",11397,11080,8837,-2560
ISNE,"12/14/2021 6 a.m. EST",12188,12050,9405,-2783
ISNE,"12/14/2021 7 a.m. EST",13601,13610,11075,-2526
ISNE,"12/14/2021 8 a.m. EST",14512,14510,12309,-2203
ISNE,"12/14/2021 9 a.m. EST",14214,14190,12123,-2091
ISNE,"12/14/2021 10 a.m. EST",13347,13310,11313,-2034
ISNE,"12/14/2021 11 a.m. EST",12690,12900,10827,-1863
ISNE,"12/14/2021 12 p.m. EST",12327,12770,10546,-1781
ISNE,"12/14/2021 1 p.m. EST",12232,12740,10556,-1676
ISNE,"12/14/2021 2 p.m. EST",12758,12990,11139,-1619
ISNE,"12/14/2021 3 p.m. EST",13468,13580,12036,-1432
ISNE,"12/14/2021 4 p.m. EST",14071,14370,12139,-1932
ISNE,"12/14/2021 5 p.m. EST",15387,15820,13535,-1852
ISNE,"12/14/2021 6 p.m. EST",16390,16750,14699,-1691
ISNE,"12/14/2021 7 p.m. EST",16330,16500,14434,-1896
ISNE,"12/14/2021 8 p.m. EST",15979,16030,13948,-2031
ISNE,"12/14/2021 9 p.m. EST",15458,15370,13411,-2047
ISNE,"12/14/2021 10 p.m. EST",14592,14440,12468,-2124
ISNE,"12/14/2021 11 p.m. EST",13420,13300,11283,-2137
ISNE,"12/15/2021 12 a.m. EST",12392,12290,10152,-2240
ISNE,"12/15/2021 1 a.m. EST",11716,11690,9406,-2310
ISNE,"12/15/2021 2 a.m. EST",11383,11370,9095,-2288
ISNE,"12/15/2021 3 a.m. EST",11585,11260,9326,-2259
ISNE,"12/15/2021 4 a.m. EST",11666,11330,9469,-2197
ISNE,"12/15/2021 5 a.m. EST",12044,11730,9905,-2139
ISNE,"12/15/2021 6 a.m. EST",13012,12710,10922,-2090
ISNE,"12/15/2021 7 a.m. EST",14314,14320,12316,-1998
ISNE,"12/15/2021 8 a.m. EST",15234,15220,13313,-1921
ISNE,"12/15/2021 9 a.m. EST",15076,15060,13210,-1866
ISNE,"12/15/2021 10 a.m. EST",14430,14400,11798,-2632
ISNE,"12/15/2021 11 a.m. EST",13822,14140,11266,-2556
ISNE,"12/15/2021 12 p.m. EST",13396,13920,11030,-2366
ISNE,"12/15/2021 1 p.m. EST",13527,13780,11049,-2478
ISNE,"12/15/2021 2 p.m. EST",14042,13920,11444,-2598
ISNE,"12/15/2021 3 p.m. EST",14566,14330,11676,-2890
ISNE,"12/15/2021 4 p.m. EST",15148,15050,12412,-2736
ISNE,"12/15/2021 5 p.m. EST",16141,16140,13341,-2800
ISNE,"12/15/2021 6 p.m. EST",16749,17000,13964,-2785
ISNE,"12/15/2021 7 p.m. EST",16464,16580,13938,-2526
ISNE,"12/15/2021 8 p.m. EST",15941,16030,13418,-2523
ISNE,"12/15/2021 9 p.m. EST",15244,15310,12357,-2887
ISNE,"12/15/2021 10 p.m. EST",14290,14280,11731,-2559
ISNE,"12/15/2021 11 p.m. EST",13199,13100,10678,-2521
ISNE,"12/16/2021 12 a.m. EST",12074,11990,9663,-2411
ISNE,"12/16/2021 1 a.m. EST",11471,11130,9011,-2460
ISNE,"12/16/2021 2 a.m. EST",10984,10620,8595,-2389
ISNE,"12/16/2021 3 a.m. EST",10723,10380,8351,-2372
ISNE,"12/16/2021 4 a.m. EST",10657,10320,8378,-2279
ISNE,"12/16/2021 5 a.m. EST",10547,10540,8397,-2150
ISNE,"12/16/2021 6 a.m. EST",11353,11370,8889,-2464
ISNE,"12/16/2021 7 a.m. EST",12835,12840,10129,-2706
ISNE,"12/16/2021 8 a.m. EST",14036,13880,11509,-2527
ISNE,"12/16/2021 9 a.m. EST",14244,14090,11824,-2420
ISNE,"12/16/2021 10 a.m. EST",14104,14080,11835,-2269
ISNE,"12/16/2021 11 a.m. EST",14029,13740,11494,-2535
ISNE,"12/16/2021 12 p.m. EST",13775,13510,11107,-2668
ISNE,"12/16/2021 1 p.m. EST",13526,13460,10809,-2717
ISNE,"12/16/2021 2 p.m. EST",13605,13540,11026,-2579
ISNE,"12/16/2021 3 p.m. EST",13489,13720,11282,-2207
ISNE,"12/16/2021 4 p.m. EST",13830,14120,11672,-2158
ISNE,"12/16/2021 5 p.m. EST",14981,15240,12625,-2356
ISNE,"12/16/2021 6 p.m. EST",15668,15900,13159,-2509
ISNE,"12/16/2021 7 p.m. EST",15456,15570,12729,-2727
ISNE,"12/16/2021 8 p.m. EST",14985,15090,12068,-2917
ISNE,"12/16/2021 9 p.m. EST",14408,14360,11605,-2803
ISNE,"12/16/2021 10 p.m. EST",13754,13470,11016,-2738
ISNE,"12/16/2021 11 p.m. EST",12594,12360,10345,-2249
ISNE,"12/17/2021 12 a.m. EST",11606,11330,8933,-2673
ISNE,"12/17/2021 1 a.m. EST",11425,10490,8606,-2819
ISNE,"12/17/2021 2 a.m. EST",11191,10060,8424,-2767
ISNE,"12/17/2021 3 a.m. EST",10953,9830,8141,-2812
ISNE,"12/17/2021 4 a.m. EST",10909,9800,8264,-2645
ISNE,"12/17/2021 5 a.m. EST",11139,10070,8531,-2608
ISNE,"12/17/2021 6 a.m. EST",11642,10920,8992,-2650
ISNE,"12/17/2021 7 a.m. EST",12346,12370,9451,-2895
ISNE,"12/17/2021 8 a.m. EST",13271,13250,10259,-3012
ISNE,"12/17/2021 9 a.m. EST",13072,13090,10543,-2529
ISNE,"12/17/2021 10 a.m. EST",12324,12240,9829,-2495
ISNE,"12/17/2021 11 a.m. EST",11997,11700,9808,-2189
ISNE,"12/17/2021 12 p.m. EST",11923,11780,9766,-2157
ISNE,"12/17/2021 1 p.m. EST",11836,11700,9718,-2118
ISNE,"12/17/2021 2 p.m. EST",12060,12000,10004,-2056
ISNE,"12/17/2021 3 p.m. EST",12545,12410,10075,-2470
ISNE,"12/17/2021 4 p.m. EST",13332,13490,10980,-2352
ISNE,"12/17/2021 5 p.m. EST",14495,14680,12207,-2288
ISNE,"12/17/2021 6 p.m. EST",15181,15500,13161,-2020
ISNE,"12/17/2021 7 p.m. EST",14991,15440,12501,-2490
ISNE,"12/17/2021 8 p.m. EST",14598,14780,11986,-2612
ISNE,"12/17/2021 9 p.m. EST",14100,14200,11555,-2545
ISNE,"12/17/2021 10 p.m. EST",13478,13470,10865,-2613
ISNE,"12/17/2021 11 p.m. EST",12824,12540,10205,-2619
ISNE,"12/18/2021 12 a.m. EST",12215,11690,9291,-2924
ISNE,"12/18/2021 1 a.m. EST",11604,10990,8807,-2797
ISNE,"12/18/2021 2 a.m. EST",11184,10590,8385,-2799
ISNE,"12/18/2021 3 a.m. EST",10966,10370,8232,-2734
ISNE,"12/18/2021 4 a.m. EST",10898,10300,8305,-2593
ISNE,"12/18/2021 5 a.m. EST",10696,10440,8057,-2639
ISNE,"12/18/2021 6 a.m. EST",10887,10880,7939,-2948
ISNE,"12/18/2021 7 a.m. EST",11572,11570,8832,-2740
ISNE,"12/18/2021 8 a.m. EST",12402,12400,9796,-2606
ISNE,"12/18/2021 9 a.m. EST",13170,13180,10617,-2553
ISNE,"12/18/2021 10 a.m. EST",13601,13700,10722,-2879
ISNE,"12/18/2021 11 a.m. EST",13878,14100,10390,-3488
ISNE,"12/18/2021 12 p.m. EST",14056,14550,10568,-3488
ISNE,"12/18/2021 1 p.m. EST",14252,14520,10642,-3610
ISNE,"12/18/2021 2 p.m. EST",14431,14610,10826,-3605
ISNE,"12/18/2021 3 p.m. EST",14614,14600,11020,-3594
ISNE,"12/18/2021 4 p.m. EST",14954,14810,11453,-3501
ISNE,"12/18/2021 5 p.m. EST",15706,15540,12332,-3374
ISNE,"12/18/2021 6 p.m. EST",16067,15980,12748,-3319
ISNE,"12/18/2021 7 p.m. EST",15760,15650,12339,-3421
ISNE,"12/18/2021 8 p.m. EST",15255,15090,11816,-3439
ISNE,"12/18/2021 9 p.m. EST",14706,14450,11268,-3438
ISNE,"12/18/2021 10 p.m. EST",14006,13700,10787,-3219
ISNE,"12/18/2021 11 p.m. EST",13120,12880,10044,-3076
ISNE,"12/19/2021 12 a.m. EST",12189,12030,9345,-2844
ISNE,"12/19/2021 1 a.m. EST",11752,11430,8634,-3118
ISNE,"12/19/2021 2 a.m. EST",11558,10980,8267,-3291
ISNE,"12/19/2021 3 a.m. EST",11298,10720,8025,-3273
ISNE,"12/19/2021 4 a.m. EST",11395,10630,8047,-3348
ISNE,"12/19/2021 5 a.m. EST",11238,10730,7882,-3356
ISNE,"12/19/2021 6 a.m. EST",11531,11040,8221,-3310
ISNE,"12/19/2021 7 a.m. EST",11828,11600,8526,-3302
ISNE,"12/19/2021 8 a.m. EST",12278,12280,9103,-3175
ISNE,"12/19/2021 9 a.m. EST",13033,13020,9874,-3159
ISNE,"12/19/2021 10 a.m. EST",13534,13600,10221,-3313
ISNE,"12/19/2021 11 a.m. EST",13646,13750,10350,-3296
ISNE,"12/19/2021 12 p.m. EST",13955,13730,10583,-3372
ISNE,"12/19/2021 1 p.m. EST",13806,13680,10403,-3403
ISNE,"12/19/2021 2 p.m. EST",13752,13710,10218,-3534
ISNE,"12/19/2021 3 p.m. EST",14002,13820,10488,-3514
ISNE,"12/19/2021 4 p.m. EST",14648,14420,11287,-3361
ISNE,"12/19/2021 5 p.m. EST",15898,15910,12403,-3495
ISNE,"12/19/2021 6 p.m. EST",16818,16920,13195,-3623
ISNE,"12/19/2021 7 p.m. EST",16743,16590,12974,-3769
ISNE,"12/19/2021 8 p.m. EST",16412,16260,12639,-3773
ISNE,"12/19/2021 9 p.m. EST",15921,15670,12186,-3735
ISNE,"12/19/2021 10 p.m. EST",15127,14800,11464,-3663
ISNE,"12/19/2021 11 p.m. EST",14091,13850,10375,-3716
ISNE,"12/20/2021 12 a.m. EST",13218,12930,9450,-3768
ISNE,"12/20/2021 1 a.m. EST",13035,12500,9249,-3786
ISNE,"12/20/2021 2 a.m. EST",12783,12190,9047,-3736
ISNE,"12/20/2021 3 a.m. EST",12910,12110,9236,-3674
ISNE,"12/20/2021 4 a.m. EST",13013,12190,9282,-3731
ISNE,"12/20/2021 5 a.m. EST",13219,12650,9579,-3640
ISNE,"12/20/2021 6 a.m. EST",13663,13540,10023,-3640
ISNE,"12/20/2021 7 a.m. EST",15165,15130,11440,-3725
ISNE,"12/20/2021 8 a.m. EST",16200,16020,12518,-3682
ISNE,"12/20/2021 9 a.m. EST",16104,15600,12368,-3736
ISNE,"12/20/2021 10 a.m. EST",15428,15200,11767,-3661
ISNE,"12/20/2021 11 a.m. EST",14760,14440,11019,-3741
ISNE,"12/20/2021 12 p.m. EST",14336,13910,11064,-3272
ISNE,"12/20/2021 1 p.m. EST",14107,13660,11079,-3028
ISNE,"12/20/2021 2 p.m. EST",14281,13820,10992,-3289
ISNE,"12/20/2021 3 p.m. EST",14814,14380,11550,-3264
ISNE,"12/20/2021 4 p.m. EST",15654,15350,12487,-3167
ISNE,"12/20/2021 5 p.m. EST",16923,16620,13436,-3487
ISNE,"12/20/2021 6 p.m. EST",17802,17840,14264,-3538
ISNE,"12/20/2021 7 p.m. EST",17645,17540,14119,-3526
ISNE,"12/20/2021 8 p.m. EST",17306,16990,13720,-3586
ISNE,"12/20/2021 9 p.m. EST",16664,16230,13026,-3638
ISNE,"12/20/2021 10 p.m. EST",15710,15220,12065,-3645
ISNE,"12/20/2021 11 p.m. EST",14462,13990,11296,-3166
ISNE,"12/21/2021 12 a.m. EST",13345,12930,10383,-2962
ISNE,"12/21/2021 1 a.m. EST",12590,12570,9863,-2727
ISNE,"12/21/2021 2 a.m. EST",12168,12150,9566,-2602
ISNE,"12/21/2021 3 a.m. EST",11997,11960,9572,-2425
ISNE,"12/21/2021 4 a.m. EST",11993,11980,9640,-2353
ISNE,"12/21/2021 5 a.m. EST",12295,12350,10051,-2244
ISNE,"12/21/2021 6 a.m. EST",13184,13250,10284,-2900
ISNE,"12/21/2021 7 a.m. EST",14661,14760,11329,-3332
ISNE,"12/21/2021 8 a.m. EST",15617,15660,12122,-3495
ISNE,"12/21/2021 9 a.m. EST",15460,15510,12004,-3456
ISNE,"12/21/2021 10 a.m. EST",14796,14950,11448,-3348
ISNE,"12/21/2021 11 a.m. EST",14563,14440,11129,-3434
ISNE,"12/21/2021 12 p.m. EST",14498,14190,11034,-3464
ISNE,"12/21/2021 1 p.m. EST",14632,13930,11248,-3384
ISNE,"12/21/2021 2 p.m. EST",14668,14020,11250,-3418
ISNE,"12/21/2021 3 p.m. EST",15232,14300,11750,-3482
ISNE,"12/21/2021 4 p.m. EST",15398,14900,11755,-3643
ISNE,"12/21/2021 5 p.m. EST",16416,16400,12657,-3759
ISNE,"12/21/2021 6 p.m. EST",17166,17280,13082,-4084
ISNE,"12/21/2021 7 p.m. EST",17030,17260,13041,-3989
ISNE,"12/21/2021 8 p.m. EST",16666,16860,12794,-3872
ISNE,"12/21/2021 9 p.m. EST",16075,16240,12416,-3659
ISNE,"12/21/2021 10 p.m. EST",15218,15280,11707,-3511
ISNE,"12/21/2021 11 p.m. EST",14082,14080,10499,-3583
ISNE,"12/22/2021 12 a.m. EST",13253,12920,9395,-3858
ISNE,"12/22/2021 1 a.m. EST",12952,12290,9348,-3604
ISNE,"12/22/2021 2 a.m. EST",12728,11750,9345,-3383
ISNE,"12/22/2021 3 a.m. EST",12523,11510,9418,-3105
ISNE,"12/22/2021 4 a.m. EST",12471,11440,9470,-3001
ISNE,"12/22/2021 5 a.m. EST",12705,11670,9703,-3002
ISNE,"12/22/2021 6 a.m. EST",13503,12440,10177,-3326
ISNE,"12/22/2021 7 a.m. EST",14573,13640,10980,-3593
ISNE,"12/22/2021 8 a.m. EST",15041,14840,11451,-3590
ISNE,"12/22/2021 9 a.m. EST",15366,15390,11848,-3518
ISNE,"12/22/2021 10 a.m. EST",15596,15690,11936,-3660
ISNE,"12/22/2021 11 a.m. EST",15492,15600,11711,-3781
ISNE,"12/22/2021 12 p.m. EST",15200,15350,11393,-3807
ISNE,"12/22/2021 1 p.m. EST",14667,15060,10866,-3801
ISNE,"12/22/2021 2 p.m. EST",14759,14920,10765,-3994
ISNE,"12/22/2021 3 p.m. EST",14990,14890,10974,-4016
ISNE,"12/22/2021 4 p.m. EST",15161,15020,11217,-3944
ISNE,"12/22/2021 5 p.m. EST",16210,16100,12358,-3852
ISNE,"12/22/2021 6 p.m. EST",17007,17200,12864,-4143
ISNE,"12/22/2021 7 p.m. EST",16864,16810,12616,-4248
ISNE,"12/22/2021 8 p.m. EST",16479,16580,12327,-4152
ISNE,"12/22/2021 9 p.m. EST",15949,16090,11804,-4145
ISNE,"12/22/2021 10 p.m. EST",15160,15320,11077,-4083
ISNE,"12/22/2021 11 p.m. EST",14293,14320,10216,-4077
ISNE,"12/23/2021 12 a.m. EST",13482,13310,9701,-3781
ISNE,"12/23/2021 1 a.m. EST",13082,12230,9297,-3785
ISNE,"12/23/2021 2 a.m. EST",12714,11880,9018,-3696
ISNE,"12/23/2021 3 a.m. EST",12561,11730,8994,-3567
ISNE,"12/23/2021 4 a.m. EST",12630,11810,9018,-3612
ISNE,"12/23/2021 5 a.m. EST",12646,12140,9313,-3333
ISNE,"12/23/2021 6 a.m. EST",13282,12980,9681,-3601
ISNE,"12/23/2021 7 a.m. EST",14290,14330,10448,-3842
ISNE,"12/23/2021 8 a.m. EST",15289,15300,11394,-3895
ISNE,"12/23/2021 9 a.m. EST",15286,15270,11340,-3946
ISNE,"12/23/2021 10 a.m. EST",14633,14420,10730,-3903
ISNE,"12/23/2021 11 a.m. EST",14075,14130,10067,-4008
ISNE,"12/23/2021 12 p.m. EST",13448,14000,9973,-3475
ISNE,"12/23/2021 1 p.m. EST",13447,13970,10057,-3390
ISNE,"12/23/2021 2 p.m. EST",14118,14240,10549,-3569
ISNE,"12/23/2021 3 p.m. EST",14888,14990,10849,-4039
ISNE,"12/23/2021 4 p.m. EST",15509,15810,11439,-4070
ISNE,"12/23/2021 5 p.m. EST",16770,16780,12657,-4113
ISNE,"12/23/2021 6 p.m. EST",17413,17600,12969,-4444
ISNE,"12/23/2021 7 p.m. EST",17265,17430,12922,-4343
ISNE,"12/23/2021 8 p.m. EST",16972,17030,12713,-4259
ISNE,"12/23/2021 9 p.m. EST",16510,16530,12593,-3917
ISNE,"12/23/2021 10 p.m. EST",15815,15680,12156,-3659
ISNE,"12/23/2021 11 p.m. EST",14771,14540,11058,-3713
ISNE,"12/24/2021 12 a.m. EST",13739,13530,10001,-3738
ISNE,"12/24/2021 1 a.m. EST",12941,12920,9194,-3747
ISNE,"12/24/2021 2 a.m. EST",12429,12420,8776,-3653
ISNE,"12/24/2021 3 a.m. EST",12180,12180,8833,-3347
ISNE,"12/24/2021 4 a.m. EST",12114,12120,8859,-3255
ISNE,"12/24/2021 5 a.m. EST",12315,12310,8995,-3320
ISNE,"12/24/2021 6 a.m. EST",12832,12840,9474,-3358
ISNE,"12/24/2021 7 a.m. EST",13562,13580,10156,-3406
ISNE,"12/24/2021 8 a.m. EST",14369,14390,10831,-3538
ISNE,"12/24/2021 9 a.m. EST",15231,15250,11585,-3646
ISNE,"12/24/2021 10 a.m. EST",15856,15900,12248,-3608
ISNE,"12/24/2021 11 a.m. EST",16140,15740,12541,-3599
ISNE,"12/24/2021 12 p.m. EST",16205,15640,12101,-4104
ISNE,"12/24/2021 1 p.m. EST",16121,15580,11909,-4212
ISNE,"12/24/2021 2 p.m. EST",16242,15610,12103,-4139
ISNE,"12/24/2021 3 p.m. EST",16092,15860,12108,-3984
ISNE,"12/24/2021 4 p.m. EST",16076,16270,12208,-3868
ISNE,"12/24/2021 5 p.m. EST",16623,16680,12922,-3701
ISNE,"12/24/2021 6 p.m. EST",16772,17030,13073,-3699
ISNE,"12/24/2021 7 p.m. EST",16129,16340,12319,-3810
ISNE,"12/24/2021 8 p.m. EST",15527,15680,11837,-3690
ISNE,"12/24/2021 9 p.m. EST",15319,15220,11841,-3478
ISNE,"12/24/2021 10 p.m. EST",14644,14760,11374,-3270
ISNE,"12/24/2021 11 p.m. EST",13839,14090,10677,-3162
ISNE,"12/25/2021 12 a.m. EST",13061,13240,9798,-3263
ISNE,"12/25/2021 1 a.m. EST",12353,12290,8994,-3359
ISNE,"12/25/2021 2 a.m. EST",12140,11810,8765,-3375
ISNE,"12/25/2021 3 a.m. EST",12074,11520,8738,-3336
ISNE,"12/25/2021 4 a.m. EST",11958,11420,8658,-3300
ISNE,"12/25/2021 5 a.m. EST",12269,11440,8782,-3487
ISNE,"12/25/2021 6 a.m. EST",12519,11670,9013,-3506
ISNE,"12/25/2021 7 a.m. EST",12989,12160,9619,-3370
ISNE,"12/25/2021 8 a.m. EST",13726,12900,10387,-3339
ISNE,"12/25/2021 9 a.m. EST",14021,13720,10768,-3253
ISNE,"12/25/2021 10 a.m. EST",14317,14250,11052,-3265
ISNE,"12/25/2021 11 a.m. EST",14612,14560,11315,-3297
ISNE,"12/25/2021 12 p.m. EST",14891,14640,11465,-3426
ISNE,"12/25/2021 1 p.m. EST",15016,14150,11686,-3330
ISNE,"12/25/2021 2 p.m. EST",14787,13970,11503,-3284
ISNE,"12/25/2021 3 p.m. EST",14450,13900,11135,-3315
ISNE,"12/25/2021 4 p.m. EST",14343,14240,11144,-3199
ISNE,"12/25/2021 5 p.m. EST",14728,15280,11507,-3221
ISNE,"12/25/2021 6 p.m. EST",14887,15750,11784,-3103
ISNE,"12/25/2021 7 p.m. EST",14624,14760,11499,-3125
ISNE,"12/25/2021 8 p.m. EST",14289,14490,11133,-3156
ISNE,"12/25/2021 9 p.m. EST",14211,14150,11080,-3131
ISNE,"12/25/2021 10 p.m. EST",13721,13550,10583,-3138
ISNE,"12/25/2021 11 p.m. EST",13028,12780,9877,-3151
ISNE,"12/26/2021 12 a.m. EST",12272,11940,8961,-3311
ISNE,"12/26/2021 1 a.m. EST",11951,11370,8695,-3256
ISNE,"12/26/2021 2 a.m. EST",11855,10970,8555,-3300
ISNE,"12/26/2021 3 a.m. EST",11904,10790,8578,-3326
ISNE,"12/26/2021 4 a.m. EST",11828,10730,8532,-3296
ISNE,"12/26/2021 5 a.m. EST",11874,10790,8584,-3290
ISNE,"12/26/2021 6 a.m. EST",12079,11030,8824,-3255
ISNE,"12/26/2021 7 a.m. EST",12252,11510,8977,-3275
ISNE,"12/26/2021 8 a.m. EST",12596,12090,9450,-3146
ISNE,"12/26/2021 9 a.m. EST",12641,12620,9522,-3119
ISNE,"12/26/2021 10 a.m. EST",12806,12900,9701,-3105
ISNE,"12/26/2021 11 a.m. EST",12988,12890,9828,-3160
ISNE,"12/26/2021 12 p.m. EST",13373,12880,10193,-3180
ISNE,"12/26/2021 1 p.m. EST",13508,12920,10190,-3318
ISNE,"12/26/2021 2 p.m. EST",13614,12950,10235,-3379
ISNE,"12/26/2021 3 p.m. EST",13513,13180,10139,-3374
ISNE,"12/26/2021 4 p.m. EST",13969,13700,10221,-3748
ISNE,"12/26/2021 5 p.m. EST",15043,15060,11444,-3599
ISNE,"12/26/2021 6 p.m. EST",15794,16000,12106,-3688
ISNE,"12/26/2021 7 p.m. EST",15631,15720,11910,-3721
ISNE,"12/26/2021 8 p.m. EST",15239,15270,11463,-3776
ISNE,"12/26/2021 9 p.m. EST",14699,14840,10889,-3810
ISNE,"12/26/2021 10 p.m. EST",14012,14100,10085,-3927
ISNE,"12/26/2021 11 p.m. EST",13131,13180,9468,-3663
ISNE,"12/27/2021 12 a.m. EST",12280,12310,8909,-3371
ISNE,"12/27/2021 1 a.m. EST",11685,11670,8619,-3066
ISNE,"12/27/2021 2 a.m. EST",11653,11340,8452,-3201
ISNE,"12/27/2021 3 a.m. EST",11540,11210,8347,-3193
ISNE,"12/27/2021 4 a.m. EST",11814,11280,8421,-3393
ISNE,"12/27/2021 5 a.m. EST",11919,11610,8667,-3252
ISNE,"12/27/2021 6 a.m. EST",12431,12350,9336,-3095
ISNE,"12/27/2021 7 a.m. EST",13378,13390,9849,-3529
ISNE,"12/27/2021 8 a.m. EST",14162,14170,10285,-3877
ISNE,"12/27/2021 9 a.m. EST",14553,14510,10522,-4031
ISNE,"12/27/2021 10 a.m. EST",15019,15030,11327,-3692
ISNE,"12/27/2021 11 a.m. EST",15508,14900,12071,-3437
ISNE,"12/27/2021 12 p.m. EST",15559,14860,12087,-3472
ISNE,"12/27/2021 1 p.m. EST",15303,14820,11850,-3453
ISNE,"12/27/2021 2 p.m. EST",15147,14890,11607,-3540
ISNE,"12/27/2021 3 p.m. EST",15194,15040,11460,-3734
ISNE,"12/27/2021 4 p.m. EST",15646,15490,12008,-3638
ISNE,"12/27/2021 5 p.m. EST",16538,16550,13124,-3414
ISNE,"12/27/2021 6 p.m. EST",17179,17250,13872,-3307
ISNE,"12/27/2021 7 p.m. EST",16866,17060,13523,-3343
ISNE,"12/27/2021 8 p.m. EST",16259,16650,12671,-3588
ISNE,"12/27/2021 9 p.m. EST",15617,16010,11938,-3679
ISNE,"12/27/2021 10 p.m. EST",14763,15090,11012,-3751
ISNE,"12/27/2021 11 p.m. EST",13684,13910,9905,-3779
ISNE,"12/28/2021 12 a.m. EST",12704,12850,9340,-3364
ISNE,"12/28/2021 1 a.m. EST",11986,11970,8810,-3176
ISNE,"12/28/2021 2 a.m. EST",11750,11570,8495,-3255
ISNE,"12/28/2021 3 a.m. EST",11659,11390,8394,-3265
ISNE,"12/28/2021 4 a.m. EST",11656,11390,8437,-3219
ISNE,"12/28/2021 5 a.m. EST",11914,11660,8758,-3156
ISNE,"12/28/2021 6 a.m. EST",12309,12320,9199,-3110
ISNE,"12/28/2021 7 a.m. EST",13344,13360,10260,-3084
ISNE,"12/28/2021 8 a.m. EST",14259,14270,11132,-3127
ISNE,"12/28/2021 9 a.m. EST",14822,14840,11695,-3127
ISNE,"12/28/2021 10 a.m. EST",14971,14930,11864,-3107
ISNE,"12/28/2021 11 a.m. EST",14680,14570,11581,-3099
ISNE,"12/28/2021 12 p.m. EST",14159,14230,10997,-3162
ISNE,"12/28/2021 1 p.m. EST",13877,13900,10792,-3085
ISNE,"12/28/2021 2 p.m. EST",14003,13900,10957,-3046
ISNE,"12/28/2021 3 p.m. EST",14488,14070,11210,-3278
ISNE,"12/28/2021 4 p.m. EST",14878,14600,11607,-3271
ISNE,"12/28/2021 5 p.m. EST",15836,15860,12521,-3315
ISNE,"12/28/2021 6 p.m. EST",16511,16710,13062,-3449
ISNE,"12/28/2021 7 p.m. EST",16187,16480,12582,-3605
ISNE,"12/28/2021 8 p.m. EST",15626,15980,12129,-3497
ISNE,"12/28/2021 9 p.m. EST",14975,15390,11807,-3168
ISNE,"12/28/2021 10 p.m. EST",14146,14510,10631,-3515
ISNE,"12/28/2021 11 p.m. EST",13055,13360,9471,-3584
ISNE,"12/29/2021 12 a.m. EST",12281,12370,8750,-3531
ISNE,"12/29/2021 1 a.m. EST",11789,11400,8305,-3484
ISNE,"12/29/2021 2 a.m. EST",11585,11010,7925,-3660
ISNE,"12/29/2021 3 a.m. EST",11605,10830,8035,-3570
ISNE,"12/29/2021 4 a.m. EST",11465,10830,7841,-3624
ISNE,"12/29/2021 5 a.m. EST",11627,11110,8069,-3558
ISNE,"12/29/2021 6 a.m. EST",12333,11830,8834,-3499
ISNE,"12/29/2021 7 a.m. EST",13192,12890,9959,-3233
ISNE,"12/29/2021 8 a.m. EST",14045,13790,10612,-3433
ISNE,"12/29/2021 9 a.m. EST",14320,14310,10945,-3375
ISNE,"12/29/2021 10 a.m. EST",14508,14570,11058,-3450
ISNE,"12/29/2021 11 a.m. EST",14628,14810,11269,-3359
ISNE,"12/29/2021 12 p.m. EST",14844,14690,11475,-3369
ISNE,"12/29/2021 1 p.m. EST",14918,14620,11738,-3180
ISNE,"12/29/2021 2 p.m. EST",14917,14830,11846,-3071
ISNE,"12/29/2021 3 p.m. EST",14859,15130,11757,-3102
ISNE,"12/29/2021 4 p.m. EST",15100,15450,11863,-3237
ISNE,"12/29/2021 5 p.m. EST",15924,16040,13029,-2895
ISNE,"12/29/2021 6 p.m. EST",16457,16780,13529,-2928
ISNE,"12/29/2021 7 p.m. EST",16121,16370,13150,-2971
ISNE,"12/29/2021 8 p.m. EST",15554,15830,12630,-2924
ISNE,"12/29/2021 9 p.m. EST",14903,15230,11956,-2947
ISNE,"12/29/2021 10 p.m. EST",14058,14350,11151,-2907
ISNE,"12/29/2021 11 p.m. EST",13044,13240,10132,-2912
ISNE,"12/30/2021 12 a.m. EST",12552,12230,9302,-3250
ISNE,"12/30/2021 1 a.m. EST",11712,11320,8741,-2971
ISNE,"12/30/2021 2 a.m. EST",11167,10890,8055,-3112
ISNE,"12/30/2021 3 a.m. EST",10939,10670,7892,-3047
ISNE,"12/30/2021 4 a.m. EST",10896,10630,7832,-3064
ISNE,"12/30/2021 5 a.m. EST",11139,10870,8140,-2999
ISNE,"12/30/2021 6 a.m. EST",11560,11650,8593,-2967
ISNE,"12/30/2021 7 a.m. EST",12582,12830,9763,-2819
ISNE,"12/30/2021 8 a.m. EST",13483,13800,10631,-2852
ISNE,"12/30/2021 9 a.m. EST",14087,14200,11237,-2850
ISNE,"12/30/2021 10 a.m. EST",14476,14500,11634,-2842
ISNE,"12/30/2021 11 a.m. EST",14652,14560,11744,-2908
ISNE,"12/30/2021 12 p.m. EST",14629,14530,11575,-3054
ISNE,"12/30/2021 1 p.m. EST",14540,14530,11448,-3092
ISNE,"12/30/2021 2 p.m. EST",14529,14530,11497,-3032
ISNE,"12/30/2021 3 p.m. EST",14523,14530,11419,-3104
ISNE,"12/30/2021 4 p.m. EST",14743,14780,11635,-3108
ISNE,"12/30/2021 5 p.m. EST",15477,15550,12357,-3120
ISNE,"12/30/2021 6 p.m. EST",16028,16160,12993,-3035
ISNE,"12/30/2021 7 p.m. EST",15669,15890,12836,-2833
ISNE,"12/30/2021 8 p.m. EST",15111,15380,12410,-2701
ISNE,"12/30/2021 9 p.m. EST",14498,14690,11877,-2621
ISNE,"12/30/2021 10 p.m. EST",13731,13810,10811,-2920
ISNE,"12/30/2021 11 p.m. EST",12731,12720,9743,-2988
ISNE,"12/31/2021 12 a.m. EST",11999,11710,8931,-3068
ISNE,"12/31/2021 1 a.m. EST",11142,11050,8222,-2920
ISNE,"12/31/2021 2 a.m. EST",10854,10590,7635,-3219
ISNE,"12/31/2021 3 a.m. EST",10846,10310,7550,-3296
ISNE,"12/31/2021 4 a.m. EST",10775,10260,7380,-3395
ISNE,"12/31/2021 5 a.m. EST",10668,10430,7335,-3333
ISNE,"12/31/2021 6 a.m. EST",11134,10950,7932,-3202
ISNE,"12/31/2021 7 a.m. EST",11821,11720,8700,-3121
ISNE,"12/31/2021 8 a.m. EST",12407,12440,9219,-3188
ISNE,"12/31/2021 9 a.m. EST",12833,13100,9739,-3094
ISNE,"12/31/2021 10 a.m. EST",13053,13300,9995,-3058
ISNE,"12/31/2021 11 a.m. EST",13181,13400,10075,-3106
ISNE,"12/31/2021 12 p.m. EST",13272,13500,10131,-3141
ISNE,"12/31/2021 1 p.m. EST",13440,13540,10273,-3167
ISNE,"12/31/2021 2 p.m. EST",13634,13570,10718,-2916
ISNE,"12/31/2021 3 p.m. EST",13816,13580,10862,-2954
ISNE,"12/31/2021 4 p.m. EST",14178,13880,11244,-2934
ISNE,"12/31/2021 5 p.m. EST",14961,14620,12007,-2954
ISNE,"12/31/2021 6 p.m. EST",15350,15050,12162,-3188
ISNE,"12/31/2021 7 p.m. EST",14859,14330,11754,-3105
ISNE,"12/31/2021 8 p.m. EST",14184,13360,11296,-2888
ISNE,"12/31/2021 9 p.m. EST",13515,12680,10491,-3024
ISNE,"12/31/2021 10 p.m. EST",12888,12330,9851,-3037
ISNE,"12/31/2021 11 p.m. EST",12217,11940,9249,-2968
ISNE,"1/1/2022 12 a.m. EST",11758,11480,8922,-2836
