"BA Code","Timestamp (Hour Ending)","Demand (MWh)","Demand Forecast (MWh)","Net Generation (MWh)","Total Interchange (MWh)"
ISNE,"3/1/2017 12 a.m. EST",11633,11320,9617,-2016
ISNE,"3/1/2017 1 a.m. EST",11241,10560,9052,-2189
ISNE,"3/1/2017 2 a.m. EST",11007,10160,9011,-1996
ISNE,"3/1/2017 3 a.m. EST",10645,9970,8437,-2208
ISNE,"3/1/2017 4 a.m. EST",10602,9980,8457,-2145
ISNE,"3/1/2017 5 a.m. EST",10911,10220,8974,-1937
ISNE,"3/1/2017 6 a.m. EST",11700,11240,9651,-2049
ISNE,"3/1/2017 7 a.m. EST",12800,12830,10792,-2008
ISNE,"3/1/2017 8 a.m. EST",13789,13790,11699,-2090
ISNE,"3/1/2017 9 a.m. EST",14036,13970,12023,-2013
ISNE,"3/1/2017 10 a.m. EST",14159,13970,12110,-2049
ISNE,"3/1/2017 11 a.m. EST",14292,14140,11954,-2338
ISNE,"3/1/2017 12 p.m. EST",14299,14030,11907,-2392
ISNE,"3/1/2017 1 p.m. EST",14209,13940,11546,-2663
ISNE,"3/1/2017 2 p.m. EST",14088,13900,11302,-2786
ISNE,"3/1/2017 3 p.m. EST",13992,13990,11211,-2781
ISNE,"3/1/2017 4 p.m. EST",14090,14100,11231,-2859
ISNE,"3/1/2017 5 p.m. EST",14372,14510,11725,-2647
ISNE,"3/1/2017 6 p.m. EST",15063,15170,12475,-2588
ISNE,"3/1/2017 7 p.m. EST",15472,15700,13155,-2317
ISNE,"3/1/2017 8 p.m. EST",15075,15290,12962,-2113
ISNE,"3/1/2017 9 p.m. EST",14430,14540,11848,-2582
ISNE,"3/1/2017 10 p.m. EST",13409,13520,10759,-2650
ISNE,"3/1/2017 11 p.m. EST",12156,12170,9751,-2405
ISNE,"3/2/2017 12 a.m. EST",11122,11100,9164,-1958
ISNE,"3/2/2017 1 a.m. EST",10951,10360,8571,-2380
ISNE,"3/2/2017 2 a.m. EST",10894,9890,8603,-2291
ISNE,"3/2/2017 3 a.m. EST",10746,9650,8767,-1979
ISNE,"3/2/2017 4 a.m. EST",10964,9660,8706,-2258
ISNE,"3/2/2017 5 a.m. EST",11193,9920,8667,-2526
ISNE,"3/2/2017 6 a.m. EST",11408,10990,9365,-2043
ISNE,"3/2/2017 7 a.m. EST",12600,12650,10346,-2254
ISNE,"3/2/2017 8 a.m. EST",13400,13600,10744,-2656
ISNE,"3/2/2017 9 a.m. EST",13532,13780,11013,-2519
ISNE,"3/2/2017 10 a.m. EST",13529,13730,10954,-2575
ISNE,"3/2/2017 11 a.m. EST",13314,13320,10596,-2718
ISNE,"3/2/2017 12 p.m. EST",13071,13290,10347,-2724
ISNE,"3/2/2017 1 p.m. EST",12950,13230,10512,-2438
ISNE,"3/2/2017 2 p.m. EST",13022,13040,10632,-2390
ISNE,"3/2/2017 3 p.m. EST",13110,13260,10839,-2271
ISNE,"3/2/2017 4 p.m. EST",13376,13620,10938,-2438
ISNE,"3/2/2017 5 p.m. EST",14169,14290,11736,-2433
ISNE,"3/2/2017 6 p.m. EST",15309,15320,12951,-2358
ISNE,"3/2/2017 7 p.m. EST",16228,16000,13858,-2370
ISNE,"3/2/2017 8 p.m. EST",16046,15850,13634,-2412
ISNE,"3/2/2017 9 p.m. EST",15602,15450,13537,-2065
ISNE,"3/2/2017 10 p.m. EST",14725,14580,12735,-1990
ISNE,"3/2/2017 11 p.m. EST",13532,13370,11075,-2457
ISNE,"3/3/2017 12 a.m. EST",12901,12360,10494,-2407
ISNE,"3/3/2017 1 a.m. EST",12266,11740,10193,-2073
ISNE,"3/3/2017 2 a.m. EST",11996,11340,10067,-1929
ISNE,"3/3/2017 3 a.m. EST",12098,11190,10135,-1963
ISNE,"3/3/2017 4 a.m. EST",12144,11260,10135,-2009
ISNE,"3/3/2017 5 a.m. EST",12345,11640,10352,-1993
ISNE,"3/3/2017 6 a.m. EST",13441,12800,11393,-2048
ISNE,"3/3/2017 7 a.m. EST",14596,14460,12885,-1711
ISNE,"3/3/2017 8 a.m. EST",15192,15230,13486,-1706
ISNE,"3/3/2017 9 a.m. EST",14910,15220,13141,-1769
ISNE,"3/3/2017 10 a.m. EST",14517,14940,12740,-1777
ISNE,"3/3/2017 11 a.m. EST",14209,14760,12222,-1987
ISNE,"3/3/2017 12 p.m. EST",13986,14550,11980,-2006
ISNE,"3/3/2017 1 p.m. EST",13764,14400,11793,-1971
ISNE,"3/3/2017 2 p.m. EST",13860,14290,11785,-2075
ISNE,"3/3/2017 3 p.m. EST",14126,14280,11861,-2265
ISNE,"3/3/2017 4 p.m. EST",14544,14440,12206,-2338
ISNE,"3/3/2017 5 p.m. EST",14840,15010,12627,-2213
ISNE,"3/3/2017 6 p.m. EST",15712,15850,13123,-2589
ISNE,"3/3/2017 7 p.m. EST",16369,16480,13707,-2662
ISNE,"3/3/2017 8 p.m. EST",16114,16150,13475,-2639
ISNE,"3/3/2017 9 p.m. EST",15708,15710,13292,-2416
ISNE,"3/3/2017 10 p.m. EST",15102,15140,12928,-2174
ISNE,"3/3/2017 11 p.m. EST",14233,14260,12260,-1973
ISNE,"3/4/2017 12 a.m. EST",13338,13300,11598,-1740
ISNE,"3/4/2017 1 a.m. EST",12781,12720,10781,-2000
ISNE,"3/4/2017 2 a.m. EST",12701,12380,10524,-2177
ISNE,"3/4/2017 3 a.m. EST",12586,12250,10189,-2397
ISNE,"3/4/2017 4 a.m. EST",12610,12220,10134,-2476
ISNE,"3/4/2017 5 a.m. EST",12798,12430,10429,-2369
ISNE,"3/4/2017 6 a.m. EST",13048,12940,10819,-2229
ISNE,"3/4/2017 7 a.m. EST",13703,13730,11429,-2274
ISNE,"3/4/2017 8 a.m. EST",14261,14440,11799,-2462
ISNE,"3/4/2017 9 a.m. EST",14651,15110,12259,-2392
ISNE,"3/4/2017 10 a.m. EST",14855,15290,12483,-2372
ISNE,"3/4/2017 11 a.m. EST",15123,15320,12664,-2459
ISNE,"3/4/2017 12 p.m. EST",15195,15130,12708,-2487
ISNE,"3/4/2017 1 p.m. EST",14939,14960,12456,-2483
ISNE,"3/4/2017 2 p.m. EST",14486,14640,12088,-2398
ISNE,"3/4/2017 3 p.m. EST",14274,14580,11881,-2393
ISNE,"3/4/2017 4 p.m. EST",14554,14760,11999,-2555
ISNE,"3/4/2017 5 p.m. EST",15325,15220,12700,-2625
ISNE,"3/4/2017 6 p.m. EST",16453,16310,13566,-2887
ISNE,"3/4/2017 7 p.m. EST",17276,17110,14775,-2501
ISNE,"3/4/2017 8 p.m. EST",17068,16970,14440,-2628
ISNE,"3/4/2017 9 p.m. EST",16718,16670,14085,-2633
ISNE,"3/4/2017 10 p.m. EST",16152,16020,13735,-2417
ISNE,"3/4/2017 11 p.m. EST",15301,15270,12811,-2490
ISNE,"3/5/2017 12 a.m. EST",14504,14320,12000,-2504
ISNE,"3/5/2017 1 a.m. EST",13922,13700,11505,-2417
ISNE,"3/5/2017 2 a.m. EST",13566,13360,10870,-2696
ISNE,"3/5/2017 3 a.m. EST",13401,13190,10747,-2654
ISNE,"3/5/2017 4 a.m. EST",13352,13120,10703,-2649
ISNE,"3/5/2017 5 a.m. EST",13438,13250,10774,-2664
ISNE,"3/5/2017 6 a.m. EST",13799,13800,11261,-2538
ISNE,"3/5/2017 7 a.m. EST",14399,14130,11845,-2554
ISNE,"3/5/2017 8 a.m. EST",14390,14690,11965,-2425
ISNE,"3/5/2017 9 a.m. EST",14525,14850,12269,-2256
ISNE,"3/5/2017 10 a.m. EST",14499,14870,12116,-2383
ISNE,"3/5/2017 11 a.m. EST",14409,14800,11991,-2418
ISNE,"3/5/2017 12 p.m. EST",14265,14540,11818,-2447
ISNE,"3/5/2017 1 p.m. EST",14037,14290,11602,-2435
ISNE,"3/5/2017 2 p.m. EST",13764,13990,11460,-2304
ISNE,"3/5/2017 3 p.m. EST",13889,13920,11445,-2444
ISNE,"3/5/2017 4 p.m. EST",14254,14290,11705,-2549
ISNE,"3/5/2017 5 p.m. EST",15089,14770,12455,-2634
ISNE,"3/5/2017 6 p.m. EST",16080,16110,13413,-2667
ISNE,"3/5/2017 7 p.m. EST",17028,17110,14313,-2715
ISNE,"3/5/2017 8 p.m. EST",16798,16810,14269,-2529
ISNE,"3/5/2017 9 p.m. EST",16293,16330,13460,-2833
ISNE,"3/5/2017 10 p.m. EST",15383,15470,12509,-2874
ISNE,"3/5/2017 11 p.m. EST",14275,14520,11716,-2559
ISNE,"3/6/2017 12 a.m. EST",13567,13570,11027,-2540
ISNE,"3/6/2017 1 a.m. EST",13065,13100,10508,-2557
ISNE,"3/6/2017 2 a.m. EST",13088,12850,10361,-2727
ISNE,"3/6/2017 3 a.m. EST",13067,12750,10288,-2779
ISNE,"3/6/2017 4 a.m. EST",13167,12880,10302,-2865
ISNE,"3/6/2017 5 a.m. EST",13527,13280,10729,-2798
ISNE,"3/6/2017 6 a.m. EST",14247,14440,11694,-2553
ISNE,"3/6/2017 7 a.m. EST",15870,16340,13597,-2273
ISNE,"3/6/2017 8 a.m. EST",16383,17080,14172,-2211
ISNE,"3/6/2017 9 a.m. EST",15905,16440,13639,-2266
ISNE,"3/6/2017 10 a.m. EST",15354,15650,13156,-2198
ISNE,"3/6/2017 11 a.m. EST",14965,15320,13098,-1867
ISNE,"3/6/2017 12 p.m. EST",14621,15030,12785,-1836
ISNE,"3/6/2017 1 p.m. EST",14244,14630,12366,-1878
ISNE,"3/6/2017 2 p.m. EST",14320,14260,12338,-1982
ISNE,"3/6/2017 3 p.m. EST",14289,14200,12107,-2182
ISNE,"3/6/2017 4 p.m. EST",14552,14360,12227,-2325
ISNE,"3/6/2017 5 p.m. EST",14983,15030,12788,-2195
ISNE,"3/6/2017 6 p.m. EST",16063,16310,13679,-2384
ISNE,"3/6/2017 7 p.m. EST",16875,17220,14343,-2532
ISNE,"3/6/2017 8 p.m. EST",16574,17040,14005,-2569
ISNE,"3/6/2017 9 p.m. EST",15936,16410,13416,-2520
ISNE,"3/6/2017 10 p.m. EST",14894,15340,12396,-2498
ISNE,"3/6/2017 11 p.m. EST",13602,14010,11011,-2591
ISNE,"3/7/2017 12 a.m. EST",12595,12960,9942,-2653
ISNE,"3/7/2017 1 a.m. EST",12046,12170,9377,-2669
ISNE,"3/7/2017 2 a.m. EST",11718,11950,9237,-2481
ISNE,"3/7/2017 3 a.m. EST",11864,11730,9575,-2289
ISNE,"3/7/2017 4 a.m. EST",12030,11720,10002,-2028
ISNE,"3/7/2017 5 a.m. EST",12094,11600,9934,-2160
ISNE,"3/7/2017 6 a.m. EST",12841,12670,10642,-2199
ISNE,"3/7/2017 7 a.m. EST",14263,14290,12045,-2218
ISNE,"3/7/2017 8 a.m. EST",15248,15070,13348,-1900
ISNE,"3/7/2017 9 a.m. EST",15407,15200,13430,-1977
ISNE,"3/7/2017 10 a.m. EST",15418,15230,13479,-1939
ISNE,"3/7/2017 11 a.m. EST",15484,15140,13490,-1994
ISNE,"3/7/2017 12 p.m. EST",15428,15070,13188,-2240
ISNE,"3/7/2017 1 p.m. EST",15299,15000,13087,-2212
ISNE,"3/7/2017 2 p.m. EST",15209,14900,12885,-2324
ISNE,"3/7/2017 3 p.m. EST",15333,14880,13073,-2260
ISNE,"3/7/2017 4 p.m. EST",15495,14930,13298,-2197
ISNE,"3/7/2017 5 p.m. EST",15584,15310,13175,-2409
ISNE,"3/7/2017 6 p.m. EST",16184,16200,13547,-2637
ISNE,"3/7/2017 7 p.m. EST",16396,16730,13855,-2541
ISNE,"3/7/2017 8 p.m. EST",15969,16320,13417,-2552
ISNE,"3/7/2017 9 p.m. EST",15231,15520,12841,-2390
ISNE,"3/7/2017 10 p.m. EST",14166,14410,11540,-2626
ISNE,"3/7/2017 11 p.m. EST",13118,12920,10290,-2828
ISNE,"3/8/2017 12 a.m. EST",12195,11730,9868,-2327
ISNE,"3/8/2017 1 a.m. EST",11561,10990,9335,-2226
ISNE,"3/8/2017 2 a.m. EST",11272,10620,9157,-2115
ISNE,"3/8/2017 3 a.m. EST",11416,10420,9162,-2254
ISNE,"3/8/2017 4 a.m. EST",11416,10370,9096,-2320
ISNE,"3/8/2017 5 a.m. EST",11301,10630,9116,-2185
ISNE,"3/8/2017 6 a.m. EST",11921,11600,9666,-2255
ISNE,"3/8/2017 7 a.m. EST",13604,13300,11254,-2350
ISNE,"3/8/2017 8 a.m. EST",14467,14350,12304,-2163
ISNE,"3/8/2017 9 a.m. EST",14671,14350,12546,-2125
ISNE,"3/8/2017 10 a.m. EST",14436,14310,11982,-2454
ISNE,"3/8/2017 11 a.m. EST",14121,14170,12022,-2099
ISNE,"3/8/2017 12 p.m. EST",13750,13980,11727,-2023
ISNE,"3/8/2017 1 p.m. EST",13445,13760,11734,-1711
ISNE,"3/8/2017 2 p.m. EST",13409,13570,11716,-1693
ISNE,"3/8/2017 3 p.m. EST",13446,13540,11773,-1673
ISNE,"3/8/2017 4 p.m. EST",13791,13610,12091,-1700
ISNE,"3/8/2017 5 p.m. EST",13963,13990,12335,-1628
ISNE,"3/8/2017 6 p.m. EST",14631,14770,13138,-1493
ISNE,"3/8/2017 7 p.m. EST",15498,15600,13928,-1570
ISNE,"3/8/2017 8 p.m. EST",15298,15510,13661,-1637
ISNE,"3/8/2017 9 p.m. EST",14732,14990,12967,-1765
ISNE,"3/8/2017 10 p.m. EST",13802,14020,11813,-1989
ISNE,"3/8/2017 11 p.m. EST",13025,12800,10884,-2141
ISNE,"3/9/2017 12 a.m. EST",12244,11680,10283,-1961
ISNE,"3/9/2017 1 a.m. EST",11825,10870,9752,-2073
ISNE,"3/9/2017 2 a.m. EST",11642,10450,9624,-2018
ISNE,"3/9/2017 3 a.m. EST",11579,10300,9651,-1928
ISNE,"3/9/2017 4 a.m. EST",11580,10360,9713,-1867
ISNE,"3/9/2017 5 a.m. EST",11805,10510,9969,-1836
ISNE,"3/9/2017 6 a.m. EST",12776,11540,10705,-2071
ISNE,"3/9/2017 7 a.m. EST",13921,13410,11977,-1944
ISNE,"3/9/2017 8 a.m. EST",13957,14260,12259,-1698
ISNE,"3/9/2017 9 a.m. EST",13762,13980,12038,-1724
ISNE,"3/9/2017 10 a.m. EST",13518,13640,12021,-1497
ISNE,"3/9/2017 11 a.m. EST",13448,13360,11721,-1727
ISNE,"3/9/2017 12 p.m. EST",13460,13180,11787,-1673
ISNE,"3/9/2017 1 p.m. EST",13279,13100,11492,-1787
ISNE,"3/9/2017 2 p.m. EST",13282,12960,11598,-1684
ISNE,"3/9/2017 3 p.m. EST",13234,13030,11272,-1962
ISNE,"3/9/2017 4 p.m. EST",13302,13390,11247,-2055
ISNE,"3/9/2017 5 p.m. EST",13944,13780,11936,-2008
ISNE,"3/9/2017 6 p.m. EST",14894,14570,12746,-2148
ISNE,"3/9/2017 7 p.m. EST",15770,15600,13769,-2001
ISNE,"3/9/2017 8 p.m. EST",15586,15450,13670,-1916
ISNE,"3/9/2017 9 p.m. EST",15081,15280,13377,-1704
ISNE,"3/9/2017 10 p.m. EST",14191,14470,12382,-1809
ISNE,"3/9/2017 11 p.m. EST",12978,13260,11167,-1811
ISNE,"3/10/2017 12 a.m. EST",12075,12210,9983,-2092
ISNE,"3/10/2017 1 a.m. EST",11724,11720,9140,-2584
ISNE,"3/10/2017 2 a.m. EST",11238,11230,8962,-2276
ISNE,"3/10/2017 3 a.m. EST",10769,10990,9110,-1659
ISNE,"3/10/2017 4 a.m. EST",10719,11010,9427,-1292
ISNE,"3/10/2017 5 a.m. EST",11108,11060,9305,-1803
ISNE,"3/10/2017 6 a.m. EST",12174,12060,10131,-2043
ISNE,"3/10/2017 7 a.m. EST",13761,13250,11224,-2537
ISNE,"3/10/2017 8 a.m. EST",14812,14420,12150,-2662
ISNE,"3/10/2017 9 a.m. EST",15346,15160,12751,-2595
ISNE,"3/10/2017 10 a.m. EST",15672,15360,12951,-2721
ISNE,"3/10/2017 11 a.m. EST",15880,15710,12821,-3059
ISNE,"3/10/2017 12 p.m. EST",15933,15440,13010,-2923
ISNE,"3/10/2017 1 p.m. EST",15855,15810,12873,-2982
ISNE,"3/10/2017 2 p.m. EST",15734,15410,12545,-3189
ISNE,"3/10/2017 3 p.m. EST",15504,15230,12096,-3408
ISNE,"3/10/2017 4 p.m. EST",15332,15040,11957,-3375
ISNE,"3/10/2017 5 p.m. EST",15447,15230,12281,-3166
ISNE,"3/10/2017 6 p.m. EST",15909,16050,12794,-3115
ISNE,"3/10/2017 7 p.m. EST",16604,16600,13611,-2993
ISNE,"3/10/2017 8 p.m. EST",16367,16320,13611,-2756
ISNE,"3/10/2017 9 p.m. EST",15892,15820,13164,-2728
ISNE,"3/10/2017 10 p.m. EST",15225,15180,12682,-2543
ISNE,"3/10/2017 11 p.m. EST",14331,14300,11889,-2442
ISNE,"3/11/2017 12 a.m. EST",13786,13310,11128,-2658
ISNE,"3/11/2017 1 a.m. EST",13272,12820,10322,-2950
ISNE,"3/11/2017 2 a.m. EST",13086,12350,10057,-3029
ISNE,"3/11/2017 3 a.m. EST",13352,12240,10280,-3072
ISNE,"3/11/2017 4 a.m. EST",13310,12190,10130,-3180
ISNE,"3/11/2017 5 a.m. EST",13657,12460,10238,-3419
ISNE,"3/11/2017 6 a.m. EST",14134,13170,10800,-3334
ISNE,"3/11/2017 7 a.m. EST",14506,13880,11367,-3139
ISNE,"3/11/2017 8 a.m. EST",14911,14620,11660,-3251
ISNE,"3/11/2017 9 a.m. EST",15304,15150,12161,-3143
ISNE,"3/11/2017 10 a.m. EST",15651,15250,12350,-3301
ISNE,"3/11/2017 11 a.m. EST",15738,15750,12479,-3259
ISNE,"3/11/2017 12 p.m. EST",15589,15510,12372,-3217
ISNE,"3/11/2017 1 p.m. EST",15354,15300,12036,-3318
ISNE,"3/11/2017 2 p.m. EST",15143,14950,11935,-3208
ISNE,"3/11/2017 3 p.m. EST",15073,14840,12028,-3045
ISNE,"3/11/2017 4 p.m. EST",15241,14800,12218,-3023
ISNE,"3/11/2017 5 p.m. EST",15709,15140,12580,-3129
ISNE,"3/11/2017 6 p.m. EST",16489,15840,12941,-3548
ISNE,"3/11/2017 7 p.m. EST",17285,17000,13823,-3462
ISNE,"3/11/2017 8 p.m. EST",17056,16730,13681,-3375
ISNE,"3/11/2017 9 p.m. EST",16621,16530,13100,-3521
ISNE,"3/11/2017 10 p.m. EST",15996,15990,12763,-3233
ISNE,"3/11/2017 11 p.m. EST",15157,15250,11735,-3422
ISNE,"3/12/2017 12 a.m. EST",14283,14340,11202,-3081
ISNE,"3/12/2017 1 a.m. EST",13655,13870,10692,-2963
ISNE,"3/12/2017 3 a.m. EDT",13260,13250,10927,-2333
ISNE,"3/12/2017 4 a.m. EDT",13287,13140,10304,-2983
ISNE,"3/12/2017 5 a.m. EDT",13526,13220,10541,-2985
ISNE,"3/12/2017 6 a.m. EDT",13671,13400,10744,-2927
ISNE,"3/12/2017 7 a.m. EDT",13917,14210,11039,-2878
ISNE,"3/12/2017 8 a.m. EDT",14304,15040,11548,-2756
ISNE,"3/12/2017 9 a.m. EDT",14738,15280,11720,-3018
ISNE,"3/12/2017 10 a.m. EDT",14948,15410,11813,-3135
ISNE,"3/12/2017 11 a.m. EDT",14953,15140,11674,-3279
ISNE,"3/12/2017 12 p.m. EDT",14845,15090,11575,-3270
ISNE,"3/12/2017 1 p.m. EDT",14610,14890,11241,-3369
ISNE,"3/12/2017 2 p.m. EDT",14740,14570,11462,-3278
ISNE,"3/12/2017 3 p.m. EDT",14861,14540,11419,-3442
ISNE,"3/12/2017 4 p.m. EDT",14866,14590,11404,-3462
ISNE,"3/12/2017 5 p.m. EDT",15204,14750,11904,-3300
ISNE,"3/12/2017 6 p.m. EDT",15781,15520,12353,-3428
ISNE,"3/12/2017 7 p.m. EDT",16232,16240,12825,-3407
ISNE,"3/12/2017 8 p.m. EDT",17134,17000,13953,-3181
ISNE,"3/12/2017 9 p.m. EDT",16920,16400,13952,-2968
ISNE,"3/12/2017 10 p.m. EDT",16159,15560,13232,-2927
ISNE,"3/12/2017 11 p.m. EDT",15070,14590,11992,-3078
ISNE,"3/13/2017 12 a.m. EDT",14001,13700,10721,-3280
ISNE,"3/13/2017 1 a.m. EDT",13774,13310,10316,-3458
ISNE,"3/13/2017 2 a.m. EDT",14026,13030,10327,-3699
ISNE,"3/13/2017 3 a.m. EDT",13952,12950,10175,-3777
ISNE,"3/13/2017 4 a.m. EDT",14013,13020,10288,-3725
ISNE,"3/13/2017 5 a.m. EDT",14609,13390,10899,-3710
ISNE,"3/13/2017 6 a.m. EDT",14808,14450,11817,-2991
ISNE,"3/13/2017 7 a.m. EDT",16237,16280,14101,-2136
ISNE,"3/13/2017 8 a.m. EDT",17296,17130,15292,-2004
ISNE,"3/13/2017 9 a.m. EDT",17055,17070,15122,-1933
ISNE,"3/13/2017 10 a.m. EDT",16490,16850,14547,-1943
ISNE,"3/13/2017 11 a.m. EDT",16008,16410,14029,-1979
ISNE,"3/13/2017 12 p.m. EDT",15530,16120,13134,-2396
ISNE,"3/13/2017 1 p.m. EDT",15072,15780,12623,-2449
ISNE,"3/13/2017 2 p.m. EDT",14775,15540,12397,-2378
ISNE,"3/13/2017 3 p.m. EDT",14807,15360,12309,-2498
ISNE,"3/13/2017 4 p.m. EDT",14891,15280,12181,-2710
ISNE,"3/13/2017 5 p.m. EDT",15233,15570,12411,-2822
ISNE,"3/13/2017 6 p.m. EDT",15504,16230,12838,-2666
ISNE,"3/13/2017 7 p.m. EDT",16153,16960,13394,-2759
ISNE,"3/13/2017 8 p.m. EDT",16920,17750,14458,-2462
ISNE,"3/13/2017 9 p.m. EDT",16625,17270,14105,-2520
ISNE,"3/13/2017 10 p.m. EDT",15846,16260,13334,-2512
ISNE,"3/13/2017 11 p.m. EDT",14729,14770,12051,-2678
ISNE,"3/14/2017 12 a.m. EDT",13641,13660,10746,-2895
ISNE,"3/14/2017 1 a.m. EDT",12932,12900,10167,-2765
ISNE,"3/14/2017 2 a.m. EDT",12989,12450,10317,-2672
ISNE,"3/14/2017 3 a.m. EDT",12915,12190,10280,-2635
ISNE,"3/14/2017 4 a.m. EDT",12790,12270,10463,-2327
ISNE,"3/14/2017 5 a.m. EDT",12951,12570,10803,-2148
ISNE,"3/14/2017 6 a.m. EDT",13303,12750,11215,-2088
ISNE,"3/14/2017 7 a.m. EDT",13954,14390,11912,-2042
ISNE,"3/14/2017 8 a.m. EDT",14439,15270,12615,-1824
ISNE,"3/14/2017 9 a.m. EDT",15051,15970,13040,-2011
ISNE,"3/14/2017 10 a.m. EDT",15768,16600,13791,-1977
ISNE,"3/14/2017 11 a.m. EDT",16320,16170,14457,-1863
ISNE,"3/14/2017 12 p.m. EDT",16620,16590,15009,-1611
ISNE,"3/14/2017 1 p.m. EDT",16659,16840,14926,-1733
ISNE,"3/14/2017 2 p.m. EDT",16489,16840,14825,-1664
ISNE,"3/14/2017 3 p.m. EDT",16203,16600,14671,-1532
ISNE,"3/14/2017 4 p.m. EDT",15902,16520,14562,-1340
ISNE,"3/14/2017 5 p.m. EDT",15857,16730,14578,-1279
ISNE,"3/14/2017 6 p.m. EDT",16076,17130,14606,-1470
ISNE,"3/14/2017 7 p.m. EDT",16155,17720,14557,-1598
ISNE,"3/14/2017 8 p.m. EDT",16270,17750,14531,-1739
ISNE,"3/14/2017 9 p.m. EDT",15722,16980,14033,-1689
ISNE,"3/14/2017 10 p.m. EDT",14852,16010,12977,-1875
ISNE,"3/14/2017 11 p.m. EDT",13806,14800,11743,-2063
ISNE,"3/15/2017 12 a.m. EDT",13161,13720,10842,-2319
ISNE,"3/15/2017 1 a.m. EDT",12724,12650,10470,-2254
ISNE,"3/15/2017 2 a.m. EDT",12625,12310,10335,-2290
ISNE,"3/15/2017 3 a.m. EDT",12597,12110,10143,-2454
ISNE,"3/15/2017 4 a.m. EDT",12648,12130,10156,-2492
ISNE,"3/15/2017 5 a.m. EDT",12737,12550,10259,-2478
ISNE,"3/15/2017 6 a.m. EDT",13430,13180,11225,-2205
ISNE,"3/15/2017 7 a.m. EDT",14726,14660,12591,-2135
ISNE,"3/15/2017 8 a.m. EDT",15802,15460,13549,-2253
ISNE,"3/15/2017 9 a.m. EDT",16250,15640,13627,-2623
ISNE,"3/15/2017 10 a.m. EDT",16214,15710,13482,-2732
ISNE,"3/15/2017 11 a.m. EDT",16113,16070,13725,-2388
ISNE,"3/15/2017 12 p.m. EDT",15965,15890,13736,-2229
ISNE,"3/15/2017 1 p.m. EDT",15807,15690,13599,-2208
ISNE,"3/15/2017 2 p.m. EDT",15704,15480,13604,-2100
ISNE,"3/15/2017 3 p.m. EDT",15668,15380,13685,-1983
ISNE,"3/15/2017 4 p.m. EDT",15716,15290,13565,-2151
ISNE,"3/15/2017 5 p.m. EDT",15918,15510,13889,-2029
ISNE,"3/15/2017 6 p.m. EDT",16397,16090,14406,-1991
ISNE,"3/15/2017 7 p.m. EDT",16835,16930,14897,-1938
ISNE,"3/15/2017 8 p.m. EDT",17466,17560,15618,-1848
ISNE,"3/15/2017 9 p.m. EDT",17125,17100,15217,-1908
ISNE,"3/15/2017 10 p.m. EDT",16244,16100,14226,-2018
ISNE,"3/15/2017 11 p.m. EDT",14960,14830,12502,-2458
ISNE,"3/16/2017 12 a.m. EDT",13797,13610,11145,-2652
ISNE,"3/16/2017 1 a.m. EDT",13092,12710,10873,-2219
ISNE,"3/16/2017 2 a.m. EDT",12947,12470,10618,-2329
ISNE,"3/16/2017 3 a.m. EDT",12830,12340,10644,-2186
ISNE,"3/16/2017 4 a.m. EDT",12845,12390,10793,-2052
ISNE,"3/16/2017 5 a.m. EDT",13178,12630,11096,-2082
ISNE,"3/16/2017 6 a.m. EDT",13911,13650,12100,-1811
ISNE,"3/16/2017 7 a.m. EDT",15699,15440,14158,-1541
ISNE,"3/16/2017 8 a.m. EDT",16618,16310,14905,-1713
ISNE,"3/16/2017 9 a.m. EDT",16529,16280,14641,-1888
ISNE,"3/16/2017 10 a.m. EDT",16247,15900,14606,-1641
ISNE,"3/16/2017 11 a.m. EDT",15938,15660,14459,-1479
ISNE,"3/16/2017 12 p.m. EDT",15598,15420,14155,-1443
ISNE,"3/16/2017 1 p.m. EDT",15217,15150,13762,-1455
ISNE,"3/16/2017 2 p.m. EDT",14953,14870,13511,-1442
ISNE,"3/16/2017 3 p.m. EDT",14683,14730,12961,-1722
ISNE,"3/16/2017 4 p.m. EDT",14602,14630,12957,-1645
ISNE,"3/16/2017 5 p.m. EDT",14836,14880,13292,-1544
ISNE,"3/16/2017 6 p.m. EDT",15376,15490,13769,-1607
ISNE,"3/16/2017 7 p.m. EDT",16028,16050,14232,-1796
ISNE,"3/16/2017 8 p.m. EDT",16816,16880,15085,-1731
ISNE,"3/16/2017 9 p.m. EDT",16599,16460,14738,-1861
ISNE,"3/16/2017 10 p.m. EDT",15783,15570,14009,-1774
ISNE,"3/16/2017 11 p.m. EDT",14512,14310,12753,-1759
ISNE,"3/17/2017 12 a.m. EDT",13345,13310,11525,-1820
ISNE,"3/17/2017 1 a.m. EDT",12662,12820,10650,-2012
ISNE,"3/17/2017 2 a.m. EDT",12773,12450,10474,-2299
ISNE,"3/17/2017 3 a.m. EDT",12850,12310,10274,-2576
ISNE,"3/17/2017 4 a.m. EDT",12875,12350,10306,-2569
ISNE,"3/17/2017 5 a.m. EDT",13209,12720,10641,-2568
ISNE,"3/17/2017 6 a.m. EDT",14227,13440,11604,-2623
ISNE,"3/17/2017 7 a.m. EDT",15620,15090,13269,-2351
ISNE,"3/17/2017 8 a.m. EDT",16185,16210,14686,-1499
ISNE,"3/17/2017 9 a.m. EDT",16067,16300,14406,-1661
ISNE,"3/17/2017 10 a.m. EDT",15600,15740,14000,-1600
ISNE,"3/17/2017 11 a.m. EDT",15172,15310,13441,-1731
ISNE,"3/17/2017 12 p.m. EDT",14786,14950,12659,-2127
ISNE,"3/17/2017 1 p.m. EDT",14401,14610,12147,-2254
ISNE,"3/17/2017 2 p.m. EDT",14126,14360,11748,-2378
ISNE,"3/17/2017 3 p.m. EDT",13801,14140,11419,-2382
ISNE,"3/17/2017 4 p.m. EDT",13629,13920,11307,-2322
ISNE,"3/17/2017 5 p.m. EDT",13781,14180,11407,-2374
ISNE,"3/17/2017 6 p.m. EDT",14178,14700,11700,-2478
ISNE,"3/17/2017 7 p.m. EDT",14671,15080,12205,-2466
ISNE,"3/17/2017 8 p.m. EDT",15370,15720,13056,-2314
ISNE,"3/17/2017 9 p.m. EDT",15210,15600,13083,-2127
ISNE,"3/17/2017 10 p.m. EDT",14668,14930,12488,-2180
ISNE,"3/17/2017 11 p.m. EDT",13805,13970,11768,-2037
ISNE,"3/18/2017 12 a.m. EDT",12897,13040,10445,-2452
ISNE,"3/18/2017 1 a.m. EDT",12264,12280,9395,-2869
ISNE,"3/18/2017 2 a.m. EDT",12109,11910,9241,-2868
ISNE,"3/18/2017 3 a.m. EDT",11958,11800,9200,-2758
ISNE,"3/18/2017 4 a.m. EDT",12037,11730,9250,-2787
ISNE,"3/18/2017 5 a.m. EDT",12375,11790,9481,-2894
ISNE,"3/18/2017 6 a.m. EDT",12559,12270,10009,-2550
ISNE,"3/18/2017 7 a.m. EDT",13070,12930,11164,-1906
ISNE,"3/18/2017 8 a.m. EDT",13758,13650,11946,-1812
ISNE,"3/18/2017 9 a.m. EDT",14111,14330,12111,-2000
ISNE,"3/18/2017 10 a.m. EDT",14114,14340,12152,-1962
ISNE,"3/18/2017 11 a.m. EDT",13963,13930,11861,-2102
ISNE,"3/18/2017 12 p.m. EDT",13681,13550,11790,-1891
ISNE,"3/18/2017 1 p.m. EDT",13338,13310,11483,-1855
ISNE,"3/18/2017 2 p.m. EDT",13038,12980,11040,-1998
ISNE,"3/18/2017 3 p.m. EDT",13050,12790,11111,-1939
ISNE,"3/18/2017 4 p.m. EDT",13059,12730,10920,-2139
ISNE,"3/18/2017 5 p.m. EDT",13227,13100,10937,-2290
ISNE,"3/18/2017 6 p.m. EDT",13848,13500,11373,-2475
ISNE,"3/18/2017 7 p.m. EDT",14396,14060,11979,-2417
ISNE,"3/18/2017 8 p.m. EDT",14966,14550,12538,-2428
ISNE,"3/18/2017 9 p.m. EDT",14711,14440,12542,-2169
ISNE,"3/18/2017 10 p.m. EDT",14180,13910,11628,-2552
ISNE,"3/18/2017 11 p.m. EDT",13341,13100,10876,-2465
ISNE,"3/19/2017 12 a.m. EDT",12570,12270,10186,-2384
ISNE,"3/19/2017 1 a.m. EDT",12045,11590,9480,-2565
ISNE,"3/19/2017 2 a.m. EDT",11882,11200,9231,-2651
ISNE,"3/19/2017 3 a.m. EDT",11985,10970,9242,-2743
ISNE,"3/19/2017 4 a.m. EDT",11889,10870,9208,-2681
ISNE,"3/19/2017 5 a.m. EDT",12118,11060,9292,-2826
ISNE,"3/19/2017 6 a.m. EDT",12241,11340,9429,-2812
ISNE,"3/19/2017 7 a.m. EDT",12613,11840,9621,-2992
ISNE,"3/19/2017 8 a.m. EDT",13004,12420,10024,-2980
ISNE,"3/19/2017 9 a.m. EDT",13495,13000,10538,-2957
ISNE,"3/19/2017 10 a.m. EDT",13696,13420,10969,-2727
ISNE,"3/19/2017 11 a.m. EDT",13839,13610,10991,-2848
ISNE,"3/19/2017 12 p.m. EDT",13842,13650,10976,-2866
ISNE,"3/19/2017 1 p.m. EDT",13777,13550,10868,-2909
ISNE,"3/19/2017 2 p.m. EDT",13536,13370,10696,-2840
ISNE,"3/19/2017 3 p.m. EDT",13269,13250,10340,-2929
ISNE,"3/19/2017 4 p.m. EDT",13297,13220,10170,-3127
ISNE,"3/19/2017 5 p.m. EDT",13663,13530,10504,-3159
ISNE,"3/19/2017 6 p.m. EDT",13800,13990,10434,-3366
ISNE,"3/19/2017 7 p.m. EDT",14313,14590,10832,-3481
ISNE,"3/19/2017 8 p.m. EDT",15163,15250,11619,-3544
ISNE,"3/19/2017 9 p.m. EDT",14997,14890,11680,-3317
ISNE,"3/19/2017 10 p.m. EDT",14205,14090,10670,-3535
ISNE,"3/19/2017 11 p.m. EDT",13135,13040,9741,-3394
ISNE,"3/20/2017 12 a.m. EDT",12422,12130,9375,-3047
ISNE,"3/20/2017 1 a.m. EDT",12553,11460,9442,-3111
ISNE,"3/20/2017 2 a.m. EDT",12495,11150,9349,-3146
ISNE,"3/20/2017 3 a.m. EDT",12156,11080,9160,-2996
ISNE,"3/20/2017 4 a.m. EDT",12244,11140,9446,-2798
ISNE,"3/20/2017 5 a.m. EDT",12369,11530,9801,-2568
ISNE,"3/20/2017 6 a.m. EDT",12957,12590,10565,-2392
ISNE,"3/20/2017 7 a.m. EDT",14612,14350,12153,-2459
ISNE,"3/20/2017 8 a.m. EDT",15443,15270,13410,-2033
ISNE,"3/20/2017 9 a.m. EDT",15070,15180,13370,-1700
ISNE,"3/20/2017 10 a.m. EDT",14507,14960,12877,-1630
ISNE,"3/20/2017 11 a.m. EDT",14098,14590,12360,-1738
ISNE,"3/20/2017 12 p.m. EDT",13764,14260,11848,-1916
ISNE,"3/20/2017 1 p.m. EDT",13439,13970,11479,-1960
ISNE,"3/20/2017 2 p.m. EDT",13253,13780,11295,-1958
ISNE,"3/20/2017 3 p.m. EDT",13020,13660,10962,-2058
ISNE,"3/20/2017 4 p.m. EDT",13021,13560,10895,-2126
ISNE,"3/20/2017 5 p.m. EDT",13376,13860,11185,-2191
ISNE,"3/20/2017 6 p.m. EDT",14038,14400,11765,-2273
ISNE,"3/20/2017 7 p.m. EDT",14673,14920,12403,-2270
ISNE,"3/20/2017 8 p.m. EDT",15411,15600,13109,-2302
ISNE,"3/20/2017 9 p.m. EDT",15190,15330,12599,-2591
ISNE,"3/20/2017 10 p.m. EDT",14307,14340,11607,-2700
ISNE,"3/20/2017 11 p.m. EDT",13079,13110,10445,-2634
ISNE,"3/21/2017 12 a.m. EDT",12163,12030,9718,-2445
ISNE,"3/21/2017 1 a.m. EDT",11516,11340,9577,-1939
ISNE,"3/21/2017 2 a.m. EDT",11553,10950,9400,-2153
ISNE,"3/21/2017 3 a.m. EDT",11498,10800,9417,-2081
ISNE,"3/21/2017 4 a.m. EDT",11503,10820,9434,-2069
ISNE,"3/21/2017 5 a.m. EDT",11794,10980,9999,-1795
ISNE,"3/21/2017 6 a.m. EDT",12279,12040,10617,-1662
ISNE,"3/21/2017 7 a.m. EDT",13960,13940,12063,-1897
ISNE,"3/21/2017 8 a.m. EDT",14856,14900,12768,-2088
ISNE,"3/21/2017 9 a.m. EDT",14803,14770,12508,-2295
ISNE,"3/21/2017 10 a.m. EDT",14480,14450,12266,-2214
ISNE,"3/21/2017 11 a.m. EDT",14199,13980,12256,-1943
ISNE,"3/21/2017 12 p.m. EDT",13959,13680,11994,-1965
ISNE,"3/21/2017 1 p.m. EDT",13655,13480,11647,-2008
ISNE,"3/21/2017 2 p.m. EDT",13495,13410,11350,-2145
ISNE,"3/21/2017 3 p.m. EDT",13305,13320,11139,-2166
ISNE,"3/21/2017 4 p.m. EDT",13044,13310,10834,-2210
ISNE,"3/21/2017 5 p.m. EDT",13252,13700,11155,-2097
ISNE,"3/21/2017 6 p.m. EDT",13864,14230,11890,-1974
ISNE,"3/21/2017 7 p.m. EDT",14394,14640,12281,-2113
ISNE,"3/21/2017 8 p.m. EDT",15096,15280,12783,-2313
ISNE,"3/21/2017 9 p.m. EDT",14850,14960,12772,-2078
ISNE,"3/21/2017 10 p.m. EDT",13995,14020,11878,-2117
ISNE,"3/21/2017 11 p.m. EDT",12744,12780,10800,-1944
ISNE,"3/22/2017 12 a.m. EDT",11657,11700,9771,-1886
ISNE,"3/22/2017 1 a.m. EDT",11576,11010,9539,-2037
ISNE,"3/22/2017 2 a.m. EDT",11935,10650,9649,-2286
ISNE,"3/22/2017 3 a.m. EDT",11828,10580,9441,-2387
ISNE,"3/22/2017 4 a.m. EDT",11873,10670,9510,-2363
ISNE,"3/22/2017 5 a.m. EDT",12199,11060,9705,-2494
ISNE,"3/22/2017 6 a.m. EDT",12749,12110,10440,-2309
ISNE,"3/22/2017 7 a.m. EDT",13933,14190,11654,-2279
ISNE,"3/22/2017 8 a.m. EDT",14868,15250,12412,-2456
ISNE,"3/22/2017 9 a.m. EDT",14940,15070,12538,-2402
ISNE,"3/22/2017 10 a.m. EDT",14744,14730,12457,-2287
ISNE,"3/22/2017 11 a.m. EDT",14444,14530,11892,-2552
ISNE,"3/22/2017 12 p.m. EDT",14151,14380,11695,-2456
ISNE,"3/22/2017 1 p.m. EDT",13930,14230,11653,-2277
ISNE,"3/22/2017 2 p.m. EDT",13835,14030,11546,-2289
ISNE,"3/22/2017 3 p.m. EDT",13729,13990,11445,-2284
ISNE,"3/22/2017 4 p.m. EDT",13858,14170,11506,-2352
ISNE,"3/22/2017 5 p.m. EDT",14383,14560,12091,-2292
ISNE,"3/22/2017 6 p.m. EDT",15275,15300,12716,-2559
ISNE,"3/22/2017 7 p.m. EDT",16149,15740,13448,-2701
ISNE,"3/22/2017 8 p.m. EDT",17026,16900,14325,-2701
ISNE,"3/22/2017 9 p.m. EDT",16954,16550,14134,-2820
ISNE,"3/22/2017 10 p.m. EDT",16114,15620,13345,-2769
ISNE,"3/22/2017 11 p.m. EDT",14798,14390,11855,-2943
ISNE,"3/23/2017 12 a.m. EDT",13688,13290,10945,-2743
ISNE,"3/23/2017 1 a.m. EDT",13029,12680,10042,-2987
ISNE,"3/23/2017 2 a.m. EDT",12730,12310,9448,-3282
ISNE,"3/23/2017 3 a.m. EDT",12608,12200,9244,-3364
ISNE,"3/23/2017 4 a.m. EDT",12641,12210,9253,-3388
ISNE,"3/23/2017 5 a.m. EDT",13006,13040,9738,-3268
ISNE,"3/23/2017 6 a.m. EDT",14090,14130,10742,-3348
ISNE,"3/23/2017 7 a.m. EDT",15972,15970,12952,-3020
ISNE,"3/23/2017 8 a.m. EDT",16831,16740,13879,-2952
ISNE,"3/23/2017 9 a.m. EDT",16414,16630,13608,-2806
ISNE,"3/23/2017 10 a.m. EDT",15778,16090,12787,-2991
ISNE,"3/23/2017 11 a.m. EDT",15303,15490,12669,-2634
ISNE,"3/23/2017 12 p.m. EDT",14881,15040,12188,-2693
ISNE,"3/23/2017 1 p.m. EDT",14483,14680,11912,-2571
ISNE,"3/23/2017 2 p.m. EDT",14329,14440,11871,-2458
ISNE,"3/23/2017 3 p.m. EDT",14447,14220,11988,-2459
ISNE,"3/23/2017 4 p.m. EDT",14396,14060,11939,-2457
ISNE,"3/23/2017 5 p.m. EDT",14683,14360,12140,-2543
ISNE,"3/23/2017 6 p.m. EDT",14889,14800,12271,-2618
ISNE,"3/23/2017 7 p.m. EDT",15502,15520,12605,-2897
ISNE,"3/23/2017 8 p.m. EDT",16271,16400,13454,-2817
ISNE,"3/23/2017 9 p.m. EDT",16196,16260,13435,-2761
ISNE,"3/23/2017 10 p.m. EDT",15364,15460,12639,-2725
ISNE,"3/23/2017 11 p.m. EDT",14104,14180,11269,-2835
ISNE,"3/24/2017 12 a.m. EDT",12972,13070,10267,-2705
ISNE,"3/24/2017 1 a.m. EDT",12555,12380,9986,-2569
ISNE,"3/24/2017 2 a.m. EDT",12407,11990,9791,-2616
ISNE,"3/24/2017 3 a.m. EDT",12227,11760,9744,-2483
ISNE,"3/24/2017 4 a.m. EDT",12497,11770,9942,-2555
ISNE,"3/24/2017 5 a.m. EDT",12575,12150,10075,-2500
ISNE,"3/24/2017 6 a.m. EDT",12991,13080,10937,-2054
ISNE,"3/24/2017 7 a.m. EDT",14761,14910,13189,-1572
ISNE,"3/24/2017 8 a.m. EDT",15695,15990,14447,-1248
ISNE,"3/24/2017 9 a.m. EDT",15818,15940,14358,-1460
ISNE,"3/24/2017 10 a.m. EDT",15816,15740,14412,-1404
ISNE,"3/24/2017 11 a.m. EDT",15880,15760,14499,-1381
ISNE,"3/24/2017 12 p.m. EDT",15880,15560,14400,-1480
ISNE,"3/24/2017 1 p.m. EDT",15751,15370,14156,-1595
ISNE,"3/24/2017 2 p.m. EDT",15730,15290,14087,-1643
ISNE,"3/24/2017 3 p.m. EDT",15585,15200,13815,-1770
ISNE,"3/24/2017 4 p.m. EDT",15374,15010,13501,-1873
ISNE,"3/24/2017 5 p.m. EDT",15308,15070,13139,-2169
ISNE,"3/24/2017 6 p.m. EDT",15360,15060,12937,-2423
ISNE,"3/24/2017 7 p.m. EDT",15297,15250,12756,-2541
ISNE,"3/24/2017 8 p.m. EDT",15490,15590,12949,-2541
ISNE,"3/24/2017 9 p.m. EDT",15078,15060,12717,-2361
ISNE,"3/24/2017 10 p.m. EDT",14307,14340,12189,-2118
ISNE,"3/24/2017 11 p.m. EDT",13263,13280,11304,-1959
ISNE,"3/25/2017 12 a.m. EDT",12188,12180,11085,-1103
ISNE,"3/25/2017 1 a.m. EDT",11518,11210,9387,-2131
ISNE,"3/25/2017 2 a.m. EDT",11464,10760,9296,-2168
ISNE,"3/25/2017 3 a.m. EDT",11241,10490,9352,-1889
ISNE,"3/25/2017 4 a.m. EDT",11148,10360,9150,-1998
ISNE,"3/25/2017 5 a.m. EDT",11477,10490,9253,-2224
ISNE,"3/25/2017 6 a.m. EDT",11876,10890,9474,-2402
ISNE,"3/25/2017 7 a.m. EDT",12151,11620,9889,-2262
ISNE,"3/25/2017 8 a.m. EDT",12761,12320,10519,-2242
ISNE,"3/25/2017 9 a.m. EDT",13386,13140,11086,-2300
ISNE,"3/25/2017 10 a.m. EDT",13899,13560,11613,-2286
ISNE,"3/25/2017 11 a.m. EDT",14060,14000,11620,-2440
ISNE,"3/25/2017 12 p.m. EDT",14089,13880,11338,-2751
ISNE,"3/25/2017 1 p.m. EDT",13969,13710,11297,-2672
ISNE,"3/25/2017 2 p.m. EDT",13861,13460,11192,-2669
ISNE,"3/25/2017 3 p.m. EDT",13752,13290,11093,-2659
ISNE,"3/25/2017 4 p.m. EDT",13692,13140,10938,-2754
ISNE,"3/25/2017 5 p.m. EDT",13857,13280,11054,-2803
ISNE,"3/25/2017 6 p.m. EDT",14249,13620,11246,-3003
ISNE,"3/25/2017 7 p.m. EDT",14297,14040,11478,-2819
ISNE,"3/25/2017 8 p.m. EDT",14505,14300,11902,-2603
ISNE,"3/25/2017 9 p.m. EDT",14334,14080,11799,-2535
ISNE,"3/25/2017 10 p.m. EDT",13786,13490,11274,-2512
ISNE,"3/25/2017 11 p.m. EDT",12990,12680,10526,-2464
ISNE,"3/26/2017 12 a.m. EDT",12139,11860,9764,-2375
ISNE,"3/26/2017 1 a.m. EDT",11740,11060,9408,-2332
ISNE,"3/26/2017 2 a.m. EDT",11595,10700,9176,-2419
ISNE,"3/26/2017 3 a.m. EDT",11670,10470,9089,-2581
ISNE,"3/26/2017 4 a.m. EDT",11780,10390,9113,-2667
ISNE,"3/26/2017 5 a.m. EDT",11966,10480,9095,-2871
ISNE,"3/26/2017 6 a.m. EDT",12062,11010,9390,-2672
ISNE,"3/26/2017 7 a.m. EDT",12272,11540,9798,-2474
ISNE,"3/26/2017 8 a.m. EDT",12742,11980,10063,-2679
ISNE,"3/26/2017 9 a.m. EDT",13160,12560,10424,-2736
ISNE,"3/26/2017 10 a.m. EDT",12958,12860,10529,-2429
ISNE,"3/26/2017 11 a.m. EDT",13140,12970,10814,-2326
ISNE,"3/26/2017 12 p.m. EDT",13283,12990,10849,-2434
ISNE,"3/26/2017 1 p.m. EDT",13454,12950,11088,-2366
ISNE,"3/26/2017 2 p.m. EDT",13498,12910,11138,-2360
ISNE,"3/26/2017 3 p.m. EDT",13486,12850,11303,-2183
ISNE,"3/26/2017 4 p.m. EDT",13548,12850,11328,-2220
ISNE,"3/26/2017 5 p.m. EDT",13905,13360,11504,-2401
ISNE,"3/26/2017 6 p.m. EDT",14485,13840,12032,-2453
ISNE,"3/26/2017 7 p.m. EDT",14893,14210,12406,-2487
ISNE,"3/26/2017 8 p.m. EDT",15249,14770,12471,-2778
ISNE,"3/26/2017 9 p.m. EDT",14872,14360,12265,-2607
ISNE,"3/26/2017 10 p.m. EDT",13972,13560,11301,-2671
ISNE,"3/26/2017 11 p.m. EDT",12830,12500,10044,-2786
ISNE,"3/27/2017 12 a.m. EDT",12046,11600,9434,-2612
ISNE,"3/27/2017 1 a.m. EDT",11619,11030,8994,-2625
ISNE,"3/27/2017 2 a.m. EDT",11606,10680,9026,-2580
ISNE,"3/27/2017 3 a.m. EDT",11737,10520,9027,-2710
ISNE,"3/27/2017 4 a.m. EDT",11748,10570,8925,-2823
ISNE,"3/27/2017 5 a.m. EDT",11763,10940,9190,-2573
ISNE,"3/27/2017 6 a.m. EDT",12510,12000,10264,-2246
ISNE,"3/27/2017 7 a.m. EDT",13960,13870,11977,-1983
ISNE,"3/27/2017 8 a.m. EDT",15132,14860,13025,-2107
ISNE,"3/27/2017 9 a.m. EDT",15492,15140,13277,-2215
ISNE,"3/27/2017 10 a.m. EDT",15685,15220,13417,-2268
ISNE,"3/27/2017 11 a.m. EDT",15850,15340,13356,-2494
ISNE,"3/27/2017 12 p.m. EDT",15833,15270,13236,-2597
ISNE,"3/27/2017 1 p.m. EDT",15665,15140,12980,-2685
ISNE,"3/27/2017 2 p.m. EDT",15496,15070,12848,-2648
ISNE,"3/27/2017 3 p.m. EDT",15183,14700,12573,-2610
ISNE,"3/27/2017 4 p.m. EDT",15001,14570,12699,-2302
ISNE,"3/27/2017 5 p.m. EDT",15130,14600,12952,-2178
ISNE,"3/27/2017 6 p.m. EDT",15465,14910,12930,-2535
ISNE,"3/27/2017 7 p.m. EDT",15631,15100,13036,-2595
ISNE,"3/27/2017 8 p.m. EDT",15861,15580,13389,-2472
ISNE,"3/27/2017 9 p.m. EDT",15416,15220,12831,-2585
ISNE,"3/27/2017 10 p.m. EDT",14410,14130,11682,-2728
ISNE,"3/27/2017 11 p.m. EDT",13262,12830,10680,-2582
ISNE,"3/28/2017 12 a.m. EDT",12227,11640,9956,-2271
ISNE,"3/28/2017 1 a.m. EDT",11701,11160,9406,-2295
ISNE,"3/28/2017 2 a.m. EDT",11785,10750,9253,-2532
ISNE,"3/28/2017 3 a.m. EDT",11956,10540,9411,-2545
ISNE,"3/28/2017 4 a.m. EDT",11963,10520,9406,-2557
ISNE,"3/28/2017 5 a.m. EDT",11912,10840,9357,-2555
ISNE,"3/28/2017 6 a.m. EDT",12469,12010,10193,-2276
ISNE,"3/28/2017 7 a.m. EDT",13928,13780,12337,-1591
ISNE,"3/28/2017 8 a.m. EDT",14841,14800,12991,-1850
ISNE,"3/28/2017 9 a.m. EDT",15043,15000,13125,-1918
ISNE,"3/28/2017 10 a.m. EDT",15071,14960,12986,-2085
ISNE,"3/28/2017 11 a.m. EDT",15028,14900,12918,-2110
ISNE,"3/28/2017 12 p.m. EDT",14900,14830,12892,-2008
ISNE,"3/28/2017 1 p.m. EDT",14751,14660,12596,-2155
ISNE,"3/28/2017 2 p.m. EDT",14799,14580,12813,-1986
ISNE,"3/28/2017 3 p.m. EDT",14812,14460,12988,-1824
ISNE,"3/28/2017 4 p.m. EDT",14867,14390,12822,-2045
ISNE,"3/28/2017 5 p.m. EDT",15069,14630,13117,-1952
ISNE,"3/28/2017 6 p.m. EDT",15461,14930,13357,-2104
ISNE,"3/28/2017 7 p.m. EDT",15706,15210,13370,-2336
ISNE,"3/28/2017 8 p.m. EDT",15902,15570,13539,-2363
ISNE,"3/28/2017 9 p.m. EDT",15406,15100,13230,-2176
ISNE,"3/28/2017 10 p.m. EDT",14421,14090,12420,-2001
ISNE,"3/28/2017 11 p.m. EDT",13076,12800,11165,-1911
ISNE,"3/29/2017 12 a.m. EDT",11885,11620,10080,-1805
ISNE,"3/29/2017 1 a.m. EDT",11814,10940,9613,-2201
ISNE,"3/29/2017 2 a.m. EDT",12007,10540,9517,-2490
ISNE,"3/29/2017 3 a.m. EDT",11886,10370,9184,-2702
ISNE,"3/29/2017 4 a.m. EDT",11633,10380,8897,-2736
ISNE,"3/29/2017 5 a.m. EDT",11977,10710,9430,-2547
ISNE,"3/29/2017 6 a.m. EDT",12681,11860,10369,-2312
ISNE,"3/29/2017 7 a.m. EDT",13899,13600,11690,-2209
ISNE,"3/29/2017 8 a.m. EDT",14676,14440,12404,-2272
ISNE,"3/29/2017 9 a.m. EDT",14731,14330,12329,-2402
ISNE,"3/29/2017 10 a.m. EDT",14660,14080,12077,-2583
ISNE,"3/29/2017 11 a.m. EDT",14480,13800,12039,-2441
ISNE,"3/29/2017 12 p.m. EDT",14194,13530,11812,-2382
ISNE,"3/29/2017 1 p.m. EDT",13993,13240,11756,-2237
ISNE,"3/29/2017 2 p.m. EDT",14286,13060,11924,-2362
ISNE,"3/29/2017 3 p.m. EDT",14084,12880,11787,-2297
ISNE,"3/29/2017 4 p.m. EDT",14062,12700,11506,-2556
ISNE,"3/29/2017 5 p.m. EDT",14450,13000,12224,-2226
ISNE,"3/29/2017 6 p.m. EDT",14916,13720,12580,-2336
ISNE,"3/29/2017 7 p.m. EDT",14770,14340,12319,-2451
ISNE,"3/29/2017 8 p.m. EDT",15343,15080,12851,-2492
ISNE,"3/29/2017 9 p.m. EDT",15185,14770,12750,-2435
ISNE,"3/29/2017 10 p.m. EDT",14320,13850,11937,-2383
ISNE,"3/29/2017 11 p.m. EDT",13117,12610,10791,-2326
ISNE,"3/30/2017 12 a.m. EDT",12346,11540,10104,-2242
ISNE,"3/30/2017 1 a.m. EDT",11989,11160,9860,-2129
ISNE,"3/30/2017 2 a.m. EDT",11689,10790,9307,-2382
ISNE,"3/30/2017 3 a.m. EDT",11573,10650,9412,-2161
ISNE,"3/30/2017 4 a.m. EDT",11380,10690,9490,-1890
ISNE,"3/30/2017 5 a.m. EDT",11687,11020,9828,-1859
ISNE,"3/30/2017 6 a.m. EDT",12410,12120,10641,-1769
ISNE,"3/30/2017 7 a.m. EDT",14141,13980,12251,-1890
ISNE,"3/30/2017 8 a.m. EDT",14914,14810,13142,-1772
ISNE,"3/30/2017 9 a.m. EDT",14517,14440,12739,-1778
ISNE,"3/30/2017 10 a.m. EDT",14006,14060,12267,-1739
ISNE,"3/30/2017 11 a.m. EDT",13581,13550,11878,-1703
ISNE,"3/30/2017 12 p.m. EDT",13247,13270,11433,-1814
ISNE,"3/30/2017 1 p.m. EDT",12917,13020,11116,-1801
ISNE,"3/30/2017 2 p.m. EDT",12939,12840,11042,-1897
ISNE,"3/30/2017 3 p.m. EDT",12824,12650,11115,-1709
ISNE,"3/30/2017 4 p.m. EDT",12803,12650,11186,-1617
ISNE,"3/30/2017 5 p.m. EDT",13192,13150,11463,-1729
ISNE,"3/30/2017 6 p.m. EDT",13769,13750,11795,-1974
ISNE,"3/30/2017 7 p.m. EDT",14326,14270,12249,-2077
ISNE,"3/30/2017 8 p.m. EDT",15035,15000,13037,-1998
ISNE,"3/30/2017 9 p.m. EDT",14861,14840,12944,-1917
ISNE,"3/30/2017 10 p.m. EDT",14023,13950,12193,-1830
ISNE,"3/30/2017 11 p.m. EDT",12775,12660,10749,-2026
ISNE,"3/31/2017 12 a.m. EDT",11737,11560,9397,-2340
ISNE,"3/31/2017 1 a.m. EDT",11174,10900,8756,-2418
ISNE,"3/31/2017 2 a.m. EDT",10795,10590,8519,-2276
ISNE,"3/31/2017 3 a.m. EDT",10895,10480,8429,-2466
ISNE,"3/31/2017 4 a.m. EDT",11132,10510,8544,-2588
ISNE,"3/31/2017 5 a.m. EDT",11233,10870,8702,-2531
ISNE,"3/31/2017 6 a.m. EDT",11944,11820,9724,-2220
ISNE,"3/31/2017 7 a.m. EDT",13428,13750,11407,-2021
ISNE,"3/31/2017 8 a.m. EDT",14524,14800,12178,-2346
ISNE,"3/31/2017 9 a.m. EDT",14905,14950,12612,-2293
ISNE,"3/31/2017 10 a.m. EDT",15122,15010,12725,-2397
ISNE,"3/31/2017 11 a.m. EDT",15252,15070,12962,-2290
ISNE,"3/31/2017 12 p.m. EDT",15282,15030,13091,-2191
ISNE,"3/31/2017 1 p.m. EDT",15167,14960,13051,-2116
ISNE,"3/31/2017 2 p.m. EDT",15204,14930,13229,-1975
ISNE,"3/31/2017 3 p.m. EDT",15148,14810,13202,-1946
ISNE,"3/31/2017 4 p.m. EDT",15156,14710,13083,-2073
ISNE,"3/31/2017 5 p.m. EDT",15280,14780,13276,-2004
ISNE,"3/31/2017 6 p.m. EDT",15511,15090,13241,-2270
ISNE,"3/31/2017 7 p.m. EDT",15607,15140,13338,-2269
ISNE,"3/31/2017 8 p.m. EDT",15726,15450,13072,-2654
ISNE,"3/31/2017 9 p.m. EDT",15280,14940,12473,-2807
ISNE,"3/31/2017 10 p.m. EDT",14540,14170,12075,-2465
ISNE,"3/31/2017 11 p.m. EDT",13523,13110,11323,-2200
ISNE,"4/1/2017 12 a.m. EDT",12500,12040,10483,-2017
