"BA Code","Timestamp (Hour Ending)","Demand (MWh)","Demand Forecast (MWh)","Net Generation (MWh)","Total Interchange (MWh)"
ISNE,"12/1/2018 12 a.m. EST",12888,12020,10241,-2647
ISNE,"12/1/2018 1 a.m. EST",12144,11590,9500,-2644
ISNE,"12/1/2018 2 a.m. EST",11699,11170,9068,-2631
ISNE,"12/1/2018 3 a.m. EST",11739,10930,9091,-2648
ISNE,"12/1/2018 4 a.m. EST",11838,10910,9128,-2710
ISNE,"12/1/2018 5 a.m. EST",12172,11070,9592,-2580
ISNE,"12/1/2018 6 a.m. EST",12611,11540,10102,-2509
ISNE,"12/1/2018 7 a.m. EST",13413,12340,10940,-2473
ISNE,"12/1/2018 8 a.m. EST",13492,13070,11108,-2384
ISNE,"12/1/2018 9 a.m. EST",13432,13420,11090,-2342
ISNE,"12/1/2018 10 a.m. EST",13286,13280,10825,-2461
ISNE,"12/1/2018 11 a.m. EST",12991,13140,10656,-2335
ISNE,"12/1/2018 12 p.m. EST",12736,13040,10402,-2334
ISNE,"12/1/2018 1 p.m. EST",12537,13010,10209,-2328
ISNE,"12/1/2018 2 p.m. EST",12839,13070,10476,-2363
ISNE,"12/1/2018 3 p.m. EST",13454,13270,11113,-2341
ISNE,"12/1/2018 4 p.m. EST",13684,13770,11422,-2262
ISNE,"12/1/2018 5 p.m. EST",14738,14910,12491,-2247
ISNE,"12/1/2018 6 p.m. EST",15414,15750,13140,-2274
ISNE,"12/1/2018 7 p.m. EST",15209,15470,12809,-2400
ISNE,"12/1/2018 8 p.m. EST",14813,14970,12393,-2420
ISNE,"12/1/2018 9 p.m. EST",14370,14420,11890,-2480
ISNE,"12/1/2018 10 p.m. EST",13710,13750,11191,-2519
ISNE,"12/1/2018 11 p.m. EST",12813,12900,10284,-2529
ISNE,"12/2/2018 12 a.m. EST",11895,12020,9361,-2534
ISNE,"12/2/2018 1 a.m. EST",11430,11150,8821,-2609
ISNE,"12/2/2018 2 a.m. EST",11213,10700,8593,-2620
ISNE,"12/2/2018 3 a.m. EST",11238,10450,8618,-2620
ISNE,"12/2/2018 4 a.m. EST",11154,10350,8496,-2658
ISNE,"12/2/2018 5 a.m. EST",11199,10420,8691,-2508
ISNE,"12/2/2018 6 a.m. EST",11461,10680,9090,-2371
ISNE,"12/2/2018 7 a.m. EST",12011,11230,9619,-2392
ISNE,"12/2/2018 8 a.m. EST",12310,11920,9940,-2370
ISNE,"12/2/2018 9 a.m. EST",12802,12820,10368,-2434
ISNE,"12/2/2018 10 a.m. EST",13569,13680,11158,-2411
ISNE,"12/2/2018 11 a.m. EST",13940,14040,11516,-2424
ISNE,"12/2/2018 12 p.m. EST",14122,14190,11646,-2476
ISNE,"12/2/2018 1 p.m. EST",14178,14220,11690,-2488
ISNE,"12/2/2018 2 p.m. EST",14143,14220,11591,-2552
ISNE,"12/2/2018 3 p.m. EST",14118,14270,11554,-2564
ISNE,"12/2/2018 4 p.m. EST",14345,14620,11814,-2531
ISNE,"12/2/2018 5 p.m. EST",15173,15470,12559,-2614
ISNE,"12/2/2018 6 p.m. EST",15679,16000,12982,-2697
ISNE,"12/2/2018 7 p.m. EST",15411,15650,12610,-2801
ISNE,"12/2/2018 8 p.m. EST",14910,15060,12008,-2902
ISNE,"12/2/2018 9 p.m. EST",14316,14480,11373,-2943
ISNE,"12/2/2018 10 p.m. EST",13337,13580,10347,-2990
ISNE,"12/2/2018 11 p.m. EST",12197,12500,8984,-3213
ISNE,"12/3/2018 12 a.m. EST",11553,11510,8378,-3175
ISNE,"12/3/2018 1 a.m. EST",11706,10490,8531,-3175
ISNE,"12/3/2018 2 a.m. EST",11455,10090,8437,-3018
ISNE,"12/3/2018 3 a.m. EST",11270,9930,8186,-3084
ISNE,"12/3/2018 4 a.m. EST",11277,9950,8336,-2941
ISNE,"12/3/2018 5 a.m. EST",11562,10340,8773,-2789
ISNE,"12/3/2018 6 a.m. EST",12040,11380,9255,-2785
ISNE,"12/3/2018 7 a.m. EST",13212,13110,10784,-2428
ISNE,"12/3/2018 8 a.m. EST",14112,14090,11683,-2429
ISNE,"12/3/2018 9 a.m. EST",14119,14080,11694,-2425
ISNE,"12/3/2018 10 a.m. EST",13880,13730,11371,-2509
ISNE,"12/3/2018 11 a.m. EST",13596,13580,11073,-2523
ISNE,"12/3/2018 12 p.m. EST",13746,13470,11184,-2562
ISNE,"12/3/2018 1 p.m. EST",13801,13500,11281,-2520
ISNE,"12/3/2018 2 p.m. EST",13969,13640,11467,-2502
ISNE,"12/3/2018 3 p.m. EST",14155,13900,11656,-2499
ISNE,"12/3/2018 4 p.m. EST",14229,14310,11730,-2499
ISNE,"12/3/2018 5 p.m. EST",15301,15560,12796,-2505
ISNE,"12/3/2018 6 p.m. EST",16167,16500,13679,-2488
ISNE,"12/3/2018 7 p.m. EST",16151,16260,13707,-2444
ISNE,"12/3/2018 8 p.m. EST",15754,15800,13439,-2315
ISNE,"12/3/2018 9 p.m. EST",15124,15130,12721,-2403
ISNE,"12/3/2018 10 p.m. EST",14121,14160,11619,-2502
ISNE,"12/3/2018 11 p.m. EST",12831,12860,10275,-2556
ISNE,"12/4/2018 12 a.m. EST",11721,11760,9301,-2420
ISNE,"12/4/2018 1 a.m. EST",11192,11010,9147,-2045
ISNE,"12/4/2018 2 a.m. EST",11278,10670,8940,-2338
ISNE,"12/4/2018 3 a.m. EST",11369,10560,9077,-2292
ISNE,"12/4/2018 4 a.m. EST",11449,10650,9221,-2228
ISNE,"12/4/2018 5 a.m. EST",12058,11090,9851,-2207
ISNE,"12/4/2018 6 a.m. EST",12529,12220,10178,-2351
ISNE,"12/4/2018 7 a.m. EST",14056,14090,11549,-2507
ISNE,"12/4/2018 8 a.m. EST",14999,15000,12530,-2469
ISNE,"12/4/2018 9 a.m. EST",14915,14900,12446,-2469
ISNE,"12/4/2018 10 a.m. EST",14455,14480,11958,-2497
ISNE,"12/4/2018 11 a.m. EST",13951,14240,11456,-2495
ISNE,"12/4/2018 12 p.m. EST",13691,13970,11216,-2475
ISNE,"12/4/2018 1 p.m. EST",13777,13940,11276,-2501
ISNE,"12/4/2018 2 p.m. EST",13974,14000,11478,-2496
ISNE,"12/4/2018 3 p.m. EST",14313,14230,11848,-2465
ISNE,"12/4/2018 4 p.m. EST",15057,14950,12558,-2499
ISNE,"12/4/2018 5 p.m. EST",16409,16440,13879,-2530
ISNE,"12/4/2018 6 p.m. EST",17444,17450,14909,-2535
ISNE,"12/4/2018 7 p.m. EST",17455,17410,14766,-2689
ISNE,"12/4/2018 8 p.m. EST",17123,17060,14289,-2834
ISNE,"12/4/2018 9 p.m. EST",16536,16420,13743,-2793
ISNE,"12/4/2018 10 p.m. EST",15539,15470,12663,-2876
ISNE,"12/4/2018 11 p.m. EST",14222,14160,11482,-2740
ISNE,"12/5/2018 12 a.m. EST",13095,12970,10502,-2593
ISNE,"12/5/2018 1 a.m. EST",12594,12210,9625,-2969
ISNE,"12/5/2018 2 a.m. EST",12832,11820,9946,-2886
ISNE,"12/5/2018 3 a.m. EST",12726,11680,9982,-2744
ISNE,"12/5/2018 4 a.m. EST",12768,11810,9864,-2904
ISNE,"12/5/2018 5 a.m. EST",13326,12230,10551,-2775
ISNE,"12/5/2018 6 a.m. EST",14302,13310,11559,-2743
ISNE,"12/5/2018 7 a.m. EST",15450,15130,12857,-2593
ISNE,"12/5/2018 8 a.m. EST",16204,15980,13775,-2429
ISNE,"12/5/2018 9 a.m. EST",15802,15500,13240,-2562
ISNE,"12/5/2018 10 a.m. EST",15081,15150,12499,-2582
ISNE,"12/5/2018 11 a.m. EST",14444,14760,11575,-2869
ISNE,"12/5/2018 12 p.m. EST",14398,14500,11830,-2568
ISNE,"12/5/2018 1 p.m. EST",14481,14440,12098,-2383
ISNE,"12/5/2018 2 p.m. EST",14692,14630,12222,-2470
ISNE,"12/5/2018 3 p.m. EST",15167,14910,12545,-2622
ISNE,"12/5/2018 4 p.m. EST",15709,15530,12895,-2814
ISNE,"12/5/2018 5 p.m. EST",16842,16880,14165,-2677
ISNE,"12/5/2018 6 p.m. EST",17582,17700,15131,-2451
ISNE,"12/5/2018 7 p.m. EST",17470,17620,14987,-2483
ISNE,"12/5/2018 8 p.m. EST",17104,17170,14274,-2830
ISNE,"12/5/2018 9 p.m. EST",16513,16580,13850,-2663
ISNE,"12/5/2018 10 p.m. EST",15521,15640,12882,-2639
ISNE,"12/5/2018 11 p.m. EST",14198,14310,11346,-2852
ISNE,"12/6/2018 12 a.m. EST",13003,13100,10136,-2867
ISNE,"12/6/2018 1 a.m. EST",12460,12340,9313,-3147
ISNE,"12/6/2018 2 a.m. EST",12172,11930,8984,-3188
ISNE,"12/6/2018 3 a.m. EST",12250,11780,9107,-3143
ISNE,"12/6/2018 4 a.m. EST",12321,11770,9106,-3215
ISNE,"12/6/2018 5 a.m. EST",12724,12180,9475,-3249
ISNE,"12/6/2018 6 a.m. EST",13441,13230,10230,-3211
ISNE,"12/6/2018 7 a.m. EST",15139,15030,11919,-3220
ISNE,"12/6/2018 8 a.m. EST",15990,16000,12941,-3049
ISNE,"12/6/2018 9 a.m. EST",15658,15630,12575,-3083
ISNE,"12/6/2018 10 a.m. EST",15298,15260,12209,-3089
ISNE,"12/6/2018 11 a.m. EST",14950,14910,11809,-3141
ISNE,"12/6/2018 12 p.m. EST",15014,14750,11851,-3163
ISNE,"12/6/2018 1 p.m. EST",14990,14640,11831,-3159
ISNE,"12/6/2018 2 p.m. EST",15121,14810,11803,-3318
ISNE,"12/6/2018 3 p.m. EST",14974,14990,11665,-3309
ISNE,"12/6/2018 4 p.m. EST",15450,15490,12508,-2942
ISNE,"12/6/2018 5 p.m. EST",16606,16620,13635,-2971
ISNE,"12/6/2018 6 p.m. EST",17303,17500,14447,-2856
ISNE,"12/6/2018 7 p.m. EST",17254,17230,13938,-3316
ISNE,"12/6/2018 8 p.m. EST",16864,16740,13815,-3049
ISNE,"12/6/2018 9 p.m. EST",16311,16180,13062,-3249
ISNE,"12/6/2018 10 p.m. EST",15399,15230,12284,-3115
ISNE,"12/6/2018 11 p.m. EST",13976,13930,11221,-2755
ISNE,"12/7/2018 12 a.m. EST",12790,12790,10353,-2437
ISNE,"12/7/2018 1 a.m. EST",12075,12180,9345,-2730
ISNE,"12/7/2018 2 a.m. EST",11569,11720,8861,-2708
ISNE,"12/7/2018 3 a.m. EST",11377,11550,9028,-2349
ISNE,"12/7/2018 4 a.m. EST",11400,11520,9131,-2269
ISNE,"12/7/2018 5 a.m. EST",11763,11880,9513,-2250
ISNE,"12/7/2018 6 a.m. EST",12814,12890,10121,-2693
ISNE,"12/7/2018 7 a.m. EST",14577,14700,11363,-3214
ISNE,"12/7/2018 8 a.m. EST",15452,15850,12356,-3096
ISNE,"12/7/2018 9 a.m. EST",15211,15380,12219,-2992
ISNE,"12/7/2018 10 a.m. EST",14609,14830,11465,-3144
ISNE,"12/7/2018 11 a.m. EST",14157,14380,11105,-3052
ISNE,"12/7/2018 12 p.m. EST",13806,14000,11149,-2657
ISNE,"12/7/2018 1 p.m. EST",13685,13940,11251,-2434
ISNE,"12/7/2018 2 p.m. EST",13922,14000,11496,-2426
ISNE,"12/7/2018 3 p.m. EST",14417,14190,11929,-2488
ISNE,"12/7/2018 4 p.m. EST",15159,15240,12397,-2762
ISNE,"12/7/2018 5 p.m. EST",16383,16550,13244,-3139
ISNE,"12/7/2018 6 p.m. EST",17173,17500,14120,-3053
ISNE,"12/7/2018 7 p.m. EST",17024,17310,13742,-3282
ISNE,"12/7/2018 8 p.m. EST",16628,16870,13110,-3518
ISNE,"12/7/2018 9 p.m. EST",16193,16360,12914,-3279
ISNE,"12/7/2018 10 p.m. EST",15531,15640,12269,-3262
ISNE,"12/7/2018 11 p.m. EST",14541,14600,11451,-3090
ISNE,"12/8/2018 12 a.m. EST",13545,13530,10281,-3264
ISNE,"12/8/2018 1 a.m. EST",13031,12800,10093,-2938
ISNE,"12/8/2018 2 a.m. EST",12688,12390,9903,-2785
ISNE,"12/8/2018 3 a.m. EST",12538,12250,9831,-2707
ISNE,"12/8/2018 4 a.m. EST",12713,12220,9921,-2792
ISNE,"12/8/2018 5 a.m. EST",12846,12400,10130,-2716
ISNE,"12/8/2018 6 a.m. EST",13195,12870,10275,-2920
ISNE,"12/8/2018 7 a.m. EST",13786,13590,10663,-3123
ISNE,"12/8/2018 8 a.m. EST",14597,14370,11532,-3065
ISNE,"12/8/2018 9 a.m. EST",15008,14760,11625,-3383
ISNE,"12/8/2018 10 a.m. EST",14714,14820,11262,-3452
ISNE,"12/8/2018 11 a.m. EST",14299,14560,11165,-3134
ISNE,"12/8/2018 12 p.m. EST",14038,14190,11065,-2973
ISNE,"12/8/2018 1 p.m. EST",13884,13990,10929,-2955
ISNE,"12/8/2018 2 p.m. EST",13974,13870,10870,-3104
ISNE,"12/8/2018 3 p.m. EST",14380,14020,11381,-2999
ISNE,"12/8/2018 4 p.m. EST",15150,14710,12049,-3101
ISNE,"12/8/2018 5 p.m. EST",16328,16150,13021,-3307
ISNE,"12/8/2018 6 p.m. EST",17063,17070,13797,-3266
ISNE,"12/8/2018 7 p.m. EST",16871,16840,13469,-3402
ISNE,"12/8/2018 8 p.m. EST",16472,16410,12792,-3680
ISNE,"12/8/2018 9 p.m. EST",16060,15930,12357,-3703
ISNE,"12/8/2018 10 p.m. EST",15467,15360,11975,-3492
ISNE,"12/8/2018 11 p.m. EST",14609,14450,11190,-3419
ISNE,"12/9/2018 12 a.m. EST",13690,13490,10227,-3463
ISNE,"12/9/2018 1 a.m. EST",12997,12970,9753,-3244
ISNE,"12/9/2018 2 a.m. EST",12837,12530,9654,-3183
ISNE,"12/9/2018 3 a.m. EST",12875,12320,9575,-3300
ISNE,"12/9/2018 4 a.m. EST",12832,12250,9493,-3339
ISNE,"12/9/2018 5 a.m. EST",12925,12370,9452,-3473
ISNE,"12/9/2018 6 a.m. EST",13041,12670,9631,-3410
ISNE,"12/9/2018 7 a.m. EST",13607,13050,10353,-3254
ISNE,"12/9/2018 8 a.m. EST",14011,13580,11070,-2941
ISNE,"12/9/2018 9 a.m. EST",14661,13920,11447,-3214
ISNE,"12/9/2018 10 a.m. EST",14692,14870,12002,-2690
ISNE,"12/9/2018 11 a.m. EST",14355,14580,11721,-2634
ISNE,"12/9/2018 12 p.m. EST",14045,14470,11332,-2713
ISNE,"12/9/2018 1 p.m. EST",14010,14400,11292,-2718
ISNE,"12/9/2018 2 p.m. EST",14088,14440,11449,-2639
ISNE,"12/9/2018 3 p.m. EST",14485,14640,11693,-2792
ISNE,"12/9/2018 4 p.m. EST",15150,15330,12194,-2956
ISNE,"12/9/2018 5 p.m. EST",16487,16180,13424,-3063
ISNE,"12/9/2018 6 p.m. EST",17374,17300,14342,-3032
ISNE,"12/9/2018 7 p.m. EST",17226,16980,14129,-3097
ISNE,"12/9/2018 8 p.m. EST",16787,16510,13758,-3029
ISNE,"12/9/2018 9 p.m. EST",16206,15960,13227,-2979
ISNE,"12/9/2018 10 p.m. EST",15228,15120,12266,-2962
ISNE,"12/9/2018 11 p.m. EST",13982,14040,11102,-2880
ISNE,"12/10/2018 12 a.m. EST",13143,12990,10198,-2945
ISNE,"12/10/2018 1 a.m. EST",12965,12280,9855,-3110
ISNE,"12/10/2018 2 a.m. EST",13071,11960,9901,-3170
ISNE,"12/10/2018 3 a.m. EST",12941,11850,9716,-3225
ISNE,"12/10/2018 4 a.m. EST",13043,11970,9789,-3254
ISNE,"12/10/2018 5 a.m. EST",13404,12420,10203,-3201
ISNE,"12/10/2018 6 a.m. EST",13948,13580,10698,-3250
ISNE,"12/10/2018 7 a.m. EST",15417,15450,12184,-3233
ISNE,"12/10/2018 8 a.m. EST",16368,16350,13225,-3143
ISNE,"12/10/2018 9 a.m. EST",16064,16050,13030,-3034
ISNE,"12/10/2018 10 a.m. EST",15358,15330,12219,-3139
ISNE,"12/10/2018 11 a.m. EST",14798,15000,11707,-3091
ISNE,"12/10/2018 12 p.m. EST",14514,14720,11367,-3147
ISNE,"12/10/2018 1 p.m. EST",14525,14640,11221,-3304
ISNE,"12/10/2018 2 p.m. EST",14478,14750,11414,-3064
ISNE,"12/10/2018 3 p.m. EST",14863,15100,11938,-2925
ISNE,"12/10/2018 4 p.m. EST",15611,15650,12602,-3009
ISNE,"12/10/2018 5 p.m. EST",16930,17000,13905,-3025
ISNE,"12/10/2018 6 p.m. EST",17967,18100,14945,-3022
ISNE,"12/10/2018 7 p.m. EST",17951,17980,14612,-3339
ISNE,"12/10/2018 8 p.m. EST",17640,17600,14303,-3337
ISNE,"12/10/2018 9 p.m. EST",17055,16970,13769,-3286
ISNE,"12/10/2018 10 p.m. EST",16058,15950,12581,-3477
ISNE,"12/10/2018 11 p.m. EST",14734,14620,11620,-3114
ISNE,"12/11/2018 12 a.m. EST",13589,13450,10604,-2985
ISNE,"12/11/2018 1 a.m. EST",13495,12840,10103,-3392
ISNE,"12/11/2018 2 a.m. EST",13324,12510,10050,-3274
ISNE,"12/11/2018 3 a.m. EST",13208,12420,9896,-3312
ISNE,"12/11/2018 4 a.m. EST",13289,12510,9960,-3329
ISNE,"12/11/2018 5 a.m. EST",13732,12970,10380,-3352
ISNE,"12/11/2018 6 a.m. EST",14446,14120,11422,-3024
ISNE,"12/11/2018 7 a.m. EST",15992,16020,12758,-3234
ISNE,"12/11/2018 8 a.m. EST",16912,16890,13593,-3319
ISNE,"12/11/2018 9 a.m. EST",16517,16490,13301,-3216
ISNE,"12/11/2018 10 a.m. EST",15703,15700,12537,-3166
ISNE,"12/11/2018 11 a.m. EST",15247,15130,12112,-3135
ISNE,"12/11/2018 12 p.m. EST",14942,14650,11967,-2975
ISNE,"12/11/2018 1 p.m. EST",14767,14470,11850,-2917
ISNE,"12/11/2018 2 p.m. EST",14948,14490,12140,-2808
ISNE,"12/11/2018 3 p.m. EST",15389,14630,12553,-2836
ISNE,"12/11/2018 4 p.m. EST",16037,15220,13168,-2869
ISNE,"12/11/2018 5 p.m. EST",17204,16700,14206,-2998
ISNE,"12/11/2018 6 p.m. EST",17945,18000,15145,-2800
ISNE,"12/11/2018 7 p.m. EST",17880,17720,15025,-2855
ISNE,"12/11/2018 8 p.m. EST",17560,17320,14376,-3184
ISNE,"12/11/2018 9 p.m. EST",16931,16730,13669,-3262
ISNE,"12/11/2018 10 p.m. EST",15879,15760,12676,-3203
ISNE,"12/11/2018 11 p.m. EST",14796,14440,11634,-3162
ISNE,"12/12/2018 12 a.m. EST",14027,13210,11125,-2902
ISNE,"12/12/2018 1 a.m. EST",13310,12440,10557,-2753
ISNE,"12/12/2018 2 a.m. EST",13043,12050,10277,-2766
ISNE,"12/12/2018 3 a.m. EST",12941,11910,9909,-3032
ISNE,"12/12/2018 4 a.m. EST",13027,11970,9817,-3210
ISNE,"12/12/2018 5 a.m. EST",13388,12370,10339,-3049
ISNE,"12/12/2018 6 a.m. EST",14006,13480,10889,-3117
ISNE,"12/12/2018 7 a.m. EST",15547,15340,12387,-3160
ISNE,"12/12/2018 8 a.m. EST",16256,16350,13117,-3139
ISNE,"12/12/2018 9 a.m. EST",16047,16150,12538,-3509
ISNE,"12/12/2018 10 a.m. EST",15343,15460,11889,-3454
ISNE,"12/12/2018 11 a.m. EST",15021,14960,11727,-3294
ISNE,"12/12/2018 12 p.m. EST",14971,14730,11770,-3201
ISNE,"12/12/2018 1 p.m. EST",14881,14640,11615,-3266
ISNE,"12/12/2018 2 p.m. EST",14959,14890,11737,-3222
ISNE,"12/12/2018 3 p.m. EST",15257,15290,12156,-3101
ISNE,"12/12/2018 4 p.m. EST",15975,15970,12905,-3070
ISNE,"12/12/2018 5 p.m. EST",17083,17250,13997,-3086
ISNE,"12/12/2018 6 p.m. EST",17965,18150,14786,-3179
ISNE,"12/12/2018 7 p.m. EST",17877,18000,14533,-3344
ISNE,"12/12/2018 8 p.m. EST",17631,17710,14135,-3496
ISNE,"12/12/2018 9 p.m. EST",17124,17140,13569,-3555
ISNE,"12/12/2018 10 p.m. EST",16190,16230,12724,-3466
ISNE,"12/12/2018 11 p.m. EST",15327,14820,12054,-3273
ISNE,"12/13/2018 12 a.m. EST",14118,13660,10921,-3197
ISNE,"12/13/2018 1 a.m. EST",13853,13010,10899,-2954
ISNE,"12/13/2018 2 a.m. EST",13726,12650,10902,-2824
ISNE,"12/13/2018 3 a.m. EST",13874,12530,11255,-2619
ISNE,"12/13/2018 4 a.m. EST",13904,12580,11382,-2522
ISNE,"12/13/2018 5 a.m. EST",14222,13010,11720,-2502
ISNE,"12/13/2018 6 a.m. EST",14819,14130,12345,-2474
ISNE,"12/13/2018 7 a.m. EST",16108,16000,13433,-2675
ISNE,"12/13/2018 8 a.m. EST",16957,16970,13911,-3046
ISNE,"12/13/2018 9 a.m. EST",16795,16770,13713,-3082
ISNE,"12/13/2018 10 a.m. EST",16291,16340,13261,-3030
ISNE,"12/13/2018 11 a.m. EST",15973,15990,12932,-3041
ISNE,"12/13/2018 12 p.m. EST",15949,15760,12926,-3023
ISNE,"12/13/2018 1 p.m. EST",15975,15560,12758,-3217
ISNE,"12/13/2018 2 p.m. EST",16111,15640,12864,-3247
ISNE,"12/13/2018 3 p.m. EST",16193,15720,12864,-3329
ISNE,"12/13/2018 4 p.m. EST",16550,16160,13315,-3235
ISNE,"12/13/2018 5 p.m. EST",17562,17360,14502,-3060
ISNE,"12/13/2018 6 p.m. EST",18187,18250,14992,-3195
ISNE,"12/13/2018 7 p.m. EST",17998,17970,14745,-3253
ISNE,"12/13/2018 8 p.m. EST",17616,17550,14206,-3410
ISNE,"12/13/2018 9 p.m. EST",16990,16940,13550,-3440
ISNE,"12/13/2018 10 p.m. EST",16007,15970,12673,-3334
ISNE,"12/13/2018 11 p.m. EST",14678,14640,11660,-3018
ISNE,"12/14/2018 12 a.m. EST",13621,13420,10830,-2791
ISNE,"12/14/2018 1 a.m. EST",12786,12520,9871,-2915
ISNE,"12/14/2018 2 a.m. EST",12370,12080,9508,-2862
ISNE,"12/14/2018 3 a.m. EST",12394,11880,9474,-2920
ISNE,"12/14/2018 4 a.m. EST",12429,11890,9421,-3008
ISNE,"12/14/2018 5 a.m. EST",12774,12250,9641,-3133
ISNE,"12/14/2018 6 a.m. EST",13402,13290,10509,-2893
ISNE,"12/14/2018 7 a.m. EST",15009,15040,12188,-2821
ISNE,"12/14/2018 8 a.m. EST",15967,15980,12867,-3100
ISNE,"12/14/2018 9 a.m. EST",15849,15850,12751,-3098
ISNE,"12/14/2018 10 a.m. EST",15337,15370,12304,-3033
ISNE,"12/14/2018 11 a.m. EST",14905,15070,11925,-2980
ISNE,"12/14/2018 12 p.m. EST",14672,14880,11880,-2792
ISNE,"12/14/2018 1 p.m. EST",14568,14760,12103,-2465
ISNE,"12/14/2018 2 p.m. EST",14710,14810,12255,-2455
ISNE,"12/14/2018 3 p.m. EST",14945,14900,12464,-2481
ISNE,"12/14/2018 4 p.m. EST",15314,15200,12671,-2643
ISNE,"12/14/2018 5 p.m. EST",16298,16250,13407,-2891
ISNE,"12/14/2018 6 p.m. EST",16740,16830,13773,-2967
ISNE,"12/14/2018 7 p.m. EST",16386,16490,13266,-3120
ISNE,"12/14/2018 8 p.m. EST",15876,15880,12701,-3175
ISNE,"12/14/2018 9 p.m. EST",15303,15240,12051,-3252
ISNE,"12/14/2018 10 p.m. EST",14505,14450,11431,-3074
ISNE,"12/14/2018 11 p.m. EST",13398,13380,11056,-2342
ISNE,"12/15/2018 12 a.m. EST",12414,12300,9837,-2577
ISNE,"12/15/2018 1 a.m. EST",11936,11400,8666,-3270
ISNE,"12/15/2018 2 a.m. EST",11414,10880,8171,-3243
ISNE,"12/15/2018 3 a.m. EST",11562,10610,8292,-3270
ISNE,"12/15/2018 4 a.m. EST",11595,10490,8443,-3152
ISNE,"12/15/2018 5 a.m. EST",11642,10580,8268,-3374
ISNE,"12/15/2018 6 a.m. EST",12004,10970,8627,-3377
ISNE,"12/15/2018 7 a.m. EST",12233,11720,8931,-3302
ISNE,"12/15/2018 8 a.m. EST",13067,12590,9794,-3273
ISNE,"12/15/2018 9 a.m. EST",13442,13410,10212,-3230
ISNE,"12/15/2018 10 a.m. EST",13768,13770,10615,-3153
ISNE,"12/15/2018 11 a.m. EST",13669,13840,10645,-3024
ISNE,"12/15/2018 12 p.m. EST",13356,13550,10416,-2940
ISNE,"12/15/2018 1 p.m. EST",13308,13420,10442,-2866
ISNE,"12/15/2018 2 p.m. EST",13331,13340,10508,-2823
ISNE,"12/15/2018 3 p.m. EST",13430,13400,10498,-2932
ISNE,"12/15/2018 4 p.m. EST",13698,13940,10752,-2946
ISNE,"12/15/2018 5 p.m. EST",14702,14940,11559,-3143
ISNE,"12/15/2018 6 p.m. EST",15288,15500,12045,-3243
ISNE,"12/15/2018 7 p.m. EST",15063,15300,11755,-3308
ISNE,"12/15/2018 8 p.m. EST",14650,14890,11348,-3302
ISNE,"12/15/2018 9 p.m. EST",14231,14440,10985,-3246
ISNE,"12/15/2018 10 p.m. EST",13674,13840,10778,-2896
ISNE,"12/15/2018 11 p.m. EST",12864,12990,9790,-3074
ISNE,"12/16/2018 12 a.m. EST",11993,12100,8981,-3012
ISNE,"12/16/2018 1 a.m. EST",11602,11190,8725,-2877
ISNE,"12/16/2018 2 a.m. EST",11540,10730,8550,-2990
ISNE,"12/16/2018 3 a.m. EST",11287,10480,8392,-2895
ISNE,"12/16/2018 4 a.m. EST",11212,10420,8402,-2810
ISNE,"12/16/2018 5 a.m. EST",11289,10510,8391,-2898
ISNE,"12/16/2018 6 a.m. EST",11599,10830,8625,-2974
ISNE,"12/16/2018 7 a.m. EST",11802,11400,9025,-2777
ISNE,"12/16/2018 8 a.m. EST",12407,12160,9756,-2651
ISNE,"12/16/2018 9 a.m. EST",13073,13060,10510,-2563
ISNE,"12/16/2018 10 a.m. EST",13748,13600,11235,-2513
ISNE,"12/16/2018 11 a.m. EST",14039,13980,11704,-2335
ISNE,"12/16/2018 12 p.m. EST",14163,14300,11749,-2414
ISNE,"12/16/2018 1 p.m. EST",14229,14360,11517,-2712
ISNE,"12/16/2018 2 p.m. EST",14261,14460,11564,-2697
ISNE,"12/16/2018 3 p.m. EST",14348,14490,11782,-2566
ISNE,"12/16/2018 4 p.m. EST",14713,14810,12034,-2679
ISNE,"12/16/2018 5 p.m. EST",15827,15800,13017,-2810
ISNE,"12/16/2018 6 p.m. EST",16395,16420,13895,-2500
ISNE,"12/16/2018 7 p.m. EST",16243,16050,13662,-2581
ISNE,"12/16/2018 8 p.m. EST",15826,15510,13049,-2777
ISNE,"12/16/2018 9 p.m. EST",15303,14950,12328,-2975
ISNE,"12/16/2018 10 p.m. EST",14363,14060,11341,-3022
ISNE,"12/16/2018 11 p.m. EST",13127,12940,10382,-2745
ISNE,"12/17/2018 12 a.m. EST",12265,11910,9516,-2749
ISNE,"12/17/2018 1 a.m. EST",11998,11180,9011,-2987
ISNE,"12/17/2018 2 a.m. EST",11953,10790,9005,-2948
ISNE,"12/17/2018 3 a.m. EST",11804,10670,8806,-2998
ISNE,"12/17/2018 4 a.m. EST",11841,10710,8777,-3064
ISNE,"12/17/2018 5 a.m. EST",11888,11100,8734,-3154
ISNE,"12/17/2018 6 a.m. EST",12396,12170,9507,-2889
ISNE,"12/17/2018 7 a.m. EST",14038,13930,11406,-2632
ISNE,"12/17/2018 8 a.m. EST",15152,14920,12588,-2564
ISNE,"12/17/2018 9 a.m. EST",15406,15090,12605,-2801
ISNE,"12/17/2018 10 a.m. EST",15345,15300,12371,-2974
ISNE,"12/17/2018 11 a.m. EST",15360,15140,12160,-3200
ISNE,"12/17/2018 12 p.m. EST",15313,14810,11902,-3411
ISNE,"12/17/2018 1 p.m. EST",15252,14620,11834,-3418
ISNE,"12/17/2018 2 p.m. EST",15334,14630,11987,-3347
ISNE,"12/17/2018 3 p.m. EST",15202,14730,11971,-3231
ISNE,"12/17/2018 4 p.m. EST",15546,15210,12432,-3114
ISNE,"12/17/2018 5 p.m. EST",16644,16500,13412,-3232
ISNE,"12/17/2018 6 p.m. EST",17463,17430,14330,-3133
ISNE,"12/17/2018 7 p.m. EST",17340,17310,13948,-3392
ISNE,"12/17/2018 8 p.m. EST",16930,16900,13504,-3426
ISNE,"12/17/2018 9 p.m. EST",16282,16150,12948,-3334
ISNE,"12/17/2018 10 p.m. EST",15256,15050,11790,-3466
ISNE,"12/17/2018 11 p.m. EST",13893,13740,10827,-3066
ISNE,"12/18/2018 12 a.m. EST",12661,12550,9759,-2902
ISNE,"12/18/2018 1 a.m. EST",12495,11900,9665,-2830
ISNE,"12/18/2018 2 a.m. EST",12410,11610,9657,-2753
ISNE,"12/18/2018 3 a.m. EST",12463,11460,9603,-2860
ISNE,"12/18/2018 4 a.m. EST",12751,11590,9791,-2960
ISNE,"12/18/2018 5 a.m. EST",13050,12130,10064,-2986
ISNE,"12/18/2018 6 a.m. EST",13593,13260,10626,-2967
ISNE,"12/18/2018 7 a.m. EST",15311,15050,11836,-3475
ISNE,"12/18/2018 8 a.m. EST",16396,16010,12710,-3686
ISNE,"12/18/2018 9 a.m. EST",16325,15990,12670,-3655
ISNE,"12/18/2018 10 a.m. EST",15874,15890,12543,-3331
ISNE,"12/18/2018 11 a.m. EST",15281,15520,11812,-3469
ISNE,"12/18/2018 12 p.m. EST",14827,15170,11448,-3379
ISNE,"12/18/2018 1 p.m. EST",14716,14990,11444,-3272
ISNE,"12/18/2018 2 p.m. EST",15009,15080,12017,-2992
ISNE,"12/18/2018 3 p.m. EST",15327,15430,12328,-2999
ISNE,"12/18/2018 4 p.m. EST",16067,16070,12706,-3361
ISNE,"12/18/2018 5 p.m. EST",17342,17060,13703,-3639
ISNE,"12/18/2018 6 p.m. EST",18288,18100,14597,-3691
ISNE,"12/18/2018 7 p.m. EST",18253,18040,14580,-3673
ISNE,"12/18/2018 8 p.m. EST",17978,17690,14381,-3597
ISNE,"12/18/2018 9 p.m. EST",17461,17070,13706,-3755
ISNE,"12/18/2018 10 p.m. EST",16517,16130,12696,-3821
ISNE,"12/18/2018 11 p.m. EST",15163,14820,11724,-3439
ISNE,"12/19/2018 12 a.m. EST",13893,13590,10814,-3079
ISNE,"12/19/2018 1 a.m. EST",13411,13020,10219,-3192
ISNE,"12/19/2018 2 a.m. EST",13336,12610,9768,-3568
ISNE,"12/19/2018 3 a.m. EST",13143,12440,9709,-3434
ISNE,"12/19/2018 4 a.m. EST",13315,12470,9770,-3545
ISNE,"12/19/2018 5 a.m. EST",13412,12870,9843,-3569
ISNE,"12/19/2018 6 a.m. EST",14253,13970,10755,-3498
ISNE,"12/19/2018 7 a.m. EST",15811,15840,12598,-3213
ISNE,"12/19/2018 8 a.m. EST",16773,16740,13538,-3235
ISNE,"12/19/2018 9 a.m. EST",16489,16410,12963,-3526
ISNE,"12/19/2018 10 a.m. EST",15690,15700,12254,-3436
ISNE,"12/19/2018 11 a.m. EST",14973,15120,11732,-3241
ISNE,"12/19/2018 12 p.m. EST",14474,14690,11387,-3087
ISNE,"12/19/2018 1 p.m. EST",14138,14480,11189,-2949
ISNE,"12/19/2018 2 p.m. EST",14374,14710,11202,-3172
ISNE,"12/19/2018 3 p.m. EST",14784,15060,11846,-2938
ISNE,"12/19/2018 4 p.m. EST",15362,15660,12439,-2923
ISNE,"12/19/2018 5 p.m. EST",16668,16850,13425,-3243
ISNE,"12/19/2018 6 p.m. EST",17610,17640,14329,-3281
ISNE,"12/19/2018 7 p.m. EST",17544,17500,14029,-3515
ISNE,"12/19/2018 8 p.m. EST",17231,17290,13872,-3359
ISNE,"12/19/2018 9 p.m. EST",16703,16720,13354,-3349
ISNE,"12/19/2018 10 p.m. EST",15766,15790,12431,-3335
ISNE,"12/19/2018 11 p.m. EST",14455,14410,10877,-3578
ISNE,"12/20/2018 12 a.m. EST",13202,13170,10125,-3077
ISNE,"12/20/2018 1 a.m. EST",12392,12370,9182,-3210
ISNE,"12/20/2018 2 a.m. EST",12025,11950,8681,-3344
ISNE,"12/20/2018 3 a.m. EST",12028,11770,8808,-3220
ISNE,"12/20/2018 4 a.m. EST",12064,11810,8926,-3138
ISNE,"12/20/2018 5 a.m. EST",12448,12210,9339,-3109
ISNE,"12/20/2018 6 a.m. EST",13290,13380,10340,-2950
ISNE,"12/20/2018 7 a.m. EST",15035,15320,12144,-2891
ISNE,"12/20/2018 8 a.m. EST",16017,16010,12802,-3215
ISNE,"12/20/2018 9 a.m. EST",15736,15480,12517,-3219
ISNE,"12/20/2018 10 a.m. EST",14924,14940,11876,-3048
ISNE,"12/20/2018 11 a.m. EST",14473,14510,11657,-2816
ISNE,"12/20/2018 12 p.m. EST",14168,14280,11474,-2694
ISNE,"12/20/2018 1 p.m. EST",14189,14160,11551,-2638
ISNE,"12/20/2018 2 p.m. EST",14231,14370,11619,-2612
ISNE,"12/20/2018 3 p.m. EST",14535,14640,11948,-2587
ISNE,"12/20/2018 4 p.m. EST",15051,15130,12483,-2568
ISNE,"12/20/2018 5 p.m. EST",16193,16330,13321,-2872
ISNE,"12/20/2018 6 p.m. EST",16862,17000,13815,-3047
ISNE,"12/20/2018 7 p.m. EST",16723,16860,13434,-3289
ISNE,"12/20/2018 8 p.m. EST",16346,16460,13251,-3095
ISNE,"12/20/2018 9 p.m. EST",15801,15920,12807,-2994
ISNE,"12/20/2018 10 p.m. EST",14865,15010,11979,-2886
ISNE,"12/20/2018 11 p.m. EST",13578,13640,10770,-2808
ISNE,"12/21/2018 12 a.m. EST",12309,12430,9681,-2628
ISNE,"12/21/2018 1 a.m. EST",11808,11380,8963,-2845
ISNE,"12/21/2018 2 a.m. EST",11531,10870,8739,-2792
ISNE,"12/21/2018 3 a.m. EST",11440,10600,8956,-2484
ISNE,"12/21/2018 4 a.m. EST",11383,10570,8843,-2540
ISNE,"12/21/2018 5 a.m. EST",11652,10910,8920,-2732
ISNE,"12/21/2018 6 a.m. EST",12359,11980,9615,-2744
ISNE,"12/21/2018 7 a.m. EST",13491,13840,10834,-2657
ISNE,"12/21/2018 8 a.m. EST",14413,14890,11715,-2698
ISNE,"12/21/2018 9 a.m. EST",14874,15040,12171,-2703
ISNE,"12/21/2018 10 a.m. EST",15105,15150,12703,-2402
ISNE,"12/21/2018 11 a.m. EST",15223,15110,12935,-2288
ISNE,"12/21/2018 12 p.m. EST",15231,14970,12847,-2384
ISNE,"12/21/2018 1 p.m. EST",15066,14940,12524,-2542
ISNE,"12/21/2018 2 p.m. EST",14997,14940,12299,-2698
ISNE,"12/21/2018 3 p.m. EST",14845,15070,12041,-2804
ISNE,"12/21/2018 4 p.m. EST",14886,15290,12060,-2826
ISNE,"12/21/2018 5 p.m. EST",15509,15890,12580,-2929
ISNE,"12/21/2018 6 p.m. EST",15817,16280,12940,-2877
ISNE,"12/21/2018 7 p.m. EST",15434,15930,12372,-3062
ISNE,"12/21/2018 8 p.m. EST",14885,15370,11945,-2940
ISNE,"12/21/2018 9 p.m. EST",14279,14630,11335,-2944
ISNE,"12/21/2018 10 p.m. EST",13485,13940,10598,-2887
ISNE,"12/21/2018 11 p.m. EST",12484,13240,9953,-2531
ISNE,"12/22/2018 12 a.m. EST",11594,11930,9306,-2288
ISNE,"12/22/2018 1 a.m. EST",10766,10480,8483,-2283
ISNE,"12/22/2018 2 a.m. EST",10526,9950,8240,-2286
ISNE,"12/22/2018 3 a.m. EST",10454,9660,8306,-2148
ISNE,"12/22/2018 4 a.m. EST",10314,9530,8185,-2129
ISNE,"12/22/2018 5 a.m. EST",10383,9590,8293,-2090
ISNE,"12/22/2018 6 a.m. EST",10484,9950,8362,-2122
ISNE,"12/22/2018 7 a.m. EST",10670,10650,8362,-2308
ISNE,"12/22/2018 8 a.m. EST",11516,11740,8648,-2868
ISNE,"12/22/2018 9 a.m. EST",12380,12420,9389,-2991
ISNE,"12/22/2018 10 a.m. EST",12996,13020,10368,-2628
ISNE,"12/22/2018 11 a.m. EST",13330,13210,10665,-2665
ISNE,"12/22/2018 12 p.m. EST",13330,13230,10590,-2740
ISNE,"12/22/2018 1 p.m. EST",13100,13070,10405,-2695
ISNE,"12/22/2018 2 p.m. EST",12972,13010,10277,-2695
ISNE,"12/22/2018 3 p.m. EST",13061,13110,10432,-2629
ISNE,"12/22/2018 4 p.m. EST",13528,13430,10921,-2607
ISNE,"12/22/2018 5 p.m. EST",14605,14600,11961,-2644
ISNE,"12/22/2018 6 p.m. EST",15394,15380,12969,-2425
ISNE,"12/22/2018 7 p.m. EST",15296,15340,12898,-2398
ISNE,"12/22/2018 8 p.m. EST",14975,14870,12861,-2114
ISNE,"12/22/2018 9 p.m. EST",14601,14400,12455,-2146
ISNE,"12/22/2018 10 p.m. EST",14074,13870,11839,-2235
ISNE,"12/22/2018 11 p.m. EST",13272,13040,11087,-2185
ISNE,"12/23/2018 12 a.m. EST",12328,11900,9824,-2504
ISNE,"12/23/2018 1 a.m. EST",11552,11330,9238,-2314
ISNE,"12/23/2018 2 a.m. EST",11202,10880,9007,-2195
ISNE,"12/23/2018 3 a.m. EST",11087,10670,9023,-2064
ISNE,"12/23/2018 4 a.m. EST",11011,10630,8986,-2025
ISNE,"12/23/2018 5 a.m. EST",11121,10680,9049,-2072
ISNE,"12/23/2018 6 a.m. EST",11251,11010,9134,-2117
ISNE,"12/23/2018 7 a.m. EST",11839,11620,9205,-2634
ISNE,"12/23/2018 8 a.m. EST",12558,12170,9996,-2562
ISNE,"12/23/2018 9 a.m. EST",13039,12790,10829,-2210
ISNE,"12/23/2018 10 a.m. EST",12993,13050,10854,-2139
ISNE,"12/23/2018 11 a.m. EST",12717,13020,10511,-2206
ISNE,"12/23/2018 12 p.m. EST",12468,12860,10164,-2304
ISNE,"12/23/2018 1 p.m. EST",12402,12730,10137,-2265
ISNE,"12/23/2018 2 p.m. EST",12778,12760,10464,-2314
ISNE,"12/23/2018 3 p.m. EST",13262,13000,10884,-2378
ISNE,"12/23/2018 4 p.m. EST",13913,13870,11499,-2414
ISNE,"12/23/2018 5 p.m. EST",14932,15240,12475,-2457
ISNE,"12/23/2018 6 p.m. EST",15900,16100,13547,-2353
ISNE,"12/23/2018 7 p.m. EST",15884,16050,13479,-2405
ISNE,"12/23/2018 8 p.m. EST",15603,15710,13112,-2491
ISNE,"12/23/2018 9 p.m. EST",15272,14970,12836,-2436
ISNE,"12/23/2018 10 p.m. EST",14639,14370,12097,-2542
ISNE,"12/23/2018 11 p.m. EST",13696,13200,11074,-2622
ISNE,"12/24/2018 12 a.m. EST",12670,12170,9984,-2686
ISNE,"12/24/2018 1 a.m. EST",11914,11840,9094,-2820
ISNE,"12/24/2018 2 a.m. EST",11943,11350,8714,-3229
ISNE,"12/24/2018 3 a.m. EST",12105,11130,8732,-3373
ISNE,"12/24/2018 4 a.m. EST",12147,11100,8866,-3281
ISNE,"12/24/2018 5 a.m. EST",12351,11330,9106,-3245
ISNE,"12/24/2018 6 a.m. EST",12352,11890,9174,-3178
ISNE,"12/24/2018 7 a.m. EST",12784,12780,9830,-2954
ISNE,"12/24/2018 8 a.m. EST",13636,13650,11414,-2222
ISNE,"12/24/2018 9 a.m. EST",14300,14310,12384,-1916
ISNE,"12/24/2018 10 a.m. EST",14558,14560,12664,-1894
ISNE,"12/24/2018 11 a.m. EST",14789,14810,12955,-1834
ISNE,"12/24/2018 12 p.m. EST",14976,14880,12799,-2177
ISNE,"12/24/2018 1 p.m. EST",14885,14690,12629,-2256
ISNE,"12/24/2018 2 p.m. EST",14759,14580,12396,-2363
ISNE,"12/24/2018 3 p.m. EST",14761,14520,12390,-2371
ISNE,"12/24/2018 4 p.m. EST",14981,14790,12605,-2376
ISNE,"12/24/2018 5 p.m. EST",15674,15930,13319,-2355
ISNE,"12/24/2018 6 p.m. EST",15845,16350,13498,-2347
ISNE,"12/24/2018 7 p.m. EST",15178,15910,12934,-2244
ISNE,"12/24/2018 8 p.m. EST",14542,15360,12251,-2291
ISNE,"12/24/2018 9 p.m. EST",14168,14890,11482,-2686
ISNE,"12/24/2018 10 p.m. EST",14017,14400,11348,-2669
ISNE,"12/24/2018 11 p.m. EST",13213,13600,10962,-2251
ISNE,"12/25/2018 12 a.m. EST",12414,12770,10154,-2260
ISNE,"12/25/2018 1 a.m. EST",11930,11700,9251,-2679
ISNE,"12/25/2018 2 a.m. EST",11757,11220,8876,-2881
ISNE,"12/25/2018 3 a.m. EST",11903,10980,8895,-3008
ISNE,"12/25/2018 4 a.m. EST",11963,10900,8771,-3192
ISNE,"12/25/2018 5 a.m. EST",12087,11040,8974,-3113
ISNE,"12/25/2018 6 a.m. EST",12166,11400,9169,-2997
ISNE,"12/25/2018 7 a.m. EST",12544,12030,9668,-2876
ISNE,"12/25/2018 8 a.m. EST",13226,12700,10695,-2531
ISNE,"12/25/2018 9 a.m. EST",13378,13120,10964,-2414
ISNE,"12/25/2018 10 a.m. EST",12967,12970,10331,-2636
ISNE,"12/25/2018 11 a.m. EST",12567,12690,10091,-2476
ISNE,"12/25/2018 12 p.m. EST",12331,12430,9960,-2371
ISNE,"12/25/2018 1 p.m. EST",12227,12150,9779,-2448
ISNE,"12/25/2018 2 p.m. EST",12335,12120,9873,-2462
ISNE,"12/25/2018 3 p.m. EST",12750,12280,10281,-2469
ISNE,"12/25/2018 4 p.m. EST",13041,12700,10749,-2292
ISNE,"12/25/2018 5 p.m. EST",13985,14400,11548,-2437
ISNE,"12/25/2018 6 p.m. EST",14626,15000,12089,-2537
ISNE,"12/25/2018 7 p.m. EST",14588,14800,12120,-2468
ISNE,"12/25/2018 8 p.m. EST",14518,14740,11931,-2587
ISNE,"12/25/2018 9 p.m. EST",14368,14520,11924,-2444
ISNE,"12/25/2018 10 p.m. EST",13980,14180,11616,-2364
ISNE,"12/25/2018 11 p.m. EST",13258,13420,10869,-2389
ISNE,"12/26/2018 12 a.m. EST",12486,12570,10064,-2422
ISNE,"12/26/2018 1 a.m. EST",12133,11850,9282,-2851
ISNE,"12/26/2018 2 a.m. EST",11910,11540,9021,-2889
ISNE,"12/26/2018 3 a.m. EST",11953,11440,8972,-2981
ISNE,"12/26/2018 4 a.m. EST",12011,11500,9038,-2973
ISNE,"12/26/2018 5 a.m. EST",12329,11850,9344,-2985
ISNE,"12/26/2018 6 a.m. EST",12736,12660,9833,-2903
ISNE,"12/26/2018 7 a.m. EST",13832,13850,10895,-2937
ISNE,"12/26/2018 8 a.m. EST",14776,14770,11898,-2878
ISNE,"12/26/2018 9 a.m. EST",15113,15110,12312,-2801
ISNE,"12/26/2018 10 a.m. EST",14973,14930,12254,-2719
ISNE,"12/26/2018 11 a.m. EST",14690,14420,11894,-2796
ISNE,"12/26/2018 12 p.m. EST",14371,14020,11737,-2634
ISNE,"12/26/2018 1 p.m. EST",14205,13810,11843,-2362
ISNE,"12/26/2018 2 p.m. EST",14430,13820,11749,-2681
ISNE,"12/26/2018 3 p.m. EST",14850,14010,11851,-2999
ISNE,"12/26/2018 4 p.m. EST",15390,14670,12563,-2827
ISNE,"12/26/2018 5 p.m. EST",16421,15850,13624,-2797
ISNE,"12/26/2018 6 p.m. EST",17204,17000,14049,-3155
ISNE,"12/26/2018 7 p.m. EST",17000,16730,13646,-3354
ISNE,"12/26/2018 8 p.m. EST",16543,16320,13006,-3537
ISNE,"12/26/2018 9 p.m. EST",15933,15810,12351,-3582
ISNE,"12/26/2018 10 p.m. EST",15057,14880,11474,-3583
ISNE,"12/26/2018 11 p.m. EST",13931,13620,10331,-3600
ISNE,"12/27/2018 12 a.m. EST",13053,12530,9766,-3287
ISNE,"12/27/2018 1 a.m. EST",12571,12010,9046,-3525
ISNE,"12/27/2018 2 a.m. EST",12447,11530,8911,-3536
ISNE,"12/27/2018 3 a.m. EST",12412,11400,8710,-3702
ISNE,"12/27/2018 4 a.m. EST",12384,11480,8732,-3652
ISNE,"12/27/2018 5 a.m. EST",12409,11560,8859,-3550
ISNE,"12/27/2018 6 a.m. EST",12953,12570,9554,-3399
ISNE,"12/27/2018 7 a.m. EST",13830,14250,10534,-3296
ISNE,"12/27/2018 8 a.m. EST",14653,15110,11310,-3343
ISNE,"12/27/2018 9 a.m. EST",14897,15260,11593,-3304
ISNE,"12/27/2018 10 a.m. EST",14732,14610,11477,-3255
ISNE,"12/27/2018 11 a.m. EST",14410,14230,11043,-3367
ISNE,"12/27/2018 12 p.m. EST",14111,13970,10750,-3361
ISNE,"12/27/2018 1 p.m. EST",13949,13870,10229,-3720
ISNE,"12/27/2018 2 p.m. EST",14210,14040,10522,-3688
ISNE,"12/27/2018 3 p.m. EST",14431,14290,10642,-3789
ISNE,"12/27/2018 4 p.m. EST",15029,15030,11373,-3656
ISNE,"12/27/2018 5 p.m. EST",16164,16110,12386,-3778
ISNE,"12/27/2018 6 p.m. EST",17031,17100,13350,-3681
ISNE,"12/27/2018 7 p.m. EST",16860,17090,13175,-3685
ISNE,"12/27/2018 8 p.m. EST",16436,16850,12793,-3643
ISNE,"12/27/2018 9 p.m. EST",15854,16280,12238,-3616
ISNE,"12/27/2018 10 p.m. EST",14982,15310,11366,-3616
ISNE,"12/27/2018 11 p.m. EST",13820,14060,10581,-3239
ISNE,"12/28/2018 12 a.m. EST",12707,12910,9916,-2791
ISNE,"12/28/2018 1 a.m. EST",11907,11830,8842,-3065
ISNE,"12/28/2018 2 a.m. EST",11646,11250,8460,-3186
ISNE,"12/28/2018 3 a.m. EST",11406,11060,8507,-2899
ISNE,"12/28/2018 4 a.m. EST",11577,11070,8615,-2962
ISNE,"12/28/2018 5 a.m. EST",11662,11290,8679,-2983
ISNE,"12/28/2018 6 a.m. EST",12086,12150,9101,-2985
ISNE,"12/28/2018 7 a.m. EST",13167,13530,10375,-2792
ISNE,"12/28/2018 8 a.m. EST",14192,14530,11488,-2704
ISNE,"12/28/2018 9 a.m. EST",14893,14920,12179,-2714
ISNE,"12/28/2018 10 a.m. EST",15403,15410,12664,-2739
ISNE,"12/28/2018 11 a.m. EST",15709,15400,12955,-2754
ISNE,"12/28/2018 12 p.m. EST",15799,15360,12953,-2846
ISNE,"12/28/2018 1 p.m. EST",15682,15260,12723,-2959
ISNE,"12/28/2018 2 p.m. EST",15531,15200,12577,-2954
ISNE,"12/28/2018 3 p.m. EST",15313,15070,12424,-2889
ISNE,"12/28/2018 4 p.m. EST",15267,15260,12347,-2920
ISNE,"12/28/2018 5 p.m. EST",15818,15960,12646,-3172
ISNE,"12/28/2018 6 p.m. EST",16098,16110,12855,-3243
ISNE,"12/28/2018 7 p.m. EST",15655,15730,12304,-3351
ISNE,"12/28/2018 8 p.m. EST",15042,14980,11684,-3358
ISNE,"12/28/2018 9 p.m. EST",14415,14460,10887,-3528
ISNE,"12/28/2018 10 p.m. EST",13616,13630,10270,-3346
ISNE,"12/28/2018 11 p.m. EST",12776,12630,9478,-3298
ISNE,"12/29/2018 12 a.m. EST",11822,11600,9029,-2793
ISNE,"12/29/2018 1 a.m. EST",11291,10900,8437,-2854
ISNE,"12/29/2018 2 a.m. EST",10834,10340,7893,-2941
ISNE,"12/29/2018 3 a.m. EST",10823,10130,8246,-2577
ISNE,"12/29/2018 4 a.m. EST",10705,10070,8259,-2446
ISNE,"12/29/2018 5 a.m. EST",10779,10130,8337,-2442
ISNE,"12/29/2018 6 a.m. EST",10552,10410,8191,-2361
ISNE,"12/29/2018 7 a.m. EST",10930,11060,8491,-2439
ISNE,"12/29/2018 8 a.m. EST",11530,11670,8694,-2836
ISNE,"12/29/2018 9 a.m. EST",12077,12420,9170,-2907
ISNE,"12/29/2018 10 a.m. EST",12162,12200,9411,-2751
ISNE,"12/29/2018 11 a.m. EST",12014,11950,9365,-2649
ISNE,"12/29/2018 12 p.m. EST",12006,11840,9338,-2668
ISNE,"12/29/2018 1 p.m. EST",12163,11740,9687,-2476
ISNE,"12/29/2018 2 p.m. EST",12376,11890,9738,-2638
ISNE,"12/29/2018 3 p.m. EST",12640,12190,9923,-2717
ISNE,"12/29/2018 4 p.m. EST",13105,12940,10401,-2704
ISNE,"12/29/2018 5 p.m. EST",14151,14180,11437,-2714
ISNE,"12/29/2018 6 p.m. EST",15008,15200,12104,-2904
ISNE,"12/29/2018 7 p.m. EST",14952,15110,12222,-2730
ISNE,"12/29/2018 8 p.m. EST",14640,14750,11891,-2749
ISNE,"12/29/2018 9 p.m. EST",14269,14450,11489,-2780
ISNE,"12/29/2018 10 p.m. EST",13726,13890,10741,-2985
ISNE,"12/29/2018 11 p.m. EST",12980,13040,10012,-2968
ISNE,"12/30/2018 12 a.m. EST",12147,12190,9324,-2823
ISNE,"12/30/2018 1 a.m. EST",11522,11500,8677,-2845
ISNE,"12/30/2018 2 a.m. EST",11127,11110,8547,-2580
ISNE,"12/30/2018 3 a.m. EST",11172,10920,8469,-2703
ISNE,"12/30/2018 4 a.m. EST",11144,10900,8516,-2628
ISNE,"12/30/2018 5 a.m. EST",11169,11010,8430,-2739
ISNE,"12/30/2018 6 a.m. EST",11332,11340,8498,-2834
ISNE,"12/30/2018 7 a.m. EST",11846,11830,8843,-3003
ISNE,"12/30/2018 8 a.m. EST",12484,12470,9767,-2717
ISNE,"12/30/2018 9 a.m. EST",13213,13160,10245,-2968
ISNE,"12/30/2018 10 a.m. EST",13595,13630,10735,-2860
ISNE,"12/30/2018 11 a.m. EST",13299,13660,10365,-2934
ISNE,"12/30/2018 12 p.m. EST",12943,13530,10112,-2831
ISNE,"12/30/2018 1 p.m. EST",12883,13490,10009,-2874
ISNE,"12/30/2018 2 p.m. EST",12983,13680,10174,-2809
ISNE,"12/30/2018 3 p.m. EST",13371,13870,10369,-3002
ISNE,"12/30/2018 4 p.m. EST",13944,14550,10805,-3139
ISNE,"12/30/2018 5 p.m. EST",15146,15870,12170,-2976
ISNE,"12/30/2018 6 p.m. EST",16087,16250,13170,-2917
ISNE,"12/30/2018 7 p.m. EST",15994,16180,13325,-2669
ISNE,"12/30/2018 8 p.m. EST",15569,15730,12979,-2590
ISNE,"12/30/2018 9 p.m. EST",15073,15210,12634,-2439
ISNE,"12/30/2018 10 p.m. EST",14328,14370,11790,-2538
ISNE,"12/30/2018 11 p.m. EST",13372,13320,10662,-2710
ISNE,"12/31/2018 12 a.m. EST",12418,12290,9437,-2981
ISNE,"12/31/2018 1 a.m. EST",12063,11600,8985,-3078
ISNE,"12/31/2018 2 a.m. EST",11829,11070,8848,-2981
ISNE,"12/31/2018 3 a.m. EST",11888,10810,8783,-3105
ISNE,"12/31/2018 4 a.m. EST",11879,10700,8804,-3075
ISNE,"12/31/2018 5 a.m. EST",12149,10950,9157,-2992
ISNE,"12/31/2018 6 a.m. EST",12390,11650,9472,-2918
ISNE,"12/31/2018 7 a.m. EST",13126,12820,10214,-2912
ISNE,"12/31/2018 8 a.m. EST",13916,13750,10964,-2952
ISNE,"12/31/2018 9 a.m. EST",14194,14310,11457,-2737
ISNE,"12/31/2018 10 a.m. EST",14130,14130,11337,-2793
ISNE,"12/31/2018 11 a.m. EST",14093,14050,11292,-2801
ISNE,"12/31/2018 12 p.m. EST",14068,13920,11214,-2854
ISNE,"12/31/2018 1 p.m. EST",14154,13770,11338,-2816
ISNE,"12/31/2018 2 p.m. EST",14312,13810,11516,-2796
ISNE,"12/31/2018 3 p.m. EST",14438,13970,11564,-2874
ISNE,"12/31/2018 4 p.m. EST",14729,14420,11877,-2852
ISNE,"12/31/2018 5 p.m. EST",15630,15670,12880,-2750
ISNE,"12/31/2018 6 p.m. EST",16149,16600,13304,-2845
ISNE,"12/31/2018 7 p.m. EST",15595,16060,12742,-2853
ISNE,"12/31/2018 8 p.m. EST",14829,15270,12103,-2726
ISNE,"12/31/2018 9 p.m. EST",14119,14530,11410,-2709
ISNE,"12/31/2018 10 p.m. EST",13481,13770,10468,-3013
ISNE,"12/31/2018 11 p.m. EST",12795,13030,9916,-2879
ISNE,"1/1/2019 12 a.m. EST",12132,12350,9667,-2465
