"BA Code","Timestamp (Hour Ending)","Demand (MWh)","Demand Forecast (MWh)","Net Generation (MWh)","Total Interchange (MWh)"
ISNE,"1/1/2018 12 a.m. EST",16575,15900,13924,-2651
ISNE,"1/1/2018 1 a.m. EST",16005,15650,13381,-2624
ISNE,"1/1/2018 2 a.m. EST",15583,15170,13117,-2466
ISNE,"1/1/2018 3 a.m. EST",15570,14870,13110,-2460
ISNE,"1/1/2018 4 a.m. EST",15424,14730,12888,-2536
ISNE,"1/1/2018 5 a.m. EST",15251,14810,12913,-2338
ISNE,"1/1/2018 6 a.m. EST",15549,15130,13070,-2479
ISNE,"1/1/2018 7 a.m. EST",16018,15630,13492,-2526
ISNE,"1/1/2018 8 a.m. EST",16171,15980,13678,-2493
ISNE,"1/1/2018 9 a.m. EST",16729,16450,14244,-2485
ISNE,"1/1/2018 10 a.m. EST",17251,17240,14887,-2364
ISNE,"1/1/2018 11 a.m. EST",17583,17460,15525,-2058
ISNE,"1/1/2018 12 p.m. EST",17692,17720,15431,-2261
ISNE,"1/1/2018 1 p.m. EST",17649,17840,15279,-2370
ISNE,"1/1/2018 2 p.m. EST",17543,17750,15360,-2183
ISNE,"1/1/2018 3 p.m. EST",17568,17770,15467,-2101
ISNE,"1/1/2018 4 p.m. EST",17937,18130,15664,-2273
ISNE,"1/1/2018 5 p.m. EST",19134,19230,16614,-2520
ISNE,"1/1/2018 6 p.m. EST",20314,20500,17736,-2578
ISNE,"1/1/2018 7 p.m. EST",20181,20340,17678,-2503
ISNE,"1/1/2018 8 p.m. EST",19788,19710,17236,-2552
ISNE,"1/1/2018 9 p.m. EST",19142,18880,16574,-2568
ISNE,"1/1/2018 10 p.m. EST",18176,18060,15458,-2718
ISNE,"1/1/2018 11 p.m. EST",16950,17110,14460,-2490
ISNE,"1/2/2018 12 a.m. EST",16046,16250,13124,-2922
ISNE,"1/2/2018 1 a.m. EST",15758,15420,12976,-2782
ISNE,"1/2/2018 2 a.m. EST",15470,15090,12826,-2644
ISNE,"1/2/2018 3 a.m. EST",15164,14980,12516,-2648
ISNE,"1/2/2018 4 a.m. EST",15141,15010,12585,-2556
ISNE,"1/2/2018 5 a.m. EST",15480,15380,13130,-2350
ISNE,"1/2/2018 6 a.m. EST",16466,16400,14299,-2167
ISNE,"1/2/2018 7 a.m. EST",17939,18180,16215,-1724
ISNE,"1/2/2018 8 a.m. EST",19033,19310,17591,-1442
ISNE,"1/2/2018 9 a.m. EST",19214,19440,17427,-1787
ISNE,"1/2/2018 10 a.m. EST",19100,19120,17067,-2033
ISNE,"1/2/2018 11 a.m. EST",18905,19010,17121,-1784
ISNE,"1/2/2018 12 p.m. EST",18665,18760,16753,-1912
ISNE,"1/2/2018 1 p.m. EST",18420,18620,16630,-1790
ISNE,"1/2/2018 2 p.m. EST",18401,18460,16483,-1918
ISNE,"1/2/2018 3 p.m. EST",18560,18270,16657,-1903
ISNE,"1/2/2018 4 p.m. EST",18672,18610,16712,-1960
ISNE,"1/2/2018 5 p.m. EST",19568,19310,17618,-1950
ISNE,"1/2/2018 6 p.m. EST",20629,20700,18724,-1905
ISNE,"1/2/2018 7 p.m. EST",20639,20570,18535,-2104
ISNE,"1/2/2018 8 p.m. EST",20266,20010,18050,-2216
ISNE,"1/2/2018 9 p.m. EST",19601,19220,17376,-2225
ISNE,"1/2/2018 10 p.m. EST",18510,18140,16207,-2303
ISNE,"1/2/2018 11 p.m. EST",17249,16720,14761,-2488
ISNE,"1/3/2018 12 a.m. EST",16335,15500,13607,-2728
ISNE,"1/3/2018 1 a.m. EST",15552,15040,12911,-2641
ISNE,"1/3/2018 2 a.m. EST",15148,14630,12665,-2483
ISNE,"1/3/2018 3 a.m. EST",15009,14480,12483,-2526
ISNE,"1/3/2018 4 a.m. EST",14954,14520,12660,-2294
ISNE,"1/3/2018 5 a.m. EST",15357,14850,12849,-2508
ISNE,"1/3/2018 6 a.m. EST",15850,15880,13627,-2223
ISNE,"1/3/2018 7 a.m. EST",17600,17640,15293,-2307
ISNE,"1/3/2018 8 a.m. EST",18634,18660,16353,-2281
ISNE,"1/3/2018 9 a.m. EST",18590,18600,16092,-2498
ISNE,"1/3/2018 10 a.m. EST",18191,18210,15639,-2552
ISNE,"1/3/2018 11 a.m. EST",17808,17950,15112,-2696
ISNE,"1/3/2018 12 p.m. EST",17408,17630,14763,-2645
ISNE,"1/3/2018 1 p.m. EST",17069,17350,14375,-2694
ISNE,"1/3/2018 2 p.m. EST",17030,17440,13940,-3090
ISNE,"1/3/2018 3 p.m. EST",17083,17500,14236,-2847
ISNE,"1/3/2018 4 p.m. EST",17343,17640,14392,-2951
ISNE,"1/3/2018 5 p.m. EST",18305,18600,15087,-3218
ISNE,"1/3/2018 6 p.m. EST",19446,19800,16680,-2766
ISNE,"1/3/2018 7 p.m. EST",19539,19700,16976,-2563
ISNE,"1/3/2018 8 p.m. EST",19238,19360,16699,-2539
ISNE,"1/3/2018 9 p.m. EST",18729,18740,16051,-2678
ISNE,"1/3/2018 10 p.m. EST",17847,17730,15243,-2604
ISNE,"1/3/2018 11 p.m. EST",16689,16360,13972,-2717
ISNE,"1/4/2018 12 a.m. EST",15684,15090,12894,-2790
ISNE,"1/4/2018 1 a.m. EST",15259,14420,12143,-3116
ISNE,"1/4/2018 2 a.m. EST",15186,13990,12018,-3168
ISNE,"1/4/2018 3 a.m. EST",14885,13780,11816,-3069
ISNE,"1/4/2018 4 a.m. EST",14804,13730,11565,-3239
ISNE,"1/4/2018 5 a.m. EST",15027,14030,11653,-3374
ISNE,"1/4/2018 6 a.m. EST",15392,15000,12075,-3317
ISNE,"1/4/2018 7 a.m. EST",15809,16720,12655,-3154
ISNE,"1/4/2018 8 a.m. EST",16474,17710,13554,-2920
ISNE,"1/4/2018 9 a.m. EST",17286,17910,14523,-2763
ISNE,"1/4/2018 10 a.m. EST",18065,18190,15281,-2784
ISNE,"1/4/2018 11 a.m. EST",18847,18380,16020,-2827
ISNE,"1/4/2018 12 p.m. EST",19038,18830,16045,-2993
ISNE,"1/4/2018 1 p.m. EST",18696,18750,15559,-3137
ISNE,"1/4/2018 2 p.m. EST",18494,18800,15213,-3281
ISNE,"1/4/2018 3 p.m. EST",18185,18680,14955,-3230
ISNE,"1/4/2018 4 p.m. EST",18044,18970,14948,-3096
ISNE,"1/4/2018 5 p.m. EST",18674,19300,15330,-3344
ISNE,"1/4/2018 6 p.m. EST",19450,20000,16369,-3081
ISNE,"1/4/2018 7 p.m. EST",19156,19960,16021,-3135
ISNE,"1/4/2018 8 p.m. EST",18523,19660,15284,-3239
ISNE,"1/4/2018 9 p.m. EST",17816,18970,14723,-3093
ISNE,"1/4/2018 10 p.m. EST",16920,17900,14079,-2841
ISNE,"1/4/2018 11 p.m. EST",16200,16470,13150,-3050
ISNE,"1/5/2018 12 a.m. EST",15366,15210,12334,-3032
ISNE,"1/5/2018 1 a.m. EST",14911,14330,11995,-2916
ISNE,"1/5/2018 2 a.m. EST",14522,13950,11695,-2827
ISNE,"1/5/2018 3 a.m. EST",14389,13810,11295,-3094
ISNE,"1/5/2018 4 a.m. EST",14458,13840,11115,-3343
ISNE,"1/5/2018 5 a.m. EST",14768,14160,11469,-3299
ISNE,"1/5/2018 6 a.m. EST",15139,15050,12044,-3095
ISNE,"1/5/2018 7 a.m. EST",16204,16440,13357,-2847
ISNE,"1/5/2018 8 a.m. EST",17306,17400,14415,-2891
ISNE,"1/5/2018 9 a.m. EST",17977,18090,14646,-3331
ISNE,"1/5/2018 10 a.m. EST",18260,18320,14933,-3327
ISNE,"1/5/2018 11 a.m. EST",18340,18270,14886,-3454
ISNE,"1/5/2018 12 p.m. EST",18425,18000,15013,-3412
ISNE,"1/5/2018 1 p.m. EST",18406,17860,15018,-3388
ISNE,"1/5/2018 2 p.m. EST",18427,17710,15077,-3350
ISNE,"1/5/2018 3 p.m. EST",18494,17640,15367,-3127
ISNE,"1/5/2018 4 p.m. EST",18746,18200,15548,-3198
ISNE,"1/5/2018 5 p.m. EST",19631,19390,16278,-3353
ISNE,"1/5/2018 6 p.m. EST",20663,20450,17477,-3186
ISNE,"1/5/2018 7 p.m. EST",20607,20110,17284,-3323
ISNE,"1/5/2018 8 p.m. EST",20185,19670,16938,-3247
ISNE,"1/5/2018 9 p.m. EST",19648,19030,16395,-3253
ISNE,"1/5/2018 10 p.m. EST",18874,18240,15811,-3063
ISNE,"1/5/2018 11 p.m. EST",17900,17190,14608,-3292
ISNE,"1/6/2018 12 a.m. EST",16879,16140,13331,-3548
ISNE,"1/6/2018 1 a.m. EST",16547,15690,13305,-3242
ISNE,"1/6/2018 2 a.m. EST",16508,15290,12985,-3523
ISNE,"1/6/2018 3 a.m. EST",16282,15070,12824,-3458
ISNE,"1/6/2018 4 a.m. EST",16202,14950,12826,-3376
ISNE,"1/6/2018 5 a.m. EST",16303,15130,12831,-3472
ISNE,"1/6/2018 6 a.m. EST",16448,15520,13046,-3402
ISNE,"1/6/2018 7 a.m. EST",16809,16230,13520,-3289
ISNE,"1/6/2018 8 a.m. EST",17332,17050,14188,-3144
ISNE,"1/6/2018 9 a.m. EST",18034,17890,14868,-3166
ISNE,"1/6/2018 10 a.m. EST",18445,18630,15212,-3233
ISNE,"1/6/2018 11 a.m. EST",18585,18520,15582,-3003
ISNE,"1/6/2018 12 p.m. EST",18554,18470,16049,-2505
ISNE,"1/6/2018 1 p.m. EST",18376,18370,15665,-2711
ISNE,"1/6/2018 2 p.m. EST",18204,18220,15478,-2726
ISNE,"1/6/2018 3 p.m. EST",18183,18050,15219,-2964
ISNE,"1/6/2018 4 p.m. EST",18461,18400,15668,-2793
ISNE,"1/6/2018 5 p.m. EST",19425,19760,16768,-2657
ISNE,"1/6/2018 6 p.m. EST",20414,20750,17644,-2770
ISNE,"1/6/2018 7 p.m. EST",20331,19940,17757,-2574
ISNE,"1/6/2018 8 p.m. EST",19883,19470,17045,-2838
ISNE,"1/6/2018 9 p.m. EST",19438,18970,16789,-2649
ISNE,"1/6/2018 10 p.m. EST",18738,18310,16031,-2707
ISNE,"1/6/2018 11 p.m. EST",17854,17370,15119,-2735
ISNE,"1/7/2018 12 a.m. EST",16970,16310,14299,-2671
ISNE,"1/7/2018 1 a.m. EST",16315,16210,13655,-2660
ISNE,"1/7/2018 2 a.m. EST",16105,15750,13520,-2585
ISNE,"1/7/2018 3 a.m. EST",16048,15590,13377,-2671
ISNE,"1/7/2018 4 a.m. EST",16184,15490,13516,-2668
ISNE,"1/7/2018 5 a.m. EST",16279,15720,13762,-2517
ISNE,"1/7/2018 6 a.m. EST",16590,16030,14035,-2555
ISNE,"1/7/2018 7 a.m. EST",16773,16590,14138,-2635
ISNE,"1/7/2018 8 a.m. EST",17288,17180,14790,-2498
ISNE,"1/7/2018 9 a.m. EST",17945,17760,15751,-2194
ISNE,"1/7/2018 10 a.m. EST",18293,18500,16434,-1859
ISNE,"1/7/2018 11 a.m. EST",18351,18720,16265,-2086
ISNE,"1/7/2018 12 p.m. EST",18262,18230,15869,-2393
ISNE,"1/7/2018 1 p.m. EST",18084,18260,15238,-2846
ISNE,"1/7/2018 2 p.m. EST",17868,18180,14647,-3221
ISNE,"1/7/2018 3 p.m. EST",17808,18100,14385,-3423
ISNE,"1/7/2018 4 p.m. EST",18136,18180,14872,-3264
ISNE,"1/7/2018 5 p.m. EST",19209,19230,16004,-3205
ISNE,"1/7/2018 6 p.m. EST",20305,20650,17343,-2962
ISNE,"1/7/2018 7 p.m. EST",20223,20260,17099,-3124
ISNE,"1/7/2018 8 p.m. EST",19665,19480,16521,-3144
ISNE,"1/7/2018 9 p.m. EST",18991,18760,15920,-3071
ISNE,"1/7/2018 10 p.m. EST",17943,17930,15114,-2829
ISNE,"1/7/2018 11 p.m. EST",16671,16940,13627,-3044
ISNE,"1/8/2018 12 a.m. EST",15762,16110,12227,-3535
ISNE,"1/8/2018 1 a.m. EST",15205,14800,11568,-3637
ISNE,"1/8/2018 2 a.m. EST",14964,14360,11491,-3473
ISNE,"1/8/2018 3 a.m. EST",14751,14150,11403,-3348
ISNE,"1/8/2018 4 a.m. EST",14716,14120,11335,-3381
ISNE,"1/8/2018 5 a.m. EST",14977,14430,11718,-3259
ISNE,"1/8/2018 6 a.m. EST",15892,15390,12602,-3290
ISNE,"1/8/2018 7 a.m. EST",17092,17060,13984,-3108
ISNE,"1/8/2018 8 a.m. EST",17962,17960,14897,-3065
ISNE,"1/8/2018 9 a.m. EST",18013,18120,14980,-3033
ISNE,"1/8/2018 10 a.m. EST",17878,17900,14952,-2926
ISNE,"1/8/2018 11 a.m. EST",17789,17770,14949,-2840
ISNE,"1/8/2018 12 p.m. EST",17644,17630,14618,-3026
ISNE,"1/8/2018 1 p.m. EST",17527,17530,14567,-2960
ISNE,"1/8/2018 2 p.m. EST",17496,17480,14654,-2842
ISNE,"1/8/2018 3 p.m. EST",17435,17440,14362,-3073
ISNE,"1/8/2018 4 p.m. EST",17561,17830,14486,-3075
ISNE,"1/8/2018 5 p.m. EST",18359,18900,15224,-3135
ISNE,"1/8/2018 6 p.m. EST",19209,20000,16482,-2727
ISNE,"1/8/2018 7 p.m. EST",19104,19730,16319,-2785
ISNE,"1/8/2018 8 p.m. EST",18596,19080,15830,-2766
ISNE,"1/8/2018 9 p.m. EST",17868,18220,15153,-2715
ISNE,"1/8/2018 10 p.m. EST",16770,17010,13753,-3017
ISNE,"1/8/2018 11 p.m. EST",15411,15480,12199,-3212
ISNE,"1/9/2018 12 a.m. EST",14212,14270,10892,-3320
ISNE,"1/9/2018 1 a.m. EST",13449,13420,10130,-3319
ISNE,"1/9/2018 2 a.m. EST",13008,12970,9709,-3299
ISNE,"1/9/2018 3 a.m. EST",12824,12800,9476,-3348
ISNE,"1/9/2018 4 a.m. EST",12843,12820,9548,-3295
ISNE,"1/9/2018 5 a.m. EST",13157,13150,9899,-3258
ISNE,"1/9/2018 6 a.m. EST",14098,14110,10839,-3259
ISNE,"1/9/2018 7 a.m. EST",15794,15810,12852,-2942
ISNE,"1/9/2018 8 a.m. EST",16748,16740,13350,-3398
ISNE,"1/9/2018 9 a.m. EST",16726,16690,13220,-3506
ISNE,"1/9/2018 10 a.m. EST",16352,16320,12967,-3385
ISNE,"1/9/2018 11 a.m. EST",15994,15940,12377,-3617
ISNE,"1/9/2018 12 p.m. EST",15778,15690,12167,-3611
ISNE,"1/9/2018 1 p.m. EST",15655,15640,12183,-3472
ISNE,"1/9/2018 2 p.m. EST",15891,15610,12445,-3446
ISNE,"1/9/2018 3 p.m. EST",15963,15700,12685,-3278
ISNE,"1/9/2018 4 p.m. EST",16290,16090,13002,-3288
ISNE,"1/9/2018 5 p.m. EST",17052,17320,13713,-3339
ISNE,"1/9/2018 6 p.m. EST",18108,18400,14610,-3498
ISNE,"1/9/2018 7 p.m. EST",18115,18340,14579,-3536
ISNE,"1/9/2018 8 p.m. EST",17757,17950,14238,-3519
ISNE,"1/9/2018 9 p.m. EST",17155,17340,13559,-3596
ISNE,"1/9/2018 10 p.m. EST",16192,16370,12615,-3577
ISNE,"1/9/2018 11 p.m. EST",14942,15100,11479,-3463
ISNE,"1/10/2018 12 a.m. EST",14136,13950,10588,-3548
ISNE,"1/10/2018 1 a.m. EST",13725,13140,10025,-3700
ISNE,"1/10/2018 2 a.m. EST",13385,12810,9725,-3660
ISNE,"1/10/2018 3 a.m. EST",13522,12700,9849,-3673
ISNE,"1/10/2018 4 a.m. EST",13606,12790,9913,-3693
ISNE,"1/10/2018 5 a.m. EST",13747,13210,10091,-3656
ISNE,"1/10/2018 6 a.m. EST",14498,14310,10993,-3505
ISNE,"1/10/2018 7 a.m. EST",16153,16190,12417,-3736
ISNE,"1/10/2018 8 a.m. EST",17162,17160,13475,-3687
ISNE,"1/10/2018 9 a.m. EST",16975,16950,13291,-3684
ISNE,"1/10/2018 10 a.m. EST",16347,16300,12686,-3661
ISNE,"1/10/2018 11 a.m. EST",15860,15910,12256,-3604
ISNE,"1/10/2018 12 p.m. EST",15437,15720,11920,-3517
ISNE,"1/10/2018 1 p.m. EST",15129,15490,11690,-3439
ISNE,"1/10/2018 2 p.m. EST",15110,15450,11656,-3454
ISNE,"1/10/2018 3 p.m. EST",15543,15460,12113,-3430
ISNE,"1/10/2018 4 p.m. EST",15853,15830,12073,-3780
ISNE,"1/10/2018 5 p.m. EST",16786,16970,12865,-3921
ISNE,"1/10/2018 6 p.m. EST",17983,18540,14125,-3858
ISNE,"1/10/2018 7 p.m. EST",18015,18470,14170,-3845
ISNE,"1/10/2018 8 p.m. EST",17632,17630,13942,-3690
ISNE,"1/10/2018 9 p.m. EST",17001,16900,13266,-3735
ISNE,"1/10/2018 10 p.m. EST",15970,15790,12189,-3781
ISNE,"1/10/2018 11 p.m. EST",14624,14420,10872,-3752
ISNE,"1/11/2018 12 a.m. EST",13453,13670,9703,-3750
ISNE,"1/11/2018 1 a.m. EST",12699,12520,8976,-3723
ISNE,"1/11/2018 2 a.m. EST",12294,12100,8490,-3804
ISNE,"1/11/2018 3 a.m. EST",12093,11910,8330,-3763
ISNE,"1/11/2018 4 a.m. EST",12074,11880,8172,-3902
ISNE,"1/11/2018 5 a.m. EST",12386,12230,8464,-3922
ISNE,"1/11/2018 6 a.m. EST",13326,13180,9462,-3864
ISNE,"1/11/2018 7 a.m. EST",15007,14890,11276,-3731
ISNE,"1/11/2018 8 a.m. EST",15904,15770,12076,-3828
ISNE,"1/11/2018 9 a.m. EST",15881,15720,12027,-3854
ISNE,"1/11/2018 10 a.m. EST",15669,15650,11876,-3793
ISNE,"1/11/2018 11 a.m. EST",15517,15470,11742,-3775
ISNE,"1/11/2018 12 p.m. EST",15719,15240,11733,-3986
ISNE,"1/11/2018 1 p.m. EST",15648,15090,11751,-3897
ISNE,"1/11/2018 2 p.m. EST",15606,15150,11689,-3917
ISNE,"1/11/2018 3 p.m. EST",15485,15170,11572,-3913
ISNE,"1/11/2018 4 p.m. EST",15606,15470,11717,-3889
ISNE,"1/11/2018 5 p.m. EST",16205,16520,12324,-3881
ISNE,"1/11/2018 6 p.m. EST",16965,17200,13335,-3630
ISNE,"1/11/2018 7 p.m. EST",16855,16900,13262,-3593
ISNE,"1/11/2018 8 p.m. EST",16440,16490,12655,-3785
ISNE,"1/11/2018 9 p.m. EST",15875,15900,12132,-3743
ISNE,"1/11/2018 10 p.m. EST",15116,14890,11479,-3637
ISNE,"1/11/2018 11 p.m. EST",13848,13600,10462,-3386
ISNE,"1/12/2018 12 a.m. EST",13094,12430,9894,-3200
ISNE,"1/12/2018 1 a.m. EST",12738,11680,9496,-3242
ISNE,"1/12/2018 2 a.m. EST",12443,11260,9273,-3170
ISNE,"1/12/2018 3 a.m. EST",12360,11030,9200,-3160
ISNE,"1/12/2018 4 a.m. EST",12051,10990,8993,-3058
ISNE,"1/12/2018 5 a.m. EST",12568,11290,9446,-3122
ISNE,"1/12/2018 6 a.m. EST",13245,12200,10156,-3089
ISNE,"1/12/2018 7 a.m. EST",14449,13810,11412,-3037
ISNE,"1/12/2018 8 a.m. EST",14808,14780,11984,-2824
ISNE,"1/12/2018 9 a.m. EST",14985,14970,11942,-3043
ISNE,"1/12/2018 10 a.m. EST",15065,15080,12237,-2828
ISNE,"1/12/2018 11 a.m. EST",15109,15010,12404,-2705
ISNE,"1/12/2018 12 p.m. EST",15141,15000,12481,-2660
ISNE,"1/12/2018 1 p.m. EST",15356,14860,12589,-2767
ISNE,"1/12/2018 2 p.m. EST",15199,14840,12583,-2616
ISNE,"1/12/2018 3 p.m. EST",15094,14950,12660,-2434
ISNE,"1/12/2018 4 p.m. EST",15178,15150,12504,-2674
ISNE,"1/12/2018 5 p.m. EST",15702,16130,12902,-2800
ISNE,"1/12/2018 6 p.m. EST",16135,16520,13477,-2658
ISNE,"1/12/2018 7 p.m. EST",15824,15990,13377,-2447
ISNE,"1/12/2018 8 p.m. EST",15265,15340,12546,-2719
ISNE,"1/12/2018 9 p.m. EST",14646,14680,11822,-2824
ISNE,"1/12/2018 10 p.m. EST",13971,13750,11166,-2805
ISNE,"1/12/2018 11 p.m. EST",13359,12780,10466,-2893
ISNE,"1/13/2018 12 a.m. EST",12102,11700,9464,-2638
ISNE,"1/13/2018 1 a.m. EST",11355,11050,8719,-2636
ISNE,"1/13/2018 2 a.m. EST",10910,10560,8308,-2602
ISNE,"1/13/2018 3 a.m. EST",10580,10300,8193,-2387
ISNE,"1/13/2018 4 a.m. EST",10513,10210,8092,-2421
ISNE,"1/13/2018 5 a.m. EST",10866,10310,8174,-2692
ISNE,"1/13/2018 6 a.m. EST",11475,10720,8231,-3244
ISNE,"1/13/2018 7 a.m. EST",11924,11350,8476,-3448
ISNE,"1/13/2018 8 a.m. EST",12604,12190,9164,-3440
ISNE,"1/13/2018 9 a.m. EST",13032,13070,9893,-3139
ISNE,"1/13/2018 10 a.m. EST",13643,13730,10686,-2957
ISNE,"1/13/2018 11 a.m. EST",13765,14160,10972,-2793
ISNE,"1/13/2018 12 p.m. EST",13473,14280,10645,-2828
ISNE,"1/13/2018 1 p.m. EST",13262,14300,10462,-2800
ISNE,"1/13/2018 2 p.m. EST",13443,14230,10621,-2822
ISNE,"1/13/2018 3 p.m. EST",13991,14230,11038,-2953
ISNE,"1/13/2018 4 p.m. EST",14432,14580,11365,-3067
ISNE,"1/13/2018 5 p.m. EST",15376,15520,12203,-3173
ISNE,"1/13/2018 6 p.m. EST",16581,16350,13534,-3047
ISNE,"1/13/2018 7 p.m. EST",16650,16210,13722,-2928
ISNE,"1/13/2018 8 p.m. EST",16314,15920,13446,-2868
ISNE,"1/13/2018 9 p.m. EST",15952,15750,12909,-3043
ISNE,"1/13/2018 10 p.m. EST",15378,15130,12575,-2803
ISNE,"1/13/2018 11 p.m. EST",14763,14360,12282,-2481
ISNE,"1/14/2018 12 a.m. EST",14031,13420,11456,-2575
ISNE,"1/14/2018 1 a.m. EST",13407,13370,10943,-2464
ISNE,"1/14/2018 2 a.m. EST",13409,13000,10623,-2786
ISNE,"1/14/2018 3 a.m. EST",13606,12850,10453,-3153
ISNE,"1/14/2018 4 a.m. EST",13334,12790,10409,-2925
ISNE,"1/14/2018 5 a.m. EST",13817,12920,10721,-3096
ISNE,"1/14/2018 6 a.m. EST",13607,13250,10606,-3001
ISNE,"1/14/2018 7 a.m. EST",14089,13840,11390,-2699
ISNE,"1/14/2018 8 a.m. EST",14548,14480,11495,-3053
ISNE,"1/14/2018 9 a.m. EST",15106,15140,12499,-2607
ISNE,"1/14/2018 10 a.m. EST",15309,15310,12305,-3004
ISNE,"1/14/2018 11 a.m. EST",15237,15310,12268,-2969
ISNE,"1/14/2018 12 p.m. EST",15085,15150,12210,-2875
ISNE,"1/14/2018 1 p.m. EST",15186,14970,12287,-2899
ISNE,"1/14/2018 2 p.m. EST",15281,14800,12128,-3153
ISNE,"1/14/2018 3 p.m. EST",15761,14910,12421,-3340
ISNE,"1/14/2018 4 p.m. EST",16322,15360,12977,-3345
ISNE,"1/14/2018 5 p.m. EST",16830,16940,13627,-3203
ISNE,"1/14/2018 6 p.m. EST",18085,18440,15229,-2856
ISNE,"1/14/2018 7 p.m. EST",18064,18230,15362,-2702
ISNE,"1/14/2018 8 p.m. EST",17627,17600,15041,-2586
ISNE,"1/14/2018 9 p.m. EST",17162,17430,14160,-3002
ISNE,"1/14/2018 10 p.m. EST",16480,16760,13662,-2818
ISNE,"1/14/2018 11 p.m. EST",15505,15750,12468,-3037
ISNE,"1/15/2018 12 a.m. EST",14635,14710,11612,-3023
ISNE,"1/15/2018 1 a.m. EST",14343,13690,11231,-3112
ISNE,"1/15/2018 2 a.m. EST",14521,13190,11096,-3425
ISNE,"1/15/2018 3 a.m. EST",14409,13030,10963,-3446
ISNE,"1/15/2018 4 a.m. EST",14439,13090,11132,-3307
ISNE,"1/15/2018 5 a.m. EST",14526,13410,11725,-2801
ISNE,"1/15/2018 6 a.m. EST",14835,14040,12358,-2477
ISNE,"1/15/2018 7 a.m. EST",15935,15050,13004,-2931
ISNE,"1/15/2018 8 a.m. EST",16951,16020,14642,-2309
ISNE,"1/15/2018 9 a.m. EST",17647,16810,14808,-2839
ISNE,"1/15/2018 10 a.m. EST",17990,18000,15105,-2885
ISNE,"1/15/2018 11 a.m. EST",18189,18100,14993,-3196
ISNE,"1/15/2018 12 p.m. EST",18374,18050,15138,-3236
ISNE,"1/15/2018 1 p.m. EST",18369,17900,15416,-2953
ISNE,"1/15/2018 2 p.m. EST",18343,17750,15275,-3068
ISNE,"1/15/2018 3 p.m. EST",18272,17600,15310,-2962
ISNE,"1/15/2018 4 p.m. EST",18382,17770,15437,-2945
ISNE,"1/15/2018 5 p.m. EST",19046,18110,16559,-2487
ISNE,"1/15/2018 6 p.m. EST",19837,19380,17819,-2018
ISNE,"1/15/2018 7 p.m. EST",19598,19130,17390,-2208
ISNE,"1/15/2018 8 p.m. EST",19028,18610,16692,-2336
ISNE,"1/15/2018 9 p.m. EST",18280,17830,15706,-2574
ISNE,"1/15/2018 10 p.m. EST",17135,16690,14550,-2585
ISNE,"1/15/2018 11 p.m. EST",15775,15350,12799,-2976
ISNE,"1/16/2018 12 a.m. EST",14888,14170,11844,-3044
ISNE,"1/16/2018 1 a.m. EST",14215,13830,10634,-3581
ISNE,"1/16/2018 2 a.m. EST",13799,13390,10107,-3692
ISNE,"1/16/2018 3 a.m. EST",13622,13260,9813,-3809
ISNE,"1/16/2018 4 a.m. EST",13642,13260,9875,-3767
ISNE,"1/16/2018 5 a.m. EST",13988,13570,10277,-3711
ISNE,"1/16/2018 6 a.m. EST",14712,14590,10948,-3764
ISNE,"1/16/2018 7 a.m. EST",16464,16360,12968,-3496
ISNE,"1/16/2018 8 a.m. EST",17411,17250,13983,-3428
ISNE,"1/16/2018 9 a.m. EST",17299,17280,13667,-3632
ISNE,"1/16/2018 10 a.m. EST",17009,17020,13302,-3707
ISNE,"1/16/2018 11 a.m. EST",16817,16770,13415,-3402
ISNE,"1/16/2018 12 p.m. EST",16420,16580,13192,-3228
ISNE,"1/16/2018 1 p.m. EST",16290,16320,13257,-3033
ISNE,"1/16/2018 2 p.m. EST",16357,16300,13252,-3105
ISNE,"1/16/2018 3 p.m. EST",16444,16270,13372,-3072
ISNE,"1/16/2018 4 p.m. EST",16637,16550,13316,-3321
ISNE,"1/16/2018 5 p.m. EST",17336,17240,13783,-3553
ISNE,"1/16/2018 6 p.m. EST",18303,18300,14840,-3463
ISNE,"1/16/2018 7 p.m. EST",18241,18270,14966,-3275
ISNE,"1/16/2018 8 p.m. EST",17763,17860,14546,-3217
ISNE,"1/16/2018 9 p.m. EST",17057,17100,13669,-3388
ISNE,"1/16/2018 10 p.m. EST",15993,16010,12841,-3152
ISNE,"1/16/2018 11 p.m. EST",14752,14700,11530,-3222
ISNE,"1/17/2018 12 a.m. EST",13649,13520,10166,-3483
ISNE,"1/17/2018 1 a.m. EST",12911,12870,9491,-3420
ISNE,"1/17/2018 2 a.m. EST",12726,12470,9569,-3157
ISNE,"1/17/2018 3 a.m. EST",12554,12270,9346,-3208
ISNE,"1/17/2018 4 a.m. EST",12788,12270,9490,-3298
ISNE,"1/17/2018 5 a.m. EST",12949,12600,9788,-3161
ISNE,"1/17/2018 6 a.m. EST",13504,13700,10417,-3087
ISNE,"1/17/2018 7 a.m. EST",14929,15470,12035,-2894
ISNE,"1/17/2018 8 a.m. EST",15945,16570,13026,-2919
ISNE,"1/17/2018 9 a.m. EST",16391,16550,13697,-2694
ISNE,"1/17/2018 10 a.m. EST",16715,16670,14228,-2487
ISNE,"1/17/2018 11 a.m. EST",16939,16630,14349,-2590
ISNE,"1/17/2018 12 p.m. EST",17046,16620,14261,-2785
ISNE,"1/17/2018 1 p.m. EST",17037,16510,14114,-2923
ISNE,"1/17/2018 2 p.m. EST",17009,16480,14122,-2887
ISNE,"1/17/2018 3 p.m. EST",16827,16430,13891,-2936
ISNE,"1/17/2018 4 p.m. EST",16829,16620,13976,-2853
ISNE,"1/17/2018 5 p.m. EST",17465,17340,14907,-2558
ISNE,"1/17/2018 6 p.m. EST",18300,18400,15678,-2622
ISNE,"1/17/2018 7 p.m. EST",18136,18260,15298,-2838
ISNE,"1/17/2018 8 p.m. EST",17621,17810,14812,-2809
ISNE,"1/17/2018 9 p.m. EST",16894,17160,14015,-2879
ISNE,"1/17/2018 10 p.m. EST",15855,16280,12781,-3074
ISNE,"1/17/2018 11 p.m. EST",14607,15140,11580,-3027
ISNE,"1/18/2018 12 a.m. EST",13543,14040,10763,-2780
ISNE,"1/18/2018 1 a.m. EST",13130,12930,10375,-2755
ISNE,"1/18/2018 2 a.m. EST",13197,12610,10299,-2898
ISNE,"1/18/2018 3 a.m. EST",13101,12530,10269,-2832
ISNE,"1/18/2018 4 a.m. EST",13209,12640,10460,-2749
ISNE,"1/18/2018 5 a.m. EST",13648,13100,11231,-2417
ISNE,"1/18/2018 6 a.m. EST",14541,14240,12032,-2509
ISNE,"1/18/2018 7 a.m. EST",16059,16090,13823,-2236
ISNE,"1/18/2018 8 a.m. EST",17107,17100,14792,-2315
ISNE,"1/18/2018 9 a.m. EST",17063,17040,14276,-2787
ISNE,"1/18/2018 10 a.m. EST",16714,16700,14034,-2680
ISNE,"1/18/2018 11 a.m. EST",16363,16320,13734,-2629
ISNE,"1/18/2018 12 p.m. EST",15989,15940,13637,-2352
ISNE,"1/18/2018 1 p.m. EST",16113,15730,13526,-2587
ISNE,"1/18/2018 2 p.m. EST",15993,15740,13404,-2589
ISNE,"1/18/2018 3 p.m. EST",15919,15910,13095,-2824
ISNE,"1/18/2018 4 p.m. EST",16270,16380,13411,-2859
ISNE,"1/18/2018 5 p.m. EST",16871,17330,13919,-2952
ISNE,"1/18/2018 6 p.m. EST",18059,18500,15288,-2771
ISNE,"1/18/2018 7 p.m. EST",18128,18350,15430,-2698
ISNE,"1/18/2018 8 p.m. EST",17812,17860,14871,-2941
ISNE,"1/18/2018 9 p.m. EST",17242,17370,14543,-2699
ISNE,"1/18/2018 10 p.m. EST",16301,16430,13748,-2553
ISNE,"1/18/2018 11 p.m. EST",15057,15210,12398,-2659
ISNE,"1/19/2018 12 a.m. EST",14007,14120,11438,-2569
ISNE,"1/19/2018 1 a.m. EST",13344,13310,10442,-2902
ISNE,"1/19/2018 2 a.m. EST",13176,12890,10290,-2886
ISNE,"1/19/2018 3 a.m. EST",13112,12700,10318,-2794
ISNE,"1/19/2018 4 a.m. EST",13136,12810,10314,-2822
ISNE,"1/19/2018 5 a.m. EST",13299,13220,10518,-2781
ISNE,"1/19/2018 6 a.m. EST",14199,14260,11434,-2765
ISNE,"1/19/2018 7 a.m. EST",15914,16150,13190,-2724
ISNE,"1/19/2018 8 a.m. EST",16895,17060,13921,-2974
ISNE,"1/19/2018 9 a.m. EST",16853,16910,13875,-2978
ISNE,"1/19/2018 10 a.m. EST",16561,16550,13658,-2903
ISNE,"1/19/2018 11 a.m. EST",16310,16150,13343,-2967
ISNE,"1/19/2018 12 p.m. EST",16016,15940,13040,-2976
ISNE,"1/19/2018 1 p.m. EST",15724,15730,12716,-3008
ISNE,"1/19/2018 2 p.m. EST",16107,15720,13179,-2928
ISNE,"1/19/2018 3 p.m. EST",16255,15890,13419,-2836
ISNE,"1/19/2018 4 p.m. EST",16123,16170,13341,-2782
ISNE,"1/19/2018 5 p.m. EST",16501,16870,13716,-2785
ISNE,"1/19/2018 6 p.m. EST",17352,18000,14571,-2781
ISNE,"1/19/2018 7 p.m. EST",17207,17750,14375,-2832
ISNE,"1/19/2018 8 p.m. EST",16750,17300,13918,-2832
ISNE,"1/19/2018 9 p.m. EST",16185,16740,13368,-2817
ISNE,"1/19/2018 10 p.m. EST",15450,15920,12647,-2803
ISNE,"1/19/2018 11 p.m. EST",14452,14810,11765,-2687
ISNE,"1/20/2018 12 a.m. EST",13743,13680,11003,-2740
ISNE,"1/20/2018 1 a.m. EST",12786,12720,10248,-2538
ISNE,"1/20/2018 2 a.m. EST",12480,12240,9877,-2603
ISNE,"1/20/2018 3 a.m. EST",12494,11990,9759,-2735
ISNE,"1/20/2018 4 a.m. EST",12693,11880,9875,-2818
ISNE,"1/20/2018 5 a.m. EST",12807,11980,9913,-2894
ISNE,"1/20/2018 6 a.m. EST",12921,12360,10008,-2913
ISNE,"1/20/2018 7 a.m. EST",13298,13030,10684,-2614
ISNE,"1/20/2018 8 a.m. EST",13904,13730,11198,-2706
ISNE,"1/20/2018 9 a.m. EST",14283,14270,11491,-2792
ISNE,"1/20/2018 10 a.m. EST",14373,14440,11563,-2810
ISNE,"1/20/2018 11 a.m. EST",14315,14420,11504,-2811
ISNE,"1/20/2018 12 p.m. EST",14182,14240,11419,-2763
ISNE,"1/20/2018 1 p.m. EST",14178,14050,11523,-2655
ISNE,"1/20/2018 2 p.m. EST",14086,13940,11308,-2778
ISNE,"1/20/2018 3 p.m. EST",14098,14030,11476,-2622
ISNE,"1/20/2018 4 p.m. EST",14110,14280,11446,-2664
ISNE,"1/20/2018 5 p.m. EST",14614,15050,11894,-2720
ISNE,"1/20/2018 6 p.m. EST",15652,15920,12843,-2809
ISNE,"1/20/2018 7 p.m. EST",15588,15870,12878,-2710
ISNE,"1/20/2018 8 p.m. EST",15155,15480,12690,-2465
ISNE,"1/20/2018 9 p.m. EST",14663,15010,12203,-2460
ISNE,"1/20/2018 10 p.m. EST",14050,14370,11587,-2463
ISNE,"1/20/2018 11 p.m. EST",13224,13530,10843,-2381
ISNE,"1/21/2018 12 a.m. EST",12506,12690,10015,-2491
ISNE,"1/21/2018 1 a.m. EST",12012,11730,9342,-2670
ISNE,"1/21/2018 2 a.m. EST",12013,11340,9328,-2685
ISNE,"1/21/2018 3 a.m. EST",12197,11140,9541,-2656
ISNE,"1/21/2018 4 a.m. EST",12151,11070,9710,-2441
ISNE,"1/21/2018 5 a.m. EST",12208,11150,9668,-2540
ISNE,"1/21/2018 6 a.m. EST",12508,11450,9926,-2582
ISNE,"1/21/2018 7 a.m. EST",12787,12000,10098,-2689
ISNE,"1/21/2018 8 a.m. EST",13225,12620,10519,-2706
ISNE,"1/21/2018 9 a.m. EST",13176,13170,10311,-2865
ISNE,"1/21/2018 10 a.m. EST",13259,13290,10217,-3042
ISNE,"1/21/2018 11 a.m. EST",13102,13360,10143,-2959
ISNE,"1/21/2018 12 p.m. EST",12924,13430,10162,-2762
ISNE,"1/21/2018 1 p.m. EST",13093,13470,10390,-2703
ISNE,"1/21/2018 2 p.m. EST",13120,13380,10448,-2672
ISNE,"1/21/2018 3 p.m. EST",13374,13460,10488,-2886
ISNE,"1/21/2018 4 p.m. EST",13796,13840,10842,-2954
ISNE,"1/21/2018 5 p.m. EST",14398,14860,11491,-2907
ISNE,"1/21/2018 6 p.m. EST",15359,16160,12487,-2872
ISNE,"1/21/2018 7 p.m. EST",15531,16200,12618,-2913
ISNE,"1/21/2018 8 p.m. EST",15400,15730,12486,-2914
ISNE,"1/21/2018 9 p.m. EST",14875,15150,12042,-2833
ISNE,"1/21/2018 10 p.m. EST",14007,14210,10993,-3014
ISNE,"1/21/2018 11 p.m. EST",12927,13140,9984,-2943
ISNE,"1/22/2018 12 a.m. EST",12260,12200,9222,-3038
ISNE,"1/22/2018 1 a.m. EST",11547,11400,8813,-2734
ISNE,"1/22/2018 2 a.m. EST",11332,11050,8839,-2493
ISNE,"1/22/2018 3 a.m. EST",11197,10910,8911,-2286
ISNE,"1/22/2018 4 a.m. EST",11243,10970,8657,-2586
ISNE,"1/22/2018 5 a.m. EST",11497,11390,8767,-2730
ISNE,"1/22/2018 6 a.m. EST",12456,12480,9868,-2588
ISNE,"1/22/2018 7 a.m. EST",14234,14260,11711,-2523
ISNE,"1/22/2018 8 a.m. EST",15410,15400,12746,-2664
ISNE,"1/22/2018 9 a.m. EST",15728,15710,12945,-2783
ISNE,"1/22/2018 10 a.m. EST",15885,15850,12897,-2988
ISNE,"1/22/2018 11 a.m. EST",15987,15920,13032,-2955
ISNE,"1/22/2018 12 p.m. EST",16084,15960,13310,-2774
ISNE,"1/22/2018 1 p.m. EST",16045,15910,13287,-2758
ISNE,"1/22/2018 2 p.m. EST",16040,15890,13295,-2745
ISNE,"1/22/2018 3 p.m. EST",15949,15890,13197,-2752
ISNE,"1/22/2018 4 p.m. EST",16023,16110,13297,-2726
ISNE,"1/22/2018 5 p.m. EST",16661,16820,13891,-2770
ISNE,"1/22/2018 6 p.m. EST",17432,17630,14564,-2868
ISNE,"1/22/2018 7 p.m. EST",17286,17400,14462,-2824
ISNE,"1/22/2018 8 p.m. EST",16784,16850,13935,-2849
ISNE,"1/22/2018 9 p.m. EST",16048,16060,13276,-2772
ISNE,"1/22/2018 10 p.m. EST",14973,14930,12165,-2808
ISNE,"1/22/2018 11 p.m. EST",13669,13620,10700,-2969
ISNE,"1/23/2018 12 a.m. EST",12857,12500,9903,-2954
ISNE,"1/23/2018 1 a.m. EST",12169,11850,9460,-2709
ISNE,"1/23/2018 2 a.m. EST",11907,11470,9204,-2703
ISNE,"1/23/2018 3 a.m. EST",12230,11310,9370,-2860
ISNE,"1/23/2018 4 a.m. EST",12370,11330,9513,-2857
ISNE,"1/23/2018 5 a.m. EST",12463,11690,9656,-2807
ISNE,"1/23/2018 6 a.m. EST",12949,12680,10158,-2791
ISNE,"1/23/2018 7 a.m. EST",14328,14360,11684,-2644
ISNE,"1/23/2018 8 a.m. EST",15487,15480,12657,-2830
ISNE,"1/23/2018 9 a.m. EST",15877,15860,13083,-2794
ISNE,"1/23/2018 10 a.m. EST",16113,16110,13297,-2816
ISNE,"1/23/2018 11 a.m. EST",16316,16070,13500,-2816
ISNE,"1/23/2018 12 p.m. EST",16394,16010,13593,-2801
ISNE,"1/23/2018 1 p.m. EST",16287,15790,13543,-2744
ISNE,"1/23/2018 2 p.m. EST",16191,15740,13452,-2739
ISNE,"1/23/2018 3 p.m. EST",15890,15460,13156,-2734
ISNE,"1/23/2018 4 p.m. EST",15659,15460,12810,-2849
ISNE,"1/23/2018 5 p.m. EST",16052,15620,13200,-2852
ISNE,"1/23/2018 6 p.m. EST",16856,16700,14162,-2694
ISNE,"1/23/2018 7 p.m. EST",16776,16440,13992,-2784
ISNE,"1/23/2018 8 p.m. EST",16259,15930,13447,-2812
ISNE,"1/23/2018 9 p.m. EST",15553,15220,12810,-2743
ISNE,"1/23/2018 10 p.m. EST",14562,14260,11777,-2785
ISNE,"1/23/2018 11 p.m. EST",13624,13070,10779,-2845
ISNE,"1/24/2018 12 a.m. EST",12572,12000,9849,-2723
ISNE,"1/24/2018 1 a.m. EST",12613,11640,9767,-2846
ISNE,"1/24/2018 2 a.m. EST",12523,11280,9616,-2907
ISNE,"1/24/2018 3 a.m. EST",12463,11140,9636,-2827
ISNE,"1/24/2018 4 a.m. EST",12483,11190,9733,-2750
ISNE,"1/24/2018 5 a.m. EST",12835,11560,9988,-2847
ISNE,"1/24/2018 6 a.m. EST",13350,12580,10662,-2688
ISNE,"1/24/2018 7 a.m. EST",14593,14350,12035,-2558
ISNE,"1/24/2018 8 a.m. EST",15413,15300,12691,-2722
ISNE,"1/24/2018 9 a.m. EST",15288,15270,12834,-2454
ISNE,"1/24/2018 10 a.m. EST",15218,15250,13070,-2148
ISNE,"1/24/2018 11 a.m. EST",15023,14830,12281,-2742
ISNE,"1/24/2018 12 p.m. EST",14516,14620,11722,-2794
ISNE,"1/24/2018 1 p.m. EST",14083,14480,11262,-2821
ISNE,"1/24/2018 2 p.m. EST",14180,14530,11830,-2350
ISNE,"1/24/2018 3 p.m. EST",14379,14840,12646,-1733
ISNE,"1/24/2018 4 p.m. EST",15004,15220,12991,-2013
ISNE,"1/24/2018 5 p.m. EST",16035,16020,13573,-2462
ISNE,"1/24/2018 6 p.m. EST",17379,17480,14552,-2827
ISNE,"1/24/2018 7 p.m. EST",17579,17230,14727,-2852
ISNE,"1/24/2018 8 p.m. EST",17263,16880,14374,-2889
ISNE,"1/24/2018 9 p.m. EST",16723,16270,13831,-2892
ISNE,"1/24/2018 10 p.m. EST",15818,15280,12867,-2951
ISNE,"1/24/2018 11 p.m. EST",14670,14060,11822,-2848
ISNE,"1/25/2018 12 a.m. EST",13814,12990,11046,-2768
ISNE,"1/25/2018 1 a.m. EST",12941,12570,10040,-2901
ISNE,"1/25/2018 2 a.m. EST",12633,12240,9764,-2869
ISNE,"1/25/2018 3 a.m. EST",12789,12140,9756,-3033
ISNE,"1/25/2018 4 a.m. EST",12867,12200,9875,-2992
ISNE,"1/25/2018 5 a.m. EST",13004,12580,10180,-2824
ISNE,"1/25/2018 6 a.m. EST",14078,13710,11355,-2723
ISNE,"1/25/2018 7 a.m. EST",15938,15550,13174,-2764
ISNE,"1/25/2018 8 a.m. EST",16914,16520,13980,-2934
ISNE,"1/25/2018 9 a.m. EST",16593,16280,13794,-2799
ISNE,"1/25/2018 10 a.m. EST",15958,15940,13300,-2658
ISNE,"1/25/2018 11 a.m. EST",15413,15580,12463,-2950
ISNE,"1/25/2018 12 p.m. EST",15054,15270,12136,-2918
ISNE,"1/25/2018 1 p.m. EST",14826,15120,11916,-2910
ISNE,"1/25/2018 2 p.m. EST",14859,15080,11993,-2866
ISNE,"1/25/2018 3 p.m. EST",15404,15200,12505,-2899
ISNE,"1/25/2018 4 p.m. EST",15942,15630,13064,-2878
ISNE,"1/25/2018 5 p.m. EST",16944,16530,14241,-2703
ISNE,"1/25/2018 6 p.m. EST",18223,18300,15443,-2780
ISNE,"1/25/2018 7 p.m. EST",18400,18530,15273,-3127
ISNE,"1/25/2018 8 p.m. EST",18079,17720,14972,-3107
ISNE,"1/25/2018 9 p.m. EST",17490,17150,14566,-2924
ISNE,"1/25/2018 10 p.m. EST",16539,16190,13467,-3072
ISNE,"1/25/2018 11 p.m. EST",15327,14950,12180,-3147
ISNE,"1/26/2018 12 a.m. EST",14510,13810,11322,-3188
ISNE,"1/26/2018 1 a.m. EST",14103,13300,11040,-3063
ISNE,"1/26/2018 2 a.m. EST",13734,12910,10695,-3039
ISNE,"1/26/2018 3 a.m. EST",13608,12790,10610,-2998
ISNE,"1/26/2018 4 a.m. EST",13662,12820,10739,-2923
ISNE,"1/26/2018 5 a.m. EST",14012,13140,11102,-2910
ISNE,"1/26/2018 6 a.m. EST",14813,14200,11910,-2903
ISNE,"1/26/2018 7 a.m. EST",16350,15990,13261,-3089
ISNE,"1/26/2018 8 a.m. EST",17224,16860,14149,-3075
ISNE,"1/26/2018 9 a.m. EST",16824,16600,13824,-3000
ISNE,"1/26/2018 10 a.m. EST",16031,16110,13103,-2928
ISNE,"1/26/2018 11 a.m. EST",15450,15710,12688,-2762
ISNE,"1/26/2018 12 p.m. EST",15018,15440,12259,-2759
ISNE,"1/26/2018 1 p.m. EST",14670,15090,12005,-2665
ISNE,"1/26/2018 2 p.m. EST",14640,14860,12031,-2609
ISNE,"1/26/2018 3 p.m. EST",14943,14870,12289,-2654
ISNE,"1/26/2018 4 p.m. EST",15232,15360,12507,-2725
ISNE,"1/26/2018 5 p.m. EST",16108,16110,13252,-2856
ISNE,"1/26/2018 6 p.m. EST",17230,17500,14171,-3059
ISNE,"1/26/2018 7 p.m. EST",17278,17360,14229,-3049
ISNE,"1/26/2018 8 p.m. EST",16864,16700,13894,-2970
ISNE,"1/26/2018 9 p.m. EST",16324,16170,13490,-2834
ISNE,"1/26/2018 10 p.m. EST",15592,15400,12723,-2869
ISNE,"1/26/2018 11 p.m. EST",14635,14410,11809,-2826
ISNE,"1/27/2018 12 a.m. EST",13645,13410,11085,-2560
ISNE,"1/27/2018 1 a.m. EST",12958,12840,10474,-2484
ISNE,"1/27/2018 2 a.m. EST",12547,12400,10181,-2366
ISNE,"1/27/2018 3 a.m. EST",12332,12150,9812,-2520
ISNE,"1/27/2018 4 a.m. EST",12235,12060,9672,-2563
ISNE,"1/27/2018 5 a.m. EST",12341,12170,9875,-2466
ISNE,"1/27/2018 6 a.m. EST",12731,12530,10224,-2507
ISNE,"1/27/2018 7 a.m. EST",13470,13340,10775,-2695
ISNE,"1/27/2018 8 a.m. EST",14107,13920,11407,-2700
ISNE,"1/27/2018 9 a.m. EST",14410,14490,11660,-2750
ISNE,"1/27/2018 10 a.m. EST",14115,14060,11379,-2736
ISNE,"1/27/2018 11 a.m. EST",13750,13910,11425,-2325
ISNE,"1/27/2018 12 p.m. EST",13456,13740,11145,-2311
ISNE,"1/27/2018 1 p.m. EST",13594,13510,11371,-2223
ISNE,"1/27/2018 2 p.m. EST",13725,13400,11336,-2389
ISNE,"1/27/2018 3 p.m. EST",13988,13470,11673,-2315
ISNE,"1/27/2018 4 p.m. EST",14171,14040,11869,-2302
ISNE,"1/27/2018 5 p.m. EST",14517,14820,12273,-2244
ISNE,"1/27/2018 6 p.m. EST",15373,16300,12833,-2540
ISNE,"1/27/2018 7 p.m. EST",15268,16070,12588,-2680
ISNE,"1/27/2018 8 p.m. EST",14762,15190,12144,-2618
ISNE,"1/27/2018 9 p.m. EST",14190,14630,11735,-2455
ISNE,"1/27/2018 10 p.m. EST",13754,13940,11242,-2512
ISNE,"1/27/2018 11 p.m. EST",12953,13090,10182,-2771
ISNE,"1/28/2018 12 a.m. EST",12351,12190,9343,-3008
ISNE,"1/28/2018 1 a.m. EST",11747,11080,9169,-2578
ISNE,"1/28/2018 2 a.m. EST",11731,10570,9401,-2330
ISNE,"1/28/2018 3 a.m. EST",11469,10320,9292,-2177
ISNE,"1/28/2018 4 a.m. EST",11357,10240,9203,-2154
ISNE,"1/28/2018 5 a.m. EST",11406,10240,9052,-2354
ISNE,"1/28/2018 6 a.m. EST",11660,10550,9196,-2464
ISNE,"1/28/2018 7 a.m. EST",12155,11040,9653,-2502
ISNE,"1/28/2018 8 a.m. EST",12582,11670,10070,-2512
ISNE,"1/28/2018 9 a.m. EST",13046,12360,10561,-2485
ISNE,"1/28/2018 10 a.m. EST",13376,13130,10949,-2427
ISNE,"1/28/2018 11 a.m. EST",13552,13250,11050,-2502
ISNE,"1/28/2018 12 p.m. EST",13495,13260,11028,-2467
ISNE,"1/28/2018 1 p.m. EST",13496,13240,11003,-2493
ISNE,"1/28/2018 2 p.m. EST",13418,13160,11060,-2358
ISNE,"1/28/2018 3 p.m. EST",13661,13120,11308,-2353
ISNE,"1/28/2018 4 p.m. EST",13728,13430,11317,-2411
ISNE,"1/28/2018 5 p.m. EST",14440,14220,11977,-2463
ISNE,"1/28/2018 6 p.m. EST",15557,15360,13030,-2527
ISNE,"1/28/2018 7 p.m. EST",15573,15700,13164,-2409
ISNE,"1/28/2018 8 p.m. EST",15142,14920,13001,-2141
ISNE,"1/28/2018 9 p.m. EST",14511,14350,12209,-2302
ISNE,"1/28/2018 10 p.m. EST",13643,13460,10886,-2757
ISNE,"1/28/2018 11 p.m. EST",12601,12460,9603,-2998
ISNE,"1/29/2018 12 a.m. EST",11931,11520,8856,-3075
ISNE,"1/29/2018 1 a.m. EST",11371,11090,8699,-2672
ISNE,"1/29/2018 2 a.m. EST",11093,10770,8649,-2444
ISNE,"1/29/2018 3 a.m. EST",11201,10670,8915,-2286
ISNE,"1/29/2018 4 a.m. EST",11290,10760,9132,-2158
ISNE,"1/29/2018 5 a.m. EST",11394,11200,9232,-2162
ISNE,"1/29/2018 6 a.m. EST",12306,12330,10014,-2292
ISNE,"1/29/2018 7 a.m. EST",14157,14190,11619,-2538
ISNE,"1/29/2018 8 a.m. EST",15259,15250,12462,-2797
ISNE,"1/29/2018 9 a.m. EST",15376,15360,12544,-2832
ISNE,"1/29/2018 10 a.m. EST",15311,15250,12509,-2802
ISNE,"1/29/2018 11 a.m. EST",15263,15190,12472,-2791
ISNE,"1/29/2018 12 p.m. EST",15050,14990,12430,-2620
ISNE,"1/29/2018 1 p.m. EST",14824,15000,12214,-2610
ISNE,"1/29/2018 2 p.m. EST",14986,14950,12335,-2651
ISNE,"1/29/2018 3 p.m. EST",15183,15070,12566,-2617
ISNE,"1/29/2018 4 p.m. EST",15494,15250,12892,-2602
ISNE,"1/29/2018 5 p.m. EST",16231,16100,13576,-2655
ISNE,"1/29/2018 6 p.m. EST",17324,17280,14705,-2619
ISNE,"1/29/2018 7 p.m. EST",17351,17350,14775,-2576
ISNE,"1/29/2018 8 p.m. EST",16882,17050,14375,-2507
ISNE,"1/29/2018 9 p.m. EST",16209,16350,13606,-2603
ISNE,"1/29/2018 10 p.m. EST",15219,15400,12485,-2734
ISNE,"1/29/2018 11 p.m. EST",13988,14140,11142,-2846
ISNE,"1/30/2018 12 a.m. EST",13216,13060,10167,-3049
ISNE,"1/30/2018 1 a.m. EST",12843,12330,9620,-3223
ISNE,"1/30/2018 2 a.m. EST",12546,12010,9444,-3102
ISNE,"1/30/2018 3 a.m. EST",12662,11910,9442,-3220
ISNE,"1/30/2018 4 a.m. EST",12707,12000,9504,-3203
ISNE,"1/30/2018 5 a.m. EST",12894,12400,9823,-3071
ISNE,"1/30/2018 6 a.m. EST",13499,13500,10498,-3001
ISNE,"1/30/2018 7 a.m. EST",15200,15230,12018,-3182
ISNE,"1/30/2018 8 a.m. EST",16269,16270,13044,-3225
ISNE,"1/30/2018 9 a.m. EST",16658,16650,13352,-3306
ISNE,"1/30/2018 10 a.m. EST",16836,16820,13517,-3319
ISNE,"1/30/2018 11 a.m. EST",16904,16870,13582,-3322
ISNE,"1/30/2018 12 p.m. EST",16849,16790,13583,-3266
ISNE,"1/30/2018 1 p.m. EST",16630,16560,13435,-3195
ISNE,"1/30/2018 2 p.m. EST",16462,16450,13534,-2928
ISNE,"1/30/2018 3 p.m. EST",16314,16410,13484,-2830
ISNE,"1/30/2018 4 p.m. EST",16343,16360,13493,-2850
ISNE,"1/30/2018 5 p.m. EST",16888,16710,13958,-2930
ISNE,"1/30/2018 6 p.m. EST",17998,17260,15023,-2975
ISNE,"1/30/2018 7 p.m. EST",18071,17800,15103,-2968
ISNE,"1/30/2018 8 p.m. EST",17637,17350,14788,-2849
ISNE,"1/30/2018 9 p.m. EST",17021,16790,14282,-2739
ISNE,"1/30/2018 10 p.m. EST",16037,15780,13135,-2902
ISNE,"1/30/2018 11 p.m. EST",14879,14500,11822,-3057
ISNE,"1/31/2018 12 a.m. EST",14019,13570,11110,-2909
ISNE,"1/31/2018 1 a.m. EST",13211,13150,10191,-3020
ISNE,"1/31/2018 2 a.m. EST",13125,12840,10147,-2978
ISNE,"1/31/2018 3 a.m. EST",13058,12730,10088,-2970
ISNE,"1/31/2018 4 a.m. EST",13124,12850,10134,-2990
ISNE,"1/31/2018 5 a.m. EST",13574,13270,10755,-2819
ISNE,"1/31/2018 6 a.m. EST",14430,14370,11557,-2873
ISNE,"1/31/2018 7 a.m. EST",16244,16100,13292,-2952
ISNE,"1/31/2018 8 a.m. EST",17167,17070,13792,-3375
ISNE,"1/31/2018 9 a.m. EST",16943,16850,13588,-3355
ISNE,"1/31/2018 10 a.m. EST",16392,16540,13084,-3308
ISNE,"1/31/2018 11 a.m. EST",15934,16140,12756,-3178
ISNE,"1/31/2018 12 p.m. EST",15522,15820,12511,-3011
ISNE,"1/31/2018 1 p.m. EST",15234,15440,12230,-3004
ISNE,"1/31/2018 2 p.m. EST",15085,15330,11995,-3090
ISNE,"1/31/2018 3 p.m. EST",15205,15450,12159,-3046
ISNE,"1/31/2018 4 p.m. EST",15894,15750,12996,-2898
ISNE,"1/31/2018 5 p.m. EST",16543,16630,13669,-2874
ISNE,"1/31/2018 6 p.m. EST",17796,17900,14716,-3080
ISNE,"1/31/2018 7 p.m. EST",17938,18030,14920,-3018
ISNE,"1/31/2018 8 p.m. EST",17527,17650,14599,-2928
ISNE,"1/31/2018 9 p.m. EST",16864,16930,14109,-2755
ISNE,"1/31/2018 10 p.m. EST",15833,15930,13002,-2831
ISNE,"1/31/2018 11 p.m. EST",14537,14690,11591,-2946
ISNE,"2/1/2018 12 a.m. EST",13568,13560,10721,-2847
