"BA Code","Timestamp (Hour Ending)","Demand (MWh)","Demand Forecast (MWh)","Net Generation (MWh)","Total Interchange (MWh)"
ISNE,"12/1/2016 12 a.m. EST",12508,11330,9638,-2870
ISNE,"12/1/2016 1 a.m. EST",11646,10710,8638,-3008
ISNE,"12/1/2016 2 a.m. EST",11494,10240,8463,-3031
ISNE,"12/1/2016 3 a.m. EST",11216,10020,8515,-2701
ISNE,"12/1/2016 4 a.m. EST",11329,10040,8686,-2643
ISNE,"12/1/2016 5 a.m. EST",11599,10330,8913,-2686
ISNE,"12/1/2016 6 a.m. EST",12138,11410,9264,-2874
ISNE,"12/1/2016 7 a.m. EST",13127,13250,10237,-2890
ISNE,"12/1/2016 8 a.m. EST",14013,14350,10898,-3115
ISNE,"12/1/2016 9 a.m. EST",13961,14320,10924,-3037
ISNE,"12/1/2016 10 a.m. EST",13696,14190,10649,-3047
ISNE,"12/1/2016 11 a.m. EST",13641,14040,10746,-2895
ISNE,"12/1/2016 12 p.m. EST",13639,13900,10730,-2909
ISNE,"12/1/2016 1 p.m. EST",13613,13700,11056,-2557
ISNE,"12/1/2016 2 p.m. EST",13774,13740,11366,-2408
ISNE,"12/1/2016 3 p.m. EST",13982,13850,11482,-2500
ISNE,"12/1/2016 4 p.m. EST",14357,14190,12141,-2216
ISNE,"12/1/2016 5 p.m. EST",15397,15400,12466,-2931
ISNE,"12/1/2016 6 p.m. EST",16151,16450,13201,-2950
ISNE,"12/1/2016 7 p.m. EST",16060,16400,13244,-2816
ISNE,"12/1/2016 8 p.m. EST",15692,16030,12809,-2883
ISNE,"12/1/2016 9 p.m. EST",15148,15470,12252,-2896
ISNE,"12/1/2016 10 p.m. EST",14235,14480,11673,-2562
ISNE,"12/1/2016 11 p.m. EST",12948,13170,10449,-2499
ISNE,"12/2/2016 12 a.m. EST",11898,11910,9658,-2240
ISNE,"12/2/2016 1 a.m. EST",11714,10970,9235,-2479
ISNE,"12/2/2016 2 a.m. EST",11387,10500,8764,-2623
ISNE,"12/2/2016 3 a.m. EST",11178,10320,8689,-2489
ISNE,"12/2/2016 4 a.m. EST",11437,10330,8893,-2544
ISNE,"12/2/2016 5 a.m. EST",11591,10650,9015,-2576
ISNE,"12/2/2016 6 a.m. EST",12278,11710,9654,-2624
ISNE,"12/2/2016 7 a.m. EST",13642,13480,11228,-2414
ISNE,"12/2/2016 8 a.m. EST",14567,14370,12095,-2472
ISNE,"12/2/2016 9 a.m. EST",14539,14380,11920,-2619
ISNE,"12/2/2016 10 a.m. EST",14239,14230,11583,-2656
ISNE,"12/2/2016 11 a.m. EST",13998,14100,11398,-2600
ISNE,"12/2/2016 12 p.m. EST",13871,14020,11351,-2520
ISNE,"12/2/2016 1 p.m. EST",13884,13890,11275,-2609
ISNE,"12/2/2016 2 p.m. EST",14098,13900,11537,-2561
ISNE,"12/2/2016 3 p.m. EST",14144,13960,11699,-2445
ISNE,"12/2/2016 4 p.m. EST",14365,14240,11652,-2713
ISNE,"12/2/2016 5 p.m. EST",15351,15340,12470,-2881
ISNE,"12/2/2016 6 p.m. EST",16069,16250,13147,-2922
ISNE,"12/2/2016 7 p.m. EST",15863,15980,12986,-2877
ISNE,"12/2/2016 8 p.m. EST",15423,15460,12655,-2768
ISNE,"12/2/2016 9 p.m. EST",14913,14960,12512,-2401
ISNE,"12/2/2016 10 p.m. EST",14171,14240,11886,-2285
ISNE,"12/2/2016 11 p.m. EST",13137,13180,10488,-2649
ISNE,"12/3/2016 12 a.m. EST",12022,12040,9512,-2510
ISNE,"12/3/2016 1 a.m. EST",11305,11190,8923,-2382
ISNE,"12/3/2016 2 a.m. EST",11272,10720,8873,-2399
ISNE,"12/3/2016 3 a.m. EST",11221,10480,8767,-2454
ISNE,"12/3/2016 4 a.m. EST",11422,10440,8805,-2617
ISNE,"12/3/2016 5 a.m. EST",11541,10580,8971,-2570
ISNE,"12/3/2016 6 a.m. EST",11756,11060,9333,-2423
ISNE,"12/3/2016 7 a.m. EST",12005,11870,9704,-2301
ISNE,"12/3/2016 8 a.m. EST",12483,12520,10166,-2317
ISNE,"12/3/2016 9 a.m. EST",13086,13090,10638,-2448
ISNE,"12/3/2016 10 a.m. EST",13267,13350,10621,-2646
ISNE,"12/3/2016 11 a.m. EST",13317,13360,10944,-2373
ISNE,"12/3/2016 12 p.m. EST",13402,13270,11080,-2322
ISNE,"12/3/2016 1 p.m. EST",13361,13140,10956,-2405
ISNE,"12/3/2016 2 p.m. EST",13338,13020,10881,-2457
ISNE,"12/3/2016 3 p.m. EST",13426,13150,10961,-2465
ISNE,"12/3/2016 4 p.m. EST",13729,13570,11251,-2478
ISNE,"12/3/2016 5 p.m. EST",14825,14740,12005,-2820
ISNE,"12/3/2016 6 p.m. EST",15646,15700,12808,-2838
ISNE,"12/3/2016 7 p.m. EST",15481,15590,12872,-2609
ISNE,"12/3/2016 8 p.m. EST",15086,15130,12221,-2865
ISNE,"12/3/2016 9 p.m. EST",14650,14730,12099,-2551
ISNE,"12/3/2016 10 p.m. EST",14025,14100,11628,-2397
ISNE,"12/3/2016 11 p.m. EST",13148,13230,10470,-2678
ISNE,"12/4/2016 12 a.m. EST",12219,12210,9474,-2745
ISNE,"12/4/2016 1 a.m. EST",11953,11350,9512,-2441
ISNE,"12/4/2016 2 a.m. EST",11761,10930,9786,-1975
ISNE,"12/4/2016 3 a.m. EST",11754,10690,9658,-2096
ISNE,"12/4/2016 4 a.m. EST",11653,10640,9444,-2209
ISNE,"12/4/2016 5 a.m. EST",11724,10730,9429,-2295
ISNE,"12/4/2016 6 a.m. EST",12043,11020,9658,-2385
ISNE,"12/4/2016 7 a.m. EST",12561,11530,10047,-2514
ISNE,"12/4/2016 8 a.m. EST",13016,12120,10569,-2447
ISNE,"12/4/2016 9 a.m. EST",13524,12630,11041,-2483
ISNE,"12/4/2016 10 a.m. EST",13500,12990,11064,-2436
ISNE,"12/4/2016 11 a.m. EST",13418,13040,10838,-2580
ISNE,"12/4/2016 12 p.m. EST",13241,13050,10631,-2610
ISNE,"12/4/2016 1 p.m. EST",13088,13050,10547,-2541
ISNE,"12/4/2016 2 p.m. EST",13283,13040,10796,-2487
ISNE,"12/4/2016 3 p.m. EST",13506,13070,10944,-2562
ISNE,"12/4/2016 4 p.m. EST",13812,13600,11387,-2425
ISNE,"12/4/2016 5 p.m. EST",15357,15150,12677,-2680
ISNE,"12/4/2016 6 p.m. EST",16480,16300,13722,-2758
ISNE,"12/4/2016 7 p.m. EST",16498,16280,13674,-2824
ISNE,"12/4/2016 8 p.m. EST",16175,15920,13342,-2833
ISNE,"12/4/2016 9 p.m. EST",15646,15460,12708,-2938
ISNE,"12/4/2016 10 p.m. EST",14681,14560,11981,-2700
ISNE,"12/4/2016 11 p.m. EST",13449,13420,10644,-2805
ISNE,"12/5/2016 12 a.m. EST",12624,12390,9658,-2966
ISNE,"12/5/2016 1 a.m. EST",12679,11620,9402,-3277
ISNE,"12/5/2016 2 a.m. EST",12547,11250,9095,-3452
ISNE,"12/5/2016 3 a.m. EST",12397,11110,9004,-3393
ISNE,"12/5/2016 4 a.m. EST",12439,11180,9017,-3422
ISNE,"12/5/2016 5 a.m. EST",12812,11600,9478,-3334
ISNE,"12/5/2016 6 a.m. EST",13511,12710,10286,-3225
ISNE,"12/5/2016 7 a.m. EST",14639,14770,11684,-2955
ISNE,"12/5/2016 8 a.m. EST",15823,15980,12723,-3100
ISNE,"12/5/2016 9 a.m. EST",16162,16070,12926,-3236
ISNE,"12/5/2016 10 a.m. EST",16364,15970,13147,-3217
ISNE,"12/5/2016 11 a.m. EST",16496,15830,13384,-3112
ISNE,"12/5/2016 12 p.m. EST",16457,15770,13244,-3213
ISNE,"12/5/2016 1 p.m. EST",16240,15650,13062,-3178
ISNE,"12/5/2016 2 p.m. EST",16015,15620,12752,-3263
ISNE,"12/5/2016 3 p.m. EST",15707,15690,12492,-3215
ISNE,"12/5/2016 4 p.m. EST",15731,15830,12534,-3197
ISNE,"12/5/2016 5 p.m. EST",16826,17040,13789,-3037
ISNE,"12/5/2016 6 p.m. EST",17844,17950,14822,-3022
ISNE,"12/5/2016 7 p.m. EST",17731,17660,14493,-3238
ISNE,"12/5/2016 8 p.m. EST",17248,17250,14060,-3188
ISNE,"12/5/2016 9 p.m. EST",16568,16600,13647,-2921
ISNE,"12/5/2016 10 p.m. EST",15465,15480,12717,-2748
ISNE,"12/5/2016 11 p.m. EST",14006,14040,11418,-2588
ISNE,"12/6/2016 12 a.m. EST",13056,12730,10298,-2758
ISNE,"12/6/2016 1 a.m. EST",12952,11990,9812,-3140
ISNE,"12/6/2016 2 a.m. EST",12729,11410,9515,-3214
ISNE,"12/6/2016 3 a.m. EST",12539,11180,9610,-2929
ISNE,"12/6/2016 4 a.m. EST",12552,11170,9714,-2838
ISNE,"12/6/2016 5 a.m. EST",12939,11560,10039,-2900
ISNE,"12/6/2016 6 a.m. EST",13659,12740,10635,-3024
ISNE,"12/6/2016 7 a.m. EST",14761,14650,11746,-3015
ISNE,"12/6/2016 8 a.m. EST",15651,15620,12430,-3221
ISNE,"12/6/2016 9 a.m. EST",15519,15560,11837,-3682
ISNE,"12/6/2016 10 a.m. EST",15132,15440,11476,-3656
ISNE,"12/6/2016 11 a.m. EST",14812,14980,11224,-3588
ISNE,"12/6/2016 12 p.m. EST",14602,14840,10947,-3655
ISNE,"12/6/2016 1 p.m. EST",14442,14770,10841,-3601
ISNE,"12/6/2016 2 p.m. EST",14629,14760,11104,-3525
ISNE,"12/6/2016 3 p.m. EST",14867,15110,11609,-3258
ISNE,"12/6/2016 4 p.m. EST",15218,15650,12148,-3070
ISNE,"12/6/2016 5 p.m. EST",16490,16840,13220,-3270
ISNE,"12/6/2016 6 p.m. EST",17405,17600,14198,-3207
ISNE,"12/6/2016 7 p.m. EST",17309,17410,14113,-3196
ISNE,"12/6/2016 8 p.m. EST",16887,17040,13651,-3236
ISNE,"12/6/2016 9 p.m. EST",16226,16400,12827,-3399
ISNE,"12/6/2016 10 p.m. EST",15153,15320,11881,-3272
ISNE,"12/6/2016 11 p.m. EST",13715,13890,10375,-3340
ISNE,"12/7/2016 12 a.m. EST",12792,12620,9488,-3304
ISNE,"12/7/2016 1 a.m. EST",12750,11820,9214,-3536
ISNE,"12/7/2016 2 a.m. EST",12472,11340,8857,-3615
ISNE,"12/7/2016 3 a.m. EST",12277,11090,8531,-3746
ISNE,"12/7/2016 4 a.m. EST",12257,11060,8662,-3595
ISNE,"12/7/2016 5 a.m. EST",12592,11360,9093,-3499
ISNE,"12/7/2016 6 a.m. EST",13195,12390,9972,-3223
ISNE,"12/7/2016 7 a.m. EST",14246,14200,11146,-3100
ISNE,"12/7/2016 8 a.m. EST",15307,15240,12193,-3114
ISNE,"12/7/2016 9 a.m. EST",15508,15370,12263,-3245
ISNE,"12/7/2016 10 a.m. EST",15538,15350,12441,-3097
ISNE,"12/7/2016 11 a.m. EST",15535,15330,12787,-2748
ISNE,"12/7/2016 12 p.m. EST",15379,15250,12601,-2778
ISNE,"12/7/2016 1 p.m. EST",15260,15110,12422,-2838
ISNE,"12/7/2016 2 p.m. EST",15281,15130,12418,-2863
ISNE,"12/7/2016 3 p.m. EST",15394,15140,12535,-2859
ISNE,"12/7/2016 4 p.m. EST",15603,15460,12716,-2887
ISNE,"12/7/2016 5 p.m. EST",16498,16640,13292,-3206
ISNE,"12/7/2016 6 p.m. EST",17301,17400,14080,-3221
ISNE,"12/7/2016 7 p.m. EST",17155,17210,13818,-3337
ISNE,"12/7/2016 8 p.m. EST",16745,16800,13614,-3131
ISNE,"12/7/2016 9 p.m. EST",16101,16140,13411,-2690
ISNE,"12/7/2016 10 p.m. EST",15072,15120,12337,-2735
ISNE,"12/7/2016 11 p.m. EST",13785,13740,11065,-2720
ISNE,"12/8/2016 12 a.m. EST",13101,12500,9859,-3242
ISNE,"12/8/2016 1 a.m. EST",12514,11710,9267,-3247
ISNE,"12/8/2016 2 a.m. EST",12394,11280,9299,-3095
ISNE,"12/8/2016 3 a.m. EST",12243,11120,9425,-2818
ISNE,"12/8/2016 4 a.m. EST",12250,11130,9200,-3050
ISNE,"12/8/2016 5 a.m. EST",12340,11340,9265,-3075
ISNE,"12/8/2016 6 a.m. EST",13226,12410,10102,-3124
ISNE,"12/8/2016 7 a.m. EST",14347,14340,11923,-2424
ISNE,"12/8/2016 8 a.m. EST",15361,15260,12898,-2463
ISNE,"12/8/2016 9 a.m. EST",15456,15320,13230,-2226
ISNE,"12/8/2016 10 a.m. EST",15415,15190,13226,-2189
ISNE,"12/8/2016 11 a.m. EST",15324,15060,13105,-2219
ISNE,"12/8/2016 12 p.m. EST",15285,14920,12783,-2502
ISNE,"12/8/2016 1 p.m. EST",15111,14710,12600,-2511
ISNE,"12/8/2016 2 p.m. EST",15082,14740,12646,-2436
ISNE,"12/8/2016 3 p.m. EST",15056,14760,12770,-2286
ISNE,"12/8/2016 4 p.m. EST",15275,15180,13064,-2211
ISNE,"12/8/2016 5 p.m. EST",16453,16530,14462,-1991
ISNE,"12/8/2016 6 p.m. EST",17408,17400,15268,-2140
ISNE,"12/8/2016 7 p.m. EST",17348,17330,14917,-2431
ISNE,"12/8/2016 8 p.m. EST",17021,16930,14729,-2292
ISNE,"12/8/2016 9 p.m. EST",16492,16370,14277,-2215
ISNE,"12/8/2016 10 p.m. EST",15551,15420,13233,-2318
ISNE,"12/8/2016 11 p.m. EST",14190,14120,12179,-2011
ISNE,"12/9/2016 12 a.m. EST",13366,12880,11290,-2076
ISNE,"12/9/2016 1 a.m. EST",13098,12040,10687,-2411
ISNE,"12/9/2016 2 a.m. EST",13033,11540,10585,-2448
ISNE,"12/9/2016 3 a.m. EST",12872,11330,10532,-2340
ISNE,"12/9/2016 4 a.m. EST",12893,11390,10505,-2388
ISNE,"12/9/2016 5 a.m. EST",13197,11920,10824,-2373
ISNE,"12/9/2016 6 a.m. EST",13837,13030,11143,-2694
ISNE,"12/9/2016 7 a.m. EST",14913,14930,12347,-2566
ISNE,"12/9/2016 8 a.m. EST",15891,15890,13139,-2752
ISNE,"12/9/2016 9 a.m. EST",15867,15970,12993,-2874
ISNE,"12/9/2016 10 a.m. EST",15589,15860,12794,-2795
ISNE,"12/9/2016 11 a.m. EST",15380,15660,12581,-2799
ISNE,"12/9/2016 12 p.m. EST",15225,15510,12344,-2881
ISNE,"12/9/2016 1 p.m. EST",15073,15360,12141,-2932
ISNE,"12/9/2016 2 p.m. EST",15141,15370,12155,-2986
ISNE,"12/9/2016 3 p.m. EST",15333,15390,12263,-3070
ISNE,"12/9/2016 4 p.m. EST",15768,15730,12699,-3069
ISNE,"12/9/2016 5 p.m. EST",17020,16960,13604,-3416
ISNE,"12/9/2016 6 p.m. EST",17926,17780,14428,-3498
ISNE,"12/9/2016 7 p.m. EST",17745,17580,14003,-3742
ISNE,"12/9/2016 8 p.m. EST",17331,17090,13774,-3557
ISNE,"12/9/2016 9 p.m. EST",16814,16580,13344,-3470
ISNE,"12/9/2016 10 p.m. EST",16055,15800,12667,-3388
ISNE,"12/9/2016 11 p.m. EST",14939,14720,11842,-3097
ISNE,"12/10/2016 12 a.m. EST",13768,13560,10751,-3017
ISNE,"12/10/2016 1 a.m. EST",13251,12800,9888,-3363
ISNE,"12/10/2016 2 a.m. EST",13344,12320,9867,-3477
ISNE,"12/10/2016 3 a.m. EST",13298,12120,9921,-3377
ISNE,"12/10/2016 4 a.m. EST",13234,12080,9921,-3313
ISNE,"12/10/2016 5 a.m. EST",13235,12250,9914,-3321
ISNE,"12/10/2016 6 a.m. EST",13501,12790,10235,-3266
ISNE,"12/10/2016 7 a.m. EST",13858,13710,10576,-3282
ISNE,"12/10/2016 8 a.m. EST",14470,14450,11293,-3177
ISNE,"12/10/2016 9 a.m. EST",15123,14890,11576,-3547
ISNE,"12/10/2016 10 a.m. EST",15350,15050,11844,-3506
ISNE,"12/10/2016 11 a.m. EST",15152,15020,11445,-3707
ISNE,"12/10/2016 12 p.m. EST",14858,14860,11254,-3604
ISNE,"12/10/2016 1 p.m. EST",14710,14720,11357,-3353
ISNE,"12/10/2016 2 p.m. EST",14931,14570,11394,-3537
ISNE,"12/10/2016 3 p.m. EST",15143,14600,11397,-3746
ISNE,"12/10/2016 4 p.m. EST",15621,15190,11690,-3931
ISNE,"12/10/2016 5 p.m. EST",16616,16410,12600,-4016
ISNE,"12/10/2016 6 p.m. EST",17512,17200,13451,-4061
ISNE,"12/10/2016 7 p.m. EST",17341,17160,13262,-4079
ISNE,"12/10/2016 8 p.m. EST",16940,16740,12841,-4099
ISNE,"12/10/2016 9 p.m. EST",16504,16250,12474,-4030
ISNE,"12/10/2016 10 p.m. EST",15904,15580,12222,-3682
ISNE,"12/10/2016 11 p.m. EST",15002,14620,11444,-3558
ISNE,"12/11/2016 12 a.m. EST",14003,13620,10354,-3649
ISNE,"12/11/2016 1 a.m. EST",13444,12820,9837,-3607
ISNE,"12/11/2016 2 a.m. EST",13265,12320,9684,-3581
ISNE,"12/11/2016 3 a.m. EST",13057,12090,9650,-3407
ISNE,"12/11/2016 4 a.m. EST",13007,12010,9567,-3440
ISNE,"12/11/2016 5 a.m. EST",13352,12110,9782,-3570
ISNE,"12/11/2016 6 a.m. EST",13688,12910,9894,-3794
ISNE,"12/11/2016 7 a.m. EST",13947,13480,9966,-3981
ISNE,"12/11/2016 8 a.m. EST",14314,13970,10230,-4084
ISNE,"12/11/2016 9 a.m. EST",14815,14630,10795,-4020
ISNE,"12/11/2016 10 a.m. EST",14936,14850,10920,-4016
ISNE,"12/11/2016 11 a.m. EST",14855,14990,10882,-3973
ISNE,"12/11/2016 12 p.m. EST",14650,14930,10730,-3920
ISNE,"12/11/2016 1 p.m. EST",14628,14870,10730,-3898
ISNE,"12/11/2016 2 p.m. EST",14800,14890,10757,-4043
ISNE,"12/11/2016 3 p.m. EST",15038,15000,11077,-3961
ISNE,"12/11/2016 4 p.m. EST",15501,15460,11576,-3925
ISNE,"12/11/2016 5 p.m. EST",16892,16920,13021,-3871
ISNE,"12/11/2016 6 p.m. EST",17778,17770,13885,-3893
ISNE,"12/11/2016 7 p.m. EST",17663,17580,13767,-3896
ISNE,"12/11/2016 8 p.m. EST",17251,17070,13332,-3919
ISNE,"12/11/2016 9 p.m. EST",16646,16530,12716,-3930
ISNE,"12/11/2016 10 p.m. EST",15595,15490,12207,-3388
ISNE,"12/11/2016 11 p.m. EST",14275,14250,11035,-3240
ISNE,"12/12/2016 12 a.m. EST",13200,13130,9943,-3257
ISNE,"12/12/2016 1 a.m. EST",13047,12470,9867,-3180
ISNE,"12/12/2016 2 a.m. EST",12834,11990,9884,-2950
ISNE,"12/12/2016 3 a.m. EST",12762,11770,9868,-2894
ISNE,"12/12/2016 4 a.m. EST",12816,11740,10076,-2740
ISNE,"12/12/2016 5 a.m. EST",13146,12070,10357,-2789
ISNE,"12/12/2016 6 a.m. EST",13569,13030,10841,-2728
ISNE,"12/12/2016 7 a.m. EST",14680,14930,11812,-2868
ISNE,"12/12/2016 8 a.m. EST",15843,16070,12939,-2904
ISNE,"12/12/2016 9 a.m. EST",16421,16350,13606,-2815
ISNE,"12/12/2016 10 a.m. EST",16640,16320,13685,-2955
ISNE,"12/12/2016 11 a.m. EST",16663,16340,13536,-3127
ISNE,"12/12/2016 12 p.m. EST",16537,16250,13417,-3120
ISNE,"12/12/2016 1 p.m. EST",16278,15940,13222,-3056
ISNE,"12/12/2016 2 p.m. EST",16153,15860,13203,-2950
ISNE,"12/12/2016 3 p.m. EST",16030,15750,12923,-3107
ISNE,"12/12/2016 4 p.m. EST",16026,16060,12858,-3168
ISNE,"12/12/2016 5 p.m. EST",17069,17330,13827,-3242
ISNE,"12/12/2016 6 p.m. EST",18150,18300,14800,-3350
ISNE,"12/12/2016 7 p.m. EST",18051,17950,14496,-3555
ISNE,"12/12/2016 8 p.m. EST",17606,17500,13874,-3732
ISNE,"12/12/2016 9 p.m. EST",16914,16790,13448,-3466
ISNE,"12/12/2016 10 p.m. EST",15808,15720,12492,-3316
ISNE,"12/12/2016 11 p.m. EST",14422,14300,11072,-3350
ISNE,"12/13/2016 12 a.m. EST",13651,12970,10295,-3356
ISNE,"12/13/2016 1 a.m. EST",13128,12100,9768,-3360
ISNE,"12/13/2016 2 a.m. EST",12989,11680,9606,-3383
ISNE,"12/13/2016 3 a.m. EST",12833,11530,9512,-3321
ISNE,"12/13/2016 4 a.m. EST",12842,11570,9502,-3340
ISNE,"12/13/2016 5 a.m. EST",13238,11970,9967,-3271
ISNE,"12/13/2016 6 a.m. EST",13681,13070,10477,-3204
ISNE,"12/13/2016 7 a.m. EST",15076,15020,11616,-3460
ISNE,"12/13/2016 8 a.m. EST",15932,15980,12451,-3481
ISNE,"12/13/2016 9 a.m. EST",15862,15830,12515,-3347
ISNE,"12/13/2016 10 a.m. EST",15435,15600,12196,-3239
ISNE,"12/13/2016 11 a.m. EST",15101,15210,12046,-3055
ISNE,"12/13/2016 12 p.m. EST",14833,15030,11731,-3102
ISNE,"12/13/2016 1 p.m. EST",14663,14890,11753,-2910
ISNE,"12/13/2016 2 p.m. EST",14846,14990,11971,-2875
ISNE,"12/13/2016 3 p.m. EST",15105,15180,12269,-2836
ISNE,"12/13/2016 4 p.m. EST",15554,15680,12500,-3054
ISNE,"12/13/2016 5 p.m. EST",16907,17070,13768,-3139
ISNE,"12/13/2016 6 p.m. EST",17854,17940,14641,-3213
ISNE,"12/13/2016 7 p.m. EST",17771,17810,14319,-3452
ISNE,"12/13/2016 8 p.m. EST",17378,17430,13812,-3566
ISNE,"12/13/2016 9 p.m. EST",16751,16770,13241,-3510
ISNE,"12/13/2016 10 p.m. EST",15673,15670,12625,-3048
ISNE,"12/13/2016 11 p.m. EST",14218,14210,11214,-3004
ISNE,"12/14/2016 12 a.m. EST",13340,12920,10211,-3129
ISNE,"12/14/2016 1 a.m. EST",13106,12060,10114,-2992
ISNE,"12/14/2016 2 a.m. EST",12788,11580,9740,-3048
ISNE,"12/14/2016 3 a.m. EST",12372,11410,9366,-3006
ISNE,"12/14/2016 4 a.m. EST",12278,11420,9224,-3054
ISNE,"12/14/2016 5 a.m. EST",12409,11810,9333,-3076
ISNE,"12/14/2016 6 a.m. EST",13456,12770,10505,-2951
ISNE,"12/14/2016 7 a.m. EST",14674,14590,11617,-3057
ISNE,"12/14/2016 8 a.m. EST",15717,15590,12626,-3091
ISNE,"12/14/2016 9 a.m. EST",15639,15510,12465,-3174
ISNE,"12/14/2016 10 a.m. EST",15275,15330,11929,-3346
ISNE,"12/14/2016 11 a.m. EST",14890,15090,11617,-3273
ISNE,"12/14/2016 12 p.m. EST",14568,14910,11524,-3044
ISNE,"12/14/2016 1 p.m. EST",14514,14780,11715,-2799
ISNE,"12/14/2016 2 p.m. EST",14665,14730,11849,-2816
ISNE,"12/14/2016 3 p.m. EST",14856,14830,12032,-2824
ISNE,"12/14/2016 4 p.m. EST",15368,15250,12584,-2784
ISNE,"12/14/2016 5 p.m. EST",16898,16720,13551,-3347
ISNE,"12/14/2016 6 p.m. EST",18067,18020,14534,-3533
ISNE,"12/14/2016 7 p.m. EST",18128,17930,14465,-3663
ISNE,"12/14/2016 8 p.m. EST",17854,17520,13994,-3860
ISNE,"12/14/2016 9 p.m. EST",17342,17100,13517,-3825
ISNE,"12/14/2016 10 p.m. EST",16736,16020,12995,-3741
ISNE,"12/14/2016 11 p.m. EST",15648,14670,12204,-3444
ISNE,"12/15/2016 12 a.m. EST",14041,13440,10376,-3665
ISNE,"12/15/2016 1 a.m. EST",13356,12660,9528,-3828
ISNE,"12/15/2016 2 a.m. EST",13163,12210,9682,-3481
ISNE,"12/15/2016 3 a.m. EST",13106,12010,9522,-3584
ISNE,"12/15/2016 4 a.m. EST",13090,12070,9516,-3574
ISNE,"12/15/2016 5 a.m. EST",12953,12420,9515,-3438
ISNE,"12/15/2016 6 a.m. EST",13773,13560,10101,-3672
ISNE,"12/15/2016 7 a.m. EST",15734,15520,12167,-3567
ISNE,"12/15/2016 8 a.m. EST",16662,16570,13184,-3478
ISNE,"12/15/2016 9 a.m. EST",16653,16710,13302,-3351
ISNE,"12/15/2016 10 a.m. EST",16427,16670,12912,-3515
ISNE,"12/15/2016 11 a.m. EST",16216,16430,12828,-3388
ISNE,"12/15/2016 12 p.m. EST",16159,16400,12938,-3221
ISNE,"12/15/2016 1 p.m. EST",16283,16440,13287,-2996
ISNE,"12/15/2016 2 p.m. EST",16640,16490,13517,-3123
ISNE,"12/15/2016 3 p.m. EST",16837,16500,13971,-2866
ISNE,"12/15/2016 4 p.m. EST",17295,16910,14343,-2952
ISNE,"12/15/2016 5 p.m. EST",18646,18410,15623,-3023
ISNE,"12/15/2016 6 p.m. EST",19646,19500,16589,-3057
ISNE,"12/15/2016 7 p.m. EST",19624,19410,16485,-3139
ISNE,"12/15/2016 8 p.m. EST",19372,19060,16016,-3356
ISNE,"12/15/2016 9 p.m. EST",18941,18510,15911,-3030
ISNE,"12/15/2016 10 p.m. EST",18094,17490,15377,-2717
ISNE,"12/15/2016 11 p.m. EST",16740,16080,13429,-3311
ISNE,"12/16/2016 12 a.m. EST",15591,14890,12128,-3463
ISNE,"12/16/2016 1 a.m. EST",14688,14450,11182,-3506
ISNE,"12/16/2016 2 a.m. EST",14196,14040,10967,-3229
ISNE,"12/16/2016 3 a.m. EST",14094,13840,10868,-3226
ISNE,"12/16/2016 4 a.m. EST",14144,13890,10884,-3260
ISNE,"12/16/2016 5 a.m. EST",14542,14300,11337,-3205
ISNE,"12/16/2016 6 a.m. EST",15556,15580,12604,-2952
ISNE,"12/16/2016 7 a.m. EST",17378,17570,15225,-2153
ISNE,"12/16/2016 8 a.m. EST",18475,18590,16472,-2003
ISNE,"12/16/2016 9 a.m. EST",18585,18660,16276,-2309
ISNE,"12/16/2016 10 a.m. EST",18206,18440,15743,-2463
ISNE,"12/16/2016 11 a.m. EST",17890,18310,15351,-2539
ISNE,"12/16/2016 12 p.m. EST",17554,18030,14840,-2714
ISNE,"12/16/2016 1 p.m. EST",17248,17680,14389,-2859
ISNE,"12/16/2016 2 p.m. EST",17227,17630,14389,-2838
ISNE,"12/16/2016 3 p.m. EST",17356,17420,14462,-2894
ISNE,"12/16/2016 4 p.m. EST",17746,17690,14716,-3030
ISNE,"12/16/2016 5 p.m. EST",18911,19230,16183,-2728
ISNE,"12/16/2016 6 p.m. EST",19686,20110,17108,-2578
ISNE,"12/16/2016 7 p.m. EST",19488,19850,16925,-2563
ISNE,"12/16/2016 8 p.m. EST",19060,19300,16246,-2814
ISNE,"12/16/2016 9 p.m. EST",18509,18730,15336,-3173
ISNE,"12/16/2016 10 p.m. EST",17736,17800,14619,-3117
ISNE,"12/16/2016 11 p.m. EST",16589,16470,13685,-2904
ISNE,"12/17/2016 12 a.m. EST",15255,15130,12613,-2642
ISNE,"12/17/2016 1 a.m. EST",14274,14080,11158,-3116
ISNE,"12/17/2016 2 a.m. EST",13685,13440,10485,-3200
ISNE,"12/17/2016 3 a.m. EST",13596,13020,10525,-3071
ISNE,"12/17/2016 4 a.m. EST",13494,12830,10404,-3090
ISNE,"12/17/2016 5 a.m. EST",13589,13290,10463,-3126
ISNE,"12/17/2016 6 a.m. EST",13944,13640,10712,-3232
ISNE,"12/17/2016 7 a.m. EST",14402,14300,11102,-3300
ISNE,"12/17/2016 8 a.m. EST",15211,15000,12041,-3170
ISNE,"12/17/2016 9 a.m. EST",16184,15960,12864,-3320
ISNE,"12/17/2016 10 a.m. EST",17019,16370,13915,-3104
ISNE,"12/17/2016 11 a.m. EST",17445,16600,14461,-2984
ISNE,"12/17/2016 12 p.m. EST",17535,16490,14451,-3084
ISNE,"12/17/2016 1 p.m. EST",17395,16290,14261,-3134
ISNE,"12/17/2016 2 p.m. EST",17057,16150,13909,-3148
ISNE,"12/17/2016 3 p.m. EST",16723,16020,13924,-2799
ISNE,"12/17/2016 4 p.m. EST",16575,16350,13743,-2832
ISNE,"12/17/2016 5 p.m. EST",17428,17230,14355,-3073
ISNE,"12/17/2016 6 p.m. EST",18075,17710,14788,-3287
ISNE,"12/17/2016 7 p.m. EST",17701,17430,14201,-3500
ISNE,"12/17/2016 8 p.m. EST",17117,16830,13689,-3428
ISNE,"12/17/2016 9 p.m. EST",16490,16270,13545,-2945
ISNE,"12/17/2016 10 p.m. EST",15715,15440,12975,-2740
ISNE,"12/17/2016 11 p.m. EST",14675,14430,11969,-2706
ISNE,"12/18/2016 12 a.m. EST",13538,13360,10763,-2775
ISNE,"12/18/2016 1 a.m. EST",13311,12520,10133,-3178
ISNE,"12/18/2016 2 a.m. EST",13013,11840,9650,-3363
ISNE,"12/18/2016 3 a.m. EST",12916,11440,9577,-3339
ISNE,"12/18/2016 4 a.m. EST",12728,11270,9418,-3310
ISNE,"12/18/2016 5 a.m. EST",12725,11390,9344,-3381
ISNE,"12/18/2016 6 a.m. EST",12948,11580,9578,-3370
ISNE,"12/18/2016 7 a.m. EST",13196,12040,9949,-3247
ISNE,"12/18/2016 8 a.m. EST",13671,12800,10137,-3534
ISNE,"12/18/2016 9 a.m. EST",14445,13630,10900,-3545
ISNE,"12/18/2016 10 a.m. EST",14709,14260,11196,-3513
ISNE,"12/18/2016 11 a.m. EST",14753,14420,11288,-3465
ISNE,"12/18/2016 12 p.m. EST",14907,14460,11632,-3275
ISNE,"12/18/2016 1 p.m. EST",14862,14600,11449,-3413
ISNE,"12/18/2016 2 p.m. EST",14658,14810,11237,-3421
ISNE,"12/18/2016 3 p.m. EST",14664,14970,11311,-3353
ISNE,"12/18/2016 4 p.m. EST",15100,15170,11903,-3197
ISNE,"12/18/2016 5 p.m. EST",16236,16470,12944,-3292
ISNE,"12/18/2016 6 p.m. EST",16877,17500,13469,-3408
ISNE,"12/18/2016 7 p.m. EST",16844,17300,13525,-3319
ISNE,"12/18/2016 8 p.m. EST",16582,16950,13162,-3420
ISNE,"12/18/2016 9 p.m. EST",16197,16430,12691,-3506
ISNE,"12/18/2016 10 p.m. EST",15347,15560,12108,-3239
ISNE,"12/18/2016 11 p.m. EST",14253,14310,10631,-3622
ISNE,"12/19/2016 12 a.m. EST",13559,13210,9793,-3766
ISNE,"12/19/2016 1 a.m. EST",13108,12550,9429,-3679
ISNE,"12/19/2016 2 a.m. EST",13251,12300,9582,-3669
ISNE,"12/19/2016 3 a.m. EST",13268,12200,9550,-3718
ISNE,"12/19/2016 4 a.m. EST",13376,12270,9545,-3831
ISNE,"12/19/2016 5 a.m. EST",13563,12530,9793,-3770
ISNE,"12/19/2016 6 a.m. EST",14101,13720,10495,-3606
ISNE,"12/19/2016 7 a.m. EST",15683,15680,12283,-3400
ISNE,"12/19/2016 8 a.m. EST",16987,16720,14044,-2943
ISNE,"12/19/2016 9 a.m. EST",17300,16980,14390,-2910
ISNE,"12/19/2016 10 a.m. EST",17163,16620,13964,-3199
ISNE,"12/19/2016 11 a.m. EST",16604,16320,13451,-3153
ISNE,"12/19/2016 12 p.m. EST",16195,16130,12968,-3227
ISNE,"12/19/2016 1 p.m. EST",16100,15980,12757,-3343
ISNE,"12/19/2016 2 p.m. EST",16319,16210,12919,-3400
ISNE,"12/19/2016 3 p.m. EST",16480,16350,13123,-3357
ISNE,"12/19/2016 4 p.m. EST",16947,16880,13917,-3030
ISNE,"12/19/2016 5 p.m. EST",18290,18240,15657,-2633
ISNE,"12/19/2016 6 p.m. EST",19405,19400,16349,-3056
ISNE,"12/19/2016 7 p.m. EST",19437,19280,16215,-3222
ISNE,"12/19/2016 8 p.m. EST",19154,18890,15940,-3214
ISNE,"12/19/2016 9 p.m. EST",18596,18260,15354,-3242
ISNE,"12/19/2016 10 p.m. EST",17609,17120,14491,-3118
ISNE,"12/19/2016 11 p.m. EST",16198,15700,13069,-3129
ISNE,"12/20/2016 12 a.m. EST",14856,14470,11584,-3272
ISNE,"12/20/2016 1 a.m. EST",13952,13600,10447,-3505
ISNE,"12/20/2016 2 a.m. EST",13742,13200,10498,-3244
ISNE,"12/20/2016 3 a.m. EST",14096,13000,10835,-3261
ISNE,"12/20/2016 4 a.m. EST",14181,13030,10918,-3263
ISNE,"12/20/2016 5 a.m. EST",14578,13400,11466,-3112
ISNE,"12/20/2016 6 a.m. EST",15462,14890,12433,-3029
ISNE,"12/20/2016 7 a.m. EST",16831,16920,14120,-2711
ISNE,"12/20/2016 8 a.m. EST",17909,17530,15086,-2823
ISNE,"12/20/2016 9 a.m. EST",17873,17340,15310,-2563
ISNE,"12/20/2016 10 a.m. EST",17386,16890,14642,-2744
ISNE,"12/20/2016 11 a.m. EST",16913,16600,14335,-2578
ISNE,"12/20/2016 12 p.m. EST",16555,16280,13895,-2660
ISNE,"12/20/2016 1 p.m. EST",16304,16010,13593,-2711
ISNE,"12/20/2016 2 p.m. EST",16245,15970,13471,-2774
ISNE,"12/20/2016 3 p.m. EST",16330,15880,13601,-2729
ISNE,"12/20/2016 4 p.m. EST",16710,16350,14069,-2641
ISNE,"12/20/2016 5 p.m. EST",17907,17910,15140,-2767
ISNE,"12/20/2016 6 p.m. EST",18946,19000,16105,-2841
ISNE,"12/20/2016 7 p.m. EST",18883,18960,16133,-2750
ISNE,"12/20/2016 8 p.m. EST",18509,18620,15548,-2961
ISNE,"12/20/2016 9 p.m. EST",17928,17890,14873,-3055
ISNE,"12/20/2016 10 p.m. EST",16929,16750,13648,-3281
ISNE,"12/20/2016 11 p.m. EST",15594,15370,12353,-3241
ISNE,"12/21/2016 12 a.m. EST",14336,13960,11162,-3174
ISNE,"12/21/2016 1 a.m. EST",13288,13110,10114,-3174
ISNE,"12/21/2016 2 a.m. EST",13113,12640,10027,-3086
ISNE,"12/21/2016 3 a.m. EST",13066,12470,10002,-3064
ISNE,"12/21/2016 4 a.m. EST",13167,12480,9965,-3202
ISNE,"12/21/2016 5 a.m. EST",13299,12790,10321,-2978
ISNE,"12/21/2016 6 a.m. EST",14205,13910,11232,-2973
ISNE,"12/21/2016 7 a.m. EST",15746,15710,13028,-2718
ISNE,"12/21/2016 8 a.m. EST",16819,16710,14338,-2481
ISNE,"12/21/2016 9 a.m. EST",16817,16580,14430,-2387
ISNE,"12/21/2016 10 a.m. EST",16309,16270,13823,-2486
ISNE,"12/21/2016 11 a.m. EST",15760,15910,13260,-2500
ISNE,"12/21/2016 12 p.m. EST",15417,15640,12888,-2529
ISNE,"12/21/2016 1 p.m. EST",15255,15370,12869,-2386
ISNE,"12/21/2016 2 p.m. EST",15505,15400,13047,-2458
ISNE,"12/21/2016 3 p.m. EST",15622,15410,13218,-2404
ISNE,"12/21/2016 4 p.m. EST",16018,15880,13359,-2659
ISNE,"12/21/2016 5 p.m. EST",17241,17280,14436,-2805
ISNE,"12/21/2016 6 p.m. EST",18218,18350,15286,-2932
ISNE,"12/21/2016 7 p.m. EST",18173,18200,14937,-3236
ISNE,"12/21/2016 8 p.m. EST",17846,17810,14539,-3307
ISNE,"12/21/2016 9 p.m. EST",17332,17300,13935,-3397
ISNE,"12/21/2016 10 p.m. EST",16391,16240,13029,-3362
ISNE,"12/21/2016 11 p.m. EST",15027,14800,11684,-3343
ISNE,"12/22/2016 12 a.m. EST",13631,13480,10615,-3016
ISNE,"12/22/2016 1 a.m. EST",12924,12520,9344,-3580
ISNE,"12/22/2016 2 a.m. EST",12742,12030,9226,-3516
ISNE,"12/22/2016 3 a.m. EST",12568,11830,8999,-3569
ISNE,"12/22/2016 4 a.m. EST",12742,11790,9157,-3585
ISNE,"12/22/2016 5 a.m. EST",12931,12140,9427,-3504
ISNE,"12/22/2016 6 a.m. EST",13557,13320,10014,-3543
ISNE,"12/22/2016 7 a.m. EST",15028,14990,11597,-3431
ISNE,"12/22/2016 8 a.m. EST",16218,16020,13091,-3127
ISNE,"12/22/2016 9 a.m. EST",16567,16140,13440,-3127
ISNE,"12/22/2016 10 a.m. EST",16704,16030,13578,-3126
ISNE,"12/22/2016 11 a.m. EST",16739,15960,13659,-3080
ISNE,"12/22/2016 12 p.m. EST",16616,15690,13626,-2990
ISNE,"12/22/2016 1 p.m. EST",16242,15570,13300,-2942
ISNE,"12/22/2016 2 p.m. EST",15954,15490,12916,-3038
ISNE,"12/22/2016 3 p.m. EST",15688,15470,12458,-3230
ISNE,"12/22/2016 4 p.m. EST",15772,15780,12557,-3215
ISNE,"12/22/2016 5 p.m. EST",16855,17030,13288,-3567
ISNE,"12/22/2016 6 p.m. EST",17820,17850,14211,-3609
ISNE,"12/22/2016 7 p.m. EST",17754,17780,14036,-3718
ISNE,"12/22/2016 8 p.m. EST",17413,17420,13640,-3773
ISNE,"12/22/2016 9 p.m. EST",16887,16840,12834,-4053
ISNE,"12/22/2016 10 p.m. EST",16032,15850,11859,-4173
ISNE,"12/22/2016 11 p.m. EST",14752,14470,10820,-3932
ISNE,"12/23/2016 12 a.m. EST",13454,13200,9824,-3630
ISNE,"12/23/2016 1 a.m. EST",12839,12110,9023,-3816
ISNE,"12/23/2016 2 a.m. EST",12662,11630,8804,-3858
ISNE,"12/23/2016 3 a.m. EST",12558,11480,8707,-3851
ISNE,"12/23/2016 4 a.m. EST",12871,11490,8956,-3915
ISNE,"12/23/2016 5 a.m. EST",13139,11870,9278,-3861
ISNE,"12/23/2016 6 a.m. EST",13663,12880,9934,-3729
ISNE,"12/23/2016 7 a.m. EST",14303,14600,10679,-3624
ISNE,"12/23/2016 8 a.m. EST",15228,15520,11511,-3717
ISNE,"12/23/2016 9 a.m. EST",15453,15450,11900,-3553
ISNE,"12/23/2016 10 a.m. EST",15193,15280,11623,-3570
ISNE,"12/23/2016 11 a.m. EST",14905,15030,11226,-3679
ISNE,"12/23/2016 12 p.m. EST",14692,14760,11180,-3512
ISNE,"12/23/2016 1 p.m. EST",14736,14570,11331,-3405
ISNE,"12/23/2016 2 p.m. EST",14534,14490,11257,-3277
ISNE,"12/23/2016 3 p.m. EST",14581,14580,11215,-3366
ISNE,"12/23/2016 4 p.m. EST",14792,14950,11464,-3328
ISNE,"12/23/2016 5 p.m. EST",15928,16230,12507,-3421
ISNE,"12/23/2016 6 p.m. EST",16968,17000,13341,-3627
ISNE,"12/23/2016 7 p.m. EST",16811,16800,13087,-3724
ISNE,"12/23/2016 8 p.m. EST",16441,16470,12808,-3633
ISNE,"12/23/2016 9 p.m. EST",15955,16070,12479,-3476
ISNE,"12/23/2016 10 p.m. EST",15272,15290,11611,-3661
ISNE,"12/23/2016 11 p.m. EST",14237,14210,10770,-3467
ISNE,"12/24/2016 12 a.m. EST",13205,13070,9790,-3415
ISNE,"12/24/2016 1 a.m. EST",12391,11840,8879,-3512
ISNE,"12/24/2016 2 a.m. EST",12229,11200,8681,-3548
ISNE,"12/24/2016 3 a.m. EST",12184,10830,8734,-3450
ISNE,"12/24/2016 4 a.m. EST",12048,10660,8683,-3365
ISNE,"12/24/2016 5 a.m. EST",12076,10720,8686,-3390
ISNE,"12/24/2016 6 a.m. EST",12193,11490,8821,-3372
ISNE,"12/24/2016 7 a.m. EST",12310,12250,9035,-3275
ISNE,"12/24/2016 8 a.m. EST",12932,13240,9599,-3333
ISNE,"12/24/2016 9 a.m. EST",14015,14040,10622,-3393
ISNE,"12/24/2016 10 a.m. EST",14900,14510,11608,-3292
ISNE,"12/24/2016 11 a.m. EST",15443,14740,12101,-3342
ISNE,"12/24/2016 12 p.m. EST",15764,14690,12296,-3468
ISNE,"12/24/2016 1 p.m. EST",15790,14570,12345,-3445
ISNE,"12/24/2016 2 p.m. EST",15480,14490,12006,-3474
ISNE,"12/24/2016 3 p.m. EST",14934,14410,11372,-3562
ISNE,"12/24/2016 4 p.m. EST",14710,14660,11148,-3562
ISNE,"12/24/2016 5 p.m. EST",15372,15600,11727,-3645
ISNE,"12/24/2016 6 p.m. EST",15875,16090,12318,-3557
ISNE,"12/24/2016 7 p.m. EST",15351,15490,11652,-3699
ISNE,"12/24/2016 8 p.m. EST",14785,14950,11075,-3710
ISNE,"12/24/2016 9 p.m. EST",14407,14480,10624,-3783
ISNE,"12/24/2016 10 p.m. EST",14065,13920,10362,-3703
ISNE,"12/24/2016 11 p.m. EST",13478,13170,10012,-3466
ISNE,"12/25/2016 12 a.m. EST",12829,12220,9427,-3402
ISNE,"12/25/2016 1 a.m. EST",12121,12020,9414,-2707
ISNE,"12/25/2016 2 a.m. EST",11785,11350,9222,-2563
ISNE,"12/25/2016 3 a.m. EST",11720,10980,9061,-2659
ISNE,"12/25/2016 4 a.m. EST",11866,10860,9153,-2713
ISNE,"12/25/2016 5 a.m. EST",11924,10910,9110,-2814
ISNE,"12/25/2016 6 a.m. EST",11943,11180,9236,-2707
ISNE,"12/25/2016 7 a.m. EST",12221,11730,9418,-2803
ISNE,"12/25/2016 8 a.m. EST",12461,12590,9724,-2737
ISNE,"12/25/2016 9 a.m. EST",13011,13470,10389,-2622
ISNE,"12/25/2016 10 a.m. EST",13067,13930,10373,-2694
ISNE,"12/25/2016 11 a.m. EST",12888,14080,9914,-2974
ISNE,"12/25/2016 12 p.m. EST",12747,14000,9716,-3031
ISNE,"12/25/2016 1 p.m. EST",12632,13810,9509,-3123
ISNE,"12/25/2016 2 p.m. EST",12478,13660,9542,-2936
ISNE,"12/25/2016 3 p.m. EST",12516,13280,9580,-2936
ISNE,"12/25/2016 4 p.m. EST",12845,13370,9820,-3025
ISNE,"12/25/2016 5 p.m. EST",13751,14480,10455,-3296
ISNE,"12/25/2016 6 p.m. EST",14538,15310,10976,-3562
ISNE,"12/25/2016 7 p.m. EST",14587,15040,10974,-3613
ISNE,"12/25/2016 8 p.m. EST",14571,15000,10960,-3611
ISNE,"12/25/2016 9 p.m. EST",14510,14870,10905,-3605
ISNE,"12/25/2016 10 p.m. EST",14184,14370,10846,-3338
ISNE,"12/25/2016 11 p.m. EST",13541,13580,10408,-3133
ISNE,"12/26/2016 12 a.m. EST",12714,12620,9923,-2791
ISNE,"12/26/2016 1 a.m. EST",12136,11900,9327,-2809
ISNE,"12/26/2016 2 a.m. EST",12099,11340,9140,-2959
ISNE,"12/26/2016 3 a.m. EST",12375,11070,9213,-3162
ISNE,"12/26/2016 4 a.m. EST",12659,10970,9554,-3105
ISNE,"12/26/2016 5 a.m. EST",12746,11110,9701,-3045
ISNE,"12/26/2016 6 a.m. EST",13142,12660,9962,-3180
ISNE,"12/26/2016 7 a.m. EST",13208,14100,10210,-2998
ISNE,"12/26/2016 8 a.m. EST",13694,15000,10883,-2811
ISNE,"12/26/2016 9 a.m. EST",14186,15460,11358,-2828
ISNE,"12/26/2016 10 a.m. EST",14386,15700,11633,-2753
ISNE,"12/26/2016 11 a.m. EST",14424,15710,11824,-2600
ISNE,"12/26/2016 12 p.m. EST",14448,15810,11888,-2560
ISNE,"12/26/2016 1 p.m. EST",14511,15810,12008,-2503
ISNE,"12/26/2016 2 p.m. EST",14588,15850,12106,-2482
ISNE,"12/26/2016 3 p.m. EST",14854,15810,12220,-2634
ISNE,"12/26/2016 4 p.m. EST",15221,16110,12439,-2782
ISNE,"12/26/2016 5 p.m. EST",16310,17290,13165,-3145
ISNE,"12/26/2016 6 p.m. EST",17019,17870,13770,-3249
ISNE,"12/26/2016 7 p.m. EST",16766,17590,13475,-3291
ISNE,"12/26/2016 8 p.m. EST",16284,16990,13113,-3171
ISNE,"12/26/2016 9 p.m. EST",15673,16330,12365,-3308
ISNE,"12/26/2016 10 p.m. EST",14782,15310,11369,-3413
ISNE,"12/26/2016 11 p.m. EST",13545,13910,10284,-3261
ISNE,"12/27/2016 12 a.m. EST",12362,12660,9255,-3107
ISNE,"12/27/2016 1 a.m. EST",11987,11260,8885,-3102
ISNE,"12/27/2016 2 a.m. EST",11768,10700,8704,-3064
ISNE,"12/27/2016 3 a.m. EST",11871,10420,8857,-3014
ISNE,"12/27/2016 4 a.m. EST",11818,10350,9195,-2623
ISNE,"12/27/2016 5 a.m. EST",12013,10670,9131,-2882
ISNE,"12/27/2016 6 a.m. EST",12590,11440,9540,-3050
ISNE,"12/27/2016 7 a.m. EST",12631,12810,10094,-2537
ISNE,"12/27/2016 8 a.m. EST",13507,13890,10744,-2763
ISNE,"12/27/2016 9 a.m. EST",14160,14350,11167,-2993
ISNE,"12/27/2016 10 a.m. EST",14596,14500,11568,-3028
ISNE,"12/27/2016 11 a.m. EST",14793,14560,11940,-2853
ISNE,"12/27/2016 12 p.m. EST",14697,14550,12006,-2691
ISNE,"12/27/2016 1 p.m. EST",14391,14460,11559,-2832
ISNE,"12/27/2016 2 p.m. EST",14244,14530,11210,-3034
ISNE,"12/27/2016 3 p.m. EST",14178,14530,11102,-3076
ISNE,"12/27/2016 4 p.m. EST",14413,14780,11273,-3140
ISNE,"12/27/2016 5 p.m. EST",15411,16000,12140,-3271
ISNE,"12/27/2016 6 p.m. EST",16529,17000,13203,-3326
ISNE,"12/27/2016 7 p.m. EST",16422,16700,12948,-3474
ISNE,"12/27/2016 8 p.m. EST",15996,16110,12531,-3465
ISNE,"12/27/2016 9 p.m. EST",15467,15630,12043,-3424
ISNE,"12/27/2016 10 p.m. EST",14619,14780,11223,-3396
ISNE,"12/27/2016 11 p.m. EST",13448,13530,10158,-3290
ISNE,"12/28/2016 12 a.m. EST",12786,12390,9596,-3190
ISNE,"12/28/2016 1 a.m. EST",12483,11630,9751,-2732
ISNE,"12/28/2016 2 a.m. EST",12129,11100,9409,-2720
ISNE,"12/28/2016 3 a.m. EST",12150,10970,9187,-2963
ISNE,"12/28/2016 4 a.m. EST",12142,11000,9137,-3005
ISNE,"12/28/2016 5 a.m. EST",12183,11190,9274,-2909
ISNE,"12/28/2016 6 a.m. EST",12760,12180,9788,-2972
ISNE,"12/28/2016 7 a.m. EST",13220,13820,10427,-2793
ISNE,"12/28/2016 8 a.m. EST",14229,14910,11120,-3109
ISNE,"12/28/2016 9 a.m. EST",14804,15120,11675,-3129
ISNE,"12/28/2016 10 a.m. EST",14986,15010,12011,-2975
ISNE,"12/28/2016 11 a.m. EST",15086,14840,12008,-3078
ISNE,"12/28/2016 12 p.m. EST",15161,14630,11962,-3199
ISNE,"12/28/2016 1 p.m. EST",15147,14450,11937,-3210
ISNE,"12/28/2016 2 p.m. EST",15208,14620,12100,-3108
ISNE,"12/28/2016 3 p.m. EST",15224,14680,11918,-3306
ISNE,"12/28/2016 4 p.m. EST",15409,15140,12076,-3333
ISNE,"12/28/2016 5 p.m. EST",16367,16490,13113,-3254
ISNE,"12/28/2016 6 p.m. EST",17331,17400,14189,-3142
ISNE,"12/28/2016 7 p.m. EST",17185,17300,13718,-3467
ISNE,"12/28/2016 8 p.m. EST",16770,16900,13414,-3356
ISNE,"12/28/2016 9 p.m. EST",16192,16500,12802,-3390
ISNE,"12/28/2016 10 p.m. EST",15334,15500,12243,-3091
ISNE,"12/28/2016 11 p.m. EST",14169,14170,10967,-3202
ISNE,"12/29/2016 12 a.m. EST",13035,12950,9790,-3245
ISNE,"12/29/2016 1 a.m. EST",12740,11900,9373,-3367
ISNE,"12/29/2016 2 a.m. EST",12562,11440,9240,-3322
ISNE,"12/29/2016 3 a.m. EST",12346,11250,8946,-3400
ISNE,"12/29/2016 4 a.m. EST",12335,11270,8940,-3395
ISNE,"12/29/2016 5 a.m. EST",12634,11890,9163,-3471
ISNE,"12/29/2016 6 a.m. EST",12943,12780,9743,-3200
ISNE,"12/29/2016 7 a.m. EST",13859,14300,10540,-3319
ISNE,"12/29/2016 8 a.m. EST",14901,15320,11829,-3072
ISNE,"12/29/2016 9 a.m. EST",15561,15750,12623,-2938
ISNE,"12/29/2016 10 a.m. EST",16037,15780,13114,-2923
ISNE,"12/29/2016 11 a.m. EST",16378,15900,13586,-2792
ISNE,"12/29/2016 12 p.m. EST",16587,15870,13729,-2858
ISNE,"12/29/2016 1 p.m. EST",16595,15750,13511,-3084
ISNE,"12/29/2016 2 p.m. EST",16612,15750,13541,-3071
ISNE,"12/29/2016 3 p.m. EST",16547,15670,13434,-3113
ISNE,"12/29/2016 4 p.m. EST",16580,15870,13634,-2946
ISNE,"12/29/2016 5 p.m. EST",17296,16990,14219,-3077
ISNE,"12/29/2016 6 p.m. EST",17846,17800,14594,-3252
ISNE,"12/29/2016 7 p.m. EST",17491,17500,14036,-3455
ISNE,"12/29/2016 8 p.m. EST",16900,17050,13484,-3416
ISNE,"12/29/2016 9 p.m. EST",16211,16510,12871,-3340
ISNE,"12/29/2016 10 p.m. EST",15256,15570,11738,-3518
ISNE,"12/29/2016 11 p.m. EST",14038,14240,10554,-3484
ISNE,"12/30/2016 12 a.m. EST",12983,13040,9486,-3497
ISNE,"12/30/2016 1 a.m. EST",12399,11990,9210,-3189
ISNE,"12/30/2016 2 a.m. EST",12337,11530,9253,-3084
ISNE,"12/30/2016 3 a.m. EST",12332,11330,9289,-3043
ISNE,"12/30/2016 4 a.m. EST",12292,11300,9225,-3067
ISNE,"12/30/2016 5 a.m. EST",12329,11650,9367,-2962
ISNE,"12/30/2016 6 a.m. EST",12660,12570,9754,-2906
ISNE,"12/30/2016 7 a.m. EST",13377,14080,10440,-2937
ISNE,"12/30/2016 8 a.m. EST",14412,15130,11680,-2732
ISNE,"12/30/2016 9 a.m. EST",14694,15470,12098,-2596
ISNE,"12/30/2016 10 a.m. EST",14832,15450,12187,-2645
ISNE,"12/30/2016 11 a.m. EST",14793,15300,12151,-2642
ISNE,"12/30/2016 12 p.m. EST",14763,15220,11966,-2797
ISNE,"12/30/2016 1 p.m. EST",14776,15080,11964,-2812
ISNE,"12/30/2016 2 p.m. EST",14773,15010,12083,-2690
ISNE,"12/30/2016 3 p.m. EST",14758,15070,12096,-2662
ISNE,"12/30/2016 4 p.m. EST",14988,15390,12218,-2770
ISNE,"12/30/2016 5 p.m. EST",15993,16440,13069,-2924
ISNE,"12/30/2016 6 p.m. EST",17023,17250,14041,-2982
ISNE,"12/30/2016 7 p.m. EST",16819,17080,13820,-2999
ISNE,"12/30/2016 8 p.m. EST",16392,16640,13399,-2993
ISNE,"12/30/2016 9 p.m. EST",15903,16210,12855,-3048
ISNE,"12/30/2016 10 p.m. EST",15194,15530,12259,-2935
ISNE,"12/30/2016 11 p.m. EST",14214,14500,11332,-2882
ISNE,"12/31/2016 12 a.m. EST",13188,13360,10460,-2728
ISNE,"12/31/2016 1 a.m. EST",12411,12500,9452,-2959
ISNE,"12/31/2016 2 a.m. EST",11932,12030,9113,-2819
ISNE,"12/31/2016 3 a.m. EST",11927,11770,9120,-2807
ISNE,"12/31/2016 4 a.m. EST",11858,11670,9111,-2747
ISNE,"12/31/2016 5 a.m. EST",11989,11790,9248,-2741
ISNE,"12/31/2016 6 a.m. EST",12349,12190,9357,-2992
ISNE,"12/31/2016 7 a.m. EST",12724,12800,9880,-2844
ISNE,"12/31/2016 8 a.m. EST",13362,13580,10445,-2917
ISNE,"12/31/2016 9 a.m. EST",13982,14390,11131,-2851
ISNE,"12/31/2016 10 a.m. EST",14547,14890,11701,-2846
ISNE,"12/31/2016 11 a.m. EST",14976,15020,12146,-2830
ISNE,"12/31/2016 12 p.m. EST",15108,14940,12169,-2939
ISNE,"12/31/2016 1 p.m. EST",14966,14790,11885,-3081
ISNE,"12/31/2016 2 p.m. EST",14716,14590,11529,-3187
ISNE,"12/31/2016 3 p.m. EST",14714,14670,11581,-3133
ISNE,"12/31/2016 4 p.m. EST",14965,15090,11858,-3107
ISNE,"12/31/2016 5 p.m. EST",15996,16170,12753,-3243
ISNE,"12/31/2016 6 p.m. EST",16702,16850,13351,-3351
ISNE,"12/31/2016 7 p.m. EST",16262,16550,12927,-3335
ISNE,"12/31/2016 8 p.m. EST",15510,16050,12329,-3181
ISNE,"12/31/2016 9 p.m. EST",14801,15510,11869,-2932
ISNE,"12/31/2016 10 p.m. EST",14120,14770,11117,-3003
ISNE,"12/31/2016 11 p.m. EST",13381,13810,10367,-3014
ISNE,"1/1/2017 12 a.m. EST",12670,12770,9543,-3127
