"BA Code","Timestamp (Hour Ending)","Demand (MWh)","Demand Forecast (MWh)","Net Generation (MWh)","Total Interchange (MWh)"
BANC,"1/1/2017 12 a.m. PST",1846,1812,1373,-473
BANC,"1/1/2017 1 a.m. PST",1730,1684,1259,-471
BANC,"1/1/2017 2 a.m. PST",1668,1618,1201,-467
BANC,"1/1/2017 3 a.m. PST",1606,1579,1168,-438
BANC,"1/1/2017 4 a.m. PST",1587,1564,1128,-459
BANC,"1/1/2017 5 a.m. PST",1583,1576,1128,-455
BANC,"1/1/2017 6 a.m. PST",1611,1620,1140,-471
BANC,"1/1/2017 7 a.m. PST",1661,1705,1306,-355
BANC,"1/1/2017 8 a.m. PST",1702,1785,1389,-313
BANC,"1/1/2017 9 a.m. PST",1759,1832,1420,-339
BANC,"1/1/2017 10 a.m. PST",1817,1868,1487,-330
BANC,"1/1/2017 11 a.m. PST",1854,1883,1479,-375
BANC,"1/1/2017 12 p.m. PST",1852,1858,1563,-289
BANC,"1/1/2017 1 p.m. PST",1834,1841,1512,-322
BANC,"1/1/2017 2 p.m. PST",1811,1820,1492,-319
BANC,"1/1/2017 3 p.m. PST",1805,1791,1527,-278
BANC,"1/1/2017 4 p.m. PST",1800,1797,1537,-263
BANC,"1/1/2017 5 p.m. PST",1851,1886,1665,-186
BANC,"1/1/2017 6 p.m. PST",2086,2134,2012,-74
BANC,"1/1/2017 7 p.m. PST",2113,2175,2043,-70
BANC,"1/1/2017 8 p.m. PST",2101,2163,2018,-83
BANC,"1/1/2017 9 p.m. PST",2057,2117,1964,-93
BANC,"1/1/2017 10 p.m. PST",1994,2028,1799,-195
BANC,"1/1/2017 11 p.m. PST",1870,1878,1513,-357
BANC,"1/2/2017 12 a.m. PST",1750,1755,1283,-467
BANC,"1/2/2017 1 a.m. PST",1664,1755,1194,-470
BANC,"1/2/2017 2 a.m. PST",1604,1701,1130,-474
BANC,"1/2/2017 3 a.m. PST",1569,1673,1093,-476
BANC,"1/2/2017 4 a.m. PST",1573,1655,1099,-474
BANC,"1/2/2017 5 a.m. PST",1605,1673,1136,-469
BANC,"1/2/2017 6 a.m. PST",1670,1728,1303,-367
BANC,"1/2/2017 7 a.m. PST",1763,1819,1460,-303
BANC,"1/2/2017 8 a.m. PST",1841,1863,1543,-298
BANC,"1/2/2017 9 a.m. PST",1891,1905,1601,-290
BANC,"1/2/2017 10 a.m. PST",1939,1935,1604,-335
BANC,"1/2/2017 11 a.m. PST",1972,1945,1583,-389
BANC,"1/2/2017 12 p.m. PST",1991,1928,1542,-449
BANC,"1/2/2017 1 p.m. PST",2003,1900,1598,-405
BANC,"1/2/2017 2 p.m. PST",2010,1854,1655,-355
BANC,"1/2/2017 3 p.m. PST",1986,1816,1611,-375
BANC,"1/2/2017 4 p.m. PST",1990,1832,1642,-348
BANC,"1/2/2017 5 p.m. PST",2101,1927,1792,-309
BANC,"1/2/2017 6 p.m. PST",2265,2201,2190,-75
BANC,"1/2/2017 7 p.m. PST",2281,2232,2184,-97
BANC,"1/2/2017 8 p.m. PST",2237,2208,2136,-101
BANC,"1/2/2017 9 p.m. PST",2184,2185,2004,-180
BANC,"1/2/2017 10 p.m. PST",2064,2100,1758,-306
BANC,"1/2/2017 11 p.m. PST",1920,1964,1561,-359
BANC,"1/3/2017 12 a.m. PST",1762,1829,1365,-397
BANC,"1/3/2017 1 a.m. PST",1666,1698,1249,-417
BANC,"1/3/2017 2 a.m. PST",1582,1631,1100,-482
BANC,"1/3/2017 3 a.m. PST",1569,1614,1105,-464
BANC,"1/3/2017 4 a.m. PST",1575,1611,1153,-422
BANC,"1/3/2017 5 a.m. PST",1628,1670,1203,-425
BANC,"1/3/2017 6 a.m. PST",1750,1813,1401,-349
BANC,"1/3/2017 7 a.m. PST",1926,2048,1620,-306
BANC,"1/3/2017 8 a.m. PST",2055,2185,1765,-290
BANC,"1/3/2017 9 a.m. PST",2088,2183,1750,-338
BANC,"1/3/2017 10 a.m. PST",2113,2187,1671,-442
BANC,"1/3/2017 11 a.m. PST",2132,2190,1652,-480
BANC,"1/3/2017 12 p.m. PST",2123,2149,1604,-519
BANC,"1/3/2017 1 p.m. PST",2141,2118,1682,-459
BANC,"1/3/2017 2 p.m. PST",2149,2080,1719,-430
BANC,"1/3/2017 3 p.m. PST",2160,2043,1683,-477
BANC,"1/3/2017 4 p.m. PST",2187,2025,1708,-479
BANC,"1/3/2017 5 p.m. PST",2261,2094,1803,-458
BANC,"1/3/2017 6 p.m. PST",2396,2335,2163,-233
BANC,"1/3/2017 7 p.m. PST",2387,2369,2159,-228
BANC,"1/3/2017 8 p.m. PST",2338,2344,2118,-220
BANC,"1/3/2017 9 p.m. PST",2268,2289,1864,-404
BANC,"1/3/2017 10 p.m. PST",2131,2169,1638,-493
BANC,"1/3/2017 11 p.m. PST",1982,1992,1537,-445
BANC,"1/4/2017 12 a.m. PST",1796,1835,1423,-373
BANC,"1/4/2017 1 a.m. PST",1692,1626,1319,-373
BANC,"1/4/2017 2 a.m. PST",1628,1569,1250,-378
BANC,"1/4/2017 3 a.m. PST",1581,1544,1203,-378
BANC,"1/4/2017 4 a.m. PST",1591,1550,1209,-382
BANC,"1/4/2017 5 a.m. PST",1630,1609,1258,-372
BANC,"1/4/2017 6 a.m. PST",1733,1739,1421,-312
BANC,"1/4/2017 7 a.m. PST",1887,1949,1532,-355
BANC,"1/4/2017 8 a.m. PST",1998,2086,1644,-354
BANC,"1/4/2017 9 a.m. PST",2027,2086,1622,-405
BANC,"1/4/2017 10 a.m. PST",2066,2093,1660,-406
BANC,"1/4/2017 11 a.m. PST",2103,2090,1713,-390
BANC,"1/4/2017 12 p.m. PST",2103,2059,1711,-392
BANC,"1/4/2017 1 p.m. PST",2083,2046,1671,-412
BANC,"1/4/2017 2 p.m. PST",2073,2028,1664,-409
BANC,"1/4/2017 3 p.m. PST",2069,2009,1675,-394
BANC,"1/4/2017 4 p.m. PST",2061,2006,1643,-418
BANC,"1/4/2017 5 p.m. PST",2116,2077,1679,-437
BANC,"1/4/2017 6 p.m. PST",2271,2246,2043,-228
BANC,"1/4/2017 7 p.m. PST",2267,2256,2020,-247
BANC,"1/4/2017 8 p.m. PST",2225,2210,1905,-320
BANC,"1/4/2017 9 p.m. PST",2172,2160,1747,-425
BANC,"1/4/2017 10 p.m. PST",2057,2043,1653,-404
BANC,"1/4/2017 11 p.m. PST",1897,1886,1495,-402
BANC,"1/5/2017 12 a.m. PST",1755,1746,1374,-381
BANC,"1/5/2017 1 a.m. PST",1646,1718,1352,-294
BANC,"1/5/2017 2 a.m. PST",1589,1654,1236,-353
BANC,"1/5/2017 3 a.m. PST",1549,1630,1193,-356
BANC,"1/5/2017 4 a.m. PST",1554,1642,1211,-343
BANC,"1/5/2017 5 a.m. PST",1612,1703,1249,-363
BANC,"1/5/2017 6 a.m. PST",1744,1842,1451,-293
BANC,"1/5/2017 7 a.m. PST",1967,2051,1773,-194
BANC,"1/5/2017 8 a.m. PST",2074,2167,1911,-163
BANC,"1/5/2017 9 a.m. PST",2085,2144,1799,-286
BANC,"1/5/2017 10 a.m. PST",2068,2142,1771,-297
BANC,"1/5/2017 11 a.m. PST",2032,2097,1696,-336
BANC,"1/5/2017 12 p.m. PST",1993,2049,1648,-345
BANC,"1/5/2017 1 p.m. PST",1959,2028,1555,-404
BANC,"1/5/2017 2 p.m. PST",1932,2015,1576,-356
BANC,"1/5/2017 3 p.m. PST",1921,2026,1610,-311
BANC,"1/5/2017 4 p.m. PST",1928,2067,1535,-393
BANC,"1/5/2017 5 p.m. PST",2036,2161,1621,-415
BANC,"1/5/2017 6 p.m. PST",2266,2321,2038,-228
BANC,"1/5/2017 7 p.m. PST",2329,2341,2106,-223
BANC,"1/5/2017 8 p.m. PST",2317,2286,2081,-236
BANC,"1/5/2017 9 p.m. PST",2283,2205,1862,-421
BANC,"1/5/2017 10 p.m. PST",2188,2099,1776,-412
BANC,"1/5/2017 11 p.m. PST",2038,1960,1656,-382
BANC,"1/6/2017 12 a.m. PST",1901,1825,1574,-327
BANC,"1/6/2017 1 a.m. PST",1825,1734,1519,-306
BANC,"1/6/2017 2 a.m. PST",1780,1684,1416,-364
BANC,"1/6/2017 3 a.m. PST",1768,1666,1386,-382
BANC,"1/6/2017 4 a.m. PST",1780,1683,1367,-413
BANC,"1/6/2017 5 a.m. PST",1855,1753,1445,-410
BANC,"1/6/2017 6 a.m. PST",1988,1900,1594,-394
BANC,"1/6/2017 7 a.m. PST",2197,2127,1858,-339
BANC,"1/6/2017 8 a.m. PST",2298,2250,2189,-109
BANC,"1/6/2017 9 a.m. PST",2315,2235,1906,-409
BANC,"1/6/2017 10 a.m. PST",2275,2192,1882,-393
BANC,"1/6/2017 11 a.m. PST",2223,2165,1849,-374
BANC,"1/6/2017 12 p.m. PST",2166,2146,1793,-373
BANC,"1/6/2017 1 p.m. PST",2075,2109,1718,-357
BANC,"1/6/2017 2 p.m. PST",2030,2072,1666,-364
BANC,"1/6/2017 3 p.m. PST",2015,2050,1652,-363
BANC,"1/6/2017 4 p.m. PST",2043,2064,1742,-301
BANC,"1/6/2017 5 p.m. PST",2134,2145,1917,-217
BANC,"1/6/2017 6 p.m. PST",2314,2321,2192,-122
BANC,"1/6/2017 7 p.m. PST",2326,2362,2229,-97
BANC,"1/6/2017 8 p.m. PST",2286,2333,2167,-119
BANC,"1/6/2017 9 p.m. PST",2238,2274,1962,-276
BANC,"1/6/2017 10 p.m. PST",2138,2168,1784,-354
BANC,"1/6/2017 11 p.m. PST",2012,1999,1745,-267
BANC,"1/7/2017 12 a.m. PST",1885,1849,1642,-243
BANC,"1/7/2017 1 a.m. PST",1784,1698,1557,-227
BANC,"1/7/2017 2 a.m. PST",1721,1633,1531,-190
BANC,"1/7/2017 3 a.m. PST",1689,1593,1536,-153
BANC,"1/7/2017 4 a.m. PST",1678,1583,1533,-145
BANC,"1/7/2017 5 a.m. PST",1693,1602,1536,-157
BANC,"1/7/2017 6 a.m. PST",1761,1658,1567,-194
BANC,"1/7/2017 7 a.m. PST",1840,1735,1793,-47
BANC,"1/7/2017 8 a.m. PST",1935,1821,2090,155
BANC,"1/7/2017 9 a.m. PST",2017,1869,1997,-20
BANC,"1/7/2017 10 a.m. PST",2082,1945,1873,-209
BANC,"1/7/2017 11 a.m. PST",2119,1964,1887,-232
BANC,"1/7/2017 12 p.m. PST",2131,1977,1903,-228
BANC,"1/7/2017 1 p.m. PST",2099,1967,1859,-240
BANC,"1/7/2017 2 p.m. PST",2067,1948,1815,-252
BANC,"1/7/2017 3 p.m. PST",2030,1942,1789,-241
BANC,"1/7/2017 4 p.m. PST",1998,1951,1822,-176
BANC,"1/7/2017 5 p.m. PST",2064,2002,2100,36
BANC,"1/7/2017 6 p.m. PST",2190,2149,2436,246
BANC,"1/7/2017 7 p.m. PST",2173,2162,2434,261
BANC,"1/7/2017 8 p.m. PST",2123,2116,2405,282
BANC,"1/7/2017 9 p.m. PST",2061,2063,2229,168
BANC,"1/7/2017 10 p.m. PST",1975,1973,1991,16
BANC,"1/7/2017 11 p.m. PST",1875,1871,1710,-165
BANC,"1/8/2017 12 a.m. PST",1742,1751,1649,-93
BANC,"1/8/2017 1 a.m. PST",1657,1624,1816,159
BANC,"1/8/2017 2 a.m. PST",1584,1556,1781,197
BANC,"1/8/2017 3 a.m. PST",1556,1511,1779,223
BANC,"1/8/2017 4 a.m. PST",1528,1495,1743,215
BANC,"1/8/2017 5 a.m. PST",1543,1507,1752,209
BANC,"1/8/2017 6 a.m. PST",1570,1553,1740,170
BANC,"1/8/2017 7 a.m. PST",1623,1623,1825,202
BANC,"1/8/2017 8 a.m. PST",1696,1692,1888,192
BANC,"1/8/2017 9 a.m. PST",1760,1772,1899,139
BANC,"1/8/2017 10 a.m. PST",1846,1838,1885,39
BANC,"1/8/2017 11 a.m. PST",1927,1876,1882,-45
BANC,"1/8/2017 12 p.m. PST",1978,1873,1923,-55
BANC,"1/8/2017 1 p.m. PST",2005,1847,1944,-61
BANC,"1/8/2017 2 p.m. PST",2015,1836,1918,-97
BANC,"1/8/2017 3 p.m. PST",2004,1823,2006,2
BANC,"1/8/2017 4 p.m. PST",2032,1850,2113,81
BANC,"1/8/2017 5 p.m. PST",2111,1919,2185,74
BANC,"1/8/2017 6 p.m. PST",2218,2102,2309,91
BANC,"1/8/2017 7 p.m. PST",2187,2136,2283,96
BANC,"1/8/2017 8 p.m. PST",2148,2118,2255,107
BANC,"1/8/2017 9 p.m. PST",2084,2077,2100,16
BANC,"1/8/2017 10 p.m. PST",1971,1983,2005,34
BANC,"1/8/2017 11 p.m. PST",1824,1838,1912,88
BANC,"1/9/2017 12 a.m. PST",1683,1706,1707,24
BANC,"1/9/2017 1 a.m. PST",1579,1615,1631,52
BANC,"1/9/2017 2 a.m. PST",1536,1559,1661,125
BANC,"1/9/2017 3 a.m. PST",1502,1530,1642,140
BANC,"1/9/2017 4 a.m. PST",1511,1542,1637,126
BANC,"1/9/2017 5 a.m. PST",1563,1601,1650,87
BANC,"1/9/2017 6 a.m. PST",1693,1725,1704,11
BANC,"1/9/2017 7 a.m. PST",1885,1923,1887,2
BANC,"1/9/2017 8 a.m. PST",2023,2045,1984,-39
BANC,"1/9/2017 9 a.m. PST",2027,2057,1932,-95
BANC,"1/9/2017 10 a.m. PST",2073,2084,1911,-162
BANC,"1/9/2017 11 a.m. PST",2075,2094,1900,-175
BANC,"1/9/2017 12 p.m. PST",2090,2082,1898,-192
BANC,"1/9/2017 1 p.m. PST",2034,2071,1837,-197
BANC,"1/9/2017 2 p.m. PST",2026,2053,1844,-182
BANC,"1/9/2017 3 p.m. PST",2033,2047,1865,-168
BANC,"1/9/2017 4 p.m. PST",2061,2047,1992,-69
BANC,"1/9/2017 5 p.m. PST",2140,2110,2100,-40
BANC,"1/9/2017 6 p.m. PST",2296,2254,2317,21
BANC,"1/9/2017 7 p.m. PST",2301,2275,2312,11
BANC,"1/9/2017 8 p.m. PST",2262,2230,2253,-9
BANC,"1/9/2017 9 p.m. PST",2192,2166,2124,-68
BANC,"1/9/2017 10 p.m. PST",2079,2056,2063,-16
BANC,"1/9/2017 11 p.m. PST",1918,1896,1954,36
BANC,"1/10/2017 12 a.m. PST",1757,1755,1841,84
BANC,"1/10/2017 1 a.m. PST",1666,1625,1676,10
BANC,"1/10/2017 2 a.m. PST",1610,1570,1663,53
BANC,"1/10/2017 3 a.m. PST",1579,1541,1650,71
BANC,"1/10/2017 4 a.m. PST",1580,1553,1651,71
BANC,"1/10/2017 5 a.m. PST",1650,1603,1695,45
BANC,"1/10/2017 6 a.m. PST",1771,1733,1905,134
BANC,"1/10/2017 7 a.m. PST",1975,1947,2054,79
BANC,"1/10/2017 8 a.m. PST",2103,2072,2112,9
BANC,"1/10/2017 9 a.m. PST",2115,2061,2059,-56
BANC,"1/10/2017 10 a.m. PST",2137,2076,1979,-158
BANC,"1/10/2017 11 a.m. PST",2164,2077,1998,-166
BANC,"1/10/2017 12 p.m. PST",2172,2062,2008,-164
BANC,"1/10/2017 1 p.m. PST",2193,2046,2009,-184
BANC,"1/10/2017 2 p.m. PST",2197,2037,2007,-190
BANC,"1/10/2017 3 p.m. PST",2191,2038,1935,-256
BANC,"1/10/2017 4 p.m. PST",2203,2039,1942,-261
BANC,"1/10/2017 5 p.m. PST",2265,2095,2070,-195
BANC,"1/10/2017 6 p.m. PST",2385,2246,2277,-108
BANC,"1/10/2017 7 p.m. PST",2364,2272,2290,-74
BANC,"1/10/2017 8 p.m. PST",2344,2234,2242,-102
BANC,"1/10/2017 9 p.m. PST",2263,2166,2189,-74
BANC,"1/10/2017 10 p.m. PST",2106,2046,2084,-22
BANC,"1/10/2017 11 p.m. PST",1930,1880,1929,-1
BANC,"1/11/2017 12 a.m. PST",1774,1731,1761,-13
BANC,"1/11/2017 1 a.m. PST",1668,1642,1640,-28
BANC,"1/11/2017 2 a.m. PST",1611,1587,1607,-4
BANC,"1/11/2017 3 a.m. PST",1575,1562,1608,33
BANC,"1/11/2017 4 a.m. PST",1590,1571,1617,27
BANC,"1/11/2017 5 a.m. PST",1631,1627,1629,-2
BANC,"1/11/2017 6 a.m. PST",1762,1755,1816,54
BANC,"1/11/2017 7 a.m. PST",1979,1957,2208,229
BANC,"1/11/2017 8 a.m. PST",2099,2088,2347,248
BANC,"1/11/2017 9 a.m. PST",2078,2088,2297,219
BANC,"1/11/2017 10 a.m. PST",2059,2099,2251,192
BANC,"1/11/2017 11 a.m. PST",2015,2099,2107,92
BANC,"1/11/2017 12 p.m. PST",1983,2083,2034,51
BANC,"1/11/2017 1 p.m. PST",1956,2065,2047,91
BANC,"1/11/2017 2 p.m. PST",1958,2050,2114,156
BANC,"1/11/2017 3 p.m. PST",1960,2044,2132,172
BANC,"1/11/2017 4 p.m. PST",1989,2049,2152,163
BANC,"1/11/2017 5 p.m. PST",2094,2118,2296,202
BANC,"1/11/2017 6 p.m. PST",2273,2275,2531,258
BANC,"1/11/2017 7 p.m. PST",2310,2290,2568,258
BANC,"1/11/2017 8 p.m. PST",2280,2244,2537,257
BANC,"1/11/2017 9 p.m. PST",2230,2183,2513,283
BANC,"1/11/2017 10 p.m. PST",2128,2062,2360,232
BANC,"1/11/2017 11 p.m. PST",1967,1898,2122,155
BANC,"1/12/2017 12 a.m. PST",1820,1752,2074,254
BANC,"1/12/2017 1 a.m. PST",1733,1665,2232,499
BANC,"1/12/2017 2 a.m. PST",1666,1617,2183,517
BANC,"1/12/2017 3 a.m. PST",1628,1592,2105,477
BANC,"1/12/2017 4 a.m. PST",1635,1602,2103,468
BANC,"1/12/2017 5 a.m. PST",1689,1657,2129,440
BANC,"1/12/2017 6 a.m. PST",1803,1795,2214,411
BANC,"1/12/2017 7 a.m. PST",2020,1994,2293,273
BANC,"1/12/2017 8 a.m. PST",2134,2101,2454,320
BANC,"1/12/2017 9 a.m. PST",2128,2095,2440,312
BANC,"1/12/2017 10 a.m. PST",2151,2088,2456,305
BANC,"1/12/2017 11 a.m. PST",2170,2106,2425,255
BANC,"1/12/2017 12 p.m. PST",2186,2081,2429,243
BANC,"1/12/2017 1 p.m. PST",2177,2082,2364,187
BANC,"1/12/2017 2 p.m. PST",2125,2073,2275,150
BANC,"1/12/2017 3 p.m. PST",2113,2061,2245,132
BANC,"1/12/2017 4 p.m. PST",2101,2056,2276,175
BANC,"1/12/2017 5 p.m. PST",2141,2115,2273,132
BANC,"1/12/2017 6 p.m. PST",2322,2301,2442,120
BANC,"1/12/2017 7 p.m. PST",2372,2334,2526,154
BANC,"1/12/2017 8 p.m. PST",2347,2295,2512,165
BANC,"1/12/2017 9 p.m. PST",2298,2239,2528,230
BANC,"1/12/2017 10 p.m. PST",2186,2126,2415,229
BANC,"1/12/2017 11 p.m. PST",2021,1966,2304,283
BANC,"1/13/2017 12 a.m. PST",1880,1816,2147,267
BANC,"1/13/2017 1 a.m. PST",1778,1696,2051,273
BANC,"1/13/2017 2 a.m. PST",1733,1651,2039,306
BANC,"1/13/2017 3 a.m. PST",1718,1626,2036,318
BANC,"1/13/2017 4 a.m. PST",1723,1639,2028,305
BANC,"1/13/2017 5 a.m. PST",1788,1700,2051,263
BANC,"1/13/2017 6 a.m. PST",1918,1850,2203,285
BANC,"1/13/2017 7 a.m. PST",2137,2080,2377,240
BANC,"1/13/2017 8 a.m. PST",2236,2198,2523,287
BANC,"1/13/2017 9 a.m. PST",2210,2175,2476,266
BANC,"1/13/2017 10 a.m. PST",2176,2143,2411,235
BANC,"1/13/2017 11 a.m. PST",2108,2118,2310,202
BANC,"1/13/2017 12 p.m. PST",2072,2067,2235,163
BANC,"1/13/2017 1 p.m. PST",1989,2029,2200,211
BANC,"1/13/2017 2 p.m. PST",1947,1983,2182,235
BANC,"1/13/2017 3 p.m. PST",1921,1983,2179,258
BANC,"1/13/2017 4 p.m. PST",1925,1989,2241,316
BANC,"1/13/2017 5 p.m. PST",2001,2072,2316,315
BANC,"1/13/2017 6 p.m. PST",2187,2254,2442,255
BANC,"1/13/2017 7 p.m. PST",2236,2275,2472,236
BANC,"1/13/2017 8 p.m. PST",2216,2232,2488,272
BANC,"1/13/2017 9 p.m. PST",2180,2179,2475,295
BANC,"1/13/2017 10 p.m. PST",2107,2071,2379,272
BANC,"1/13/2017 11 p.m. PST",1998,1932,2286,288
BANC,"1/14/2017 12 a.m. PST",1874,1792,2260,386
BANC,"1/14/2017 1 a.m. PST",1773,1773,2261,488
BANC,"1/14/2017 2 a.m. PST",1720,1713,2168,448
BANC,"1/14/2017 3 a.m. PST",1671,1685,2147,476
BANC,"1/14/2017 4 a.m. PST",1678,1678,2158,480
BANC,"1/14/2017 5 a.m. PST",1695,1705,2188,493
BANC,"1/14/2017 6 a.m. PST",1763,1775,2261,498
BANC,"1/14/2017 7 a.m. PST",1858,1873,2265,407
BANC,"1/14/2017 8 a.m. PST",1941,1947,2301,360
BANC,"1/14/2017 9 a.m. PST",2008,2015,2349,341
BANC,"1/14/2017 10 a.m. PST",2050,2015,2402,352
BANC,"1/14/2017 11 a.m. PST",2055,2022,2327,272
BANC,"1/14/2017 12 p.m. PST",2022,1990,2272,250
BANC,"1/14/2017 1 p.m. PST",1974,1954,2252,278
BANC,"1/14/2017 2 p.m. PST",1920,1933,2221,301
BANC,"1/14/2017 3 p.m. PST",1889,1906,2183,294
BANC,"1/14/2017 4 p.m. PST",1887,1914,2214,327
BANC,"1/14/2017 5 p.m. PST",1958,2008,2297,339
BANC,"1/14/2017 6 p.m. PST",2170,2183,2396,226
BANC,"1/14/2017 7 p.m. PST",2222,2207,2364,142
BANC,"1/14/2017 8 p.m. PST",2190,2162,2360,170
BANC,"1/14/2017 9 p.m. PST",2159,2126,2359,200
BANC,"1/14/2017 10 p.m. PST",2076,2036,2318,242
BANC,"1/14/2017 11 p.m. PST",1965,1928,2363,398
BANC,"1/15/2017 12 a.m. PST",1854,1797,2347,493
BANC,"1/15/2017 1 a.m. PST",1748,1668,2196,448
BANC,"1/15/2017 2 a.m. PST",1686,1611,2166,480
BANC,"1/15/2017 3 a.m. PST",1656,1572,2229,573
BANC,"1/15/2017 4 a.m. PST",1647,1566,2225,578
BANC,"1/15/2017 5 a.m. PST",1670,1578,2262,592
BANC,"1/15/2017 6 a.m. PST",1707,1642,2280,573
BANC,"1/15/2017 7 a.m. PST",1786,1726,2302,516
BANC,"1/15/2017 8 a.m. PST",1860,1801,2343,483
BANC,"1/15/2017 9 a.m. PST",1925,1854,2303,378
BANC,"1/15/2017 10 a.m. PST",1993,1870,2339,346
BANC,"1/15/2017 11 a.m. PST",2016,1872,2346,330
BANC,"1/15/2017 12 p.m. PST",2015,1853,2374,359
BANC,"1/15/2017 1 p.m. PST",2003,1812,2397,394
BANC,"1/15/2017 2 p.m. PST",1952,1789,2385,433
BANC,"1/15/2017 3 p.m. PST",1919,1765,2343,424
BANC,"1/15/2017 4 p.m. PST",1904,1783,2329,425
BANC,"1/15/2017 5 p.m. PST",1968,1871,2278,310
BANC,"1/15/2017 6 p.m. PST",2166,2105,2315,149
BANC,"1/15/2017 7 p.m. PST",2245,2186,2370,125
BANC,"1/15/2017 8 p.m. PST",2231,2162,2373,142
BANC,"1/15/2017 9 p.m. PST",2203,2120,2364,161
BANC,"1/15/2017 10 p.m. PST",2135,2019,2376,241
BANC,"1/15/2017 11 p.m. PST",2008,1874,2379,371
BANC,"1/16/2017 12 a.m. PST",1871,1733,2356,485
BANC,"1/16/2017 1 a.m. PST",1771,1633,2199,428
BANC,"1/16/2017 2 a.m. PST",1709,1597,2174,465
BANC,"1/16/2017 3 a.m. PST",1680,1584,2150,470
BANC,"1/16/2017 4 a.m. PST",1673,1607,2143,470
BANC,"1/16/2017 5 a.m. PST",1719,1667,2144,425
BANC,"1/16/2017 6 a.m. PST",1816,1789,2184,368
BANC,"1/16/2017 7 a.m. PST",1943,1959,2143,200
BANC,"1/16/2017 8 a.m. PST",2039,2065,2167,128
BANC,"1/16/2017 9 a.m. PST",2086,2104,2219,133
BANC,"1/16/2017 10 a.m. PST",2130,2104,2226,96
BANC,"1/16/2017 11 a.m. PST",2163,2090,2272,109
BANC,"1/16/2017 12 p.m. PST",2112,2060,2253,141
BANC,"1/16/2017 1 p.m. PST",2056,2005,2213,157
BANC,"1/16/2017 2 p.m. PST",2002,1965,2245,243
BANC,"1/16/2017 3 p.m. PST",1972,1936,2236,264
BANC,"1/16/2017 4 p.m. PST",1986,1926,2179,193
BANC,"1/16/2017 5 p.m. PST",2061,1999,2234,173
BANC,"1/16/2017 6 p.m. PST",2297,2200,2349,52
BANC,"1/16/2017 7 p.m. PST",2371,2276,2366,-5
BANC,"1/16/2017 8 p.m. PST",2350,2241,2316,-34
BANC,"1/16/2017 9 p.m. PST",2308,2197,2324,16
BANC,"1/16/2017 10 p.m. PST",2198,2072,2269,71
BANC,"1/16/2017 11 p.m. PST",2041,1910,2272,231
BANC,"1/17/2017 12 a.m. PST",1893,1750,2237,344
BANC,"1/17/2017 1 a.m. PST",1792,1668,2173,381
BANC,"1/17/2017 2 a.m. PST",1755,1609,2204,449
BANC,"1/17/2017 3 a.m. PST",1736,1584,2160,424
BANC,"1/17/2017 4 a.m. PST",1764,1606,2156,392
BANC,"1/17/2017 5 a.m. PST",1827,1668,2206,379
BANC,"1/17/2017 6 a.m. PST",1996,1817,2267,271
BANC,"1/17/2017 7 a.m. PST",2233,2072,2254,21
BANC,"1/17/2017 8 a.m. PST",2335,2185,2290,-45
BANC,"1/17/2017 9 a.m. PST",2287,2149,2193,-94
BANC,"1/17/2017 10 a.m. PST",2268,2106,2233,-35
BANC,"1/17/2017 11 a.m. PST",2240,2082,2253,13
BANC,"1/17/2017 12 p.m. PST",2184,2038,2241,57
BANC,"1/17/2017 1 p.m. PST",2118,1986,2224,106
BANC,"1/17/2017 2 p.m. PST",2068,1955,2212,144
BANC,"1/17/2017 3 p.m. PST",2045,1935,2173,128
BANC,"1/17/2017 4 p.m. PST",2067,1943,2210,143
BANC,"1/17/2017 5 p.m. PST",2190,2015,2241,51
BANC,"1/17/2017 6 p.m. PST",2392,2221,2342,-50
BANC,"1/17/2017 7 p.m. PST",2436,2287,2350,-86
BANC,"1/17/2017 8 p.m. PST",2397,2232,2328,-69
BANC,"1/17/2017 9 p.m. PST",2330,2185,2278,-52
BANC,"1/17/2017 10 p.m. PST",2215,2049,2254,39
BANC,"1/17/2017 11 p.m. PST",2025,1883,2272,247
BANC,"1/18/2017 12 a.m. PST",1872,1723,2253,381
BANC,"1/18/2017 1 a.m. PST",1758,1674,2077,319
BANC,"1/18/2017 2 a.m. PST",1701,1634,2044,343
BANC,"1/18/2017 3 a.m. PST",1670,1593,2053,383
BANC,"1/18/2017 4 a.m. PST",1673,1595,2045,372
BANC,"1/18/2017 5 a.m. PST",1729,1648,2081,352
BANC,"1/18/2017 6 a.m. PST",1865,1781,2140,275
BANC,"1/18/2017 7 a.m. PST",2079,1980,2217,138
BANC,"1/18/2017 8 a.m. PST",2205,2095,2242,37
BANC,"1/18/2017 9 a.m. PST",2193,2102,2202,9
BANC,"1/18/2017 10 a.m. PST",2236,2125,2239,3
BANC,"1/18/2017 11 a.m. PST",2272,2141,2237,-35
BANC,"1/18/2017 12 p.m. PST",2292,2145,2285,-7
BANC,"1/18/2017 1 p.m. PST",2303,2150,2305,2
BANC,"1/18/2017 2 p.m. PST",2323,2131,2293,-30
BANC,"1/18/2017 3 p.m. PST",2327,2122,2248,-79
BANC,"1/18/2017 4 p.m. PST",2333,2131,2176,-157
BANC,"1/18/2017 5 p.m. PST",2375,2186,2207,-168
BANC,"1/18/2017 6 p.m. PST",2467,2311,2326,-141
BANC,"1/18/2017 7 p.m. PST",2429,2330,2285,-144
BANC,"1/18/2017 8 p.m. PST",2353,2300,2207,-146
BANC,"1/18/2017 9 p.m. PST",2294,2239,2241,-53
BANC,"1/18/2017 10 p.m. PST",2162,2124,2298,136
BANC,"1/18/2017 11 p.m. PST",1997,1947,2262,265
BANC,"1/19/2017 12 a.m. PST",1827,1805,2111,284
BANC,"1/19/2017 1 a.m. PST",1723,1667,2117,394
BANC,"1/19/2017 2 a.m. PST",1663,1617,2153,490
BANC,"1/19/2017 3 a.m. PST",1627,1587,2143,516
BANC,"1/19/2017 4 a.m. PST",1633,1588,2154,521
BANC,"1/19/2017 5 a.m. PST",1691,1644,2178,487
BANC,"1/19/2017 6 a.m. PST",1816,1766,2162,346
BANC,"1/19/2017 7 a.m. PST",2040,1974,2333,293
BANC,"1/19/2017 8 a.m. PST",2166,2096,2420,254
BANC,"1/19/2017 9 a.m. PST",2168,2084,2300,132
BANC,"1/19/2017 10 a.m. PST",2122,2077,2328,206
BANC,"1/19/2017 11 a.m. PST",2063,2073,2187,124
BANC,"1/19/2017 12 p.m. PST",2058,2070,2229,171
BANC,"1/19/2017 1 p.m. PST",2045,2067,2173,128
BANC,"1/19/2017 2 p.m. PST",2007,2076,2172,165
BANC,"1/19/2017 3 p.m. PST",1951,2073,2102,151
BANC,"1/19/2017 4 p.m. PST",1968,2114,2128,160
BANC,"1/19/2017 5 p.m. PST",2051,2183,2282,231
BANC,"1/19/2017 6 p.m. PST",2240,2286,2360,120
BANC,"1/19/2017 7 p.m. PST",2296,2302,2378,82
BANC,"1/19/2017 8 p.m. PST",2269,2270,2225,-44
BANC,"1/19/2017 9 p.m. PST",2215,2219,2159,-56
BANC,"1/19/2017 10 p.m. PST",2117,2100,2145,28
BANC,"1/19/2017 11 p.m. PST",1946,1937,2139,193
BANC,"1/20/2017 12 a.m. PST",1820,1798,2044,224
BANC,"1/20/2017 1 a.m. PST",1727,1687,2049,322
BANC,"1/20/2017 2 a.m. PST",1665,1629,2018,353
BANC,"1/20/2017 3 a.m. PST",1658,1598,2043,385
BANC,"1/20/2017 4 a.m. PST",1658,1600,2048,390
BANC,"1/20/2017 5 a.m. PST",1718,1651,2033,315
BANC,"1/20/2017 6 a.m. PST",1872,1778,2131,259
BANC,"1/20/2017 7 a.m. PST",2083,1991,2260,177
BANC,"1/20/2017 8 a.m. PST",2221,2132,2330,109
BANC,"1/20/2017 9 a.m. PST",2210,2140,2313,103
BANC,"1/20/2017 10 a.m. PST",2220,2160,2296,76
BANC,"1/20/2017 11 a.m. PST",2173,2166,2235,62
BANC,"1/20/2017 12 p.m. PST",2159,2163,2226,67
BANC,"1/20/2017 1 p.m. PST",2122,2145,2216,94
BANC,"1/20/2017 2 p.m. PST",2090,2125,2266,176
BANC,"1/20/2017 3 p.m. PST",2066,2129,2227,161
BANC,"1/20/2017 4 p.m. PST",2077,2143,2158,81
BANC,"1/20/2017 5 p.m. PST",2119,2201,2213,94
BANC,"1/20/2017 6 p.m. PST",2273,2295,2372,99
BANC,"1/20/2017 7 p.m. PST",2319,2308,2509,190
BANC,"1/20/2017 8 p.m. PST",2281,2275,2505,224
BANC,"1/20/2017 9 p.m. PST",2220,2212,2353,133
BANC,"1/20/2017 10 p.m. PST",2124,2088,2229,105
BANC,"1/20/2017 11 p.m. PST",1985,1946,2251,266
BANC,"1/21/2017 12 a.m. PST",1856,1794,2139,283
BANC,"1/21/2017 1 a.m. PST",1749,1704,2188,439
BANC,"1/21/2017 2 a.m. PST",1682,1635,2105,423
BANC,"1/21/2017 3 a.m. PST",1652,1597,2100,448
BANC,"1/21/2017 4 a.m. PST",1644,1584,2126,482
BANC,"1/21/2017 5 a.m. PST",1649,1600,2145,496
BANC,"1/21/2017 6 a.m. PST",1695,1653,2090,395
BANC,"1/21/2017 7 a.m. PST",1801,1738,2129,328
BANC,"1/21/2017 8 a.m. PST",1867,1820,2207,340
BANC,"1/21/2017 9 a.m. PST",1932,1872,2173,241
BANC,"1/21/2017 10 a.m. PST",1968,1943,2132,164
BANC,"1/21/2017 11 a.m. PST",1950,1965,2156,206
BANC,"1/21/2017 12 p.m. PST",1924,1969,2166,242
BANC,"1/21/2017 1 p.m. PST",1921,1954,2217,296
BANC,"1/21/2017 2 p.m. PST",1924,1929,2222,298
BANC,"1/21/2017 3 p.m. PST",1918,1915,2144,226
BANC,"1/21/2017 4 p.m. PST",1960,1934,2150,190
BANC,"1/21/2017 5 p.m. PST",2026,1979,2272,246
BANC,"1/21/2017 6 p.m. PST",2175,2129,2411,236
BANC,"1/21/2017 7 p.m. PST",2196,2140,2437,241
BANC,"1/21/2017 8 p.m. PST",2164,2105,2419,255
BANC,"1/21/2017 9 p.m. PST",2137,2062,2428,291
BANC,"1/21/2017 10 p.m. PST",2056,1987,2271,215
BANC,"1/21/2017 11 p.m. PST",1956,1878,2197,241
BANC,"1/22/2017 12 a.m. PST",1843,1753,2181,338
BANC,"1/22/2017 1 a.m. PST",1749,1663,2138,389
BANC,"1/22/2017 2 a.m. PST",1691,1584,2172,481
BANC,"1/22/2017 3 a.m. PST",1654,1548,2164,510
BANC,"1/22/2017 4 a.m. PST",1645,1526,2148,503
BANC,"1/22/2017 5 a.m. PST",1641,1537,2130,489
BANC,"1/22/2017 6 a.m. PST",1701,1585,2145,444
BANC,"1/22/2017 7 a.m. PST",1749,1665,2149,400
BANC,"1/22/2017 8 a.m. PST",1831,1756,2213,382
BANC,"1/22/2017 9 a.m. PST",1905,1827,2181,276
BANC,"1/22/2017 10 a.m. PST",1925,1907,2226,301
BANC,"1/22/2017 11 a.m. PST",1918,1967,2178,260
BANC,"1/22/2017 12 p.m. PST",1903,1998,2107,204
BANC,"1/22/2017 1 p.m. PST",1881,1994,2111,230
BANC,"1/22/2017 2 p.m. PST",1872,1975,2127,255
BANC,"1/22/2017 3 p.m. PST",1903,1926,2200,297
BANC,"1/22/2017 4 p.m. PST",1973,1927,2272,299
BANC,"1/22/2017 5 p.m. PST",2072,1986,2318,246
BANC,"1/22/2017 6 p.m. PST",2238,2157,2491,253
BANC,"1/22/2017 7 p.m. PST",2276,2187,2518,242
BANC,"1/22/2017 8 p.m. PST",2254,2157,2454,200
BANC,"1/22/2017 9 p.m. PST",2196,2090,2422,226
BANC,"1/22/2017 10 p.m. PST",2087,2000,2287,200
BANC,"1/22/2017 11 p.m. PST",1932,1872,2193,261
BANC,"1/23/2017 12 a.m. PST",1778,1724,2117,339
BANC,"1/23/2017 1 a.m. PST",1679,1700,2072,393
BANC,"1/23/2017 2 a.m. PST",1641,1635,2079,438
BANC,"1/23/2017 3 a.m. PST",1619,1609,2094,475
BANC,"1/23/2017 4 a.m. PST",1619,1614,2113,494
BANC,"1/23/2017 5 a.m. PST",1691,1671,2116,425
BANC,"1/23/2017 6 a.m. PST",1825,1807,2154,329
BANC,"1/23/2017 7 a.m. PST",2064,2025,2242,178
BANC,"1/23/2017 8 a.m. PST",2183,2149,2344,161
BANC,"1/23/2017 9 a.m. PST",2161,2138,2284,123
BANC,"1/23/2017 10 a.m. PST",2148,2168,2242,94
BANC,"1/23/2017 11 a.m. PST",2093,2179,2192,99
BANC,"1/23/2017 12 p.m. PST",2064,2193,2142,78
BANC,"1/23/2017 1 p.m. PST",2051,2186,2173,122
BANC,"1/23/2017 2 p.m. PST",2026,2177,2196,170
BANC,"1/23/2017 3 p.m. PST",1996,2163,2131,135
BANC,"1/23/2017 4 p.m. PST",2006,2166,2123,117
BANC,"1/23/2017 5 p.m. PST",2071,2216,2190,119
BANC,"1/23/2017 6 p.m. PST",2274,2361,2466,192
BANC,"1/23/2017 7 p.m. PST",2362,2366,2517,155
BANC,"1/23/2017 8 p.m. PST",2337,2330,2473,136
BANC,"1/23/2017 9 p.m. PST",2294,2272,2354,60
BANC,"1/23/2017 10 p.m. PST",2169,2161,2256,87
BANC,"1/23/2017 11 p.m. PST",2003,2003,2196,193
BANC,"1/24/2017 12 a.m. PST",1851,1840,2145,294
BANC,"1/24/2017 1 a.m. PST",1753,1724,2109,356
BANC,"1/24/2017 2 a.m. PST",1699,1655,2135,436
BANC,"1/24/2017 3 a.m. PST",1677,1629,2087,410
BANC,"1/24/2017 4 a.m. PST",1684,1632,2117,433
BANC,"1/24/2017 5 a.m. PST",1751,1702,2124,373
BANC,"1/24/2017 6 a.m. PST",1900,1826,2197,297
BANC,"1/24/2017 7 a.m. PST",2138,2022,2370,232
BANC,"1/24/2017 8 a.m. PST",2247,2147,2434,187
BANC,"1/24/2017 9 a.m. PST",2197,2133,2368,171
BANC,"1/24/2017 10 a.m. PST",2124,2127,2214,90
BANC,"1/24/2017 11 a.m. PST",2065,2128,2170,105
BANC,"1/24/2017 12 p.m. PST",2017,2119,2131,114
BANC,"1/24/2017 1 p.m. PST",1975,2085,2146,171
BANC,"1/24/2017 2 p.m. PST",1946,2055,2150,204
BANC,"1/24/2017 3 p.m. PST",1929,2024,2151,222
BANC,"1/24/2017 4 p.m. PST",1938,2030,2130,192
BANC,"1/24/2017 5 p.m. PST",2013,2107,2142,129
BANC,"1/24/2017 6 p.m. PST",2216,2290,2455,239
BANC,"1/24/2017 7 p.m. PST",2340,2331,2541,201
BANC,"1/24/2017 8 p.m. PST",2319,2314,2496,177
BANC,"1/24/2017 9 p.m. PST",2284,2255,2447,163
BANC,"1/24/2017 10 p.m. PST",2183,2132,2298,115
BANC,"1/24/2017 11 p.m. PST",2020,1965,2235,215
BANC,"1/25/2017 12 a.m. PST",1885,1807,2179,294
BANC,"1/25/2017 1 a.m. PST",1783,1759,2098,315
BANC,"1/25/2017 2 a.m. PST",1741,1698,2065,324
BANC,"1/25/2017 3 a.m. PST",1732,1675,2067,335
BANC,"1/25/2017 4 a.m. PST",1745,1679,2085,340
BANC,"1/25/2017 5 a.m. PST",1813,1749,2130,317
BANC,"1/25/2017 6 a.m. PST",1961,1890,2154,193
BANC,"1/25/2017 7 a.m. PST",2221,2123,2359,138
BANC,"1/25/2017 8 a.m. PST",2323,2243,2447,124
BANC,"1/25/2017 9 a.m. PST",2231,2214,2280,49
BANC,"1/25/2017 10 a.m. PST",2203,2157,2249,46
BANC,"1/25/2017 11 a.m. PST",2141,2112,2214,73
BANC,"1/25/2017 12 p.m. PST",2044,2075,2097,53
BANC,"1/25/2017 1 p.m. PST",2012,2025,2098,86
BANC,"1/25/2017 2 p.m. PST",1960,1989,2028,68
BANC,"1/25/2017 3 p.m. PST",1932,1961,2041,109
BANC,"1/25/2017 4 p.m. PST",1956,1965,2103,147
BANC,"1/25/2017 5 p.m. PST",2037,2043,2146,109
BANC,"1/25/2017 6 p.m. PST",2243,2280,2346,103
BANC,"1/25/2017 7 p.m. PST",2329,2363,2420,91
BANC,"1/25/2017 8 p.m. PST",2317,2323,2426,109
BANC,"1/25/2017 9 p.m. PST",2273,2285,2386,113
BANC,"1/25/2017 10 p.m. PST",2149,2177,2251,102
BANC,"1/25/2017 11 p.m. PST",1983,2004,2220,237
BANC,"1/26/2017 12 a.m. PST",1843,1841,2149,306
BANC,"1/26/2017 1 a.m. PST",1719,1761,1921,202
BANC,"1/26/2017 2 a.m. PST",1690,1706,1896,206
BANC,"1/26/2017 3 a.m. PST",1667,1687,1902,235
BANC,"1/26/2017 4 a.m. PST",1672,1690,1907,235
BANC,"1/26/2017 5 a.m. PST",1746,1760,1937,191
BANC,"1/26/2017 6 a.m. PST",1882,1898,2156,274
BANC,"1/26/2017 7 a.m. PST",2126,2131,2340,214
BANC,"1/26/2017 8 a.m. PST",2234,2237,2447,213
BANC,"1/26/2017 9 a.m. PST",2164,2200,2315,151
BANC,"1/26/2017 10 a.m. PST",2095,2158,2236,141
BANC,"1/26/2017 11 a.m. PST",2048,2112,2191,143
BANC,"1/26/2017 12 p.m. PST",1993,2082,2126,133
BANC,"1/26/2017 1 p.m. PST",1945,2024,2083,138
BANC,"1/26/2017 2 p.m. PST",1909,1988,2049,140
BANC,"1/26/2017 3 p.m. PST",1904,1956,2051,147
BANC,"1/26/2017 4 p.m. PST",1913,1963,2125,212
BANC,"1/26/2017 5 p.m. PST",1986,2028,2181,195
BANC,"1/26/2017 6 p.m. PST",2198,2244,2468,270
BANC,"1/26/2017 7 p.m. PST",2306,2321,2528,222
BANC,"1/26/2017 8 p.m. PST",2298,2306,2526,228
BANC,"1/26/2017 9 p.m. PST",2253,2267,2487,234
BANC,"1/26/2017 10 p.m. PST",2144,2162,2277,133
BANC,"1/26/2017 11 p.m. PST",1984,2007,2276,292
BANC,"1/27/2017 12 a.m. PST",1840,1861,2069,229
BANC,"1/27/2017 1 a.m. PST",1750,1781,1985,235
BANC,"1/27/2017 2 a.m. PST",1708,1718,1970,262
BANC,"1/27/2017 3 a.m. PST",1697,1696,1933,236
BANC,"1/27/2017 4 a.m. PST",1712,1702,1948,236
BANC,"1/27/2017 5 a.m. PST",1788,1776,2019,231
BANC,"1/27/2017 6 a.m. PST",1940,1915,2208,268
BANC,"1/27/2017 7 a.m. PST",2205,2142,2448,243
BANC,"1/27/2017 8 a.m. PST",2288,2248,2504,216
BANC,"1/27/2017 9 a.m. PST",2220,2198,2278,58
BANC,"1/27/2017 10 a.m. PST",2172,2158,2292,120
BANC,"1/27/2017 11 a.m. PST",2091,2106,2238,147
BANC,"1/27/2017 12 p.m. PST",2001,2063,2139,138
BANC,"1/27/2017 1 p.m. PST",1964,1991,2090,126
BANC,"1/27/2017 2 p.m. PST",1911,1949,2034,123
BANC,"1/27/2017 3 p.m. PST",1894,1910,2021,127
BANC,"1/27/2017 4 p.m. PST",1887,1903,2030,143
BANC,"1/27/2017 5 p.m. PST",1963,1981,2165,202
BANC,"1/27/2017 6 p.m. PST",2145,2212,2439,294
BANC,"1/27/2017 7 p.m. PST",2244,2271,2526,282
BANC,"1/27/2017 8 p.m. PST",2227,2253,2479,252
BANC,"1/27/2017 9 p.m. PST",2190,2200,2388,198
BANC,"1/27/2017 10 p.m. PST",2105,2102,2287,182
BANC,"1/27/2017 11 p.m. PST",2002,1941,2301,299
BANC,"1/28/2017 12 a.m. PST",1870,1784,2151,281
BANC,"1/28/2017 1 a.m. PST",1782,1755,2022,240
BANC,"1/28/2017 2 a.m. PST",1714,1693,1941,227
BANC,"1/28/2017 3 a.m. PST",1687,1668,1911,224
BANC,"1/28/2017 4 a.m. PST",1689,1666,1919,230
BANC,"1/28/2017 5 a.m. PST",1720,1692,1951,231
BANC,"1/28/2017 6 a.m. PST",1786,1768,2044,258
BANC,"1/28/2017 7 a.m. PST",1904,1898,2174,270
BANC,"1/28/2017 8 a.m. PST",1966,1981,2146,180
BANC,"1/28/2017 9 a.m. PST",1991,2052,2115,124
BANC,"1/28/2017 10 a.m. PST",1969,2062,2096,127
BANC,"1/28/2017 11 a.m. PST",1934,2027,2058,124
BANC,"1/28/2017 12 p.m. PST",1857,1976,1976,119
BANC,"1/28/2017 1 p.m. PST",1792,1918,1927,135
BANC,"1/28/2017 2 p.m. PST",1752,1860,1882,130
BANC,"1/28/2017 3 p.m. PST",1720,1825,1895,175
BANC,"1/28/2017 4 p.m. PST",1727,1806,1903,176
BANC,"1/28/2017 5 p.m. PST",1803,1875,2042,239
BANC,"1/28/2017 6 p.m. PST",1994,2085,2234,240
BANC,"1/28/2017 7 p.m. PST",2106,2165,2330,224
BANC,"1/28/2017 8 p.m. PST",2095,2148,2340,245
BANC,"1/28/2017 9 p.m. PST",2074,2119,2265,191
BANC,"1/28/2017 10 p.m. PST",2020,2045,2142,122
BANC,"1/28/2017 11 p.m. PST",1916,1946,2125,209
BANC,"1/29/2017 12 a.m. PST",1809,1825,2038,229
BANC,"1/29/2017 1 a.m. PST",1725,1656,2069,344
BANC,"1/29/2017 2 a.m. PST",1679,1589,2004,325
BANC,"1/29/2017 3 a.m. PST",1655,1568,1999,344
BANC,"1/29/2017 4 a.m. PST",1656,1560,1997,341
BANC,"1/29/2017 5 a.m. PST",1679,1584,2069,390
BANC,"1/29/2017 6 a.m. PST",1748,1648,2142,394
BANC,"1/29/2017 7 a.m. PST",1850,1745,2171,321
BANC,"1/29/2017 8 a.m. PST",1916,1827,2224,308
BANC,"1/29/2017 9 a.m. PST",1946,1884,2201,255
BANC,"1/29/2017 10 a.m. PST",1914,1888,2166,252
BANC,"1/29/2017 11 a.m. PST",1869,1883,2120,251
BANC,"1/29/2017 12 p.m. PST",1827,1868,2073,246
BANC,"1/29/2017 1 p.m. PST",1784,1826,2091,307
BANC,"1/29/2017 2 p.m. PST",1757,1792,2032,275
BANC,"1/29/2017 3 p.m. PST",1737,1768,2002,265
BANC,"1/29/2017 4 p.m. PST",1765,1777,2068,303
BANC,"1/29/2017 5 p.m. PST",1850,1847,2143,293
BANC,"1/29/2017 6 p.m. PST",2075,2083,2278,203
BANC,"1/29/2017 7 p.m. PST",2185,2195,2400,215
BANC,"1/29/2017 8 p.m. PST",2184,2186,2437,253
BANC,"1/29/2017 9 p.m. PST",2149,2135,2422,273
BANC,"1/29/2017 10 p.m. PST",2054,2035,2356,302
BANC,"1/29/2017 11 p.m. PST",1909,1880,2341,432
BANC,"1/30/2017 12 a.m. PST",1771,1740,2256,485
BANC,"1/30/2017 1 a.m. PST",1683,1654,2149,466
BANC,"1/30/2017 2 a.m. PST",1647,1599,2072,425
BANC,"1/30/2017 3 a.m. PST",1636,1589,2033,397
BANC,"1/30/2017 4 a.m. PST",1661,1612,2052,391
BANC,"1/30/2017 5 a.m. PST",1752,1685,2135,383
BANC,"1/30/2017 6 a.m. PST",1904,1842,2256,352
BANC,"1/30/2017 7 a.m. PST",2167,2098,2276,109
BANC,"1/30/2017 8 a.m. PST",2258,2213,2312,54
BANC,"1/30/2017 9 a.m. PST",2186,2160,2243,57
BANC,"1/30/2017 10 a.m. PST",2126,2103,2168,42
BANC,"1/30/2017 11 a.m. PST",2059,2059,2158,99
BANC,"1/30/2017 12 p.m. PST",2020,2011,2170,150
BANC,"1/30/2017 1 p.m. PST",1982,1970,2248,266
BANC,"1/30/2017 2 p.m. PST",1911,1940,2143,232
BANC,"1/30/2017 3 p.m. PST",1896,1910,2130,234
BANC,"1/30/2017 4 p.m. PST",1915,1904,2176,261
BANC,"1/30/2017 5 p.m. PST",1987,1968,2196,209
BANC,"1/30/2017 6 p.m. PST",2163,2155,2334,171
BANC,"1/30/2017 7 p.m. PST",2287,2285,2386,99
BANC,"1/30/2017 8 p.m. PST",2268,2255,2404,136
BANC,"1/30/2017 9 p.m. PST",2216,2201,2364,148
BANC,"1/30/2017 10 p.m. PST",2115,2084,2245,130
BANC,"1/30/2017 11 p.m. PST",1941,1922,2186,245
BANC,"1/31/2017 12 a.m. PST",1794,1769,2155,361
BANC,"1/31/2017 1 a.m. PST",1711,1701,2072,361
BANC,"1/31/2017 2 a.m. PST",1675,1645,1974,299
BANC,"1/31/2017 3 a.m. PST",1660,1637,1959,299
BANC,"1/31/2017 4 a.m. PST",1676,1635,1971,295
BANC,"1/31/2017 5 a.m. PST",1758,1702,2046,288
BANC,"1/31/2017 6 a.m. PST",1902,1856,2141,239
BANC,"1/31/2017 7 a.m. PST",2169,2088,2295,126
BANC,"1/31/2017 8 a.m. PST",2242,2197,2376,134
BANC,"1/31/2017 9 a.m. PST",2185,2136,2316,131
BANC,"1/31/2017 10 a.m. PST",2110,2094,2183,73
BANC,"1/31/2017 11 a.m. PST",2063,2041,2166,103
BANC,"1/31/2017 12 p.m. PST",2013,1987,2076,63
BANC,"1/31/2017 1 p.m. PST",1945,1937,1987,42
BANC,"1/31/2017 2 p.m. PST",1923,1909,1969,46
BANC,"1/31/2017 3 p.m. PST",1939,1886,1903,-36
BANC,"1/31/2017 4 p.m. PST",1937,1892,1897,-40
BANC,"1/31/2017 5 p.m. PST",2017,1948,1883,-134
BANC,"1/31/2017 6 p.m. PST",2191,2112,2171,-20
BANC,"1/31/2017 7 p.m. PST",2289,2251,2258,-31
BANC,"1/31/2017 8 p.m. PST",2261,2248,2249,-12
BANC,"1/31/2017 9 p.m. PST",2216,2204,2196,-20
BANC,"1/31/2017 10 p.m. PST",2100,2095,2052,-48
BANC,"1/31/2017 11 p.m. PST",1935,1941,1978,43
BANC,"2/1/2017 12 a.m. PST",1783,1794,1939,156
