"BA Code","Timestamp (Hour Ending)","Demand (MWh)","Demand Forecast (MWh)","Net Generation (MWh)","Total Interchange (MWh)"
BANC,"7/1/2016 12 a.m. PDT",2640,2636,1718,-922
BANC,"7/1/2016 1 a.m. PDT",2277,2018,1519,-758
BANC,"7/1/2016 2 a.m. PDT",2058,1843,1302,-756
BANC,"7/1/2016 3 a.m. PDT",1907,1726,1285,-622
BANC,"7/1/2016 4 a.m. PDT",1817,1668,1258,-559
BANC,"7/1/2016 5 a.m. PDT",1806,1666,1263,-543
BANC,"7/1/2016 6 a.m. PDT",1832,1725,1349,-483
BANC,"7/1/2016 7 a.m. PDT",1910,1785,1541,-369
BANC,"7/1/2016 8 a.m. PDT",2046,1921,1639,-407
BANC,"7/1/2016 9 a.m. PDT",2219,2068,1791,-428
BANC,"7/1/2016 10 a.m. PDT",2413,2234,1982,-431
BANC,"7/1/2016 11 a.m. PDT",2636,2429,2176,-460
BANC,"7/1/2016 12 p.m. PDT",2883,2651,2300,-583
BANC,"7/1/2016 1 p.m. PDT",3142,2896,2387,-755
BANC,"7/1/2016 2 p.m. PDT",3414,3209,2518,-896
BANC,"7/1/2016 3 p.m. PDT",3662,3477,2806,-856
BANC,"7/1/2016 4 p.m. PDT",3842,3724,2881,-961
BANC,"7/1/2016 5 p.m. PDT",3947,3854,2941,-1006
BANC,"7/1/2016 6 p.m. PDT",3942,3903,2861,-1081
BANC,"7/1/2016 7 p.m. PDT",3811,3803,2780,-1031
BANC,"7/1/2016 8 p.m. PDT",3560,3592,2616,-944
BANC,"7/1/2016 9 p.m. PDT",3292,3314,2439,-853
BANC,"7/1/2016 10 p.m. PDT",3046,3039,2323,-723
BANC,"7/1/2016 11 p.m. PDT",2691,2655,2046,-645
BANC,"7/2/2016 12 a.m. PDT",2359,2303,1799,-560
BANC,"7/2/2016 1 a.m. PDT",2074,1989,1576,-498
BANC,"7/2/2016 2 a.m. PDT",1902,1818,1395,-507
BANC,"7/2/2016 3 a.m. PDT",1774,1685,1335,-439
BANC,"7/2/2016 4 a.m. PDT",1690,1610,1267,-423
BANC,"7/2/2016 5 a.m. PDT",1652,1575,1221,-431
BANC,"7/2/2016 6 a.m. PDT",1632,1573,1217,-415
BANC,"7/2/2016 7 a.m. PDT",1624,1558,1310,-314
BANC,"7/2/2016 8 a.m. PDT",1705,1646,1360,-345
BANC,"7/2/2016 9 a.m. PDT",1817,1774,1418,-399
BANC,"7/2/2016 10 a.m. PDT",1964,1923,1529,-435
BANC,"7/2/2016 11 a.m. PDT",2123,2090,1716,-407
BANC,"7/2/2016 12 p.m. PDT",2295,2266,1783,-512
BANC,"7/2/2016 1 p.m. PDT",2495,2473,1804,-691
BANC,"7/2/2016 2 p.m. PDT",2725,2682,2154,-571
BANC,"7/2/2016 3 p.m. PDT",2936,2900,2422,-514
BANC,"7/2/2016 4 p.m. PDT",3116,3079,2624,-492
BANC,"7/2/2016 5 p.m. PDT",3239,3218,2638,-601
BANC,"7/2/2016 6 p.m. PDT",3280,3249,2623,-657
BANC,"7/2/2016 7 p.m. PDT",3204,3172,2659,-545
BANC,"7/2/2016 8 p.m. PDT",3038,2981,2498,-540
BANC,"7/2/2016 9 p.m. PDT",2783,2768,2230,-553
BANC,"7/2/2016 10 p.m. PDT",2617,2562,2065,-552
BANC,"7/2/2016 11 p.m. PDT",2352,2290,1941,-411
BANC,"7/3/2016 12 a.m. PDT",2094,2050,1631,-463
BANC,"7/3/2016 1 a.m. PDT",1897,1831,1395,-502
BANC,"7/3/2016 2 a.m. PDT",1744,1674,1285,-459
BANC,"7/3/2016 3 a.m. PDT",1653,1576,1231,-422
BANC,"7/3/2016 4 a.m. PDT",1587,1513,1178,-409
BANC,"7/3/2016 5 a.m. PDT",1561,1487,1154,-407
BANC,"7/3/2016 6 a.m. PDT",1552,1476,1184,-368
BANC,"7/3/2016 7 a.m. PDT",1531,1456,1415,-116
BANC,"7/3/2016 8 a.m. PDT",1583,1526,1457,-126
BANC,"7/3/2016 9 a.m. PDT",1700,1648,1533,-167
BANC,"7/3/2016 10 a.m. PDT",1823,1794,1534,-289
BANC,"7/3/2016 11 a.m. PDT",1979,1956,1664,-315
BANC,"7/3/2016 12 p.m. PDT",2131,2136,1773,-358
BANC,"7/3/2016 1 p.m. PDT",2308,2333,1958,-350
BANC,"7/3/2016 2 p.m. PDT",2488,2555,2111,-377
BANC,"7/3/2016 3 p.m. PDT",2688,2773,2430,-258
BANC,"7/3/2016 4 p.m. PDT",2891,2984,2645,-246
BANC,"7/3/2016 5 p.m. PDT",3073,3148,2651,-422
BANC,"7/3/2016 6 p.m. PDT",3147,3204,2722,-425
BANC,"7/3/2016 7 p.m. PDT",3125,3160,2715,-410
BANC,"7/3/2016 8 p.m. PDT",2992,3011,2692,-300
BANC,"7/3/2016 9 p.m. PDT",2769,2797,2383,-386
BANC,"7/3/2016 10 p.m. PDT",2592,2632,2417,-175
BANC,"7/3/2016 11 p.m. PDT",2333,2340,1842,-491
BANC,"7/4/2016 12 a.m. PDT",2051,2056,1592,-459
BANC,"7/4/2016 1 a.m. PDT",1864,1894,1341,-523
BANC,"7/4/2016 2 a.m. PDT",1721,1728,1240,-481
BANC,"7/4/2016 3 a.m. PDT",1625,1620,1176,-449
BANC,"7/4/2016 4 a.m. PDT",1564,1555,1146,-418
BANC,"7/4/2016 5 a.m. PDT",1546,1532,1136,-410
BANC,"7/4/2016 6 a.m. PDT",1541,1530,1155,-386
BANC,"7/4/2016 7 a.m. PDT",1514,1528,1379,-135
BANC,"7/4/2016 8 a.m. PDT",1569,1608,1397,-172
BANC,"7/4/2016 9 a.m. PDT",1660,1734,1429,-231
BANC,"7/4/2016 10 a.m. PDT",1787,1896,1489,-298
BANC,"7/4/2016 11 a.m. PDT",1923,2074,1558,-365
BANC,"7/4/2016 12 p.m. PDT",2069,2266,1731,-338
BANC,"7/4/2016 1 p.m. PDT",2218,2490,1859,-359
BANC,"7/4/2016 2 p.m. PDT",2409,2721,2031,-378
BANC,"7/4/2016 3 p.m. PDT",2608,2939,2207,-401
BANC,"7/4/2016 4 p.m. PDT",2804,3122,2554,-250
BANC,"7/4/2016 5 p.m. PDT",2933,3241,2549,-384
BANC,"7/4/2016 6 p.m. PDT",2967,3229,2597,-370
BANC,"7/4/2016 7 p.m. PDT",2880,3110,2595,-285
BANC,"7/4/2016 8 p.m. PDT",2732,2923,2536,-196
BANC,"7/4/2016 9 p.m. PDT",2510,2644,2278,-232
BANC,"7/4/2016 10 p.m. PDT",2338,2438,2272,-66
BANC,"7/4/2016 11 p.m. PDT",2163,2221,1722,-441
BANC,"7/5/2016 12 a.m. PDT",1960,2034,1519,-442
BANC,"7/5/2016 1 a.m. PDT",1767,1855,1295,-472
BANC,"7/5/2016 2 a.m. PDT",1646,1705,1195,-451
BANC,"7/5/2016 3 a.m. PDT",1558,1615,1114,-444
BANC,"7/5/2016 4 a.m. PDT",1525,1566,1107,-418
BANC,"7/5/2016 5 a.m. PDT",1542,1575,1113,-429
BANC,"7/5/2016 6 a.m. PDT",1601,1641,1177,-424
BANC,"7/5/2016 7 a.m. PDT",1662,1712,1331,-331
BANC,"7/5/2016 8 a.m. PDT",1763,1824,1448,-315
BANC,"7/5/2016 9 a.m. PDT",1858,1943,1464,-394
BANC,"7/5/2016 10 a.m. PDT",1957,2059,1576,-381
BANC,"7/5/2016 11 a.m. PDT",2052,2191,1665,-387
BANC,"7/5/2016 12 p.m. PDT",2178,2349,1781,-397
BANC,"7/5/2016 1 p.m. PDT",2301,2535,1677,-624
BANC,"7/5/2016 2 p.m. PDT",2442,2766,1807,-635
BANC,"7/5/2016 3 p.m. PDT",2626,2995,2058,-568
BANC,"7/5/2016 4 p.m. PDT",2770,3226,2247,-523
BANC,"7/5/2016 5 p.m. PDT",2906,3400,2237,-669
BANC,"7/5/2016 6 p.m. PDT",2982,3470,2295,-687
BANC,"7/5/2016 7 p.m. PDT",2917,3390,2315,-602
BANC,"7/5/2016 8 p.m. PDT",2774,3190,2348,-426
BANC,"7/5/2016 9 p.m. PDT",2582,2936,2379,-203
BANC,"7/5/2016 10 p.m. PDT",2434,2704,2180,-254
BANC,"7/5/2016 11 p.m. PDT",2163,2405,1735,-428
BANC,"7/6/2016 12 a.m. PDT",1923,2106,1401,-522
BANC,"7/6/2016 1 a.m. PDT",1722,1793,1222,-500
BANC,"7/6/2016 2 a.m. PDT",1620,1660,1128,-492
BANC,"7/6/2016 3 a.m. PDT",1561,1573,1116,-445
BANC,"7/6/2016 4 a.m. PDT",1523,1536,1107,-416
BANC,"7/6/2016 5 a.m. PDT",1556,1563,1138,-418
BANC,"7/6/2016 6 a.m. PDT",1612,1624,1221,-391
BANC,"7/6/2016 7 a.m. PDT",1680,1705,1407,-273
BANC,"7/6/2016 8 a.m. PDT",1762,1806,1485,-277
BANC,"7/6/2016 9 a.m. PDT",1860,1905,1504,-356
BANC,"7/6/2016 10 a.m. PDT",1943,2007,1595,-348
BANC,"7/6/2016 11 a.m. PDT",2056,2127,1675,-381
BANC,"7/6/2016 12 p.m. PDT",2145,2259,1742,-403
BANC,"7/6/2016 1 p.m. PDT",2261,2415,1633,-628
BANC,"7/6/2016 2 p.m. PDT",2375,2614,1767,-608
BANC,"7/6/2016 3 p.m. PDT",2539,2818,1921,-618
BANC,"7/6/2016 4 p.m. PDT",2708,3036,2025,-683
BANC,"7/6/2016 5 p.m. PDT",2849,3178,2218,-631
BANC,"7/6/2016 6 p.m. PDT",2915,3239,2279,-636
BANC,"7/6/2016 7 p.m. PDT",2850,3146,2353,-497
BANC,"7/6/2016 8 p.m. PDT",2682,2957,2359,-323
BANC,"7/6/2016 9 p.m. PDT",2520,2742,2313,-207
BANC,"7/6/2016 10 p.m. PDT",2402,2558,2180,-222
BANC,"7/6/2016 11 p.m. PDT",2160,2278,1730,-430
BANC,"7/7/2016 12 a.m. PDT",1918,2016,1386,-532
BANC,"7/7/2016 1 a.m. PDT",1737,1736,1329,-408
BANC,"7/7/2016 2 a.m. PDT",1624,1619,1245,-379
BANC,"7/7/2016 3 a.m. PDT",1557,1560,1182,-375
BANC,"7/7/2016 4 a.m. PDT",1525,1518,1158,-367
BANC,"7/7/2016 5 a.m. PDT",1550,1532,1174,-376
BANC,"7/7/2016 6 a.m. PDT",1602,1606,1259,-343
BANC,"7/7/2016 7 a.m. PDT",1678,1672,1417,-261
BANC,"7/7/2016 8 a.m. PDT",1774,1772,1499,-275
BANC,"7/7/2016 9 a.m. PDT",1866,1856,1566,-300
BANC,"7/7/2016 10 a.m. PDT",1952,1956,1663,-289
BANC,"7/7/2016 11 a.m. PDT",2052,2059,1774,-278
BANC,"7/7/2016 12 p.m. PDT",2137,2170,1851,-286
BANC,"7/7/2016 1 p.m. PDT",2262,2285,1777,-485
BANC,"7/7/2016 2 p.m. PDT",2392,2416,1928,-464
BANC,"7/7/2016 3 p.m. PDT",2559,2581,2231,-328
BANC,"7/7/2016 4 p.m. PDT",2717,2759,2408,-309
BANC,"7/7/2016 5 p.m. PDT",2854,2897,2403,-451
BANC,"7/7/2016 6 p.m. PDT",2895,2969,2211,-684
BANC,"7/7/2016 7 p.m. PDT",2816,2892,2311,-505
BANC,"7/7/2016 8 p.m. PDT",2651,2718,2147,-504
BANC,"7/7/2016 9 p.m. PDT",2473,2564,2036,-437
BANC,"7/7/2016 10 p.m. PDT",2368,2419,2078,-290
BANC,"7/7/2016 11 p.m. PDT",2138,2160,1770,-368
BANC,"7/8/2016 12 a.m. PDT",1897,1908,1449,-448
BANC,"7/8/2016 1 a.m. PDT",1727,1728,1262,-465
BANC,"7/8/2016 2 a.m. PDT",1612,1620,1164,-448
BANC,"7/8/2016 3 a.m. PDT",1544,1559,1093,-451
BANC,"7/8/2016 4 a.m. PDT",1523,1524,1080,-443
BANC,"7/8/2016 5 a.m. PDT",1538,1541,1102,-436
BANC,"7/8/2016 6 a.m. PDT",1600,1604,1160,-440
BANC,"7/8/2016 7 a.m. PDT",1673,1684,1444,-229
BANC,"7/8/2016 8 a.m. PDT",1759,1779,1537,-222
BANC,"7/8/2016 9 a.m. PDT",1840,1863,1610,-230
BANC,"7/8/2016 10 a.m. PDT",1943,1932,1682,-261
BANC,"7/8/2016 11 a.m. PDT",2030,2056,1814,-216
BANC,"7/8/2016 12 p.m. PDT",2127,2164,1916,-211
BANC,"7/8/2016 1 p.m. PDT",2228,2278,1777,-451
BANC,"7/8/2016 2 p.m. PDT",2371,2406,1896,-475
BANC,"7/8/2016 3 p.m. PDT",2546,2570,2157,-389
BANC,"7/8/2016 4 p.m. PDT",2722,2724,2361,-361
BANC,"7/8/2016 5 p.m. PDT",2927,2841,2450,-477
BANC,"7/8/2016 6 p.m. PDT",2995,2889,2594,-401
BANC,"7/8/2016 7 p.m. PDT",2947,2798,2516,-431
BANC,"7/8/2016 8 p.m. PDT",2809,2628,2459,-350
BANC,"7/8/2016 9 p.m. PDT",2623,2477,2393,-230
BANC,"7/8/2016 10 p.m. PDT",2509,2356,2349,-160
BANC,"7/8/2016 11 p.m. PDT",2275,2127,2105,-170
BANC,"7/9/2016 12 a.m. PDT",2046,1897,1609,-437
BANC,"7/9/2016 1 a.m. PDT",1849,1689,1292,-557
BANC,"7/9/2016 2 a.m. PDT",1722,1589,1104,-618
BANC,"7/9/2016 3 a.m. PDT",1639,1526,965,-674
BANC,"7/9/2016 4 a.m. PDT",1583,1486,909,-674
BANC,"7/9/2016 5 a.m. PDT",1570,1471,963,-607
BANC,"7/9/2016 6 a.m. PDT",1586,1486,1025,-561
BANC,"7/9/2016 7 a.m. PDT",1567,1490,1147,-420
BANC,"7/9/2016 8 a.m. PDT",1632,1565,1195,-437
BANC,"7/9/2016 9 a.m. PDT",1745,1668,1314,-431
BANC,"7/9/2016 10 a.m. PDT",1866,1782,1433,-433
BANC,"7/9/2016 11 a.m. PDT",2020,1890,1618,-402
BANC,"7/9/2016 12 p.m. PDT",2168,1983,1772,-396
BANC,"7/9/2016 1 p.m. PDT",2305,2078,1675,-630
BANC,"7/9/2016 2 p.m. PDT",2448,2179,1764,-684
BANC,"7/9/2016 3 p.m. PDT",2556,2324,2004,-552
BANC,"7/9/2016 4 p.m. PDT",2645,2461,2205,-440
BANC,"7/9/2016 5 p.m. PDT",2659,2579,2129,-530
BANC,"7/9/2016 6 p.m. PDT",2628,2617,2152,-476
BANC,"7/9/2016 7 p.m. PDT",2497,2576,2059,-438
BANC,"7/9/2016 8 p.m. PDT",2344,2450,1952,-392
BANC,"7/9/2016 9 p.m. PDT",2202,2339,1909,-293
BANC,"7/9/2016 10 p.m. PDT",2133,2248,1828,-305
BANC,"7/9/2016 11 p.m. PDT",1971,2056,1757,-214
BANC,"7/10/2016 12 a.m. PDT",1794,1858,1547,-247
BANC,"7/10/2016 1 a.m. PDT",1645,1721,1074,-571
BANC,"7/10/2016 2 a.m. PDT",1564,1590,1000,-564
BANC,"7/10/2016 3 a.m. PDT",1493,1515,917,-576
BANC,"7/10/2016 4 a.m. PDT",1456,1470,893,-563
BANC,"7/10/2016 5 a.m. PDT",1439,1452,901,-538
BANC,"7/10/2016 6 a.m. PDT",1447,1458,893,-554
BANC,"7/10/2016 7 a.m. PDT",1419,1425,984,-435
BANC,"7/10/2016 8 a.m. PDT",1453,1492,1082,-371
BANC,"7/10/2016 9 a.m. PDT",1539,1593,1125,-414
BANC,"7/10/2016 10 a.m. PDT",1608,1714,1212,-396
BANC,"7/10/2016 11 a.m. PDT",1702,1825,1274,-428
BANC,"7/10/2016 12 p.m. PDT",1773,1924,1350,-423
BANC,"7/10/2016 1 p.m. PDT",1845,2025,1418,-427
BANC,"7/10/2016 2 p.m. PDT",1930,2146,1453,-477
BANC,"7/10/2016 3 p.m. PDT",2026,2300,1521,-505
BANC,"7/10/2016 4 p.m. PDT",2166,2496,1826,-340
BANC,"7/10/2016 5 p.m. PDT",2318,2638,2069,-249
BANC,"7/10/2016 6 p.m. PDT",2442,2735,2211,-231
BANC,"7/10/2016 7 p.m. PDT",2484,2731,2356,-128
BANC,"7/10/2016 8 p.m. PDT",2450,2602,2409,-41
BANC,"7/10/2016 9 p.m. PDT",2385,2446,2337,-48
BANC,"7/10/2016 10 p.m. PDT",2343,2348,2168,-175
BANC,"7/10/2016 11 p.m. PDT",2137,2114,1916,-221
BANC,"7/11/2016 12 a.m. PDT",1912,1875,1399,-513
BANC,"7/11/2016 1 a.m. PDT",1741,1737,1101,-640
BANC,"7/11/2016 2 a.m. PDT",1622,1606,1014,-608
BANC,"7/11/2016 3 a.m. PDT",1565,1535,969,-596
BANC,"7/11/2016 4 a.m. PDT",1531,1497,941,-590
BANC,"7/11/2016 5 a.m. PDT",1552,1521,951,-601
BANC,"7/11/2016 6 a.m. PDT",1622,1596,986,-636
BANC,"7/11/2016 7 a.m. PDT",1706,1669,1342,-364
BANC,"7/11/2016 8 a.m. PDT",1821,1785,1456,-365
BANC,"7/11/2016 9 a.m. PDT",1939,1904,1544,-395
BANC,"7/11/2016 10 a.m. PDT",2038,2018,1643,-395
BANC,"7/11/2016 11 a.m. PDT",2161,2144,1756,-405
BANC,"7/11/2016 12 p.m. PDT",2266,2286,1889,-377
BANC,"7/11/2016 1 p.m. PDT",2422,2415,1866,-556
BANC,"7/11/2016 2 p.m. PDT",2604,2581,2055,-549
BANC,"7/11/2016 3 p.m. PDT",2777,2767,2203,-574
BANC,"7/11/2016 4 p.m. PDT",2973,2960,2428,-545
BANC,"7/11/2016 5 p.m. PDT",3144,3120,2472,-672
BANC,"7/11/2016 6 p.m. PDT",3238,3189,2502,-736
BANC,"7/11/2016 7 p.m. PDT",3211,3110,2662,-549
BANC,"7/11/2016 8 p.m. PDT",3083,2943,2550,-533
BANC,"7/11/2016 9 p.m. PDT",2876,2785,2455,-421
BANC,"7/11/2016 10 p.m. PDT",2720,2623,2405,-315
BANC,"7/11/2016 11 p.m. PDT",2381,2323,1732,-649
BANC,"7/12/2016 12 a.m. PDT",2083,2039,1388,-695
BANC,"7/12/2016 1 a.m. PDT",1877,1807,1419,-458
BANC,"7/12/2016 2 a.m. PDT",1728,1653,1326,-402
BANC,"7/12/2016 3 a.m. PDT",1639,1583,1258,-381
BANC,"7/12/2016 4 a.m. PDT",1599,1546,1225,-374
BANC,"7/12/2016 5 a.m. PDT",1619,1551,1279,-340
BANC,"7/12/2016 6 a.m. PDT",1670,1629,1294,-376
BANC,"7/12/2016 7 a.m. PDT",1752,1696,1473,-279
BANC,"7/12/2016 8 a.m. PDT",1827,1809,1490,-337
BANC,"7/12/2016 9 a.m. PDT",1928,1925,1573,-355
BANC,"7/12/2016 10 a.m. PDT",2041,2047,1701,-340
BANC,"7/12/2016 11 a.m. PDT",2139,2200,1796,-343
BANC,"7/12/2016 12 p.m. PDT",2274,2343,1917,-357
BANC,"7/12/2016 1 p.m. PDT",2408,2531,1784,-624
BANC,"7/12/2016 2 p.m. PDT",2609,2726,1983,-626
BANC,"7/12/2016 3 p.m. PDT",2827,2956,2258,-569
BANC,"7/12/2016 4 p.m. PDT",3032,3178,2450,-582
BANC,"7/12/2016 5 p.m. PDT",3211,3365,2451,-760
BANC,"7/12/2016 6 p.m. PDT",3310,3441,2495,-815
BANC,"7/12/2016 7 p.m. PDT",3273,3362,2694,-579
BANC,"7/12/2016 8 p.m. PDT",3149,3160,2632,-517
BANC,"7/12/2016 9 p.m. PDT",2952,2938,2575,-377
BANC,"7/12/2016 10 p.m. PDT",2773,2738,2264,-509
BANC,"7/12/2016 11 p.m. PDT",2453,2413,2121,-332
BANC,"7/13/2016 12 a.m. PDT",2133,2126,1593,-540
BANC,"7/13/2016 1 a.m. PDT",1921,1924,1413,-508
BANC,"7/13/2016 2 a.m. PDT",1787,1768,1264,-523
BANC,"7/13/2016 3 a.m. PDT",1689,1680,1212,-477
BANC,"7/13/2016 4 a.m. PDT",1635,1631,1127,-508
BANC,"7/13/2016 5 a.m. PDT",1656,1637,1138,-518
BANC,"7/13/2016 6 a.m. PDT",1719,1697,1208,-511
BANC,"7/13/2016 7 a.m. PDT",1799,1766,1394,-405
BANC,"7/13/2016 8 a.m. PDT",1917,1899,1527,-390
BANC,"7/13/2016 9 a.m. PDT",2042,2027,1623,-419
BANC,"7/13/2016 10 a.m. PDT",2175,2172,1720,-455
BANC,"7/13/2016 11 a.m. PDT",2385,2347,1940,-445
BANC,"7/13/2016 12 p.m. PDT",2605,2553,2111,-494
BANC,"7/13/2016 1 p.m. PDT",2873,2785,2094,-779
BANC,"7/13/2016 2 p.m. PDT",3151,3051,2323,-828
BANC,"7/13/2016 3 p.m. PDT",3429,3312,2694,-735
BANC,"7/13/2016 4 p.m. PDT",3648,3554,2914,-734
BANC,"7/13/2016 5 p.m. PDT",3810,3713,2995,-815
BANC,"7/13/2016 6 p.m. PDT",3854,3794,2990,-864
BANC,"7/13/2016 7 p.m. PDT",3812,3720,2947,-865
BANC,"7/13/2016 8 p.m. PDT",3654,3535,2901,-753
BANC,"7/13/2016 9 p.m. PDT",3419,3311,2699,-720
BANC,"7/13/2016 10 p.m. PDT",3198,3069,2606,-592
BANC,"7/13/2016 11 p.m. PDT",2796,2699,2240,-556
BANC,"7/14/2016 12 a.m. PDT",2411,2346,1722,-689
BANC,"7/14/2016 1 a.m. PDT",2131,1985,1422,-709
BANC,"7/14/2016 2 a.m. PDT",1949,1828,1341,-608
BANC,"7/14/2016 3 a.m. PDT",1819,1732,1229,-590
BANC,"7/14/2016 4 a.m. PDT",1758,1681,1164,-594
BANC,"7/14/2016 5 a.m. PDT",1750,1685,1162,-588
BANC,"7/14/2016 6 a.m. PDT",1792,1736,1217,-575
BANC,"7/14/2016 7 a.m. PDT",1871,1808,1479,-392
BANC,"7/14/2016 8 a.m. PDT",2015,1947,1624,-391
BANC,"7/14/2016 9 a.m. PDT",2184,2091,1756,-428
BANC,"7/14/2016 10 a.m. PDT",2387,2270,1928,-459
BANC,"7/14/2016 11 a.m. PDT",2628,2480,2130,-498
BANC,"7/14/2016 12 p.m. PDT",2924,2719,2354,-570
BANC,"7/14/2016 1 p.m. PDT",3240,2981,2363,-877
BANC,"7/14/2016 2 p.m. PDT",3534,3274,2556,-978
BANC,"7/14/2016 3 p.m. PDT",3814,3530,2833,-981
BANC,"7/14/2016 4 p.m. PDT",4013,3769,3013,-1000
BANC,"7/14/2016 5 p.m. PDT",4144,3902,3006,-1138
BANC,"7/14/2016 6 p.m. PDT",4182,3969,3006,-1176
BANC,"7/14/2016 7 p.m. PDT",4109,3870,2961,-1148
BANC,"7/14/2016 8 p.m. PDT",3937,3694,2882,-1055
BANC,"7/14/2016 9 p.m. PDT",3674,3479,2750,-924
BANC,"7/14/2016 10 p.m. PDT",3391,3235,2537,-854
BANC,"7/14/2016 11 p.m. PDT",2939,2824,2100,-839
BANC,"7/15/2016 12 a.m. PDT",2511,2449,1627,-884
BANC,"7/15/2016 1 a.m. PDT",2202,2045,1664,-538
BANC,"7/15/2016 2 a.m. PDT",1993,1878,1482,-511
BANC,"7/15/2016 3 a.m. PDT",1847,1775,1348,-499
BANC,"7/15/2016 4 a.m. PDT",1769,1724,1266,-503
BANC,"7/15/2016 5 a.m. PDT",1754,1712,1245,-509
BANC,"7/15/2016 6 a.m. PDT",1792,1760,1298,-494
BANC,"7/15/2016 7 a.m. PDT",1857,1818,1502,-355
BANC,"7/15/2016 8 a.m. PDT",1974,1929,1613,-361
BANC,"7/15/2016 9 a.m. PDT",2095,2063,1698,-397
BANC,"7/15/2016 10 a.m. PDT",2237,2201,1771,-466
BANC,"7/15/2016 11 a.m. PDT",2430,2394,1938,-492
BANC,"7/15/2016 12 p.m. PDT",2630,2612,2116,-514
BANC,"7/15/2016 1 p.m. PDT",2890,2846,2177,-713
BANC,"7/15/2016 2 p.m. PDT",3176,3127,2448,-728
BANC,"7/15/2016 3 p.m. PDT",3437,3400,2695,-742
BANC,"7/15/2016 4 p.m. PDT",3675,3628,2779,-896
BANC,"7/15/2016 5 p.m. PDT",3804,3787,2752,-1052
BANC,"7/15/2016 6 p.m. PDT",3808,3843,2788,-1020
BANC,"7/15/2016 7 p.m. PDT",3665,3713,2762,-903
BANC,"7/15/2016 8 p.m. PDT",3470,3472,2721,-749
BANC,"7/15/2016 9 p.m. PDT",3197,3200,2604,-593
BANC,"7/15/2016 10 p.m. PDT",2958,2955,2396,-562
BANC,"7/15/2016 11 p.m. PDT",2607,2608,2015,-592
BANC,"7/16/2016 12 a.m. PDT",2292,2284,1639,-653
BANC,"7/16/2016 1 a.m. PDT",2020,1957,1482,-538
BANC,"7/16/2016 2 a.m. PDT",1857,1799,1337,-520
BANC,"7/16/2016 3 a.m. PDT",1716,1689,1243,-473
BANC,"7/16/2016 4 a.m. PDT",1657,1627,1204,-453
BANC,"7/16/2016 5 a.m. PDT",1633,1588,1172,-461
BANC,"7/16/2016 6 a.m. PDT",1628,1602,1189,-439
BANC,"7/16/2016 7 a.m. PDT",1620,1584,1308,-312
BANC,"7/16/2016 8 a.m. PDT",1686,1648,1385,-301
BANC,"7/16/2016 9 a.m. PDT",1781,1760,1463,-318
BANC,"7/16/2016 10 a.m. PDT",1909,1903,1531,-378
BANC,"7/16/2016 11 a.m. PDT",2050,2043,1661,-389
BANC,"7/16/2016 12 p.m. PDT",2186,2193,1813,-373
BANC,"7/16/2016 1 p.m. PDT",2356,2357,1792,-564
BANC,"7/16/2016 2 p.m. PDT",2553,2571,2051,-502
BANC,"7/16/2016 3 p.m. PDT",2768,2815,2271,-497
BANC,"7/16/2016 4 p.m. PDT",2957,3042,2401,-556
BANC,"7/16/2016 5 p.m. PDT",3134,3236,2472,-662
BANC,"7/16/2016 6 p.m. PDT",3210,3310,2503,-707
BANC,"7/16/2016 7 p.m. PDT",3175,3212,2507,-668
BANC,"7/16/2016 8 p.m. PDT",3017,3000,2361,-656
BANC,"7/16/2016 9 p.m. PDT",2803,2777,2230,-573
BANC,"7/16/2016 10 p.m. PDT",2617,2603,2132,-485
BANC,"7/16/2016 11 p.m. PDT",2324,2344,2024,-300
BANC,"7/17/2016 12 a.m. PDT",2060,2087,1454,-606
BANC,"7/17/2016 1 a.m. PDT",1849,1839,1249,-600
BANC,"7/17/2016 2 a.m. PDT",1704,1714,1055,-649
BANC,"7/17/2016 3 a.m. PDT",1600,1636,1007,-593
BANC,"7/17/2016 4 a.m. PDT",1550,1566,973,-577
BANC,"7/17/2016 5 a.m. PDT",1515,1537,926,-589
BANC,"7/17/2016 6 a.m. PDT",1519,1528,936,-583
BANC,"7/17/2016 7 a.m. PDT",1476,1499,1159,-317
BANC,"7/17/2016 8 a.m. PDT",1520,1572,1219,-301
BANC,"7/17/2016 9 a.m. PDT",1604,1678,1260,-344
BANC,"7/17/2016 10 a.m. PDT",1714,1808,1253,-461
BANC,"7/17/2016 11 a.m. PDT",1819,1956,1308,-511
BANC,"7/17/2016 12 p.m. PDT",1942,2111,1442,-500
BANC,"7/17/2016 1 p.m. PDT",2068,2277,1566,-502
BANC,"7/17/2016 2 p.m. PDT",2231,2461,1734,-497
BANC,"7/17/2016 3 p.m. PDT",2405,2677,1932,-473
BANC,"7/17/2016 4 p.m. PDT",2590,2875,2212,-378
BANC,"7/17/2016 5 p.m. PDT",2743,3051,2423,-320
BANC,"7/17/2016 6 p.m. PDT",2827,3132,2527,-300
BANC,"7/17/2016 7 p.m. PDT",2781,3093,2461,-320
BANC,"7/17/2016 8 p.m. PDT",2625,2930,2356,-269
BANC,"7/17/2016 9 p.m. PDT",2449,2749,2268,-181
BANC,"7/17/2016 10 p.m. PDT",2329,2576,2151,-178
BANC,"7/17/2016 11 p.m. PDT",2097,2320,1845,-252
BANC,"7/18/2016 12 a.m. PDT",1877,2048,1314,-563
BANC,"7/18/2016 1 a.m. PDT",1700,1811,1133,-567
BANC,"7/18/2016 2 a.m. PDT",1591,1684,1105,-486
BANC,"7/18/2016 3 a.m. PDT",1541,1591,1083,-458
BANC,"7/18/2016 4 a.m. PDT",1522,1557,1086,-436
BANC,"7/18/2016 5 a.m. PDT",1543,1568,1076,-467
BANC,"7/18/2016 6 a.m. PDT",1610,1640,1138,-472
BANC,"7/18/2016 7 a.m. PDT",1688,1712,1383,-305
BANC,"7/18/2016 8 a.m. PDT",1787,1828,1445,-342
BANC,"7/18/2016 9 a.m. PDT",1870,1919,1504,-366
BANC,"7/18/2016 10 a.m. PDT",1958,2035,1627,-331
BANC,"7/18/2016 11 a.m. PDT",2041,2152,1729,-312
BANC,"7/18/2016 12 p.m. PDT",2129,2278,1868,-261
BANC,"7/18/2016 1 p.m. PDT",2225,2418,1825,-400
BANC,"7/18/2016 2 p.m. PDT",2325,2571,2028,-297
BANC,"7/18/2016 3 p.m. PDT",2460,2761,2185,-275
BANC,"7/18/2016 4 p.m. PDT",2572,2921,2230,-342
BANC,"7/18/2016 5 p.m. PDT",2705,3090,2349,-356
BANC,"7/18/2016 6 p.m. PDT",2762,3131,2333,-429
BANC,"7/18/2016 7 p.m. PDT",2729,3060,2348,-381
BANC,"7/18/2016 8 p.m. PDT",2607,2902,2176,-431
BANC,"7/18/2016 9 p.m. PDT",2459,2713,2082,-377
BANC,"7/18/2016 10 p.m. PDT",2357,2547,1915,-442
BANC,"7/18/2016 11 p.m. PDT",2106,2269,1502,-604
BANC,"7/19/2016 12 a.m. PDT",1900,1995,1321,-579
BANC,"7/19/2016 1 a.m. PDT",1739,1730,1274,-465
BANC,"7/19/2016 2 a.m. PDT",1622,1624,1212,-410
BANC,"7/19/2016 3 a.m. PDT",1573,1567,1193,-380
BANC,"7/19/2016 4 a.m. PDT",1544,1531,1146,-398
BANC,"7/19/2016 5 a.m. PDT",1566,1555,1185,-381
BANC,"7/19/2016 6 a.m. PDT",1638,1625,1251,-387
BANC,"7/19/2016 7 a.m. PDT",1690,1683,1472,-218
BANC,"7/19/2016 8 a.m. PDT",1788,1794,1584,-204
BANC,"7/19/2016 9 a.m. PDT",1870,1883,1630,-240
BANC,"7/19/2016 10 a.m. PDT",1950,1984,1631,-319
BANC,"7/19/2016 11 a.m. PDT",2047,2097,1756,-291
BANC,"7/19/2016 12 p.m. PDT",2150,2209,1870,-280
BANC,"7/19/2016 1 p.m. PDT",2269,2328,1821,-448
BANC,"7/19/2016 2 p.m. PDT",2413,2461,1977,-436
BANC,"7/19/2016 3 p.m. PDT",2580,2643,2284,-296
BANC,"7/19/2016 4 p.m. PDT",2732,2824,2420,-312
BANC,"7/19/2016 5 p.m. PDT",2886,2986,2504,-382
BANC,"7/19/2016 6 p.m. PDT",2951,3065,2537,-414
BANC,"7/19/2016 7 p.m. PDT",2895,3006,2574,-321
BANC,"7/19/2016 8 p.m. PDT",2744,2826,2458,-286
BANC,"7/19/2016 9 p.m. PDT",2558,2664,2277,-281
BANC,"7/19/2016 10 p.m. PDT",2428,2500,2049,-379
BANC,"7/19/2016 11 p.m. PDT",2170,2232,1821,-349
BANC,"7/20/2016 12 a.m. PDT",1929,1976,1469,-460
BANC,"7/20/2016 1 a.m. PDT",1765,1811,1375,-390
BANC,"7/20/2016 2 a.m. PDT",1649,1681,1256,-393
BANC,"7/20/2016 3 a.m. PDT",1573,1605,1187,-386
BANC,"7/20/2016 4 a.m. PDT",1557,1566,1153,-404
BANC,"7/20/2016 5 a.m. PDT",1570,1582,1158,-412
BANC,"7/20/2016 6 a.m. PDT",1654,1646,1249,-405
BANC,"7/20/2016 7 a.m. PDT",1703,1707,1447,-256
BANC,"7/20/2016 8 a.m. PDT",1803,1809,1549,-254
BANC,"7/20/2016 9 a.m. PDT",1900,1914,1625,-275
BANC,"7/20/2016 10 a.m. PDT",1993,2017,1690,-303
BANC,"7/20/2016 11 a.m. PDT",2110,2139,1800,-310
BANC,"7/20/2016 12 p.m. PDT",2243,2263,1870,-373
BANC,"7/20/2016 1 p.m. PDT",2402,2409,1834,-568
BANC,"7/20/2016 2 p.m. PDT",2594,2591,2033,-561
BANC,"7/20/2016 3 p.m. PDT",2799,2792,2305,-494
BANC,"7/20/2016 4 p.m. PDT",3019,2986,2607,-412
BANC,"7/20/2016 5 p.m. PDT",3199,3140,2687,-512
BANC,"7/20/2016 6 p.m. PDT",3302,3217,2765,-537
BANC,"7/20/2016 7 p.m. PDT",3249,3136,2726,-523
BANC,"7/20/2016 8 p.m. PDT",3103,2968,2716,-387
BANC,"7/20/2016 9 p.m. PDT",2899,2762,2637,-262
BANC,"7/20/2016 10 p.m. PDT",2687,2610,2425,-262
BANC,"7/20/2016 11 p.m. PDT",2361,2323,2025,-336
BANC,"7/21/2016 12 a.m. PDT",2055,2050,1610,-445
BANC,"7/21/2016 1 a.m. PDT",1847,1832,1383,-464
BANC,"7/21/2016 2 a.m. PDT",1703,1701,1256,-447
BANC,"7/21/2016 3 a.m. PDT",1628,1626,1198,-430
BANC,"7/21/2016 4 a.m. PDT",1585,1582,1185,-400
BANC,"7/21/2016 5 a.m. PDT",1587,1596,1196,-391
BANC,"7/21/2016 6 a.m. PDT",1657,1663,1259,-398
BANC,"7/21/2016 7 a.m. PDT",1719,1737,1480,-239
BANC,"7/21/2016 8 a.m. PDT",1810,1840,1531,-279
BANC,"7/21/2016 9 a.m. PDT",1899,1947,1604,-295
BANC,"7/21/2016 10 a.m. PDT",1945,2067,1617,-328
BANC,"7/21/2016 11 a.m. PDT",2115,2201,1785,-330
BANC,"7/21/2016 12 p.m. PDT",2249,2338,1920,-329
BANC,"7/21/2016 1 p.m. PDT",2409,2491,1885,-524
BANC,"7/21/2016 2 p.m. PDT",2602,2672,2171,-431
BANC,"7/21/2016 3 p.m. PDT",2783,2876,2332,-451
BANC,"7/21/2016 4 p.m. PDT",2966,3070,2515,-451
BANC,"7/21/2016 5 p.m. PDT",3096,3233,2522,-574
BANC,"7/21/2016 6 p.m. PDT",3145,3306,2670,-475
BANC,"7/21/2016 7 p.m. PDT",3059,3251,2610,-449
BANC,"7/21/2016 8 p.m. PDT",2890,3104,2375,-515
BANC,"7/21/2016 9 p.m. PDT",2678,2897,2240,-438
BANC,"7/21/2016 10 p.m. PDT",2520,2722,2042,-478
BANC,"7/21/2016 11 p.m. PDT",2242,2406,1914,-328
BANC,"7/22/2016 12 a.m. PDT",1988,2109,1459,-529
BANC,"7/22/2016 1 a.m. PDT",1794,1871,1235,-559
BANC,"7/22/2016 2 a.m. PDT",1682,1733,1189,-493
BANC,"7/22/2016 3 a.m. PDT",1602,1644,1144,-458
BANC,"7/22/2016 4 a.m. PDT",1574,1592,1120,-454
BANC,"7/22/2016 5 a.m. PDT",1581,1609,1187,-394
BANC,"7/22/2016 6 a.m. PDT",1650,1662,1276,-374
BANC,"7/22/2016 7 a.m. PDT",1711,1732,1367,-344
BANC,"7/22/2016 8 a.m. PDT",1816,1868,1480,-336
BANC,"7/22/2016 9 a.m. PDT",1923,1983,1573,-350
BANC,"7/22/2016 10 a.m. PDT",2027,2121,1591,-436
BANC,"7/22/2016 11 a.m. PDT",2164,2276,1769,-395
BANC,"7/22/2016 12 p.m. PDT",2332,2456,1981,-351
BANC,"7/22/2016 1 p.m. PDT",2516,2658,1919,-597
BANC,"7/22/2016 2 p.m. PDT",2714,2885,1974,-740
BANC,"7/22/2016 3 p.m. PDT",2956,3116,2179,-777
BANC,"7/22/2016 4 p.m. PDT",3171,3337,2341,-830
BANC,"7/22/2016 5 p.m. PDT",3349,3472,2432,-917
BANC,"7/22/2016 6 p.m. PDT",3438,3546,2536,-902
BANC,"7/22/2016 7 p.m. PDT",3384,3480,2571,-813
BANC,"7/22/2016 8 p.m. PDT",3245,3322,2530,-715
BANC,"7/22/2016 9 p.m. PDT",3015,3095,2425,-590
BANC,"7/22/2016 10 p.m. PDT",2809,2885,2465,-344
BANC,"7/22/2016 11 p.m. PDT",2481,2531,1879,-602
BANC,"7/23/2016 12 a.m. PDT",2183,2209,1668,-515
BANC,"7/23/2016 1 a.m. PDT",1960,1922,1453,-507
BANC,"7/23/2016 2 a.m. PDT",1798,1776,1320,-478
BANC,"7/23/2016 3 a.m. PDT",1693,1669,1220,-473
BANC,"7/23/2016 4 a.m. PDT",1621,1597,1168,-453
BANC,"7/23/2016 5 a.m. PDT",1595,1577,1158,-437
BANC,"7/23/2016 6 a.m. PDT",1603,1577,1170,-433
BANC,"7/23/2016 7 a.m. PDT",1576,1566,1318,-258
BANC,"7/23/2016 8 a.m. PDT",1656,1664,1347,-309
BANC,"7/23/2016 9 a.m. PDT",1793,1814,1428,-365
BANC,"7/23/2016 10 a.m. PDT",1969,2021,1574,-395
BANC,"7/23/2016 11 a.m. PDT",2161,2233,1780,-381
BANC,"7/23/2016 12 p.m. PDT",2411,2484,2038,-373
BANC,"7/23/2016 1 p.m. PDT",2686,2726,2164,-522
BANC,"7/23/2016 2 p.m. PDT",2966,3005,2432,-534
BANC,"7/23/2016 3 p.m. PDT",3270,3239,2572,-698
BANC,"7/23/2016 4 p.m. PDT",3498,3448,2589,-909
BANC,"7/23/2016 5 p.m. PDT",3669,3567,2605,-1064
BANC,"7/23/2016 6 p.m. PDT",3727,3611,2696,-1031
BANC,"7/23/2016 7 p.m. PDT",3715,3585,2691,-1024
BANC,"7/23/2016 8 p.m. PDT",3573,3435,2622,-951
BANC,"7/23/2016 9 p.m. PDT",3325,3232,2500,-825
BANC,"7/23/2016 10 p.m. PDT",3088,3029,2514,-574
BANC,"7/23/2016 11 p.m. PDT",2726,2662,2055,-671
BANC,"7/24/2016 12 a.m. PDT",2391,2334,1832,-559
BANC,"7/24/2016 1 a.m. PDT",2112,2083,1491,-621
BANC,"7/24/2016 2 a.m. PDT",1917,1891,1356,-561
BANC,"7/24/2016 3 a.m. PDT",1785,1748,1238,-547
BANC,"7/24/2016 4 a.m. PDT",1699,1671,1182,-517
BANC,"7/24/2016 5 a.m. PDT",1649,1625,1161,-488
BANC,"7/24/2016 6 a.m. PDT",1634,1613,1142,-492
BANC,"7/24/2016 7 a.m. PDT",1601,1573,1309,-292
BANC,"7/24/2016 8 a.m. PDT",1685,1640,1385,-300
BANC,"7/24/2016 9 a.m. PDT",1834,1799,1520,-314
BANC,"7/24/2016 10 a.m. PDT",2040,1989,1666,-374
BANC,"7/24/2016 11 a.m. PDT",2314,2218,1982,-332
BANC,"7/24/2016 12 p.m. PDT",2623,2482,2200,-423
BANC,"7/24/2016 1 p.m. PDT",2945,2760,2327,-618
BANC,"7/24/2016 2 p.m. PDT",3278,3082,2547,-731
BANC,"7/24/2016 3 p.m. PDT",3556,3351,2670,-886
BANC,"7/24/2016 4 p.m. PDT",3773,3553,2739,-1034
BANC,"7/24/2016 5 p.m. PDT",3930,3689,2772,-1158
BANC,"7/24/2016 6 p.m. PDT",4009,3769,2854,-1155
BANC,"7/24/2016 7 p.m. PDT",3984,3717,2850,-1134
BANC,"7/24/2016 8 p.m. PDT",3833,3555,2746,-1087
BANC,"7/24/2016 9 p.m. PDT",3616,3359,2725,-891
BANC,"7/24/2016 10 p.m. PDT",3348,3144,2699,-649
BANC,"7/24/2016 11 p.m. PDT",2911,2763,2200,-711
BANC,"7/25/2016 12 a.m. PDT",2500,2390,1750,-750
BANC,"7/25/2016 1 a.m. PDT",2182,2119,1584,-598
BANC,"7/25/2016 2 a.m. PDT",1973,1920,1392,-581
BANC,"7/25/2016 3 a.m. PDT",1826,1787,1318,-508
BANC,"7/25/2016 4 a.m. PDT",1742,1723,1291,-451
BANC,"7/25/2016 5 a.m. PDT",1742,1724,1275,-467
BANC,"7/25/2016 6 a.m. PDT",1786,1779,1326,-460
BANC,"7/25/2016 7 a.m. PDT",1857,1859,1508,-349
BANC,"7/25/2016 8 a.m. PDT",1965,2003,1555,-410
BANC,"7/25/2016 9 a.m. PDT",2089,2191,1655,-434
BANC,"7/25/2016 10 a.m. PDT",2230,2420,1719,-511
BANC,"7/25/2016 11 a.m. PDT",2439,2662,1915,-524
BANC,"7/25/2016 12 p.m. PDT",2694,2907,2130,-564
BANC,"7/25/2016 1 p.m. PDT",2977,3186,2235,-742
BANC,"7/25/2016 2 p.m. PDT",3280,3490,2437,-843
BANC,"7/25/2016 3 p.m. PDT",3580,3739,2645,-935
BANC,"7/25/2016 4 p.m. PDT",3844,3943,2780,-1064
BANC,"7/25/2016 5 p.m. PDT",3993,4065,2850,-1143
BANC,"7/25/2016 6 p.m. PDT",4044,4109,2868,-1176
BANC,"7/25/2016 7 p.m. PDT",3960,3992,2893,-1067
BANC,"7/25/2016 8 p.m. PDT",3769,3784,2714,-1055
BANC,"7/25/2016 9 p.m. PDT",3480,3534,2499,-981
BANC,"7/25/2016 10 p.m. PDT",3204,3270,2152,-1052
BANC,"7/25/2016 11 p.m. PDT",2763,2849,1736,-1027
BANC,"7/26/2016 12 a.m. PDT",2385,2434,1530,-855
BANC,"7/26/2016 1 a.m. PDT",2128,2189,1260,-868
BANC,"7/26/2016 2 a.m. PDT",1931,1989,1200,-731
BANC,"7/26/2016 3 a.m. PDT",1826,1850,1108,-718
BANC,"7/26/2016 4 a.m. PDT",1750,1781,1056,-694
BANC,"7/26/2016 5 a.m. PDT",1760,1776,1072,-688
BANC,"7/26/2016 6 a.m. PDT",1813,1827,1137,-676
BANC,"7/26/2016 7 a.m. PDT",1882,1911,1448,-434
BANC,"7/26/2016 8 a.m. PDT",2004,2044,1598,-406
BANC,"7/26/2016 9 a.m. PDT",2168,2218,1692,-476
BANC,"7/26/2016 10 a.m. PDT",2366,2438,1765,-601
BANC,"7/26/2016 11 a.m. PDT",2615,2680,1854,-761
BANC,"7/26/2016 12 p.m. PDT",2928,2967,2120,-808
BANC,"7/26/2016 1 p.m. PDT",3278,3270,2306,-972
BANC,"7/26/2016 2 p.m. PDT",3615,3591,2540,-1075
BANC,"7/26/2016 3 p.m. PDT",3936,3874,2670,-1266
BANC,"7/26/2016 4 p.m. PDT",4146,4090,2732,-1414
BANC,"7/26/2016 5 p.m. PDT",4278,4209,2785,-1493
BANC,"7/26/2016 6 p.m. PDT",4324,4295,2883,-1441
BANC,"7/26/2016 7 p.m. PDT",4246,4204,2835,-1411
BANC,"7/26/2016 8 p.m. PDT",4072,4021,2708,-1364
BANC,"7/26/2016 9 p.m. PDT",3843,3752,2620,-1223
BANC,"7/26/2016 10 p.m. PDT",3555,3462,2485,-1070
BANC,"7/26/2016 11 p.m. PDT",3099,2975,2102,-997
BANC,"7/27/2016 12 a.m. PDT",2702,2553,1722,-980
BANC,"7/27/2016 1 a.m. PDT",2371,2253,1530,-841
BANC,"7/27/2016 2 a.m. PDT",2158,2051,1415,-743
BANC,"7/27/2016 3 a.m. PDT",2001,1925,1323,-678
BANC,"7/27/2016 4 a.m. PDT",1911,1843,1249,-662
BANC,"7/27/2016 5 a.m. PDT",1892,1834,1232,-660
BANC,"7/27/2016 6 a.m. PDT",1937,1895,1289,-648
BANC,"7/27/2016 7 a.m. PDT",2007,1973,1560,-447
BANC,"7/27/2016 8 a.m. PDT",2141,2144,1634,-507
BANC,"7/27/2016 9 a.m. PDT",2295,2351,1596,-699
BANC,"7/27/2016 10 a.m. PDT",2521,2586,1695,-826
BANC,"7/27/2016 11 a.m. PDT",2807,2879,1867,-940
BANC,"7/27/2016 12 p.m. PDT",3124,3190,2094,-1030
BANC,"7/27/2016 1 p.m. PDT",3466,3514,2350,-1116
BANC,"7/27/2016 2 p.m. PDT",3798,3810,2455,-1343
BANC,"7/27/2016 3 p.m. PDT",4078,4084,2662,-1416
BANC,"7/27/2016 4 p.m. PDT",4287,4291,2802,-1485
BANC,"7/27/2016 5 p.m. PDT",4413,4396,2810,-1603
BANC,"7/27/2016 6 p.m. PDT",4403,4426,2791,-1612
BANC,"7/27/2016 7 p.m. PDT",4300,4272,2757,-1543
BANC,"7/27/2016 8 p.m. PDT",4092,4083,2640,-1452
BANC,"7/27/2016 9 p.m. PDT",3851,3855,2607,-1244
BANC,"7/27/2016 10 p.m. PDT",3558,3571,2435,-1123
BANC,"7/27/2016 11 p.m. PDT",3115,3115,1898,-1217
BANC,"7/28/2016 12 a.m. PDT",2696,2686,1618,-1078
BANC,"7/28/2016 1 a.m. PDT",2378,2276,1441,-937
BANC,"7/28/2016 2 a.m. PDT",2153,2074,1301,-852
BANC,"7/28/2016 3 a.m. PDT",2010,1943,1210,-800
BANC,"7/28/2016 4 a.m. PDT",1922,1867,1230,-692
BANC,"7/28/2016 5 a.m. PDT",1906,1852,1217,-689
BANC,"7/28/2016 6 a.m. PDT",1955,1914,1242,-713
BANC,"7/28/2016 7 a.m. PDT",2023,1992,1553,-470
BANC,"7/28/2016 8 a.m. PDT",2139,2163,1625,-514
BANC,"7/28/2016 9 a.m. PDT",2298,2367,1656,-642
BANC,"7/28/2016 10 a.m. PDT",2492,2604,1832,-660
BANC,"7/28/2016 11 a.m. PDT",2735,2895,1899,-836
BANC,"7/28/2016 12 p.m. PDT",3024,3210,2006,-1018
BANC,"7/28/2016 1 p.m. PDT",3323,3537,2344,-979
BANC,"7/28/2016 2 p.m. PDT",3630,3831,2403,-1227
BANC,"7/28/2016 3 p.m. PDT",3877,4104,2655,-1222
BANC,"7/28/2016 4 p.m. PDT",4120,4289,2869,-1251
BANC,"7/28/2016 5 p.m. PDT",4255,4390,2925,-1330
BANC,"7/28/2016 6 p.m. PDT",4298,4422,2945,-1353
BANC,"7/28/2016 7 p.m. PDT",4207,4274,2978,-1229
BANC,"7/28/2016 8 p.m. PDT",4005,4093,2877,-1128
BANC,"7/28/2016 9 p.m. PDT",3754,3856,2663,-1091
BANC,"7/28/2016 10 p.m. PDT",3476,3564,2633,-843
BANC,"7/28/2016 11 p.m. PDT",3065,3109,1999,-1066
BANC,"7/29/2016 12 a.m. PDT",2633,2684,1505,-1128
BANC,"7/29/2016 1 a.m. PDT",2324,2273,1385,-939
BANC,"7/29/2016 2 a.m. PDT",2122,2070,1269,-853
BANC,"7/29/2016 3 a.m. PDT",1981,1940,1191,-790
BANC,"7/29/2016 4 a.m. PDT",1886,1866,1156,-730
BANC,"7/29/2016 5 a.m. PDT",1866,1849,1178,-688
BANC,"7/29/2016 6 a.m. PDT",1916,1909,1215,-701
BANC,"7/29/2016 7 a.m. PDT",1968,1980,1516,-452
BANC,"7/29/2016 8 a.m. PDT",2084,2152,1535,-549
BANC,"7/29/2016 9 a.m. PDT",2255,2354,1574,-681
BANC,"7/29/2016 10 a.m. PDT",2431,2589,1631,-800
BANC,"7/29/2016 11 a.m. PDT",2651,2879,1789,-862
BANC,"7/29/2016 12 p.m. PDT",2939,3191,2042,-897
BANC,"7/29/2016 1 p.m. PDT",3232,3508,2329,-903
BANC,"7/29/2016 2 p.m. PDT",3547,3808,2403,-1144
BANC,"7/29/2016 3 p.m. PDT",3867,4078,2653,-1214
BANC,"7/29/2016 4 p.m. PDT",4094,4272,2752,-1342
BANC,"7/29/2016 5 p.m. PDT",4223,4376,2781,-1442
BANC,"7/29/2016 6 p.m. PDT",4259,4407,2819,-1440
BANC,"7/29/2016 7 p.m. PDT",4127,4249,2736,-1391
BANC,"7/29/2016 8 p.m. PDT",3920,4058,2585,-1335
BANC,"7/29/2016 9 p.m. PDT",3684,3807,2496,-1188
BANC,"7/29/2016 10 p.m. PDT",3418,3515,2427,-991
BANC,"7/29/2016 11 p.m. PDT",3033,3068,2094,-939
BANC,"7/30/2016 12 a.m. PDT",2649,2651,1674,-975
BANC,"7/30/2016 1 a.m. PDT",2375,2212,1462,-913
BANC,"7/30/2016 2 a.m. PDT",2158,2019,1370,-788
BANC,"7/30/2016 3 a.m. PDT",2015,1881,1244,-771
BANC,"7/30/2016 4 a.m. PDT",1907,1799,1153,-754
BANC,"7/30/2016 5 a.m. PDT",1843,1746,1115,-728
BANC,"7/30/2016 6 a.m. PDT",1836,1757,1161,-675
BANC,"7/30/2016 7 a.m. PDT",1813,1754,1367,-446
BANC,"7/30/2016 8 a.m. PDT",1900,1845,1487,-413
BANC,"7/30/2016 9 a.m. PDT",2066,2011,1575,-491
BANC,"7/30/2016 10 a.m. PDT",2271,2237,1633,-638
BANC,"7/30/2016 11 a.m. PDT",2516,2501,1801,-715
BANC,"7/30/2016 12 p.m. PDT",2798,2798,2033,-765
BANC,"7/30/2016 1 p.m. PDT",3105,3106,2196,-909
BANC,"7/30/2016 2 p.m. PDT",3379,3407,2280,-1099
BANC,"7/30/2016 3 p.m. PDT",3600,3688,2454,-1146
BANC,"7/30/2016 4 p.m. PDT",3770,3908,2555,-1215
BANC,"7/30/2016 5 p.m. PDT",3837,4033,2599,-1238
BANC,"7/30/2016 6 p.m. PDT",3822,4059,2543,-1279
BANC,"7/30/2016 7 p.m. PDT",3693,3973,2504,-1189
BANC,"7/30/2016 8 p.m. PDT",3468,3776,2365,-1103
BANC,"7/30/2016 9 p.m. PDT",3205,3543,2199,-1006
BANC,"7/30/2016 10 p.m. PDT",2971,3260,2128,-843
BANC,"7/30/2016 11 p.m. PDT",2652,2862,1742,-910
BANC,"7/31/2016 12 a.m. PDT",2344,2517,1476,-868
BANC,"7/31/2016 1 a.m. PDT",2094,2066,1340,-754
BANC,"7/31/2016 2 a.m. PDT",1921,1899,1203,-718
BANC,"7/31/2016 3 a.m. PDT",1790,1781,1120,-670
BANC,"7/31/2016 4 a.m. PDT",1709,1709,1081,-628
BANC,"7/31/2016 5 a.m. PDT",1668,1668,1075,-593
BANC,"7/31/2016 6 a.m. PDT",1654,1668,1081,-573
BANC,"7/31/2016 7 a.m. PDT",1619,1650,1314,-305
BANC,"7/31/2016 8 a.m. PDT",1673,1723,1337,-336
BANC,"7/31/2016 9 a.m. PDT",1785,1859,1427,-358
BANC,"7/31/2016 10 a.m. PDT",1919,2042,1523,-396
BANC,"7/31/2016 11 a.m. PDT",2099,2266,1644,-455
BANC,"7/31/2016 12 p.m. PDT",2298,2510,1535,-763
BANC,"7/31/2016 1 p.m. PDT",2543,2791,1786,-757
BANC,"7/31/2016 2 p.m. PDT",2768,3061,1994,-774
BANC,"7/31/2016 3 p.m. PDT",3028,3339,2195,-833
BANC,"7/31/2016 4 p.m. PDT",3230,3570,2228,-1002
BANC,"7/31/2016 5 p.m. PDT",3399,3726,2283,-1116
BANC,"7/31/2016 6 p.m. PDT",3441,3783,2317,-1124
BANC,"7/31/2016 7 p.m. PDT",3367,3730,2224,-1143
BANC,"7/31/2016 8 p.m. PDT",3162,3580,2206,-956
BANC,"7/31/2016 9 p.m. PDT",2957,3396,2003,-954
BANC,"7/31/2016 10 p.m. PDT",2728,3144,1926,-802
BANC,"7/31/2016 11 p.m. PDT",2428,2754,1460,-968
BANC,"8/1/2016 12 a.m. PDT",2132,2406,1313,-819
