"BA Code","Timestamp (Hour Ending)","Demand (MWh)","Demand Forecast (MWh)","Net Generation (MWh)","Total Interchange (MWh)"
BANC,"12/1/2015 12 a.m. PST",1798,1767,1239,-559
BANC,"12/1/2015 1 a.m. PST",1699,1650,1203,-496
BANC,"12/1/2015 2 a.m. PST",1645,1596,1153,-492
BANC,"12/1/2015 3 a.m. PST",1641,1576,1159,-482
BANC,"12/1/2015 4 a.m. PST",1658,1596,1191,-467
BANC,"12/1/2015 5 a.m. PST",1740,1665,1261,-479
BANC,"12/1/2015 6 a.m. PST",1902,1837,1367,-535
BANC,"12/1/2015 7 a.m. PST",2155,2081,1501,-654
BANC,"12/1/2015 8 a.m. PST",2231,2200,1536,-695
BANC,"12/1/2015 9 a.m. PST",2141,2165,1354,-787
BANC,"12/1/2015 10 a.m. PST",2090,2108,1320,-770
BANC,"12/1/2015 11 a.m. PST",2028,2064,1282,-746
BANC,"12/1/2015 12 p.m. PST",1956,2010,1246,-710
BANC,"12/1/2015 1 p.m. PST",1915,1956,1195,-720
BANC,"12/1/2015 2 p.m. PST",1878,1937,1185,-693
BANC,"12/1/2015 3 p.m. PST",1876,1906,1238,-638
BANC,"12/1/2015 4 p.m. PST",1893,1908,1254,-639
BANC,"12/1/2015 5 p.m. PST",2003,2023,1368,-635
BANC,"12/1/2015 6 p.m. PST",2244,2304,1759,-485
BANC,"12/1/2015 7 p.m. PST",2270,2339,1728,-542
BANC,"12/1/2015 8 p.m. PST",2265,2321,1595,-670
BANC,"12/1/2015 9 p.m. PST",2210,2272,1523,-687
BANC,"12/1/2015 10 p.m. PST",2086,2155,1353,-733
BANC,"12/1/2015 11 p.m. PST",1912,1957,1386,-526
BANC,"12/2/2015 12 a.m. PST",1740,1771,1209,-531
BANC,"12/2/2015 1 a.m. PST",1637,1651,1151,-486
BANC,"12/2/2015 2 a.m. PST",1570,1591,1110,-460
BANC,"12/2/2015 3 a.m. PST",1539,1564,1117,-422
BANC,"12/2/2015 4 a.m. PST",1533,1575,1099,-434
BANC,"12/2/2015 5 a.m. PST",1592,1634,1161,-431
BANC,"12/2/2015 6 a.m. PST",1757,1785,1274,-483
BANC,"12/2/2015 7 a.m. PST",1984,1980,1473,-511
BANC,"12/2/2015 8 a.m. PST",2070,2084,1498,-572
BANC,"12/2/2015 9 a.m. PST",2035,2062,1324,-711
BANC,"12/2/2015 10 a.m. PST",2023,2030,1224,-799
BANC,"12/2/2015 11 a.m. PST",2009,2004,1221,-788
BANC,"12/2/2015 12 p.m. PST",1960,1971,1207,-753
BANC,"12/2/2015 1 p.m. PST",1918,1911,1185,-733
BANC,"12/2/2015 2 p.m. PST",1910,1888,1186,-724
BANC,"12/2/2015 3 p.m. PST",1855,1864,1141,-714
BANC,"12/2/2015 4 p.m. PST",1876,1875,1231,-645
BANC,"12/2/2015 5 p.m. PST",2032,1977,1355,-677
BANC,"12/2/2015 6 p.m. PST",2215,2229,1663,-552
BANC,"12/2/2015 7 p.m. PST",2234,2244,1681,-553
BANC,"12/2/2015 8 p.m. PST",2207,2220,1580,-627
BANC,"12/2/2015 9 p.m. PST",2156,2177,1486,-670
BANC,"12/2/2015 10 p.m. PST",2041,2072,1317,-724
BANC,"12/2/2015 11 p.m. PST",1864,1912,1394,-470
BANC,"12/3/2015 12 a.m. PST",1687,1746,1261,-426
BANC,"12/3/2015 1 a.m. PST",1592,1625,1171,-421
BANC,"12/3/2015 2 a.m. PST",1544,1566,1167,-377
BANC,"12/3/2015 3 a.m. PST",1520,1527,1153,-367
BANC,"12/3/2015 4 a.m. PST",1535,1529,1137,-398
BANC,"12/3/2015 5 a.m. PST",1593,1584,1198,-395
BANC,"12/3/2015 6 a.m. PST",1747,1687,1366,-381
BANC,"12/3/2015 7 a.m. PST",1994,1913,1526,-468
BANC,"12/3/2015 8 a.m. PST",2091,2016,1583,-508
BANC,"12/3/2015 9 a.m. PST",2074,1998,1367,-707
BANC,"12/3/2015 10 a.m. PST",2063,1984,1327,-736
BANC,"12/3/2015 11 a.m. PST",2043,1974,1253,-790
BANC,"12/3/2015 12 p.m. PST",2081,1937,1336,-745
BANC,"12/3/2015 1 p.m. PST",2076,1887,1364,-712
BANC,"12/3/2015 2 p.m. PST",2089,1864,1328,-761
BANC,"12/3/2015 3 p.m. PST",2074,1845,1310,-764
BANC,"12/3/2015 4 p.m. PST",2084,1860,1335,-749
BANC,"12/3/2015 5 p.m. PST",2169,1967,1482,-687
BANC,"12/3/2015 6 p.m. PST",2298,2200,1685,-613
BANC,"12/3/2015 7 p.m. PST",2282,2207,1683,-599
BANC,"12/3/2015 8 p.m. PST",2250,2180,1638,-612
BANC,"12/3/2015 9 p.m. PST",2189,2127,1496,-693
BANC,"12/3/2015 10 p.m. PST",2074,2019,1315,-759
BANC,"12/3/2015 11 p.m. PST",1877,1851,1344,-533
BANC,"12/4/2015 12 a.m. PST",1734,1687,1248,-486
BANC,"12/4/2015 1 a.m. PST",1637,1583,1224,-413
BANC,"12/4/2015 2 a.m. PST",1575,1525,1161,-414
BANC,"12/4/2015 3 a.m. PST",1543,1491,1119,-424
BANC,"12/4/2015 4 a.m. PST",1549,1497,1135,-414
BANC,"12/4/2015 5 a.m. PST",1625,1552,1226,-399
BANC,"12/4/2015 6 a.m. PST",1766,1704,1358,-408
BANC,"12/4/2015 7 a.m. PST",2006,1928,1462,-544
BANC,"12/4/2015 8 a.m. PST",2078,2035,1541,-537
BANC,"12/4/2015 9 a.m. PST",2035,2025,1402,-633
BANC,"12/4/2015 10 a.m. PST",2001,2005,1364,-637
BANC,"12/4/2015 11 a.m. PST",1933,1973,1334,-599
BANC,"12/4/2015 12 p.m. PST",1887,1940,1304,-583
BANC,"12/4/2015 1 p.m. PST",1855,1910,1273,-582
BANC,"12/4/2015 2 p.m. PST",1847,1885,1261,-586
BANC,"12/4/2015 3 p.m. PST",1823,1864,1247,-576
BANC,"12/4/2015 4 p.m. PST",1839,1871,1270,-569
BANC,"12/4/2015 5 p.m. PST",1958,1980,1433,-525
BANC,"12/4/2015 6 p.m. PST",2150,2225,1622,-528
BANC,"12/4/2015 7 p.m. PST",2144,2244,1580,-564
BANC,"12/4/2015 8 p.m. PST",2120,2214,1525,-595
BANC,"12/4/2015 9 p.m. PST",2087,2172,1537,-550
BANC,"12/4/2015 10 p.m. PST",2010,2069,1435,-575
BANC,"12/4/2015 11 p.m. PST",1893,1915,1511,-382
BANC,"12/5/2015 12 a.m. PST",1756,1745,1379,-377
BANC,"12/5/2015 1 a.m. PST",1654,1678,1274,-380
BANC,"12/5/2015 2 a.m. PST",1593,1611,1197,-396
BANC,"12/5/2015 3 a.m. PST",1552,1560,1158,-394
BANC,"12/5/2015 4 a.m. PST",1545,1557,1150,-395
BANC,"12/5/2015 5 a.m. PST",1573,1578,1162,-411
BANC,"12/5/2015 6 a.m. PST",1646,1646,1194,-452
BANC,"12/5/2015 7 a.m. PST",1766,1743,1307,-459
BANC,"12/5/2015 8 a.m. PST",1840,1811,1352,-488
BANC,"12/5/2015 9 a.m. PST",1911,1885,1404,-507
BANC,"12/5/2015 10 a.m. PST",1967,1909,1437,-530
BANC,"12/5/2015 11 a.m. PST",1942,1880,1410,-532
BANC,"12/5/2015 12 p.m. PST",1883,1857,1327,-556
BANC,"12/5/2015 1 p.m. PST",1821,1826,1263,-558
BANC,"12/5/2015 2 p.m. PST",1779,1798,1200,-579
BANC,"12/5/2015 3 p.m. PST",1770,1748,1215,-555
BANC,"12/5/2015 4 p.m. PST",1812,1747,1303,-509
BANC,"12/5/2015 5 p.m. PST",1949,1844,1418,-531
BANC,"12/5/2015 6 p.m. PST",2097,2092,1541,-556
BANC,"12/5/2015 7 p.m. PST",2099,2112,1613,-486
BANC,"12/5/2015 8 p.m. PST",2075,2093,1513,-562
BANC,"12/5/2015 9 p.m. PST",2041,2070,1460,-581
BANC,"12/5/2015 10 p.m. PST",1972,2003,1350,-622
BANC,"12/5/2015 11 p.m. PST",1855,1896,1350,-505
BANC,"12/6/2015 12 a.m. PST",1714,1756,1267,-447
BANC,"12/6/2015 1 a.m. PST",1626,1576,1205,-421
BANC,"12/6/2015 2 a.m. PST",1548,1508,1145,-403
BANC,"12/6/2015 3 a.m. PST",1506,1462,1101,-405
BANC,"12/6/2015 4 a.m. PST",1505,1449,1108,-397
BANC,"12/6/2015 5 a.m. PST",1514,1453,1099,-415
BANC,"12/6/2015 6 a.m. PST",1556,1506,1153,-403
BANC,"12/6/2015 7 a.m. PST",1619,1593,1207,-412
BANC,"12/6/2015 8 a.m. PST",1689,1659,1228,-461
BANC,"12/6/2015 9 a.m. PST",1764,1736,1288,-476
BANC,"12/6/2015 10 a.m. PST",1816,1792,1284,-532
BANC,"12/6/2015 11 a.m. PST",1838,1837,1291,-547
BANC,"12/6/2015 12 p.m. PST",1830,1807,1275,-555
BANC,"12/6/2015 1 p.m. PST",1802,1776,1242,-560
BANC,"12/6/2015 2 p.m. PST",1763,1759,1193,-570
BANC,"12/6/2015 3 p.m. PST",1757,1755,1182,-575
BANC,"12/6/2015 4 p.m. PST",1788,1784,1217,-571
BANC,"12/6/2015 5 p.m. PST",1922,1919,1445,-477
BANC,"12/6/2015 6 p.m. PST",2112,2123,1586,-526
BANC,"12/6/2015 7 p.m. PST",2124,2165,1628,-496
BANC,"12/6/2015 8 p.m. PST",2102,2145,1606,-496
BANC,"12/6/2015 9 p.m. PST",2040,2115,1524,-516
BANC,"12/6/2015 10 p.m. PST",1935,2010,1393,-542
BANC,"12/6/2015 11 p.m. PST",1760,1827,1325,-435
BANC,"12/7/2015 12 a.m. PST",1620,1658,1160,-460
BANC,"12/7/2015 1 a.m. PST",1516,1542,1088,-428
BANC,"12/7/2015 2 a.m. PST",1463,1479,1041,-422
BANC,"12/7/2015 3 a.m. PST",1430,1441,1020,-410
BANC,"12/7/2015 4 a.m. PST",1451,1450,1038,-413
BANC,"12/7/2015 5 a.m. PST",1493,1508,1070,-423
BANC,"12/7/2015 6 a.m. PST",1640,1643,1208,-432
BANC,"12/7/2015 7 a.m. PST",1863,1870,1365,-498
BANC,"12/7/2015 8 a.m. PST",1958,2009,1427,-531
BANC,"12/7/2015 9 a.m. PST",1951,1997,1227,-724
BANC,"12/7/2015 10 a.m. PST",1955,1991,1229,-726
BANC,"12/7/2015 11 a.m. PST",1972,1962,1262,-710
BANC,"12/7/2015 12 p.m. PST",1951,1939,1235,-716
BANC,"12/7/2015 1 p.m. PST",1915,1901,1186,-729
BANC,"12/7/2015 2 p.m. PST",1893,1880,1169,-724
BANC,"12/7/2015 3 p.m. PST",1882,1871,1151,-731
BANC,"12/7/2015 4 p.m. PST",1892,1896,1217,-675
BANC,"12/7/2015 5 p.m. PST",2011,1999,1393,-618
BANC,"12/7/2015 6 p.m. PST",2223,2232,1715,-508
BANC,"12/7/2015 7 p.m. PST",2220,2253,1657,-563
BANC,"12/7/2015 8 p.m. PST",2194,2225,1616,-578
BANC,"12/7/2015 9 p.m. PST",2138,2170,1495,-643
BANC,"12/7/2015 10 p.m. PST",2016,2056,1297,-719
BANC,"12/7/2015 11 p.m. PST",1842,1874,1352,-490
BANC,"12/8/2015 12 a.m. PST",1675,1695,1193,-482
BANC,"12/8/2015 1 a.m. PST",1585,1565,1074,-511
BANC,"12/8/2015 2 a.m. PST",1524,1504,1032,-492
BANC,"12/8/2015 3 a.m. PST",1501,1471,1015,-486
BANC,"12/8/2015 4 a.m. PST",1506,1469,993,-513
BANC,"12/8/2015 5 a.m. PST",1549,1524,1032,-517
BANC,"12/8/2015 6 a.m. PST",1680,1656,1122,-558
BANC,"12/8/2015 7 a.m. PST",1897,1876,1353,-544
BANC,"12/8/2015 8 a.m. PST",2017,1989,1446,-571
BANC,"12/8/2015 9 a.m. PST",1996,1979,1223,-773
BANC,"12/8/2015 10 a.m. PST",2011,1976,1232,-779
BANC,"12/8/2015 11 a.m. PST",2001,1950,1229,-772
BANC,"12/8/2015 12 p.m. PST",1992,1925,1195,-797
BANC,"12/8/2015 1 p.m. PST",1979,1899,1200,-779
BANC,"12/8/2015 2 p.m. PST",1964,1875,1229,-735
BANC,"12/8/2015 3 p.m. PST",1957,1853,1272,-685
BANC,"12/8/2015 4 p.m. PST",1977,1864,1314,-663
BANC,"12/8/2015 5 p.m. PST",2089,1970,1369,-720
BANC,"12/8/2015 6 p.m. PST",2251,2189,1729,-522
BANC,"12/8/2015 7 p.m. PST",2258,2205,1690,-568
BANC,"12/8/2015 8 p.m. PST",2217,2176,1625,-592
BANC,"12/8/2015 9 p.m. PST",2163,2130,1462,-701
BANC,"12/8/2015 10 p.m. PST",2036,2026,1234,-802
BANC,"12/8/2015 11 p.m. PST",1853,1875,1251,-602
BANC,"12/9/2015 12 a.m. PST",1684,1700,1086,-598
BANC,"12/9/2015 1 a.m. PST",1584,1561,916,-668
BANC,"12/9/2015 2 a.m. PST",1526,1494,873,-653
BANC,"12/9/2015 3 a.m. PST",1500,1456,881,-619
BANC,"12/9/2015 4 a.m. PST",1492,1452,896,-596
BANC,"12/9/2015 5 a.m. PST",1548,1504,987,-561
BANC,"12/9/2015 6 a.m. PST",1674,1632,1101,-573
BANC,"12/9/2015 7 a.m. PST",1897,1841,1229,-668
BANC,"12/9/2015 8 a.m. PST",2012,1945,1246,-766
BANC,"12/9/2015 9 a.m. PST",1991,1947,1244,-747
BANC,"12/9/2015 10 a.m. PST",2005,1952,1248,-757
BANC,"12/9/2015 11 a.m. PST",2007,1925,1228,-779
BANC,"12/9/2015 12 p.m. PST",1993,1917,1199,-794
BANC,"12/9/2015 1 p.m. PST",1959,1895,1174,-785
BANC,"12/9/2015 2 p.m. PST",1938,1871,1139,-799
BANC,"12/9/2015 3 p.m. PST",1929,1857,1123,-806
BANC,"12/9/2015 4 p.m. PST",1920,1871,1085,-835
BANC,"12/9/2015 5 p.m. PST",2030,1977,1126,-904
BANC,"12/9/2015 6 p.m. PST",2215,2193,1513,-702
BANC,"12/9/2015 7 p.m. PST",2216,2202,1506,-710
BANC,"12/9/2015 8 p.m. PST",2178,2179,1415,-763
BANC,"12/9/2015 9 p.m. PST",2119,2138,1322,-797
BANC,"12/9/2015 10 p.m. PST",2006,2030,1128,-878
BANC,"12/9/2015 11 p.m. PST",1838,1868,1155,-683
BANC,"12/10/2015 12 a.m. PST",1670,1693,994,-676
BANC,"12/10/2015 1 a.m. PST",1577,1591,931,-646
BANC,"12/10/2015 2 a.m. PST",1512,1516,889,-623
BANC,"12/10/2015 3 a.m. PST",1474,1485,844,-630
BANC,"12/10/2015 4 a.m. PST",1472,1490,897,-575
BANC,"12/10/2015 5 a.m. PST",1532,1542,957,-575
BANC,"12/10/2015 6 a.m. PST",1663,1680,1054,-609
BANC,"12/10/2015 7 a.m. PST",1888,1904,1121,-767
BANC,"12/10/2015 8 a.m. PST",1985,2041,1151,-834
BANC,"12/10/2015 9 a.m. PST",1989,2040,1094,-895
BANC,"12/10/2015 10 a.m. PST",1981,2043,1087,-894
BANC,"12/10/2015 11 a.m. PST",1951,2005,1049,-902
BANC,"12/10/2015 12 p.m. PST",1944,1997,1022,-922
BANC,"12/10/2015 1 p.m. PST",1906,1981,982,-924
BANC,"12/10/2015 2 p.m. PST",1885,1964,973,-912
BANC,"12/10/2015 3 p.m. PST",1879,1939,1001,-878
BANC,"12/10/2015 4 p.m. PST",1906,1961,1045,-861
BANC,"12/10/2015 5 p.m. PST",2025,2087,1198,-827
BANC,"12/10/2015 6 p.m. PST",2199,2266,1578,-621
BANC,"12/10/2015 7 p.m. PST",2210,2274,1521,-689
BANC,"12/10/2015 8 p.m. PST",2179,2238,1447,-732
BANC,"12/10/2015 9 p.m. PST",2131,2179,1253,-878
BANC,"12/10/2015 10 p.m. PST",2023,2059,1157,-866
BANC,"12/10/2015 11 p.m. PST",1847,1877,1272,-575
BANC,"12/11/2015 12 a.m. PST",1684,1704,1141,-543
BANC,"12/11/2015 1 a.m. PST",1582,1593,984,-598
BANC,"12/11/2015 2 a.m. PST",1515,1531,978,-537
BANC,"12/11/2015 3 a.m. PST",1484,1508,962,-522
BANC,"12/11/2015 4 a.m. PST",1491,1509,981,-510
BANC,"12/11/2015 5 a.m. PST",1540,1564,1090,-450
BANC,"12/11/2015 6 a.m. PST",1681,1698,1154,-527
BANC,"12/11/2015 7 a.m. PST",1908,1908,1177,-731
BANC,"12/11/2015 8 a.m. PST",2009,2003,1307,-702
BANC,"12/11/2015 9 a.m. PST",1979,1999,1187,-792
BANC,"12/11/2015 10 a.m. PST",1953,1995,1138,-815
BANC,"12/11/2015 11 a.m. PST",1931,1984,1103,-828
BANC,"12/11/2015 12 p.m. PST",1915,1966,1095,-820
BANC,"12/11/2015 1 p.m. PST",1867,1933,1065,-802
BANC,"12/11/2015 2 p.m. PST",1845,1917,1032,-813
BANC,"12/11/2015 3 p.m. PST",1821,1906,1005,-816
BANC,"12/11/2015 4 p.m. PST",1837,1919,1033,-804
BANC,"12/11/2015 5 p.m. PST",1952,2034,1181,-771
BANC,"12/11/2015 6 p.m. PST",2175,2211,1586,-589
BANC,"12/11/2015 7 p.m. PST",2173,2222,1604,-569
BANC,"12/11/2015 8 p.m. PST",2133,2190,1429,-704
BANC,"12/11/2015 9 p.m. PST",2113,2149,1277,-836
BANC,"12/11/2015 10 p.m. PST",2025,2046,1202,-823
BANC,"12/11/2015 11 p.m. PST",1905,1891,1321,-584
BANC,"12/12/2015 12 a.m. PST",1756,1724,1198,-558
BANC,"12/12/2015 1 a.m. PST",1658,1574,1138,-520
BANC,"12/12/2015 2 a.m. PST",1589,1506,1073,-516
BANC,"12/12/2015 3 a.m. PST",1567,1468,1049,-518
BANC,"12/12/2015 4 a.m. PST",1552,1452,1013,-539
BANC,"12/12/2015 5 a.m. PST",1594,1476,1020,-574
BANC,"12/12/2015 6 a.m. PST",1671,1544,1086,-585
BANC,"12/12/2015 7 a.m. PST",1791,1650,1051,-740
BANC,"12/12/2015 8 a.m. PST",1869,1726,1089,-780
BANC,"12/12/2015 9 a.m. PST",1904,1802,1128,-776
BANC,"12/12/2015 10 a.m. PST",1912,1856,1105,-807
BANC,"12/12/2015 11 a.m. PST",1909,1844,1136,-773
BANC,"12/12/2015 12 p.m. PST",1859,1803,1083,-776
BANC,"12/12/2015 1 p.m. PST",1815,1749,1078,-737
BANC,"12/12/2015 2 p.m. PST",1810,1716,1092,-718
BANC,"12/12/2015 3 p.m. PST",1784,1705,1001,-783
BANC,"12/12/2015 4 p.m. PST",1805,1734,1026,-779
BANC,"12/12/2015 5 p.m. PST",1941,1844,1129,-812
BANC,"12/12/2015 6 p.m. PST",2110,2045,1446,-664
BANC,"12/12/2015 7 p.m. PST",2107,2048,1456,-651
BANC,"12/12/2015 8 p.m. PST",2068,2021,1269,-799
BANC,"12/12/2015 9 p.m. PST",2037,1990,1243,-794
BANC,"12/12/2015 10 p.m. PST",1961,1915,1092,-869
BANC,"12/12/2015 11 p.m. PST",1842,1802,1194,-648
BANC,"12/13/2015 12 a.m. PST",1698,1663,1108,-590
BANC,"12/13/2015 1 a.m. PST",1617,1592,1025,-592
BANC,"12/13/2015 2 a.m. PST",1523,1514,963,-560
BANC,"12/13/2015 3 a.m. PST",1477,1494,920,-557
BANC,"12/13/2015 4 a.m. PST",1456,1482,919,-537
BANC,"12/13/2015 5 a.m. PST",1475,1511,940,-535
BANC,"12/13/2015 6 a.m. PST",1538,1551,998,-540
BANC,"12/13/2015 7 a.m. PST",1622,1616,995,-627
BANC,"12/13/2015 8 a.m. PST",1724,1697,1066,-658
BANC,"12/13/2015 9 a.m. PST",1799,1762,1125,-674
BANC,"12/13/2015 10 a.m. PST",1886,1824,1126,-760
BANC,"12/13/2015 11 a.m. PST",2012,1866,1192,-820
BANC,"12/13/2015 12 p.m. PST",2005,1859,1180,-825
BANC,"12/13/2015 1 p.m. PST",1895,1842,1055,-840
BANC,"12/13/2015 2 p.m. PST",1845,1840,998,-847
BANC,"12/13/2015 3 p.m. PST",1866,1829,1058,-808
BANC,"12/13/2015 4 p.m. PST",1882,1847,1063,-819
BANC,"12/13/2015 5 p.m. PST",1983,1957,1119,-864
BANC,"12/13/2015 6 p.m. PST",2209,2166,1595,-614
BANC,"12/13/2015 7 p.m. PST",2235,2177,1619,-616
BANC,"12/13/2015 8 p.m. PST",2222,2163,1428,-794
BANC,"12/13/2015 9 p.m. PST",2194,2108,1174,-1020
BANC,"12/13/2015 10 p.m. PST",2091,2000,1149,-942
BANC,"12/13/2015 11 p.m. PST",1933,1824,1204,-729
BANC,"12/14/2015 12 a.m. PST",1772,1642,1060,-712
BANC,"12/14/2015 1 a.m. PST",1685,1439,1036,-649
BANC,"12/14/2015 2 a.m. PST",1635,1377,969,-666
BANC,"12/14/2015 3 a.m. PST",1623,1348,958,-665
BANC,"12/14/2015 4 a.m. PST",1647,1353,1015,-632
BANC,"12/14/2015 5 a.m. PST",1721,1414,1061,-660
BANC,"12/14/2015 6 a.m. PST",1878,1545,1112,-766
BANC,"12/14/2015 7 a.m. PST",2140,1767,1207,-933
BANC,"12/14/2015 8 a.m. PST",2256,1878,1297,-959
BANC,"12/14/2015 9 a.m. PST",2213,1847,1202,-1011
BANC,"12/14/2015 10 a.m. PST",2139,1818,1172,-967
BANC,"12/14/2015 11 a.m. PST",2079,1796,1161,-918
BANC,"12/14/2015 12 p.m. PST",2012,1775,1144,-868
BANC,"12/14/2015 1 p.m. PST",1962,1755,1144,-818
BANC,"12/14/2015 2 p.m. PST",1918,1727,1100,-818
BANC,"12/14/2015 3 p.m. PST",1922,1714,1068,-854
BANC,"12/14/2015 4 p.m. PST",1944,1733,1112,-832
BANC,"12/14/2015 5 p.m. PST",2083,1841,1200,-883
BANC,"12/14/2015 6 p.m. PST",2342,2072,1615,-727
BANC,"12/14/2015 7 p.m. PST",2371,2108,1555,-816
BANC,"12/14/2015 8 p.m. PST",2324,2086,1475,-849
BANC,"12/14/2015 9 p.m. PST",2277,2046,1290,-987
BANC,"12/14/2015 10 p.m. PST",2147,1940,1122,-1025
BANC,"12/14/2015 11 p.m. PST",1989,1789,1213,-776
BANC,"12/15/2015 12 a.m. PST",1810,1617,1112,-698
BANC,"12/15/2015 1 a.m. PST",1700,1605,1051,-649
BANC,"12/15/2015 2 a.m. PST",1657,1550,1055,-602
BANC,"12/15/2015 3 a.m. PST",1631,1537,1031,-600
BANC,"12/15/2015 4 a.m. PST",1645,1559,1013,-632
BANC,"12/15/2015 5 a.m. PST",1726,1622,1054,-672
BANC,"12/15/2015 6 a.m. PST",1890,1779,1097,-793
BANC,"12/15/2015 7 a.m. PST",2157,2005,1347,-810
BANC,"12/15/2015 8 a.m. PST",2249,2102,1391,-858
BANC,"12/15/2015 9 a.m. PST",2205,2073,1282,-923
BANC,"12/15/2015 10 a.m. PST",2135,2056,1257,-878
BANC,"12/15/2015 11 a.m. PST",2065,2017,1193,-872
BANC,"12/15/2015 12 p.m. PST",2003,1970,1148,-855
BANC,"12/15/2015 1 p.m. PST",1940,1933,1087,-853
BANC,"12/15/2015 2 p.m. PST",1922,1909,1067,-855
BANC,"12/15/2015 3 p.m. PST",1896,1879,1023,-873
BANC,"12/15/2015 4 p.m. PST",1917,1883,1059,-858
BANC,"12/15/2015 5 p.m. PST",2066,2015,1119,-947
BANC,"12/15/2015 6 p.m. PST",2324,2241,1586,-738
BANC,"12/15/2015 7 p.m. PST",2367,2279,1600,-767
BANC,"12/15/2015 8 p.m. PST",2343,2259,1487,-856
BANC,"12/15/2015 9 p.m. PST",2311,2218,1433,-878
BANC,"12/15/2015 10 p.m. PST",2196,2088,1212,-984
BANC,"12/15/2015 11 p.m. PST",2031,1923,1230,-801
BANC,"12/16/2015 12 a.m. PST",1857,1753,1078,-779
BANC,"12/16/2015 1 a.m. PST",1766,1737,1077,-689
BANC,"12/16/2015 2 a.m. PST",1708,1696,994,-714
BANC,"12/16/2015 3 a.m. PST",1693,1667,1016,-677
BANC,"12/16/2015 4 a.m. PST",1706,1676,1038,-668
BANC,"12/16/2015 5 a.m. PST",1799,1752,1084,-715
BANC,"12/16/2015 6 a.m. PST",1960,1914,1281,-679
BANC,"12/16/2015 7 a.m. PST",2214,2167,1271,-943
BANC,"12/16/2015 8 a.m. PST",2309,2273,1353,-956
BANC,"12/16/2015 9 a.m. PST",2246,2252,1281,-965
BANC,"12/16/2015 10 a.m. PST",2163,2201,1182,-981
BANC,"12/16/2015 11 a.m. PST",2112,2139,1132,-980
BANC,"12/16/2015 12 p.m. PST",2032,2061,1103,-929
BANC,"12/16/2015 1 p.m. PST",1959,1997,1016,-943
BANC,"12/16/2015 2 p.m. PST",1926,1956,1006,-920
BANC,"12/16/2015 3 p.m. PST",1912,1912,1033,-879
BANC,"12/16/2015 4 p.m. PST",1908,1936,1089,-819
BANC,"12/16/2015 5 p.m. PST",2037,2060,1217,-820
BANC,"12/16/2015 6 p.m. PST",2294,2347,1596,-698
BANC,"12/16/2015 7 p.m. PST",2344,2379,1520,-824
BANC,"12/16/2015 8 p.m. PST",2325,2353,1503,-822
BANC,"12/16/2015 9 p.m. PST",2287,2313,1468,-819
BANC,"12/16/2015 10 p.m. PST",2170,2199,1342,-828
BANC,"12/16/2015 11 p.m. PST",1968,2025,1320,-648
BANC,"12/17/2015 12 a.m. PST",1813,1834,1135,-678
BANC,"12/17/2015 1 a.m. PST",1704,1714,1035,-669
BANC,"12/17/2015 2 a.m. PST",1635,1667,1016,-619
BANC,"12/17/2015 3 a.m. PST",1610,1636,1003,-607
BANC,"12/17/2015 4 a.m. PST",1605,1639,972,-633
BANC,"12/17/2015 5 a.m. PST",1664,1709,1007,-657
BANC,"12/17/2015 6 a.m. PST",1814,1860,1129,-685
BANC,"12/17/2015 7 a.m. PST",2063,2083,1320,-743
BANC,"12/17/2015 8 a.m. PST",2144,2194,1354,-790
BANC,"12/17/2015 9 a.m. PST",2129,2190,1202,-927
BANC,"12/17/2015 10 a.m. PST",2141,2156,1147,-994
BANC,"12/17/2015 11 a.m. PST",2103,2109,1121,-982
BANC,"12/17/2015 12 p.m. PST",2046,2067,1046,-1000
BANC,"12/17/2015 1 p.m. PST",1991,2007,1011,-980
BANC,"12/17/2015 2 p.m. PST",1952,1975,991,-961
BANC,"12/17/2015 3 p.m. PST",1919,1938,1037,-882
BANC,"12/17/2015 4 p.m. PST",1908,1967,1095,-813
BANC,"12/17/2015 5 p.m. PST",2024,2092,1205,-819
BANC,"12/17/2015 6 p.m. PST",2257,2342,1651,-606
BANC,"12/17/2015 7 p.m. PST",2280,2369,1611,-669
BANC,"12/17/2015 8 p.m. PST",2264,2340,1494,-770
BANC,"12/17/2015 9 p.m. PST",2244,2295,1448,-796
BANC,"12/17/2015 10 p.m. PST",2137,2190,1297,-840
BANC,"12/17/2015 11 p.m. PST",1964,2026,1340,-624
BANC,"12/18/2015 12 a.m. PST",1797,1847,1144,-653
BANC,"12/18/2015 1 a.m. PST",1665,1652,1122,-543
BANC,"12/18/2015 2 a.m. PST",1613,1598,1074,-539
BANC,"12/18/2015 3 a.m. PST",1583,1572,1048,-535
BANC,"12/18/2015 4 a.m. PST",1600,1569,1060,-540
BANC,"12/18/2015 5 a.m. PST",1668,1633,1120,-548
BANC,"12/18/2015 6 a.m. PST",1832,1783,1235,-597
BANC,"12/18/2015 7 a.m. PST",2057,2006,1299,-758
BANC,"12/18/2015 8 a.m. PST",2152,2113,1400,-752
BANC,"12/18/2015 9 a.m. PST",2113,2101,1216,-897
BANC,"12/18/2015 10 a.m. PST",2086,2066,1135,-951
BANC,"12/18/2015 11 a.m. PST",2028,2033,1158,-870
BANC,"12/18/2015 12 p.m. PST",1980,2008,1109,-871
BANC,"12/18/2015 1 p.m. PST",1954,1970,1082,-872
BANC,"12/18/2015 2 p.m. PST",1964,1941,1094,-870
BANC,"12/18/2015 3 p.m. PST",1965,1921,1113,-852
BANC,"12/18/2015 4 p.m. PST",1983,1949,1139,-844
BANC,"12/18/2015 5 p.m. PST",2082,2058,1237,-845
BANC,"12/18/2015 6 p.m. PST",2248,2287,1735,-513
BANC,"12/18/2015 7 p.m. PST",2234,2301,1696,-538
BANC,"12/18/2015 8 p.m. PST",2188,2256,1479,-709
BANC,"12/18/2015 9 p.m. PST",2156,2207,1323,-833
BANC,"12/18/2015 10 p.m. PST",2061,2101,1170,-891
BANC,"12/18/2015 11 p.m. PST",1925,1939,1321,-604
BANC,"12/19/2015 12 a.m. PST",1789,1779,1188,-601
BANC,"12/19/2015 1 a.m. PST",1667,1624,1150,-517
BANC,"12/19/2015 2 a.m. PST",1588,1556,1102,-486
BANC,"12/19/2015 3 a.m. PST",1544,1504,1091,-453
BANC,"12/19/2015 4 a.m. PST",1524,1476,1075,-449
BANC,"12/19/2015 5 a.m. PST",1551,1489,1077,-474
BANC,"12/19/2015 6 a.m. PST",1604,1550,1094,-510
BANC,"12/19/2015 7 a.m. PST",1688,1640,1072,-616
BANC,"12/19/2015 8 a.m. PST",1783,1726,1145,-638
BANC,"12/19/2015 9 a.m. PST",1853,1805,1159,-694
BANC,"12/19/2015 10 a.m. PST",1939,1854,1234,-705
BANC,"12/19/2015 11 a.m. PST",1954,1857,1191,-763
BANC,"12/19/2015 12 p.m. PST",1905,1846,1131,-774
BANC,"12/19/2015 1 p.m. PST",1863,1807,1100,-763
BANC,"12/19/2015 2 p.m. PST",1803,1785,1044,-759
BANC,"12/19/2015 3 p.m. PST",1777,1775,1031,-746
BANC,"12/19/2015 4 p.m. PST",1805,1796,1068,-737
BANC,"12/19/2015 5 p.m. PST",1887,1910,1214,-673
BANC,"12/19/2015 6 p.m. PST",2126,2127,1677,-449
BANC,"12/19/2015 7 p.m. PST",2146,2142,1724,-422
BANC,"12/19/2015 8 p.m. PST",2114,2104,1531,-583
BANC,"12/19/2015 9 p.m. PST",2098,2069,1443,-655
BANC,"12/19/2015 10 p.m. PST",2046,1999,1344,-702
BANC,"12/19/2015 11 p.m. PST",1930,1883,1365,-565
BANC,"12/20/2015 12 a.m. PST",1790,1752,1218,-572
BANC,"12/20/2015 1 a.m. PST",1683,1625,1141,-542
BANC,"12/20/2015 2 a.m. PST",1611,1552,1083,-528
BANC,"12/20/2015 3 a.m. PST",1571,1502,1053,-518
BANC,"12/20/2015 4 a.m. PST",1559,1485,1040,-519
BANC,"12/20/2015 5 a.m. PST",1574,1501,1062,-512
BANC,"12/20/2015 6 a.m. PST",1628,1551,1061,-567
BANC,"12/20/2015 7 a.m. PST",1698,1641,1012,-686
BANC,"12/20/2015 8 a.m. PST",1789,1739,1072,-717
BANC,"12/20/2015 9 a.m. PST",1879,1819,1116,-763
BANC,"12/20/2015 10 a.m. PST",1963,1886,1187,-776
BANC,"12/20/2015 11 a.m. PST",1997,1930,1220,-777
BANC,"12/20/2015 12 p.m. PST",1968,1928,1180,-788
BANC,"12/20/2015 1 p.m. PST",1944,1903,1156,-788
BANC,"12/20/2015 2 p.m. PST",1928,1874,1155,-773
BANC,"12/20/2015 3 p.m. PST",1920,1877,1164,-756
BANC,"12/20/2015 4 p.m. PST",1947,1904,1190,-757
BANC,"12/20/2015 5 p.m. PST",2070,2026,1272,-798
BANC,"12/20/2015 6 p.m. PST",2249,2247,1707,-542
BANC,"12/20/2015 7 p.m. PST",2259,2258,1683,-576
BANC,"12/20/2015 8 p.m. PST",2234,2243,1392,-842
BANC,"12/20/2015 9 p.m. PST",2200,2191,1283,-917
BANC,"12/20/2015 10 p.m. PST",2097,2088,1275,-822
BANC,"12/20/2015 11 p.m. PST",1949,1916,1240,-709
BANC,"12/21/2015 12 a.m. PST",1788,1749,1188,-600
BANC,"12/21/2015 1 a.m. PST",1648,1557,1089,-559
BANC,"12/21/2015 2 a.m. PST",1575,1499,1019,-556
BANC,"12/21/2015 3 a.m. PST",1539,1467,999,-540
BANC,"12/21/2015 4 a.m. PST",1544,1468,991,-553
BANC,"12/21/2015 5 a.m. PST",1592,1522,1034,-558
BANC,"12/21/2015 6 a.m. PST",1714,1654,1092,-622
BANC,"12/21/2015 7 a.m. PST",1909,1877,1138,-771
BANC,"12/21/2015 8 a.m. PST",2023,2010,1146,-877
BANC,"12/21/2015 9 a.m. PST",2119,2018,1210,-909
BANC,"12/21/2015 10 a.m. PST",2169,2034,1240,-929
BANC,"12/21/2015 11 a.m. PST",2198,2046,1284,-914
BANC,"12/21/2015 12 p.m. PST",2213,2010,1244,-969
BANC,"12/21/2015 1 p.m. PST",2209,1987,1253,-956
BANC,"12/21/2015 2 p.m. PST",2187,1972,1295,-892
BANC,"12/21/2015 3 p.m. PST",2172,1968,1335,-837
BANC,"12/21/2015 4 p.m. PST",2189,1985,1305,-884
BANC,"12/21/2015 5 p.m. PST",2270,2089,1404,-866
BANC,"12/21/2015 6 p.m. PST",2375,2272,1783,-592
BANC,"12/21/2015 7 p.m. PST",2363,2270,1631,-732
BANC,"12/21/2015 8 p.m. PST",2308,2234,1502,-806
BANC,"12/21/2015 9 p.m. PST",2233,2163,1346,-887
BANC,"12/21/2015 10 p.m. PST",2124,2054,1240,-884
BANC,"12/21/2015 11 p.m. PST",1954,1873,1318,-636
BANC,"12/22/2015 12 a.m. PST",1784,1709,1144,-640
BANC,"12/22/2015 1 a.m. PST",1643,1602,1120,-523
BANC,"12/22/2015 2 a.m. PST",1562,1529,1092,-470
BANC,"12/22/2015 3 a.m. PST",1507,1494,1100,-407
BANC,"12/22/2015 4 a.m. PST",1497,1488,1053,-444
BANC,"12/22/2015 5 a.m. PST",1534,1530,1101,-433
BANC,"12/22/2015 6 a.m. PST",1641,1661,1158,-483
BANC,"12/22/2015 7 a.m. PST",1805,1899,1199,-606
BANC,"12/22/2015 8 a.m. PST",1902,2008,1127,-775
BANC,"12/22/2015 9 a.m. PST",1920,2007,1163,-757
BANC,"12/22/2015 10 a.m. PST",1957,2012,1213,-744
BANC,"12/22/2015 11 a.m. PST",1963,2034,1254,-709
BANC,"12/22/2015 12 p.m. PST",1933,1993,1206,-727
BANC,"12/22/2015 1 p.m. PST",1900,1980,1225,-675
BANC,"12/22/2015 2 p.m. PST",1868,1950,1193,-675
BANC,"12/22/2015 3 p.m. PST",1868,1926,1297,-571
BANC,"12/22/2015 4 p.m. PST",1889,1945,1309,-580
BANC,"12/22/2015 5 p.m. PST",1967,2063,1425,-542
BANC,"12/22/2015 6 p.m. PST",2183,2268,1780,-403
BANC,"12/22/2015 7 p.m. PST",2199,2276,1725,-474
BANC,"12/22/2015 8 p.m. PST",2167,2246,1669,-498
BANC,"12/22/2015 9 p.m. PST",2123,2184,1569,-554
BANC,"12/22/2015 10 p.m. PST",2038,2066,1499,-539
BANC,"12/22/2015 11 p.m. PST",1899,1896,1574,-325
BANC,"12/23/2015 12 a.m. PST",1727,1719,1417,-310
BANC,"12/23/2015 1 a.m. PST",1605,1602,1159,-446
BANC,"12/23/2015 2 a.m. PST",1518,1533,1077,-441
BANC,"12/23/2015 3 a.m. PST",1488,1494,1129,-359
BANC,"12/23/2015 4 a.m. PST",1484,1494,1137,-347
BANC,"12/23/2015 5 a.m. PST",1542,1546,1159,-383
BANC,"12/23/2015 6 a.m. PST",1661,1677,1237,-424
BANC,"12/23/2015 7 a.m. PST",1837,1882,1356,-481
BANC,"12/23/2015 8 a.m. PST",1943,1996,1410,-533
BANC,"12/23/2015 9 a.m. PST",1977,2000,1326,-651
BANC,"12/23/2015 10 a.m. PST",1962,1983,1208,-754
BANC,"12/23/2015 11 a.m. PST",1929,2000,1208,-721
BANC,"12/23/2015 12 p.m. PST",1913,1956,1177,-736
BANC,"12/23/2015 1 p.m. PST",1865,1939,1105,-760
BANC,"12/23/2015 2 p.m. PST",1845,1901,1172,-673
BANC,"12/23/2015 3 p.m. PST",1821,1877,1192,-629
BANC,"12/23/2015 4 p.m. PST",1847,1905,1187,-660
BANC,"12/23/2015 5 p.m. PST",1948,1990,1397,-551
BANC,"12/23/2015 6 p.m. PST",2192,2220,1751,-441
BANC,"12/23/2015 7 p.m. PST",2194,2246,1691,-503
BANC,"12/23/2015 8 p.m. PST",2205,2215,1708,-497
BANC,"12/23/2015 9 p.m. PST",2185,2172,1534,-651
BANC,"12/23/2015 10 p.m. PST",2113,2076,1513,-600
BANC,"12/23/2015 11 p.m. PST",1980,1919,1493,-487
BANC,"12/24/2015 12 a.m. PST",1826,1748,1259,-567
BANC,"12/24/2015 1 a.m. PST",1708,1623,1134,-574
BANC,"12/24/2015 2 a.m. PST",1633,1551,1068,-565
BANC,"12/24/2015 3 a.m. PST",1594,1519,1096,-498
BANC,"12/24/2015 4 a.m. PST",1583,1516,1079,-504
BANC,"12/24/2015 5 a.m. PST",1620,1568,1111,-509
BANC,"12/24/2015 6 a.m. PST",1701,1677,1132,-569
BANC,"12/24/2015 7 a.m. PST",1823,1841,1102,-721
BANC,"12/24/2015 8 a.m. PST",1919,1937,1196,-723
BANC,"12/24/2015 9 a.m. PST",1994,1983,1244,-750
BANC,"12/24/2015 10 a.m. PST",2079,1996,1350,-729
BANC,"12/24/2015 11 a.m. PST",2104,1983,1344,-760
BANC,"12/24/2015 12 p.m. PST",2049,1954,1282,-767
BANC,"12/24/2015 1 p.m. PST",1957,1912,1186,-771
BANC,"12/24/2015 2 p.m. PST",1935,1877,1194,-741
BANC,"12/24/2015 3 p.m. PST",1889,1846,1184,-705
BANC,"12/24/2015 4 p.m. PST",1898,1846,1207,-691
BANC,"12/24/2015 5 p.m. PST",1970,1935,1296,-674
BANC,"12/24/2015 6 p.m. PST",2144,2147,1760,-384
BANC,"12/24/2015 7 p.m. PST",2093,2130,1642,-451
BANC,"12/24/2015 8 p.m. PST",2045,2089,1458,-587
BANC,"12/24/2015 9 p.m. PST",2032,2051,1341,-691
BANC,"12/24/2015 10 p.m. PST",2013,1988,1299,-714
BANC,"12/24/2015 11 p.m. PST",1942,1874,1340,-602
BANC,"12/25/2015 12 a.m. PST",1839,1741,1259,-580
BANC,"12/25/2015 1 a.m. PST",1747,1684,1260,-487
BANC,"12/25/2015 2 a.m. PST",1677,1622,1225,-452
BANC,"12/25/2015 3 a.m. PST",1648,1582,1188,-460
BANC,"12/25/2015 4 a.m. PST",1643,1563,1190,-453
BANC,"12/25/2015 5 a.m. PST",1670,1595,1211,-459
BANC,"12/25/2015 6 a.m. PST",1730,1666,1208,-522
BANC,"12/25/2015 7 a.m. PST",1812,1782,1147,-665
BANC,"12/25/2015 8 a.m. PST",1895,1867,1154,-741
BANC,"12/25/2015 9 a.m. PST",1940,1920,1173,-767
BANC,"12/25/2015 10 a.m. PST",1931,1940,1228,-703
BANC,"12/25/2015 11 a.m. PST",1871,1931,1154,-717
BANC,"12/25/2015 12 p.m. PST",1825,1893,1183,-642
BANC,"12/25/2015 1 p.m. PST",1767,1854,1156,-611
BANC,"12/25/2015 2 p.m. PST",1708,1808,1114,-594
BANC,"12/25/2015 3 p.m. PST",1657,1773,1176,-481
BANC,"12/25/2015 4 p.m. PST",1678,1771,1141,-537
BANC,"12/25/2015 5 p.m. PST",1770,1844,1203,-567
BANC,"12/25/2015 6 p.m. PST",1963,2020,1439,-524
BANC,"12/25/2015 7 p.m. PST",1988,2047,1286,-702
BANC,"12/25/2015 8 p.m. PST",1988,2034,1254,-734
BANC,"12/25/2015 9 p.m. PST",2000,2029,1288,-712
BANC,"12/25/2015 10 p.m. PST",1979,1989,1294,-685
BANC,"12/25/2015 11 p.m. PST",1900,1883,1251,-649
BANC,"12/26/2015 12 a.m. PST",1798,1755,1157,-641
BANC,"12/26/2015 1 a.m. PST",1701,1705,1061,-640
BANC,"12/26/2015 2 a.m. PST",1640,1626,1064,-576
BANC,"12/26/2015 3 a.m. PST",1619,1589,1044,-575
BANC,"12/26/2015 4 a.m. PST",1613,1578,1052,-561
BANC,"12/26/2015 5 a.m. PST",1638,1605,1080,-558
BANC,"12/26/2015 6 a.m. PST",1705,1681,1090,-615
BANC,"12/26/2015 7 a.m. PST",1805,1775,1134,-671
BANC,"12/26/2015 8 a.m. PST",1864,1856,1152,-712
BANC,"12/26/2015 9 a.m. PST",1914,1934,1162,-752
BANC,"12/26/2015 10 a.m. PST",1926,1974,1224,-702
BANC,"12/26/2015 11 a.m. PST",1905,1965,1191,-714
BANC,"12/26/2015 12 p.m. PST",1862,1913,1162,-700
BANC,"12/26/2015 1 p.m. PST",1811,1880,1159,-652
BANC,"12/26/2015 2 p.m. PST",1757,1841,1094,-663
BANC,"12/26/2015 3 p.m. PST",1727,1796,1076,-651
BANC,"12/26/2015 4 p.m. PST",1757,1802,1108,-649
BANC,"12/26/2015 5 p.m. PST",1861,1900,1280,-581
BANC,"12/26/2015 6 p.m. PST",2117,2150,1519,-598
BANC,"12/26/2015 7 p.m. PST",2171,2176,1462,-709
BANC,"12/26/2015 8 p.m. PST",2172,2158,1518,-654
BANC,"12/26/2015 9 p.m. PST",2161,2127,1480,-681
BANC,"12/26/2015 10 p.m. PST",2113,2058,1416,-697
BANC,"12/26/2015 11 p.m. PST",2007,1940,1412,-595
BANC,"12/27/2015 12 a.m. PST",1875,1803,1282,-593
BANC,"12/27/2015 1 a.m. PST",1776,1722,1220,-556
BANC,"12/27/2015 2 a.m. PST",1719,1643,1197,-522
BANC,"12/27/2015 3 a.m. PST",1690,1607,1171,-519
BANC,"12/27/2015 4 a.m. PST",1679,1597,1167,-512
BANC,"12/27/2015 5 a.m. PST",1708,1618,1218,-490
BANC,"12/27/2015 6 a.m. PST",1751,1680,1304,-447
BANC,"12/27/2015 7 a.m. PST",1846,1779,1307,-539
BANC,"12/27/2015 8 a.m. PST",1918,1853,1233,-685
BANC,"12/27/2015 9 a.m. PST",1966,1936,1191,-775
BANC,"12/27/2015 10 a.m. PST",1992,1972,1203,-789
BANC,"12/27/2015 11 a.m. PST",2015,1954,1231,-784
BANC,"12/27/2015 12 p.m. PST",2027,1910,1251,-776
BANC,"12/27/2015 1 p.m. PST",2024,1870,1251,-773
BANC,"12/27/2015 2 p.m. PST",1971,1834,1158,-813
BANC,"12/27/2015 3 p.m. PST",1930,1798,1163,-767
BANC,"12/27/2015 4 p.m. PST",1980,1817,1200,-780
BANC,"12/27/2015 5 p.m. PST",2086,1939,1353,-733
BANC,"12/27/2015 6 p.m. PST",2251,2220,1704,-547
BANC,"12/27/2015 7 p.m. PST",2267,2263,1699,-568
BANC,"12/27/2015 8 p.m. PST",2236,2245,1619,-617
BANC,"12/27/2015 9 p.m. PST",2191,2202,1606,-585
BANC,"12/27/2015 10 p.m. PST",2119,2111,1406,-713
BANC,"12/27/2015 11 p.m. PST",1971,1956,1363,-608
BANC,"12/28/2015 12 a.m. PST",1813,1789,1218,-595
BANC,"12/28/2015 1 a.m. PST",1691,1689,1201,-490
BANC,"12/28/2015 2 a.m. PST",1633,1617,1141,-492
BANC,"12/28/2015 3 a.m. PST",1609,1590,1120,-489
BANC,"12/28/2015 4 a.m. PST",1623,1591,1128,-495
BANC,"12/28/2015 5 a.m. PST",1671,1647,1189,-482
BANC,"12/28/2015 6 a.m. PST",1739,1754,1261,-478
BANC,"12/28/2015 7 a.m. PST",1948,1914,1249,-699
BANC,"12/28/2015 8 a.m. PST",2080,2032,1371,-709
BANC,"12/28/2015 9 a.m. PST",2137,2047,1333,-804
BANC,"12/28/2015 10 a.m. PST",2150,2055,1416,-734
BANC,"12/28/2015 11 a.m. PST",2158,2052,1428,-730
BANC,"12/28/2015 12 p.m. PST",2110,2022,1405,-705
BANC,"12/28/2015 1 p.m. PST",2087,2002,1365,-722
BANC,"12/28/2015 2 p.m. PST",2034,1969,1316,-718
BANC,"12/28/2015 3 p.m. PST",2002,1934,1293,-709
BANC,"12/28/2015 4 p.m. PST",1988,1938,1300,-688
BANC,"12/28/2015 5 p.m. PST",2047,2050,1423,-624
BANC,"12/28/2015 6 p.m. PST",2293,2319,1985,-308
BANC,"12/28/2015 7 p.m. PST",2341,2357,2032,-309
BANC,"12/28/2015 8 p.m. PST",2302,2328,1703,-599
BANC,"12/28/2015 9 p.m. PST",2256,2280,1588,-668
BANC,"12/28/2015 10 p.m. PST",2153,2176,1462,-691
BANC,"12/28/2015 11 p.m. PST",2005,2020,1422,-583
BANC,"12/29/2015 12 a.m. PST",1917,1838,1280,-637
BANC,"12/29/2015 1 a.m. PST",1802,1743,1210,-592
BANC,"12/29/2015 2 a.m. PST",1746,1680,1130,-616
BANC,"12/29/2015 3 a.m. PST",1727,1654,1116,-611
BANC,"12/29/2015 4 a.m. PST",1739,1668,1131,-608
BANC,"12/29/2015 5 a.m. PST",1813,1733,1203,-610
BANC,"12/29/2015 6 a.m. PST",1947,1879,1234,-713
BANC,"12/29/2015 7 a.m. PST",2144,2092,1388,-756
BANC,"12/29/2015 8 a.m. PST",2231,2188,1593,-638
BANC,"12/29/2015 9 a.m. PST",2255,2197,1526,-729
BANC,"12/29/2015 10 a.m. PST",2228,2171,1424,-804
BANC,"12/29/2015 11 a.m. PST",2173,2129,1347,-826
BANC,"12/29/2015 12 p.m. PST",2096,2075,1290,-806
BANC,"12/29/2015 1 p.m. PST",2032,2028,1293,-739
BANC,"12/29/2015 2 p.m. PST",1980,1990,1247,-733
BANC,"12/29/2015 3 p.m. PST",1951,1949,1231,-720
BANC,"12/29/2015 4 p.m. PST",1956,1965,1268,-688
BANC,"12/29/2015 5 p.m. PST",2053,2084,1413,-640
BANC,"12/29/2015 6 p.m. PST",2332,2343,2026,-306
BANC,"12/29/2015 7 p.m. PST",2383,2387,1886,-497
BANC,"12/29/2015 8 p.m. PST",2359,2366,1764,-595
BANC,"12/29/2015 9 p.m. PST",2323,2321,1721,-602
BANC,"12/29/2015 10 p.m. PST",2247,2218,1570,-677
BANC,"12/29/2015 11 p.m. PST",2075,2048,1485,-590
BANC,"12/30/2015 12 a.m. PST",1920,1877,1352,-568
BANC,"12/30/2015 1 a.m. PST",1798,1798,1328,-470
BANC,"12/30/2015 2 a.m. PST",1739,1743,1257,-482
BANC,"12/30/2015 3 a.m. PST",1714,1715,1159,-555
BANC,"12/30/2015 4 a.m. PST",1733,1729,1183,-550
BANC,"12/30/2015 5 a.m. PST",1784,1789,1196,-588
BANC,"12/30/2015 6 a.m. PST",1892,1919,1305,-587
BANC,"12/30/2015 7 a.m. PST",2060,2107,1232,-828
BANC,"12/30/2015 8 a.m. PST",2150,2199,1223,-927
BANC,"12/30/2015 9 a.m. PST",2145,2209,1346,-799
BANC,"12/30/2015 10 a.m. PST",2159,2185,1341,-818
BANC,"12/30/2015 11 a.m. PST",2130,2134,1357,-773
BANC,"12/30/2015 12 p.m. PST",2102,2077,1323,-779
BANC,"12/30/2015 1 p.m. PST",2056,2023,1151,-905
BANC,"12/30/2015 2 p.m. PST",2015,1992,1109,-906
BANC,"12/30/2015 3 p.m. PST",1996,1956,1115,-881
BANC,"12/30/2015 4 p.m. PST",1991,1971,1265,-726
BANC,"12/30/2015 5 p.m. PST",2095,2094,1361,-734
BANC,"12/30/2015 6 p.m. PST",2314,2354,1787,-527
BANC,"12/30/2015 7 p.m. PST",2355,2395,1837,-518
BANC,"12/30/2015 8 p.m. PST",2334,2373,1573,-761
BANC,"12/30/2015 9 p.m. PST",2286,2336,1562,-724
BANC,"12/30/2015 10 p.m. PST",2203,2247,1617,-586
BANC,"12/30/2015 11 p.m. PST",2055,2073,1513,-542
BANC,"12/31/2015 12 a.m. PST",1908,1900,1316,-592
BANC,"12/31/2015 1 a.m. PST",1806,1796,1170,-636
BANC,"12/31/2015 2 a.m. PST",1737,1741,1116,-621
BANC,"12/31/2015 3 a.m. PST",1711,1710,1095,-616
BANC,"12/31/2015 4 a.m. PST",1720,1723,1109,-611
BANC,"12/31/2015 5 a.m. PST",1783,1773,1184,-599
BANC,"12/31/2015 6 a.m. PST",1921,1877,1265,-656
BANC,"12/31/2015 7 a.m. PST",2066,2055,1279,-787
BANC,"12/31/2015 8 a.m. PST",2164,2145,1352,-812
BANC,"12/31/2015 9 a.m. PST",2179,2168,1320,-859
BANC,"12/31/2015 10 a.m. PST",2174,2155,1239,-935
BANC,"12/31/2015 11 a.m. PST",2133,2104,1199,-934
BANC,"12/31/2015 12 p.m. PST",2063,2055,1147,-916
BANC,"12/31/2015 1 p.m. PST",1987,1996,1068,-919
BANC,"12/31/2015 2 p.m. PST",1922,1944,980,-942
BANC,"12/31/2015 3 p.m. PST",1889,1899,985,-904
BANC,"12/31/2015 4 p.m. PST",1909,1921,1045,-864
BANC,"12/31/2015 5 p.m. PST",2028,2063,1197,-831
BANC,"12/31/2015 6 p.m. PST",2271,2312,1563,-708
BANC,"12/31/2015 7 p.m. PST",2301,2290,1514,-787
BANC,"12/31/2015 8 p.m. PST",2242,2230,1293,-949
BANC,"12/31/2015 9 p.m. PST",2176,2165,1228,-948
BANC,"12/31/2015 10 p.m. PST",2115,2102,1273,-842
BANC,"12/31/2015 11 p.m. PST",2006,2003,1293,-713
BANC,"1/1/2016 12 a.m. PST",1922,1910,1266,-656
