"BA Code","Timestamp (Hour Ending)","Demand (MWh)","Demand Forecast (MWh)","Net Generation (MWh)","Total Interchange (MWh)"
BANC,"3/1/2022 12 a.m. PST",1555,1602,1037,-518
BANC,"3/1/2022 1 a.m. PST",1492,1503,769,-723
BANC,"3/1/2022 2 a.m. PST",1445,1458,775,-670
BANC,"3/1/2022 3 a.m. PST",1440,1443,767,-673
BANC,"3/1/2022 4 a.m. PST",1432,1452,789,-643
BANC,"3/1/2022 5 a.m. PST",1493,1511,874,-619
BANC,"3/1/2022 6 a.m. PST",1623,1647,877,-746
BANC,"3/1/2022 7 a.m. PST",1802,1831,1094,-708
BANC,"3/1/2022 8 a.m. PST",1851,1888,889,-962
BANC,"3/1/2022 9 a.m. PST",1831,1852,930,-901
BANC,"3/1/2022 10 a.m. PST",1784,1808,976,-808
BANC,"3/1/2022 11 a.m. PST",1737,1771,1035,-702
BANC,"3/1/2022 12 p.m. PST",1723,1746,1060,-663
BANC,"3/1/2022 1 p.m. PST",1721,1743,994,-727
BANC,"3/1/2022 2 p.m. PST",1745,1750,1020,-725
BANC,"3/1/2022 3 p.m. PST",1759,1768,954,-805
BANC,"3/1/2022 4 p.m. PST",1793,1798,922,-871
BANC,"3/1/2022 5 p.m. PST",1847,1884,915,-932
BANC,"3/1/2022 6 p.m. PST",1910,1928,1051,-859
BANC,"3/1/2022 7 p.m. PST",1981,2033,1285,-696
BANC,"3/1/2022 8 p.m. PST",1951,2019,1151,-800
BANC,"3/1/2022 9 p.m. PST",1891,1953,1149,-742
BANC,"3/1/2022 10 p.m. PST",1791,1843,1084,-707
BANC,"3/1/2022 11 p.m. PST",1653,1702,988,-665
BANC,"3/2/2022 12 a.m. PST",1542,1577,1088,-454
BANC,"3/2/2022 1 a.m. PST",1478,1487,981,-497
BANC,"3/2/2022 2 a.m. PST",1441,1437,943,-498
BANC,"3/2/2022 3 a.m. PST",1418,1414,813,-605
BANC,"3/2/2022 4 a.m. PST",1430,1419,803,-627
BANC,"3/2/2022 5 a.m. PST",1480,1475,886,-594
BANC,"3/2/2022 6 a.m. PST",1605,1596,955,-650
BANC,"3/2/2022 7 a.m. PST",1790,1781,945,-845
BANC,"3/2/2022 8 a.m. PST",1846,1848,963,-883
BANC,"3/2/2022 9 a.m. PST",1819,1829,1008,-811
BANC,"3/2/2022 10 a.m. PST",1768,1797,943,-825
BANC,"3/2/2022 11 a.m. PST",1765,1772,994,-771
BANC,"3/2/2022 12 p.m. PST",1753,1760,1005,-748
BANC,"3/2/2022 1 p.m. PST",1725,1759,955,-770
BANC,"3/2/2022 2 p.m. PST",1723,1773,1016,-707
BANC,"3/2/2022 3 p.m. PST",1743,1785,986,-757
BANC,"3/2/2022 4 p.m. PST",1772,1812,960,-812
BANC,"3/2/2022 5 p.m. PST",1845,1880,1020,-825
BANC,"3/2/2022 6 p.m. PST",1901,1918,1130,-771
BANC,"3/2/2022 7 p.m. PST",1988,1992,1267,-721
BANC,"3/2/2022 8 p.m. PST",1955,1977,1140,-815
BANC,"3/2/2022 9 p.m. PST",1894,1921,1101,-793
BANC,"3/2/2022 10 p.m. PST",1796,1822,1082,-714
BANC,"3/2/2022 11 p.m. PST",1676,1688,1031,-645
BANC,"3/3/2022 12 a.m. PST",1560,1570,890,-670
BANC,"3/3/2022 1 a.m. PST",1502,1478,858,-644
BANC,"3/3/2022 2 a.m. PST",1461,1440,779,-682
BANC,"3/3/2022 3 a.m. PST",1434,1419,745,-689
BANC,"3/3/2022 4 a.m. PST",1438,1425,757,-681
BANC,"3/3/2022 5 a.m. PST",1487,1481,841,-646
BANC,"3/3/2022 6 a.m. PST",1613,1605,933,-680
BANC,"3/3/2022 7 a.m. PST",1781,1790,1057,-724
BANC,"3/3/2022 8 a.m. PST",1853,1860,913,-940
BANC,"3/3/2022 9 a.m. PST",1860,1844,838,-1022
BANC,"3/3/2022 10 a.m. PST",1843,1809,961,-882
BANC,"3/3/2022 11 a.m. PST",1867,1783,893,-974
BANC,"3/3/2022 12 p.m. PST",1840,1761,918,-922
BANC,"3/3/2022 1 p.m. PST",1775,1745,897,-878
BANC,"3/3/2022 2 p.m. PST",1743,1739,981,-762
BANC,"3/3/2022 3 p.m. PST",1728,1733,999,-729
BANC,"3/3/2022 4 p.m. PST",1779,1742,927,-852
BANC,"3/3/2022 5 p.m. PST",1835,1815,921,-914
BANC,"3/3/2022 6 p.m. PST",1917,1862,1426,-491
BANC,"3/3/2022 7 p.m. PST",1985,1945,1400,-585
BANC,"3/3/2022 8 p.m. PST",1964,1935,1199,-765
BANC,"3/3/2022 9 p.m. PST",1921,1893,1213,-708
BANC,"3/3/2022 10 p.m. PST",1830,1803,1111,-719
BANC,"3/3/2022 11 p.m. PST",1710,1679,922,-788
BANC,"3/4/2022 12 a.m. PST",1594,1569,743,-851
BANC,"3/4/2022 1 a.m. PST",1521,1510,709,-812
BANC,"3/4/2022 2 a.m. PST",1470,1466,684,-786
BANC,"3/4/2022 3 a.m. PST",1450,1443,701,-749
BANC,"3/4/2022 4 a.m. PST",1447,1445,724,-723
BANC,"3/4/2022 5 a.m. PST",1486,1493,789,-697
BANC,"3/4/2022 6 a.m. PST",1603,1616,778,-825
BANC,"3/4/2022 7 a.m. PST",1762,1784,1028,-734
BANC,"3/4/2022 8 a.m. PST",1862,1858,1239,-623
BANC,"3/4/2022 9 a.m. PST",1890,1846,1142,-748
BANC,"3/4/2022 10 a.m. PST",1850,1822,1110,-740
BANC,"3/4/2022 11 a.m. PST",1789,1780,1217,-572
BANC,"3/4/2022 12 p.m. PST",1736,1757,1156,-580
BANC,"3/4/2022 1 p.m. PST",1739,1736,1163,-576
BANC,"3/4/2022 2 p.m. PST",1717,1729,1110,-607
BANC,"3/4/2022 3 p.m. PST",1675,1714,935,-740
BANC,"3/4/2022 4 p.m. PST",1684,1712,960,-724
BANC,"3/4/2022 5 p.m. PST",1736,1781,903,-833
BANC,"3/4/2022 6 p.m. PST",1829,1834,1017,-812
BANC,"3/4/2022 7 p.m. PST",1916,1935,1418,-498
BANC,"3/4/2022 8 p.m. PST",1923,1923,1262,-661
BANC,"3/4/2022 9 p.m. PST",1892,1885,1142,-750
BANC,"3/4/2022 10 p.m. PST",1840,1819,1091,-749
BANC,"3/4/2022 11 p.m. PST",1749,1729,916,-833
BANC,"3/5/2022 12 a.m. PST",1643,1634,832,-811
BANC,"3/5/2022 1 a.m. PST",1566,1564,794,-772
BANC,"3/5/2022 2 a.m. PST",1504,1513,769,-735
BANC,"3/5/2022 3 a.m. PST",1486,1494,737,-749
BANC,"3/5/2022 4 a.m. PST",1479,1493,761,-718
BANC,"3/5/2022 5 a.m. PST",1505,1521,772,-733
BANC,"3/5/2022 6 a.m. PST",1571,1587,793,-778
BANC,"3/5/2022 7 a.m. PST",1652,1667,1006,-646
BANC,"3/5/2022 8 a.m. PST",1707,1692,826,-881
BANC,"3/5/2022 9 a.m. PST",1787,1727,864,-923
BANC,"3/5/2022 10 a.m. PST",1843,1714,962,-881
BANC,"3/5/2022 11 a.m. PST",1814,1674,922,-892
BANC,"3/5/2022 12 p.m. PST",1767,1634,887,-880
BANC,"3/5/2022 1 p.m. PST",1727,1598,913,-814
BANC,"3/5/2022 2 p.m. PST",1629,1571,909,-720
BANC,"3/5/2022 3 p.m. PST",1605,1563,974,-631
BANC,"3/5/2022 4 p.m. PST",1594,1581,923,-671
BANC,"3/5/2022 5 p.m. PST",1668,1655,926,-742
BANC,"3/5/2022 6 p.m. PST",1771,1744,1197,-574
BANC,"3/5/2022 7 p.m. PST",1919,1883,1404,-515
BANC,"3/5/2022 8 p.m. PST",1928,1878,1237,-691
BANC,"3/5/2022 9 p.m. PST",1899,1848,1122,-777
BANC,"3/5/2022 10 p.m. PST",1851,1790,1119,-732
BANC,"3/5/2022 11 p.m. PST",1770,1705,1018,-752
BANC,"3/6/2022 12 a.m. PST",1677,1621,860,-817
BANC,"3/6/2022 1 a.m. PST",1621,1579,912,-709
BANC,"3/6/2022 2 a.m. PST",1578,1540,855,-723
BANC,"3/6/2022 3 a.m. PST",1554,1519,826,-728
BANC,"3/6/2022 4 a.m. PST",1563,1525,841,-722
BANC,"3/6/2022 5 a.m. PST",1592,1544,843,-749
BANC,"3/6/2022 6 a.m. PST",1662,1603,960,-702
BANC,"3/6/2022 7 a.m. PST",1717,1683,898,-819
BANC,"3/6/2022 8 a.m. PST",1749,1717,819,-930
BANC,"3/6/2022 9 a.m. PST",1742,1707,967,-775
BANC,"3/6/2022 10 a.m. PST",1692,1663,1020,-672
BANC,"3/6/2022 11 a.m. PST",1640,1601,953,-687
BANC,"3/6/2022 12 p.m. PST",1594,1552,994,-600
BANC,"3/6/2022 1 p.m. PST",1543,1524,986,-557
BANC,"3/6/2022 2 p.m. PST",1517,1515,978,-539
BANC,"3/6/2022 3 p.m. PST",1530,1523,966,-564
BANC,"3/6/2022 4 p.m. PST",1553,1561,969,-584
BANC,"3/6/2022 5 p.m. PST",1697,1631,961,-736
BANC,"3/6/2022 6 p.m. PST",1756,1759,1178,-578
BANC,"3/6/2022 7 p.m. PST",1907,1902,1617,-290
BANC,"3/6/2022 8 p.m. PST",1914,1916,1413,-501
BANC,"3/6/2022 9 p.m. PST",1893,1884,1175,-718
BANC,"3/6/2022 10 p.m. PST",1836,1811,983,-853
BANC,"3/6/2022 11 p.m. PST",1724,1699,887,-837
BANC,"3/7/2022 12 a.m. PST",1619,1592,785,-834
BANC,"3/7/2022 1 a.m. PST",1570,1549,777,-793
BANC,"3/7/2022 2 a.m. PST",1539,1511,769,-770
BANC,"3/7/2022 3 a.m. PST",1531,1500,757,-774
BANC,"3/7/2022 4 a.m. PST",1550,1521,771,-779
BANC,"3/7/2022 5 a.m. PST",1626,1595,925,-701
BANC,"3/7/2022 6 a.m. PST",1767,1725,970,-797
BANC,"3/7/2022 7 a.m. PST",1955,1911,1159,-796
BANC,"3/7/2022 8 a.m. PST",2014,1971,916,-1098
BANC,"3/7/2022 9 a.m. PST",1945,1916,888,-1057
BANC,"3/7/2022 10 a.m. PST",1874,1862,930,-944
BANC,"3/7/2022 11 a.m. PST",1813,1808,923,-890
BANC,"3/7/2022 12 p.m. PST",1798,1775,972,-826
BANC,"3/7/2022 1 p.m. PST",1757,1754,918,-839
BANC,"3/7/2022 2 p.m. PST",1716,1749,971,-745
BANC,"3/7/2022 3 p.m. PST",1697,1751,987,-710
BANC,"3/7/2022 4 p.m. PST",1704,1771,994,-710
BANC,"3/7/2022 5 p.m. PST",1792,1854,1130,-662
BANC,"3/7/2022 6 p.m. PST",1884,1936,1291,-593
BANC,"3/7/2022 7 p.m. PST",2002,2042,1593,-409
BANC,"3/7/2022 8 p.m. PST",1987,2020,1497,-490
BANC,"3/7/2022 9 p.m. PST",1943,1959,1430,-513
BANC,"3/7/2022 10 p.m. PST",1850,1864,1157,-693
BANC,"3/7/2022 11 p.m. PST",1733,1733,1118,-615
BANC,"3/8/2022 12 a.m. PST",1620,1620,1001,-619
BANC,"3/8/2022 1 a.m. PST",1563,1549,910,-653
BANC,"3/8/2022 2 a.m. PST",1532,1516,904,-628
BANC,"3/8/2022 3 a.m. PST",1512,1511,855,-657
BANC,"3/8/2022 4 a.m. PST",1529,1523,879,-650
BANC,"3/8/2022 5 a.m. PST",1599,1588,916,-683
BANC,"3/8/2022 6 a.m. PST",1724,1726,976,-748
BANC,"3/8/2022 7 a.m. PST",1912,1898,1107,-805
BANC,"3/8/2022 8 a.m. PST",1962,1963,927,-1035
BANC,"3/8/2022 9 a.m. PST",1905,1899,975,-930
BANC,"3/8/2022 10 a.m. PST",1825,1831,1116,-709
BANC,"3/8/2022 11 a.m. PST",1755,1773,987,-768
BANC,"3/8/2022 12 p.m. PST",1695,1729,1021,-674
BANC,"3/8/2022 1 p.m. PST",1715,1708,1068,-647
BANC,"3/8/2022 2 p.m. PST",1685,1701,1101,-584
BANC,"3/8/2022 3 p.m. PST",1701,1708,1119,-582
BANC,"3/8/2022 4 p.m. PST",1731,1742,1087,-644
BANC,"3/8/2022 5 p.m. PST",1797,1813,1047,-750
BANC,"3/8/2022 6 p.m. PST",1869,1888,1513,-356
BANC,"3/8/2022 7 p.m. PST",1965,1996,1511,-454
BANC,"3/8/2022 8 p.m. PST",1953,1981,1281,-672
BANC,"3/8/2022 9 p.m. PST",1898,1936,1261,-637
BANC,"3/8/2022 10 p.m. PST",1815,1843,1049,-766
BANC,"3/8/2022 11 p.m. PST",1688,1709,985,-703
BANC,"3/9/2022 12 a.m. PST",1578,1599,902,-676
BANC,"3/9/2022 1 a.m. PST",1527,1501,901,-626
BANC,"3/9/2022 2 a.m. PST",1490,1459,854,-636
BANC,"3/9/2022 3 a.m. PST",1478,1446,930,-548
BANC,"3/9/2022 4 a.m. PST",1483,1460,886,-597
BANC,"3/9/2022 5 a.m. PST",1550,1521,967,-583
BANC,"3/9/2022 6 a.m. PST",1676,1647,1074,-602
BANC,"3/9/2022 7 a.m. PST",1844,1821,1340,-504
BANC,"3/9/2022 8 a.m. PST",1896,1883,1148,-748
BANC,"3/9/2022 9 a.m. PST",1857,1850,1217,-640
BANC,"3/9/2022 10 a.m. PST",1817,1801,1134,-683
BANC,"3/9/2022 11 a.m. PST",1749,1747,996,-753
BANC,"3/9/2022 12 p.m. PST",1718,1718,1034,-684
BANC,"3/9/2022 1 p.m. PST",1714,1694,1076,-638
BANC,"3/9/2022 2 p.m. PST",1692,1688,1071,-621
BANC,"3/9/2022 3 p.m. PST",1708,1696,1063,-645
BANC,"3/9/2022 4 p.m. PST",1797,1719,1037,-760
BANC,"3/9/2022 5 p.m. PST",1782,1784,929,-853
BANC,"3/9/2022 6 p.m. PST",1857,1864,1528,-329
BANC,"3/9/2022 7 p.m. PST",1951,1960,1734,-217
BANC,"3/9/2022 8 p.m. PST",1928,1940,1533,-395
BANC,"3/9/2022 9 p.m. PST",1891,1894,1444,-447
BANC,"3/9/2022 10 p.m. PST",1799,1796,1350,-449
BANC,"3/9/2022 11 p.m. PST",1684,1670,1289,-395
BANC,"3/10/2022 12 a.m. PST",1576,1554,1149,-427
BANC,"3/10/2022 1 a.m. PST",1519,1504,933,-586
BANC,"3/10/2022 2 a.m. PST",1487,1471,958,-529
BANC,"3/10/2022 3 a.m. PST",1474,1461,961,-513
BANC,"3/10/2022 4 a.m. PST",1480,1458,888,-592
BANC,"3/10/2022 5 a.m. PST",1542,1517,942,-600
BANC,"3/10/2022 6 a.m. PST",1660,1652,1195,-465
BANC,"3/10/2022 7 a.m. PST",1822,1810,1421,-401
BANC,"3/10/2022 8 a.m. PST",1895,1879,1225,-670
BANC,"3/10/2022 9 a.m. PST",1855,1851,1042,-813
BANC,"3/10/2022 10 a.m. PST",9345,1808,8528,-817
BANC,"3/10/2022 11 a.m. PST",1750,1773,993,-757
BANC,"3/10/2022 12 p.m. PST",1721,1747,1009,-712
BANC,"3/10/2022 1 p.m. PST",1680,1729,1029,-651
BANC,"3/10/2022 2 p.m. PST",1668,1727,1049,-619
BANC,"3/10/2022 3 p.m. PST",1682,1737,1066,-616
BANC,"3/10/2022 4 p.m. PST",1688,1759,1034,-654
BANC,"3/10/2022 5 p.m. PST",1777,1816,1032,-745
BANC,"3/10/2022 6 p.m. PST",1868,1878,1462,-406
BANC,"3/10/2022 7 p.m. PST",1972,1979,1674,-298
BANC,"3/10/2022 8 p.m. PST",1965,1962,1652,-313
BANC,"3/10/2022 9 p.m. PST",1931,1920,1498,-433
BANC,"3/10/2022 10 p.m. PST",1863,1833,1128,-735
BANC,"3/10/2022 11 p.m. PST",1739,1701,997,-742
BANC,"3/11/2022 12 a.m. PST",1643,1598,908,-735
BANC,"3/11/2022 1 a.m. PST",1582,1556,555,-1027
BANC,"3/11/2022 2 a.m. PST",1544,1523,503,-1041
BANC,"3/11/2022 3 a.m. PST",1539,1509,511,-1028
BANC,"3/11/2022 4 a.m. PST",1551,1517,493,-1058
BANC,"3/11/2022 5 a.m. PST",1628,1572,552,-1076
BANC,"3/11/2022 6 a.m. PST",1765,1703,661,-1104
BANC,"3/11/2022 7 a.m. PST",1922,1862,1089,-833
BANC,"3/11/2022 8 a.m. PST",1973,1927,788,-1185
BANC,"3/11/2022 9 a.m. PST",1917,1888,758,-1159
BANC,"3/11/2022 10 a.m. PST",1858,1819,803,-1055
BANC,"3/11/2022 11 a.m. PST",1769,1757,763,-1006
BANC,"3/11/2022 12 p.m. PST",1726,1713,709,-1017
BANC,"3/11/2022 1 p.m. PST",1694,1688,723,-971
BANC,"3/11/2022 2 p.m. PST",1663,1676,742,-921
BANC,"3/11/2022 3 p.m. PST",1691,1672,725,-966
BANC,"3/11/2022 4 p.m. PST",1695,1694,729,-966
BANC,"3/11/2022 5 p.m. PST",1758,1740,735,-1023
BANC,"3/11/2022 6 p.m. PST",1838,1821,1140,-698
BANC,"3/11/2022 7 p.m. PST",1915,1916,1161,-754
BANC,"3/11/2022 8 p.m. PST",1902,1898,1095,-807
BANC,"3/11/2022 9 p.m. PST",1857,1852,848,-1009
BANC,"3/11/2022 10 p.m. PST",1798,1786,819,-979
BANC,"3/11/2022 11 p.m. PST",1696,1694,771,-925
BANC,"3/12/2022 12 a.m. PST",1601,1598,685,-916
BANC,"3/12/2022 1 a.m. PST",1543,1544,592,-951
BANC,"3/12/2022 2 a.m. PST",1498,1491,616,-882
BANC,"3/12/2022 3 a.m. PST",1473,1469,560,-913
BANC,"3/12/2022 4 a.m. PST",1468,1462,593,-875
BANC,"3/12/2022 5 a.m. PST",1497,1488,614,-883
BANC,"3/12/2022 6 a.m. PST",1566,1542,674,-892
BANC,"3/12/2022 7 a.m. PST",1626,1605,916,-710
BANC,"3/12/2022 8 a.m. PST",1651,1639,643,-1008
BANC,"3/12/2022 9 a.m. PST",1647,1645,654,-993
BANC,"3/12/2022 10 a.m. PST",1615,1631,716,-899
BANC,"3/12/2022 11 a.m. PST",1580,1603,728,-852
BANC,"3/12/2022 12 p.m. PST",1546,1567,735,-811
BANC,"3/12/2022 1 p.m. PST",1524,1550,763,-761
BANC,"3/12/2022 2 p.m. PST",1509,1541,772,-737
BANC,"3/12/2022 3 p.m. PST",1529,1546,766,-763
BANC,"3/12/2022 4 p.m. PST",1606,1567,701,-905
BANC,"3/12/2022 5 p.m. PST",1644,1623,647,-997
BANC,"3/12/2022 6 p.m. PST",1734,1719,1079,-655
BANC,"3/12/2022 7 p.m. PST",1838,1836,1218,-620
BANC,"3/12/2022 8 p.m. PST",1831,1824,1169,-662
BANC,"3/12/2022 9 p.m. PST",1781,1787,857,-924
BANC,"3/12/2022 10 p.m. PST",1708,1733,792,-916
BANC,"3/12/2022 11 p.m. PST",1628,1638,779,-849
BANC,"3/13/2022 12 a.m. PST",,1546,,-832
BANC,"3/13/2022 1 a.m. PST",1479,1478,477,-1002
BANC,"3/13/2022 3 a.m. PDT",1433,0,495,-938
BANC,"3/13/2022 4 a.m. PDT",1396,1424,490,-906
BANC,"3/13/2022 5 a.m. PDT",1408,1378,456,-952
BANC,"3/13/2022 6 a.m. PDT",1420,1381,477,-943
BANC,"3/13/2022 7 a.m. PDT",1464,1407,770,-694
BANC,"3/13/2022 8 a.m. PDT",1498,1461,750,-748
BANC,"3/13/2022 9 a.m. PDT",1516,1523,725,-791
BANC,"3/13/2022 10 a.m. PDT",1536,1573,598,-938
BANC,"3/13/2022 11 a.m. PDT",1538,1582,643,-895
BANC,"3/13/2022 12 p.m. PDT",1532,1584,684,-848
BANC,"3/13/2022 1 p.m. PDT",1511,1579,671,-840
BANC,"3/13/2022 2 p.m. PDT",1510,1562,701,-809
BANC,"3/13/2022 3 p.m. PDT",1483,1555,692,-791
BANC,"3/13/2022 4 p.m. PDT",1503,1548,692,-811
BANC,"3/13/2022 5 p.m. PDT",1552,1568,699,-853
BANC,"3/13/2022 6 p.m. PDT",1628,1604,891,-737
BANC,"3/13/2022 7 p.m. PDT",1730,1657,1316,-414
BANC,"3/13/2022 8 p.m. PDT",1834,1727,1278,-556
BANC,"3/13/2022 9 p.m. PDT",1834,1831,1024,-810
BANC,"3/13/2022 10 p.m. PDT",1762,1852,950,-812
BANC,"3/13/2022 11 p.m. PDT",1673,1774,793,-880
BANC,"3/14/2022 12 a.m. PDT",1556,1657,776,-780
BANC,"3/14/2022 1 a.m. PDT",1478,1458,462,-1016
BANC,"3/14/2022 2 a.m. PDT",1423,,470,-953
BANC,"3/14/2022 3 a.m. PDT",1403,,478,-925
BANC,"3/14/2022 4 a.m. PDT",1398,,467,-931
BANC,"3/14/2022 5 a.m. PDT",1462,,490,-972
BANC,"3/14/2022 6 a.m. PDT",1571,,528,-1043
BANC,"3/14/2022 7 a.m. PDT",1756,,952,-804
BANC,"3/14/2022 8 a.m. PDT",1882,,1077,-805
BANC,"3/14/2022 9 a.m. PDT",1871,,953,-918
BANC,"3/14/2022 10 a.m. PDT",1828,,646,-1182
BANC,"3/14/2022 11 a.m. PDT",1793,,677,-1116
BANC,"3/14/2022 12 p.m. PDT",1732,,705,-1027
BANC,"3/14/2022 1 p.m. PDT",1702,,756,-946
BANC,"3/14/2022 2 p.m. PDT",1691,,786,-905
BANC,"3/14/2022 3 p.m. PDT",1667,,719,-948
BANC,"3/14/2022 4 p.m. PDT",1684,,723,-961
BANC,"3/14/2022 5 p.m. PDT",1719,,740,-979
BANC,"3/14/2022 6 p.m. PDT",1780,,909,-871
BANC,"3/14/2022 7 p.m. PDT",1826,,1217,-609
BANC,"3/14/2022 8 p.m. PDT",1908,,1295,-613
BANC,"3/14/2022 9 p.m. PDT",1905,,1148,-757
BANC,"3/14/2022 10 p.m. PDT",1806,,928,-878
BANC,"3/14/2022 11 p.m. PDT",1690,,853,-837
BANC,"3/15/2022 12 a.m. PDT",1575,,703,-872
BANC,"3/15/2022 1 a.m. PDT",1521,1518,430,-1091
BANC,"3/15/2022 2 a.m. PDT",1473,,433,-1040
BANC,"3/15/2022 3 a.m. PDT",1443,,438,-1005
BANC,"3/15/2022 4 a.m. PDT",1437,,437,-1000
BANC,"3/15/2022 5 a.m. PDT",1512,,488,-1024
BANC,"3/15/2022 6 a.m. PDT",1577,,528,-1049
BANC,"3/15/2022 7 a.m. PDT",1733,,828,-905
BANC,"3/15/2022 8 a.m. PDT",1847,,936,-911
BANC,"3/15/2022 9 a.m. PDT",1885,,658,-1227
BANC,"3/15/2022 10 a.m. PDT",1917,,643,-1274
BANC,"3/15/2022 11 a.m. PDT",1892,,626,-1266
BANC,"3/15/2022 12 p.m. PDT",1876,,654,-1222
BANC,"3/15/2022 1 p.m. PDT",1831,,641,-1190
BANC,"3/15/2022 2 p.m. PDT",1793,,722,-1071
BANC,"3/15/2022 3 p.m. PDT",1758,,701,-1057
BANC,"3/15/2022 4 p.m. PDT",1776,,666,-1110
BANC,"3/15/2022 5 p.m. PDT",1784,,649,-1135
BANC,"3/15/2022 6 p.m. PDT",1837,,883,-954
BANC,"3/15/2022 7 p.m. PDT",1881,,1140,-741
BANC,"3/15/2022 8 p.m. PDT",1961,,1151,-810
BANC,"3/15/2022 9 p.m. PDT",1958,,991,-967
BANC,"3/15/2022 10 p.m. PDT",1863,,672,-1191
BANC,"3/15/2022 11 p.m. PDT",1723,,652,-1071
BANC,"3/16/2022 12 a.m. PDT",1615,1612,627,-988
BANC,"3/16/2022 1 a.m. PDT",1528,1532,443,-1085
BANC,"3/16/2022 2 a.m. PDT",1484,1485,473,-1011
BANC,"3/16/2022 3 a.m. PDT",1442,1456,459,-983
BANC,"3/16/2022 4 a.m. PDT",1446,1454,460,-986
BANC,"3/16/2022 5 a.m. PDT",1486,1496,446,-1040
BANC,"3/16/2022 6 a.m. PDT",1597,1603,468,-1129
BANC,"3/16/2022 7 a.m. PDT",1773,1760,808,-965
BANC,"3/16/2022 8 a.m. PDT",1879,1853,902,-977
BANC,"3/16/2022 9 a.m. PDT",1925,1852,930,-995
BANC,"3/16/2022 10 a.m. PDT",1830,1820,719,-1111
BANC,"3/16/2022 11 a.m. PDT",1770,1798,729,-1041
BANC,"3/16/2022 12 p.m. PDT",1732,1782,691,-1041
BANC,"3/16/2022 1 p.m. PDT",1689,1770,719,-970
BANC,"3/16/2022 2 p.m. PDT",1663,1756,721,-942
BANC,"3/16/2022 3 p.m. PDT",1685,1746,715,-970
BANC,"3/16/2022 4 p.m. PDT",1679,1764,688,-991
BANC,"3/16/2022 5 p.m. PDT",1730,1807,744,-986
BANC,"3/16/2022 6 p.m. PDT",1789,1848,787,-1002
BANC,"3/16/2022 7 p.m. PDT",1875,1886,907,-968
BANC,"3/16/2022 8 p.m. PDT",1951,1969,873,-1078
BANC,"3/16/2022 9 p.m. PDT",1952,1970,860,-1092
BANC,"3/16/2022 10 p.m. PDT",1867,1872,761,-1106
BANC,"3/16/2022 11 p.m. PDT",1752,1742,691,-1061
BANC,"3/17/2022 12 a.m. PDT",1622,1620,629,-993
BANC,"3/17/2022 1 a.m. PDT",1514,1499,420,-1094
BANC,"3/17/2022 2 a.m. PDT",1463,1452,453,-1010
BANC,"3/17/2022 3 a.m. PDT",1438,1426,428,-1010
BANC,"3/17/2022 4 a.m. PDT",1427,1426,431,-996
BANC,"3/17/2022 5 a.m. PDT",1479,1455,439,-1040
BANC,"3/17/2022 6 a.m. PDT",1578,1570,691,-887
BANC,"3/17/2022 7 a.m. PDT",1744,1737,786,-958
BANC,"3/17/2022 8 a.m. PDT",1871,1828,957,-914
BANC,"3/17/2022 9 a.m. PDT",1877,1825,732,-1145
BANC,"3/17/2022 10 a.m. PDT",1899,1805,752,-1147
BANC,"3/17/2022 11 a.m. PDT",1909,1785,768,-1141
BANC,"3/17/2022 12 p.m. PDT",1829,1764,684,-1145
BANC,"3/17/2022 1 p.m. PDT",1758,1743,676,-1082
BANC,"3/17/2022 2 p.m. PDT",1702,1721,757,-945
BANC,"3/17/2022 3 p.m. PDT",1678,1706,706,-972
BANC,"3/17/2022 4 p.m. PDT",1674,1716,724,-950
BANC,"3/17/2022 5 p.m. PDT",1717,1738,689,-1028
BANC,"3/17/2022 6 p.m. PDT",1772,1785,770,-1002
BANC,"3/17/2022 7 p.m. PDT",1836,1817,918,-918
BANC,"3/17/2022 8 p.m. PDT",1890,1900,1059,-831
BANC,"3/17/2022 9 p.m. PDT",1880,1906,886,-994
BANC,"3/17/2022 10 p.m. PDT",1801,1820,747,-1054
BANC,"3/17/2022 11 p.m. PDT",1695,1692,649,-1046
BANC,"3/18/2022 12 a.m. PDT",1579,1575,608,-971
BANC,"3/18/2022 1 a.m. PDT",1509,1495,576,-933
BANC,"3/18/2022 2 a.m. PDT",1457,1453,393,-1064
BANC,"3/18/2022 3 a.m. PDT",1422,1430,402,-1020
BANC,"3/18/2022 4 a.m. PDT",1441,1434,420,-1021
BANC,"3/18/2022 5 a.m. PDT",1479,1482,440,-1039
BANC,"3/18/2022 6 a.m. PDT",1585,1598,662,-923
BANC,"3/18/2022 7 a.m. PDT",1750,1761,777,-973
BANC,"3/18/2022 8 a.m. PDT",1844,1859,870,-974
BANC,"3/18/2022 9 a.m. PDT",1843,1857,703,-1140
BANC,"3/18/2022 10 a.m. PDT",1808,1819,534,-1274
BANC,"3/18/2022 11 a.m. PDT",1762,1787,594,-1168
BANC,"3/18/2022 12 p.m. PDT",1702,1758,588,-1114
BANC,"3/18/2022 1 p.m. PDT",1743,1733,644,-1099
BANC,"3/18/2022 2 p.m. PDT",1635,1715,603,-1032
BANC,"3/18/2022 3 p.m. PDT",1648,1707,631,-1017
BANC,"3/18/2022 4 p.m. PDT",1673,1718,586,-1087
BANC,"3/18/2022 5 p.m. PDT",1706,1761,610,-1096
BANC,"3/18/2022 6 p.m. PDT",1759,1786,848,-911
BANC,"3/18/2022 7 p.m. PDT",1813,1814,1038,-775
BANC,"3/18/2022 8 p.m. PDT",1852,1905,1190,-662
BANC,"3/18/2022 9 p.m. PDT",1842,1904,914,-928
BANC,"3/18/2022 10 p.m. PDT",1787,1818,816,-971
BANC,"3/18/2022 11 p.m. PDT",1674,1711,719,-955
BANC,"3/19/2022 12 a.m. PDT",1573,1597,716,-857
BANC,"3/19/2022 1 a.m. PDT",1488,1498,682,-806
BANC,"3/19/2022 2 a.m. PDT",1425,1434,460,-965
BANC,"3/19/2022 3 a.m. PDT",1385,1401,433,-952
BANC,"3/19/2022 4 a.m. PDT",1367,1377,427,-940
BANC,"3/19/2022 5 a.m. PDT",1374,1390,441,-933
BANC,"3/19/2022 6 a.m. PDT",1409,1428,650,-759
BANC,"3/19/2022 7 a.m. PDT",1468,1491,768,-700
BANC,"3/19/2022 8 a.m. PDT",1513,1558,939,-574
BANC,"3/19/2022 9 a.m. PDT",1602,1624,991,-611
BANC,"3/19/2022 10 a.m. PDT",1716,1673,972,-744
BANC,"3/19/2022 11 a.m. PDT",1753,1697,788,-965
BANC,"3/19/2022 12 p.m. PDT",1755,1704,657,-1098
BANC,"3/19/2022 1 p.m. PDT",1695,1692,541,-1154
BANC,"3/19/2022 2 p.m. PDT",1646,1671,563,-1083
BANC,"3/19/2022 3 p.m. PDT",1633,1650,498,-1135
BANC,"3/19/2022 4 p.m. PDT",1612,1644,565,-1047
BANC,"3/19/2022 5 p.m. PDT",1644,1656,842,-802
BANC,"3/19/2022 6 p.m. PDT",1721,1681,1024,-697
BANC,"3/19/2022 7 p.m. PDT",1666,1724,992,-674
BANC,"3/19/2022 8 p.m. PDT",1742,1805,1260,-482
BANC,"3/19/2022 9 p.m. PDT",1748,1826,1069,-679
BANC,"3/19/2022 10 p.m. PDT",1693,1774,1127,-566
BANC,"3/19/2022 11 p.m. PDT",1613,1678,997,-616
BANC,"3/20/2022 12 a.m. PDT",1521,1583,1007,-514
BANC,"3/20/2022 1 a.m. PDT",1456,1471,963,-493
BANC,"3/20/2022 2 a.m. PDT",1406,1418,621,-785
BANC,"3/20/2022 3 a.m. PDT",1375,1386,584,-791
BANC,"3/20/2022 4 a.m. PDT",1365,1371,831,-534
BANC,"3/20/2022 5 a.m. PDT",1380,1379,778,-602
BANC,"3/20/2022 6 a.m. PDT",1413,1408,796,-617
BANC,"3/20/2022 7 a.m. PDT",1488,1465,875,-613
BANC,"3/20/2022 8 a.m. PDT",1547,1520,915,-632
BANC,"3/20/2022 9 a.m. PDT",1602,1567,693,-909
BANC,"3/20/2022 10 a.m. PDT",1599,1574,791,-808
BANC,"3/20/2022 11 a.m. PDT",1569,1551,781,-788
BANC,"3/20/2022 12 p.m. PDT",1528,1529,755,-773
BANC,"3/20/2022 1 p.m. PDT",1502,1507,716,-786
BANC,"3/20/2022 2 p.m. PDT",1460,1493,725,-735
BANC,"3/20/2022 3 p.m. PDT",1454,1490,707,-747
BANC,"3/20/2022 4 p.m. PDT",1463,1512,692,-771
BANC,"3/20/2022 5 p.m. PDT",1523,1559,713,-810
BANC,"3/20/2022 6 p.m. PDT",1588,1630,777,-811
BANC,"3/20/2022 7 p.m. PDT",1654,1686,1311,-343
BANC,"3/20/2022 8 p.m. PDT",1749,1767,1206,-543
BANC,"3/20/2022 9 p.m. PDT",1777,1787,1114,-663
BANC,"3/20/2022 10 p.m. PDT",1722,1718,983,-739
BANC,"3/20/2022 11 p.m. PDT",1615,1595,858,-757
BANC,"3/21/2022 12 a.m. PDT",1508,1483,820,-688
BANC,"3/21/2022 1 a.m. PDT",1450,1455,769,-681
BANC,"3/21/2022 2 a.m. PDT",1402,1415,538,-864
BANC,"3/21/2022 3 a.m. PDT",1380,1397,537,-843
BANC,"3/21/2022 4 a.m. PDT",1394,1394,535,-859
BANC,"3/21/2022 5 a.m. PDT",1452,1438,550,-902
BANC,"3/21/2022 6 a.m. PDT",1566,1539,734,-832
BANC,"3/21/2022 7 a.m. PDT",1753,1702,947,-806
BANC,"3/21/2022 8 a.m. PDT",1844,1794,960,-884
BANC,"3/21/2022 9 a.m. PDT",1838,1777,890,-948
BANC,"3/21/2022 10 a.m. PDT",1790,1740,773,-1017
BANC,"3/21/2022 11 a.m. PDT",1803,1710,800,-1003
BANC,"3/21/2022 12 p.m. PDT",1696,1692,724,-972
BANC,"3/21/2022 1 p.m. PDT",1684,1677,734,-950
BANC,"3/21/2022 2 p.m. PDT",1669,1694,738,-931
BANC,"3/21/2022 3 p.m. PDT",1690,1708,747,-943
BANC,"3/21/2022 4 p.m. PDT",1746,1751,782,-964
BANC,"3/21/2022 5 p.m. PDT",1743,1833,738,-1005
BANC,"3/21/2022 6 p.m. PDT",1801,1927,842,-959
BANC,"3/21/2022 7 p.m. PDT",1852,1951,1076,-776
BANC,"3/21/2022 8 p.m. PDT",1905,2032,1220,-685
BANC,"3/21/2022 9 p.m. PDT",1918,2049,988,-930
BANC,"3/21/2022 10 p.m. PDT",1827,1943,921,-906
BANC,"3/21/2022 11 p.m. PDT",1696,1794,845,-851
BANC,"3/22/2022 12 a.m. PDT",1561,1656,775,-786
BANC,"3/22/2022 1 a.m. PDT",1470,1480,783,-687
BANC,"3/22/2022 2 a.m. PDT",1413,1401,760,-652
BANC,"3/22/2022 3 a.m. PDT",1372,1363,746,-626
BANC,"3/22/2022 4 a.m. PDT",1360,1364,750,-610
BANC,"3/22/2022 5 a.m. PDT",1388,1404,765,-622
BANC,"3/22/2022 6 a.m. PDT",1484,1515,807,-676
BANC,"3/22/2022 7 a.m. PDT",1631,1681,890,-744
BANC,"3/22/2022 8 a.m. PDT",1706,1767,862,-843
BANC,"3/22/2022 9 a.m. PDT",1700,1769,845,-856
BANC,"3/22/2022 10 a.m. PDT",1715,1779,953,-761
BANC,"3/22/2022 11 a.m. PDT",1699,1795,802,-897
BANC,"3/22/2022 12 p.m. PDT",1705,1810,818,-887
BANC,"3/22/2022 1 p.m. PDT",1720,1851,760,-961
BANC,"3/22/2022 2 p.m. PDT",1745,1919,845,-899
BANC,"3/22/2022 3 p.m. PDT",1785,1990,830,-955
BANC,"3/22/2022 4 p.m. PDT",1828,2077,803,-1026
BANC,"3/22/2022 5 p.m. PDT",1910,2162,1084,-825
BANC,"3/22/2022 6 p.m. PDT",1975,2189,995,-980
BANC,"3/22/2022 7 p.m. PDT",2014,2205,1303,-712
BANC,"3/22/2022 8 p.m. PDT",2039,2236,1507,-531
BANC,"3/22/2022 9 p.m. PDT",2018,2185,1345,-673
BANC,"3/22/2022 10 p.m. PDT",1913,2039,1198,-716
BANC,"3/22/2022 11 p.m. PDT",1753,1854,1018,-735
BANC,"3/23/2022 12 a.m. PDT",1616,1676,902,-714
BANC,"3/23/2022 1 a.m. PDT",1509,1496,776,-733
BANC,"3/23/2022 2 a.m. PDT",1440,1429,821,-619
BANC,"3/23/2022 3 a.m. PDT",1395,1397,758,-637
BANC,"3/23/2022 4 a.m. PDT",1379,1384,703,-676
BANC,"3/23/2022 5 a.m. PDT",1402,1419,758,-644
BANC,"3/23/2022 6 a.m. PDT",1488,1529,822,-666
BANC,"3/23/2022 7 a.m. PDT",1642,1674,856,-786
BANC,"3/23/2022 8 a.m. PDT",1694,1762,894,-800
BANC,"3/23/2022 9 a.m. PDT",1706,1777,828,-878
BANC,"3/23/2022 10 a.m. PDT",1736,1779,910,-826
BANC,"3/23/2022 11 a.m. PDT",1733,1804,919,-814
BANC,"3/23/2022 12 p.m. PDT",1765,1837,816,-949
BANC,"3/23/2022 1 p.m. PDT",1803,1884,819,-984
BANC,"3/23/2022 2 p.m. PDT",1829,1973,832,-997
BANC,"3/23/2022 3 p.m. PDT",1889,2076,780,-1109
BANC,"3/23/2022 4 p.m. PDT",2025,2178,878,-1147
BANC,"3/23/2022 5 p.m. PDT",2036,2291,876,-1160
BANC,"3/23/2022 6 p.m. PDT",3106,2344,2098,-1008
BANC,"3/23/2022 7 p.m. PDT",2141,2319,1313,-828
BANC,"3/23/2022 8 p.m. PDT",2131,2327,1468,-663
BANC,"3/23/2022 9 p.m. PDT",2080,2265,1244,-836
BANC,"3/23/2022 10 p.m. PDT",1947,2104,1143,-804
BANC,"3/23/2022 11 p.m. PDT",1790,1893,1053,-737
BANC,"3/24/2022 12 a.m. PDT",1633,1703,1051,-582
BANC,"3/24/2022 1 a.m. PDT",1513,1520,936,-577
BANC,"3/24/2022 2 a.m. PDT",1446,1446,768,-678
BANC,"3/24/2022 3 a.m. PDT",1393,1417,764,-629
BANC,"3/24/2022 4 a.m. PDT",1370,1400,754,-616
BANC,"3/24/2022 5 a.m. PDT",1393,1428,747,-646
BANC,"3/24/2022 6 a.m. PDT",1473,1527,868,-605
BANC,"3/24/2022 7 a.m. PDT",1610,1662,1113,-497
BANC,"3/24/2022 8 a.m. PDT",1683,1739,968,-715
BANC,"3/24/2022 9 a.m. PDT",1695,1735,902,-793
BANC,"3/24/2022 10 a.m. PDT",1717,1725,1012,-705
BANC,"3/24/2022 11 a.m. PDT",1732,1732,836,-896
BANC,"3/24/2022 12 p.m. PDT",1734,1753,808,-926
BANC,"3/24/2022 1 p.m. PDT",1775,1791,893,-882
BANC,"3/24/2022 2 p.m. PDT",1839,1853,884,-955
BANC,"3/24/2022 3 p.m. PDT",1895,1935,898,-997
BANC,"3/24/2022 4 p.m. PDT",1973,2022,1036,-937
BANC,"3/24/2022 5 p.m. PDT",3040,2114,2142,-898
BANC,"3/24/2022 6 p.m. PDT",2119,2126,1234,-885
BANC,"3/24/2022 7 p.m. PDT",3105,2096,2349,-756
BANC,"3/24/2022 8 p.m. PDT",2119,2090,1531,-588
BANC,"3/24/2022 9 p.m. PDT",2071,2053,1345,-726
BANC,"3/24/2022 10 p.m. PDT",1945,1931,1188,-757
BANC,"3/24/2022 11 p.m. PDT",1742,1745,1036,-706
BANC,"3/25/2022 12 a.m. PDT",1602,1593,1003,-599
BANC,"3/25/2022 1 a.m. PDT",1534,1505,895,-639
BANC,"3/25/2022 2 a.m. PDT",1455,1464,879,-576
BANC,"3/25/2022 3 a.m. PDT",1409,1421,574,-835
BANC,"3/25/2022 4 a.m. PDT",1394,1401,597,-797
BANC,"3/25/2022 5 a.m. PDT",1424,1423,615,-809
BANC,"3/25/2022 6 a.m. PDT",1494,1511,891,-603
BANC,"3/25/2022 7 a.m. PDT",1635,1655,964,-671
BANC,"3/25/2022 8 a.m. PDT",1715,1735,919,-796
BANC,"3/25/2022 9 a.m. PDT",1719,1740,833,-886
BANC,"3/25/2022 10 a.m. PDT",1711,1722,887,-824
BANC,"3/25/2022 11 a.m. PDT",1711,1721,702,-1009
BANC,"3/25/2022 12 p.m. PDT",1691,1721,782,-909
BANC,"3/25/2022 1 p.m. PDT",1708,1723,799,-909
BANC,"3/25/2022 2 p.m. PDT",1723,1758,769,-954
BANC,"3/25/2022 3 p.m. PDT",1772,1791,774,-998
BANC,"3/25/2022 4 p.m. PDT",1819,1844,808,-1011
BANC,"3/25/2022 5 p.m. PDT",1895,1904,981,-914
BANC,"3/25/2022 6 p.m. PDT",1955,1982,1080,-875
BANC,"3/25/2022 7 p.m. PDT",1981,1968,1162,-819
BANC,"3/25/2022 8 p.m. PDT",1985,2011,1400,-585
BANC,"3/25/2022 9 p.m. PDT",1941,1980,1120,-821
BANC,"3/25/2022 10 p.m. PDT",1850,1881,1079,-771
BANC,"3/25/2022 11 p.m. PDT",1717,1759,898,-819
BANC,"3/26/2022 12 a.m. PDT",1596,1628,878,-718
BANC,"3/26/2022 1 a.m. PDT",1491,1503,807,-684
BANC,"3/26/2022 2 a.m. PDT",1418,1436,625,-793
BANC,"3/26/2022 3 a.m. PDT",1368,1398,597,-771
BANC,"3/26/2022 4 a.m. PDT",1348,1371,591,-757
BANC,"3/26/2022 5 a.m. PDT",1344,1376,594,-750
BANC,"3/26/2022 6 a.m. PDT",1385,1403,874,-511
BANC,"3/26/2022 7 a.m. PDT",1441,1456,930,-511
BANC,"3/26/2022 8 a.m. PDT",1481,1472,897,-584
BANC,"3/26/2022 9 a.m. PDT",1516,1522,676,-840
BANC,"3/26/2022 10 a.m. PDT",1538,1555,706,-832
BANC,"3/26/2022 11 a.m. PDT",1553,1567,748,-805
BANC,"3/26/2022 12 p.m. PDT",1540,1561,795,-745
BANC,"3/26/2022 1 p.m. PDT",1538,1549,784,-754
BANC,"3/26/2022 2 p.m. PDT",1576,1554,825,-751
BANC,"3/26/2022 3 p.m. PDT",1663,1590,862,-801
BANC,"3/26/2022 4 p.m. PDT",1665,1641,855,-810
BANC,"3/26/2022 5 p.m. PDT",1735,1700,786,-949
BANC,"3/26/2022 6 p.m. PDT",1782,1744,1079,-703
BANC,"3/26/2022 7 p.m. PDT",1798,1767,1269,-529
BANC,"3/26/2022 8 p.m. PDT",1825,1814,1563,-262
BANC,"3/26/2022 9 p.m. PDT",1806,1802,1313,-493
BANC,"3/26/2022 10 p.m. PDT",1725,1727,1184,-541
BANC,"3/26/2022 11 p.m. PDT",1625,1630,1103,-522
BANC,"3/27/2022 12 a.m. PDT",1514,1520,1064,-450
BANC,"3/27/2022 1 a.m. PDT",1429,1443,998,-431
BANC,"3/27/2022 2 a.m. PDT",1360,1375,955,-405
BANC,"3/27/2022 3 a.m. PDT",1326,1338,780,-546
BANC,"3/27/2022 4 a.m. PDT",1294,1316,709,-585
BANC,"3/27/2022 5 a.m. PDT",1303,1318,720,-583
BANC,"3/27/2022 6 a.m. PDT",1325,1345,942,-383
BANC,"3/27/2022 7 a.m. PDT",1372,1393,946,-426
BANC,"3/27/2022 8 a.m. PDT",1411,1439,899,-512
BANC,"3/27/2022 9 a.m. PDT",1462,1500,712,-750
BANC,"3/27/2022 10 a.m. PDT",1521,1551,643,-878
BANC,"3/27/2022 11 a.m. PDT",1503,1566,685,-818
BANC,"3/27/2022 12 p.m. PDT",1491,1569,719,-772
BANC,"3/27/2022 1 p.m. PDT",1502,1555,755,-747
BANC,"3/27/2022 2 p.m. PDT",1526,1551,778,-748
BANC,"3/27/2022 3 p.m. PDT",1525,1557,752,-773
BANC,"3/27/2022 4 p.m. PDT",1604,1574,719,-885
BANC,"3/27/2022 5 p.m. PDT",1643,1608,704,-939
BANC,"3/27/2022 6 p.m. PDT",1684,1641,965,-719
BANC,"3/27/2022 7 p.m. PDT",1679,1678,1287,-392
BANC,"3/27/2022 8 p.m. PDT",1749,1755,1444,-305
BANC,"3/27/2022 9 p.m. PDT",1749,1782,1226,-523
BANC,"3/27/2022 10 p.m. PDT",1678,1710,958,-720
BANC,"3/27/2022 11 p.m. PDT",1576,1604,913,-663
BANC,"3/28/2022 12 a.m. PDT",1460,1488,897,-563
BANC,"3/28/2022 1 a.m. PDT",1414,1418,889,-525
BANC,"3/28/2022 2 a.m. PDT",1363,1366,858,-505
BANC,"3/28/2022 3 a.m. PDT",1332,1348,583,-749
BANC,"3/28/2022 4 a.m. PDT",1324,1346,610,-714
BANC,"3/28/2022 5 a.m. PDT",1362,1386,568,-794
BANC,"3/28/2022 6 a.m. PDT",1442,1495,896,-546
BANC,"3/28/2022 7 a.m. PDT",1616,1668,970,-646
BANC,"3/28/2022 8 a.m. PDT",1718,1763,992,-726
BANC,"3/28/2022 9 a.m. PDT",1778,1778,1202,-576
BANC,"3/28/2022 10 a.m. PDT",1808,1785,965,-843
BANC,"3/28/2022 11 a.m. PDT",1834,1796,933,-901
BANC,"3/28/2022 12 p.m. PDT",1855,1782,781,-1074
BANC,"3/28/2022 1 p.m. PDT",1852,1752,722,-1130
BANC,"3/28/2022 2 p.m. PDT",1775,1731,731,-1044
BANC,"3/28/2022 3 p.m. PDT",1716,1709,778,-938
BANC,"3/28/2022 4 p.m. PDT",1734,1704,731,-1003
BANC,"3/28/2022 5 p.m. PDT",1772,1718,661,-1111
BANC,"3/28/2022 6 p.m. PDT",1788,1787,977,-811
BANC,"3/28/2022 7 p.m. PDT",1797,1817,1092,-705
BANC,"3/28/2022 8 p.m. PDT",1842,1895,1285,-557
BANC,"3/28/2022 9 p.m. PDT",1866,1909,1292,-574
BANC,"3/28/2022 10 p.m. PDT",1777,1806,1036,-741
BANC,"3/28/2022 11 p.m. PDT",1646,1670,867,-779
BANC,"3/29/2022 12 a.m. PDT",1534,1546,665,-869
BANC,"3/29/2022 1 a.m. PDT",1467,1500,532,-935
BANC,"3/29/2022 2 a.m. PDT",1429,1445,521,-908
BANC,"3/29/2022 3 a.m. PDT",1396,1420,521,-875
BANC,"3/29/2022 4 a.m. PDT",1398,1420,516,-882
BANC,"3/29/2022 5 a.m. PDT",1437,1461,541,-896
BANC,"3/29/2022 6 a.m. PDT",1548,1569,836,-712
BANC,"3/29/2022 7 a.m. PDT",1723,1747,948,-775
BANC,"3/29/2022 8 a.m. PDT",1818,1843,907,-911
BANC,"3/29/2022 9 a.m. PDT",1805,1826,728,-1077
BANC,"3/29/2022 10 a.m. PDT",1758,1795,825,-933
BANC,"3/29/2022 11 a.m. PDT",1716,1768,1070,-646
BANC,"3/29/2022 12 p.m. PDT",2672,1737,2126,-546
BANC,"3/29/2022 1 p.m. PDT",2663,1704,2068,-595
BANC,"3/29/2022 2 p.m. PDT",1652,1684,995,-657
BANC,"3/29/2022 3 p.m. PDT",2617,1678,1859,-758
BANC,"3/29/2022 4 p.m. PDT",2662,1691,1731,-931
BANC,"3/29/2022 5 p.m. PDT",1715,1749,719,-996
BANC,"3/29/2022 6 p.m. PDT",1753,1781,803,-950
BANC,"3/29/2022 7 p.m. PDT",1797,1829,1209,-588
BANC,"3/29/2022 8 p.m. PDT",1871,1907,1298,-573
BANC,"3/29/2022 9 p.m. PDT",1883,1905,1201,-682
BANC,"3/29/2022 10 p.m. PDT",1800,1826,904,-896
BANC,"3/29/2022 11 p.m. PDT",1662,1689,616,-1046
BANC,"3/30/2022 12 a.m. PDT",1539,1571,599,-940
BANC,"3/30/2022 1 a.m. PDT",1476,1488,674,-802
BANC,"3/30/2022 2 a.m. PDT",1423,1434,654,-769
BANC,"3/30/2022 3 a.m. PDT",1400,1411,655,-745
BANC,"3/30/2022 4 a.m. PDT",1397,1407,653,-744
BANC,"3/30/2022 5 a.m. PDT",1439,1437,653,-786
BANC,"3/30/2022 6 a.m. PDT",1535,1545,665,-870
BANC,"3/30/2022 7 a.m. PDT",1701,1720,902,-799
BANC,"3/30/2022 8 a.m. PDT",1778,1822,851,-927
BANC,"3/30/2022 9 a.m. PDT",1798,1821,738,-1060
BANC,"3/30/2022 10 a.m. PDT",1790,1817,731,-1059
BANC,"3/30/2022 11 a.m. PDT",1802,1799,770,-1032
BANC,"3/30/2022 12 p.m. PDT",1801,1779,731,-1070
BANC,"3/30/2022 1 p.m. PDT",1774,1757,703,-1071
BANC,"3/30/2022 2 p.m. PDT",1748,1732,703,-1045
BANC,"3/30/2022 3 p.m. PDT",1685,1722,686,-999
BANC,"3/30/2022 4 p.m. PDT",1673,1720,698,-975
BANC,"3/30/2022 5 p.m. PDT",1690,1752,663,-1027
BANC,"3/30/2022 6 p.m. PDT",1734,1786,782,-952
BANC,"3/30/2022 7 p.m. PDT",1769,1836,1238,-531
BANC,"3/30/2022 8 p.m. PDT",1858,1915,1470,-388
BANC,"3/30/2022 9 p.m. PDT",1882,1918,1385,-497
BANC,"3/30/2022 10 p.m. PDT",1804,1822,1080,-724
BANC,"3/30/2022 11 p.m. PDT",1678,1701,690,-988
BANC,"3/31/2022 12 a.m. PDT",1559,1584,623,-936
BANC,"3/31/2022 1 a.m. PDT",1467,1471,597,-870
BANC,"3/31/2022 2 a.m. PDT",1399,1415,584,-815
BANC,"3/31/2022 3 a.m. PDT",1385,1390,624,-761
BANC,"3/31/2022 4 a.m. PDT",1379,1388,603,-776
BANC,"3/31/2022 5 a.m. PDT",1405,1437,575,-830
BANC,"3/31/2022 6 a.m. PDT",1523,1539,592,-931
BANC,"3/31/2022 7 a.m. PDT",1668,1693,816,-852
BANC,"3/31/2022 8 a.m. PDT",1755,1778,838,-917
BANC,"3/31/2022 9 a.m. PDT",1779,1774,697,-1082
BANC,"3/31/2022 10 a.m. PDT",1775,1749,717,-1058
BANC,"3/31/2022 11 a.m. PDT",1712,1720,740,-972
BANC,"3/31/2022 12 p.m. PDT",1664,1697,824,-840
BANC,"3/31/2022 1 p.m. PDT",1626,1679,763,-863
BANC,"3/31/2022 2 p.m. PDT",1596,1669,808,-788
BANC,"3/31/2022 3 p.m. PDT",1587,1673,788,-799
BANC,"3/31/2022 4 p.m. PDT",1609,1694,805,-804
BANC,"3/31/2022 5 p.m. PDT",1634,1746,780,-854
BANC,"3/31/2022 6 p.m. PDT",1709,1779,874,-835
BANC,"3/31/2022 7 p.m. PDT",1752,1824,1175,-577
BANC,"3/31/2022 8 p.m. PDT",1815,1896,1284,-531
BANC,"3/31/2022 9 p.m. PDT",1834,1906,1053,-781
BANC,"3/31/2022 10 p.m. PDT",1750,1826,956,-794
BANC,"3/31/2022 11 p.m. PDT",1644,1697,801,-843
BANC,"4/1/2022 12 a.m. PDT",1505,1572,770,-735
