"BA Code","Timestamp (Hour Ending)","Demand (MWh)","Demand Forecast (MWh)","Net Generation (MWh)","Total Interchange (MWh)"
BANC,"7/1/2017 12 a.m. PDT",2180,2340,1680,-500
BANC,"7/1/2017 1 a.m. PDT",1965,2082,1345,-620
BANC,"7/1/2017 2 a.m. PDT",1808,1919,1121,-687
BANC,"7/1/2017 3 a.m. PDT",1707,1798,1174,-533
BANC,"7/1/2017 4 a.m. PDT",1647,1728,1199,-448
BANC,"7/1/2017 5 a.m. PDT",1621,1702,1186,-435
BANC,"7/1/2017 6 a.m. PDT",1629,1697,1261,-368
BANC,"7/1/2017 7 a.m. PDT",1601,1695,1290,-311
BANC,"7/1/2017 8 a.m. PDT",1659,1774,1293,-366
BANC,"7/1/2017 9 a.m. PDT",1738,1890,1308,-430
BANC,"7/1/2017 10 a.m. PDT",1834,2034,1310,-524
BANC,"7/1/2017 11 a.m. PDT",1934,2193,1313,-621
BANC,"7/1/2017 12 p.m. PDT",2044,2382,1426,-618
BANC,"7/1/2017 1 p.m. PDT",2170,2563,1733,-437
BANC,"7/1/2017 2 p.m. PDT",2337,2773,2144,-193
BANC,"7/1/2017 3 p.m. PDT",2538,3014,2361,-177
BANC,"7/1/2017 4 p.m. PDT",2757,3236,2387,-370
BANC,"7/1/2017 5 p.m. PDT",2945,3380,2389,-556
BANC,"7/1/2017 6 p.m. PDT",3067,3449,2255,-812
BANC,"7/1/2017 7 p.m. PDT",3107,3402,2369,-738
BANC,"7/1/2017 8 p.m. PDT",2979,3239,2293,-686
BANC,"7/1/2017 9 p.m. PDT",2811,3020,2222,-589
BANC,"7/1/2017 10 p.m. PDT",2663,2832,2227,-436
BANC,"7/1/2017 11 p.m. PDT",2407,2535,1963,-444
BANC,"7/2/2017 12 a.m. PDT",2159,2262,1498,-661
BANC,"7/2/2017 1 a.m. PDT",1954,2028,1566,-388
BANC,"7/2/2017 2 a.m. PDT",1799,1846,1138,-661
BANC,"7/2/2017 3 a.m. PDT",1706,1737,1140,-566
BANC,"7/2/2017 4 a.m. PDT",1643,1670,1186,-457
BANC,"7/2/2017 5 a.m. PDT",1617,1634,1141,-476
BANC,"7/2/2017 6 a.m. PDT",1595,1627,1121,-474
BANC,"7/2/2017 7 a.m. PDT",1576,1606,1172,-404
BANC,"7/2/2017 8 a.m. PDT",1634,1658,1179,-455
BANC,"7/2/2017 9 a.m. PDT",1715,1787,1205,-510
BANC,"7/2/2017 10 a.m. PDT",1836,1930,1299,-537
BANC,"7/2/2017 11 a.m. PDT",1988,2109,1343,-645
BANC,"7/2/2017 12 p.m. PDT",2153,2313,1415,-738
BANC,"7/2/2017 1 p.m. PDT",2376,2518,1552,-824
BANC,"7/2/2017 2 p.m. PDT",2629,2759,1775,-854
BANC,"7/2/2017 3 p.m. PDT",2892,2992,2200,-692
BANC,"7/2/2017 4 p.m. PDT",3134,3204,2536,-598
BANC,"7/2/2017 5 p.m. PDT",3313,3349,2471,-842
BANC,"7/2/2017 6 p.m. PDT",3392,3404,2445,-947
BANC,"7/2/2017 7 p.m. PDT",3364,3365,2455,-909
BANC,"7/2/2017 8 p.m. PDT",3184,3178,2338,-846
BANC,"7/2/2017 9 p.m. PDT",2916,2933,2173,-743
BANC,"7/2/2017 10 p.m. PDT",2710,2747,1959,-751
BANC,"7/2/2017 11 p.m. PDT",2409,2443,1610,-799
BANC,"7/3/2017 12 a.m. PDT",2137,2162,1507,-630
BANC,"7/3/2017 1 a.m. PDT",1928,1901,1362,-566
BANC,"7/3/2017 2 a.m. PDT",1789,1759,1174,-615
BANC,"7/3/2017 3 a.m. PDT",1705,1681,1157,-548
BANC,"7/3/2017 4 a.m. PDT",1661,1643,1180,-481
BANC,"7/3/2017 5 a.m. PDT",1670,1657,1246,-424
BANC,"7/3/2017 6 a.m. PDT",1718,1714,1295,-423
BANC,"7/3/2017 7 a.m. PDT",1759,1796,1369,-390
BANC,"7/3/2017 8 a.m. PDT",1863,1881,1416,-447
BANC,"7/3/2017 9 a.m. PDT",1986,1990,1403,-583
BANC,"7/3/2017 10 a.m. PDT",2110,2100,1506,-604
BANC,"7/3/2017 11 a.m. PDT",2276,2217,1615,-661
BANC,"7/3/2017 12 p.m. PDT",2458,2356,1910,-548
BANC,"7/3/2017 1 p.m. PDT",2651,2493,2319,-332
BANC,"7/3/2017 2 p.m. PDT",2853,2686,2370,-483
BANC,"7/3/2017 3 p.m. PDT",3059,2889,2416,-643
BANC,"7/3/2017 4 p.m. PDT",3253,3077,2544,-709
BANC,"7/3/2017 5 p.m. PDT",3393,3238,2595,-798
BANC,"7/3/2017 6 p.m. PDT",3408,3287,2628,-780
BANC,"7/3/2017 7 p.m. PDT",3306,3227,2639,-667
BANC,"7/3/2017 8 p.m. PDT",3118,3075,2494,-624
BANC,"7/3/2017 9 p.m. PDT",2884,2875,2414,-470
BANC,"7/3/2017 10 p.m. PDT",2718,2723,2247,-471
BANC,"7/3/2017 11 p.m. PDT",2442,2433,1820,-622
BANC,"7/4/2017 12 a.m. PDT",2190,2164,1548,-642
BANC,"7/4/2017 1 a.m. PDT",1975,1958,1304,-671
BANC,"7/4/2017 2 a.m. PDT",1840,1815,1222,-618
BANC,"7/4/2017 3 a.m. PDT",1727,1615,1194,-533
BANC,"7/4/2017 4 a.m. PDT",1667,1653,1213,-454
BANC,"7/4/2017 5 a.m. PDT",1656,1624,1228,-428
BANC,"7/4/2017 6 a.m. PDT",1659,1620,1219,-440
BANC,"7/4/2017 7 a.m. PDT",1648,1605,1535,-113
BANC,"7/4/2017 8 a.m. PDT",1702,1645,1593,-109
BANC,"7/4/2017 9 a.m. PDT",1802,1758,1637,-165
BANC,"7/4/2017 10 a.m. PDT",1932,1878,1640,-292
BANC,"7/4/2017 11 a.m. PDT",2108,2037,1761,-347
BANC,"7/4/2017 12 p.m. PDT",2315,2194,1804,-511
BANC,"7/4/2017 1 p.m. PDT",2538,2369,1941,-597
BANC,"7/4/2017 2 p.m. PDT",2810,2560,2140,-670
BANC,"7/4/2017 3 p.m. PDT",3045,2770,2383,-662
BANC,"7/4/2017 4 p.m. PDT",3278,2964,2514,-764
BANC,"7/4/2017 5 p.m. PDT",3375,3135,2523,-852
BANC,"7/4/2017 6 p.m. PDT",3386,3190,2531,-855
BANC,"7/4/2017 7 p.m. PDT",3284,3140,2604,-680
BANC,"7/4/2017 8 p.m. PDT",3074,2990,2481,-593
BANC,"7/4/2017 9 p.m. PDT",2839,2765,2439,-400
BANC,"7/4/2017 10 p.m. PDT",2627,2588,2306,-321
BANC,"7/4/2017 11 p.m. PDT",2426,2349,1753,-673
BANC,"7/5/2017 12 a.m. PDT",2217,2125,1612,-605
BANC,"7/5/2017 1 a.m. PDT",1994,1833,1533,-461
BANC,"7/5/2017 2 a.m. PDT",1819,1703,1257,-562
BANC,"7/5/2017 3 a.m. PDT",1725,1663,1228,-497
BANC,"7/5/2017 4 a.m. PDT",1675,1641,1245,-430
BANC,"7/5/2017 5 a.m. PDT",1677,1654,1231,-446
BANC,"7/5/2017 6 a.m. PDT",1736,1715,1287,-449
BANC,"7/5/2017 7 a.m. PDT",1791,1783,1615,-176
BANC,"7/5/2017 8 a.m. PDT",1910,1870,1722,-188
BANC,"7/5/2017 9 a.m. PDT",2019,1982,1810,-209
BANC,"7/5/2017 10 a.m. PDT",2128,2086,1804,-324
BANC,"7/5/2017 11 a.m. PDT",2275,2209,1910,-365
BANC,"7/5/2017 12 p.m. PDT",2448,2347,2042,-406
BANC,"7/5/2017 1 p.m. PDT",2663,2495,2168,-495
BANC,"7/5/2017 2 p.m. PDT",2886,2682,2321,-565
BANC,"7/5/2017 3 p.m. PDT",3052,2900,2345,-707
BANC,"7/5/2017 4 p.m. PDT",3128,3104,2319,-809
BANC,"7/5/2017 5 p.m. PDT",3201,3271,2271,-930
BANC,"7/5/2017 6 p.m. PDT",3331,3369,2388,-943
BANC,"7/5/2017 7 p.m. PDT",3370,3318,2604,-766
BANC,"7/5/2017 8 p.m. PDT",3250,3169,2715,-535
BANC,"7/5/2017 9 p.m. PDT",3065,2949,2675,-390
BANC,"7/5/2017 10 p.m. PDT",2898,2766,2592,-306
BANC,"7/5/2017 11 p.m. PDT",2584,2463,1813,-771
BANC,"7/6/2017 12 a.m. PDT",2257,2180,1614,-643
BANC,"7/6/2017 1 a.m. PDT",2027,1983,1419,-608
BANC,"7/6/2017 2 a.m. PDT",1865,1829,1369,-496
BANC,"7/6/2017 3 a.m. PDT",1767,1734,1263,-504
BANC,"7/6/2017 4 a.m. PDT",1716,1682,1211,-505
BANC,"7/6/2017 5 a.m. PDT",1723,1683,1214,-509
BANC,"7/6/2017 6 a.m. PDT",1789,1742,1449,-340
BANC,"7/6/2017 7 a.m. PDT",1844,1827,1772,-72
BANC,"7/6/2017 8 a.m. PDT",1977,1924,1693,-284
BANC,"7/6/2017 9 a.m. PDT",2117,2037,1778,-339
BANC,"7/6/2017 10 a.m. PDT",2274,2146,1964,-310
BANC,"7/6/2017 11 a.m. PDT",2483,2299,2163,-320
BANC,"7/6/2017 12 p.m. PDT",2734,2466,2282,-452
BANC,"7/6/2017 1 p.m. PDT",3013,2680,2207,-806
BANC,"7/6/2017 2 p.m. PDT",3330,2938,2440,-890
BANC,"7/6/2017 3 p.m. PDT",3601,3215,2542,-1059
BANC,"7/6/2017 4 p.m. PDT",3824,3452,2610,-1214
BANC,"7/6/2017 5 p.m. PDT",4014,3639,2755,-1259
BANC,"7/6/2017 6 p.m. PDT",4103,3706,2816,-1287
BANC,"7/6/2017 7 p.m. PDT",4046,3610,2909,-1137
BANC,"7/6/2017 8 p.m. PDT",3882,3424,2851,-1031
BANC,"7/6/2017 9 p.m. PDT",3622,3183,2682,-940
BANC,"7/6/2017 10 p.m. PDT",3387,2954,2581,-806
BANC,"7/6/2017 11 p.m. PDT",2961,2616,1953,-1008
BANC,"7/7/2017 12 a.m. PDT",2563,2308,1787,-776
BANC,"7/7/2017 1 a.m. PDT",2280,2203,1494,-786
BANC,"7/7/2017 2 a.m. PDT",2079,2012,1298,-781
BANC,"7/7/2017 3 a.m. PDT",1943,1892,1159,-784
BANC,"7/7/2017 4 a.m. PDT",1875,1835,1119,-756
BANC,"7/7/2017 5 a.m. PDT",1866,1831,1133,-733
BANC,"7/7/2017 6 a.m. PDT",1920,1878,1186,-734
BANC,"7/7/2017 7 a.m. PDT",1991,1988,1533,-458
BANC,"7/7/2017 8 a.m. PDT",2140,2092,1561,-579
BANC,"7/7/2017 9 a.m. PDT",2313,2234,1623,-690
BANC,"7/7/2017 10 a.m. PDT",2541,2420,1789,-752
BANC,"7/7/2017 11 a.m. PDT",2837,2662,2134,-703
BANC,"7/7/2017 12 p.m. PDT",3169,2950,2246,-923
BANC,"7/7/2017 1 p.m. PDT",3497,3269,2310,-1187
BANC,"7/7/2017 2 p.m. PDT",3805,3600,2420,-1385
BANC,"7/7/2017 3 p.m. PDT",4095,3874,2574,-1521
BANC,"7/7/2017 4 p.m. PDT",4306,4086,2811,-1495
BANC,"7/7/2017 5 p.m. PDT",4427,4248,2948,-1479
BANC,"7/7/2017 6 p.m. PDT",4450,4277,3073,-1377
BANC,"7/7/2017 7 p.m. PDT",4358,4165,3025,-1333
BANC,"7/7/2017 8 p.m. PDT",4195,3953,2947,-1248
BANC,"7/7/2017 9 p.m. PDT",3916,3685,2768,-1148
BANC,"7/7/2017 10 p.m. PDT",3696,3437,2567,-1129
BANC,"7/7/2017 11 p.m. PDT",3335,3021,2239,-1096
BANC,"7/8/2017 12 a.m. PDT",2958,2634,1986,-972
BANC,"7/8/2017 1 a.m. PDT",2612,2319,1548,-1064
BANC,"7/8/2017 2 a.m. PDT",2374,2122,1191,-1183
BANC,"7/8/2017 3 a.m. PDT",2177,1965,1121,-1056
BANC,"7/8/2017 4 a.m. PDT",2048,1867,1058,-990
BANC,"7/8/2017 5 a.m. PDT",1967,1819,1034,-933
BANC,"7/8/2017 6 a.m. PDT",1930,1812,1095,-835
BANC,"7/8/2017 7 a.m. PDT",1902,1812,1419,-483
BANC,"7/8/2017 8 a.m. PDT",2021,1875,1478,-543
BANC,"7/8/2017 9 a.m. PDT",2228,2028,1593,-635
BANC,"7/8/2017 10 a.m. PDT",2494,2208,1731,-763
BANC,"7/8/2017 11 a.m. PDT",2796,2417,1970,-826
BANC,"7/8/2017 12 p.m. PDT",3121,2670,2175,-946
BANC,"7/8/2017 1 p.m. PDT",3437,2925,2210,-1227
BANC,"7/8/2017 2 p.m. PDT",3615,3193,2240,-1375
BANC,"7/8/2017 3 p.m. PDT",3812,3468,2314,-1498
BANC,"7/8/2017 4 p.m. PDT",4019,3670,2549,-1470
BANC,"7/8/2017 5 p.m. PDT",4147,3802,2587,-1560
BANC,"7/8/2017 6 p.m. PDT",4145,3822,2700,-1445
BANC,"7/8/2017 7 p.m. PDT",4036,3735,2633,-1403
BANC,"7/8/2017 8 p.m. PDT",3800,3543,2499,-1301
BANC,"7/8/2017 9 p.m. PDT",3465,3289,2375,-1090
BANC,"7/8/2017 10 p.m. PDT",3276,3056,2243,-1033
BANC,"7/8/2017 11 p.m. PDT",2906,2702,1708,-1198
BANC,"7/9/2017 12 a.m. PDT",2566,2393,1454,-1112
BANC,"7/9/2017 1 a.m. PDT",2324,2150,1481,-843
BANC,"7/9/2017 2 a.m. PDT",2121,1963,1295,-826
BANC,"7/9/2017 3 a.m. PDT",1988,1834,1196,-792
BANC,"7/9/2017 4 a.m. PDT",1888,1752,1141,-747
BANC,"7/9/2017 5 a.m. PDT",1833,1710,1157,-676
BANC,"7/9/2017 6 a.m. PDT",1790,1692,1111,-679
BANC,"7/9/2017 7 a.m. PDT",1773,1674,1371,-402
BANC,"7/9/2017 8 a.m. PDT",1835,1731,1448,-387
BANC,"7/9/2017 9 a.m. PDT",1986,1873,1568,-418
BANC,"7/9/2017 10 a.m. PDT",2184,2044,1631,-553
BANC,"7/9/2017 11 a.m. PDT",2418,2282,1833,-585
BANC,"7/9/2017 12 p.m. PDT",2700,2546,2088,-612
BANC,"7/9/2017 1 p.m. PDT",2983,2849,2167,-816
BANC,"7/9/2017 2 p.m. PDT",3236,3164,2184,-1052
BANC,"7/9/2017 3 p.m. PDT",3543,3464,2357,-1186
BANC,"7/9/2017 4 p.m. PDT",3779,3698,2470,-1309
BANC,"7/9/2017 5 p.m. PDT",3953,3857,2558,-1395
BANC,"7/9/2017 6 p.m. PDT",4028,3955,2692,-1336
BANC,"7/9/2017 7 p.m. PDT",3989,3911,2808,-1181
BANC,"7/9/2017 8 p.m. PDT",3806,3752,2711,-1095
BANC,"7/9/2017 9 p.m. PDT",3562,3518,2469,-1093
BANC,"7/9/2017 10 p.m. PDT",3333,3288,2429,-904
BANC,"7/9/2017 11 p.m. PDT",2951,2867,1924,-1027
BANC,"7/10/2017 12 a.m. PDT",2581,2493,1770,-811
BANC,"7/10/2017 1 a.m. PDT",2303,2213,1399,-904
BANC,"7/10/2017 2 a.m. PDT",2104,2015,1266,-838
BANC,"7/10/2017 3 a.m. PDT",1968,1880,1190,-778
BANC,"7/10/2017 4 a.m. PDT",1891,1803,1126,-765
BANC,"7/10/2017 5 a.m. PDT",1883,1804,1137,-746
BANC,"7/10/2017 6 a.m. PDT",1943,1851,1429,-514
BANC,"7/10/2017 7 a.m. PDT",2029,1929,1746,-283
BANC,"7/10/2017 8 a.m. PDT",2166,2029,1765,-401
BANC,"7/10/2017 9 a.m. PDT",2318,2172,1764,-554
BANC,"7/10/2017 10 a.m. PDT",2496,2319,1823,-673
BANC,"7/10/2017 11 a.m. PDT",2730,2530,1932,-798
BANC,"7/10/2017 12 p.m. PDT",2978,2774,2038,-940
BANC,"7/10/2017 1 p.m. PDT",3262,3036,2048,-1214
BANC,"7/10/2017 2 p.m. PDT",3587,3336,2272,-1315
BANC,"7/10/2017 3 p.m. PDT",3828,3613,2392,-1436
BANC,"7/10/2017 4 p.m. PDT",4022,3848,2491,-1531
BANC,"7/10/2017 5 p.m. PDT",4158,4017,2665,-1493
BANC,"7/10/2017 6 p.m. PDT",4191,4047,2681,-1510
BANC,"7/10/2017 7 p.m. PDT",4095,3938,2809,-1286
BANC,"7/10/2017 8 p.m. PDT",3882,3724,2748,-1134
BANC,"7/10/2017 9 p.m. PDT",3588,3456,2619,-969
BANC,"7/10/2017 10 p.m. PDT",3299,3194,2382,-917
BANC,"7/10/2017 11 p.m. PDT",2900,2781,1905,-995
BANC,"7/11/2017 12 a.m. PDT",2526,2427,1610,-916
BANC,"7/11/2017 1 a.m. PDT",2258,2136,1354,-904
BANC,"7/11/2017 2 a.m. PDT",2075,1960,1147,-928
BANC,"7/11/2017 3 a.m. PDT",1943,1847,1047,-896
BANC,"7/11/2017 4 a.m. PDT",1883,1786,1016,-867
BANC,"7/11/2017 5 a.m. PDT",1878,1784,1021,-857
BANC,"7/11/2017 6 a.m. PDT",1936,1839,1147,-789
BANC,"7/11/2017 7 a.m. PDT",2007,1911,1554,-453
BANC,"7/11/2017 8 a.m. PDT",2114,1999,1655,-459
BANC,"7/11/2017 9 a.m. PDT",2228,2114,1602,-626
BANC,"7/11/2017 10 a.m. PDT",2372,2237,1621,-751
BANC,"7/11/2017 11 a.m. PDT",2540,2447,1744,-796
BANC,"7/11/2017 12 p.m. PDT",2745,2634,1956,-789
BANC,"7/11/2017 1 p.m. PDT",2963,2852,2030,-933
BANC,"7/11/2017 2 p.m. PDT",3224,3095,2153,-1071
BANC,"7/11/2017 3 p.m. PDT",3457,3324,2285,-1172
BANC,"7/11/2017 4 p.m. PDT",3662,3519,2440,-1222
BANC,"7/11/2017 5 p.m. PDT",3758,3668,2643,-1115
BANC,"7/11/2017 6 p.m. PDT",3816,3695,2703,-1113
BANC,"7/11/2017 7 p.m. PDT",3706,3572,2597,-1109
BANC,"7/11/2017 8 p.m. PDT",3483,3361,2532,-951
BANC,"7/11/2017 9 p.m. PDT",3223,3131,2347,-876
BANC,"7/11/2017 10 p.m. PDT",2993,2929,2053,-940
BANC,"7/11/2017 11 p.m. PDT",2653,2591,1692,-961
BANC,"7/12/2017 12 a.m. PDT",2334,2292,1330,-1004
BANC,"7/12/2017 1 a.m. PDT",2087,2096,1212,-875
BANC,"7/12/2017 2 a.m. PDT",1933,1932,1114,-819
BANC,"7/12/2017 3 a.m. PDT",1833,1832,1027,-806
BANC,"7/12/2017 4 a.m. PDT",1776,1767,960,-816
BANC,"7/12/2017 5 a.m. PDT",1780,1764,966,-814
BANC,"7/12/2017 6 a.m. PDT",1850,1817,1092,-758
BANC,"7/12/2017 7 a.m. PDT",1914,1882,1366,-548
BANC,"7/12/2017 8 a.m. PDT",2040,1985,1457,-583
BANC,"7/12/2017 9 a.m. PDT",2138,2096,1373,-765
BANC,"7/12/2017 10 a.m. PDT",2300,2226,1527,-773
BANC,"7/12/2017 11 a.m. PDT",2461,2400,1645,-816
BANC,"7/12/2017 12 p.m. PDT",2658,2582,1768,-890
BANC,"7/12/2017 1 p.m. PDT",2898,2796,1851,-1047
BANC,"7/12/2017 2 p.m. PDT",3163,3044,2007,-1156
BANC,"7/12/2017 3 p.m. PDT",3412,3278,2194,-1218
BANC,"7/12/2017 4 p.m. PDT",3621,3507,2449,-1172
BANC,"7/12/2017 5 p.m. PDT",3770,3679,2532,-1238
BANC,"7/12/2017 6 p.m. PDT",3844,3748,2621,-1223
BANC,"7/12/2017 7 p.m. PDT",3749,3649,2774,-975
BANC,"7/12/2017 8 p.m. PDT",3577,3458,2733,-844
BANC,"7/12/2017 9 p.m. PDT",3346,3176,2420,-926
BANC,"7/12/2017 10 p.m. PDT",3100,2964,2196,-904
BANC,"7/12/2017 11 p.m. PDT",2745,2656,1798,-947
BANC,"7/13/2017 12 a.m. PDT",2404,2338,1417,-987
BANC,"7/13/2017 1 a.m. PDT",2157,2109,1285,-872
BANC,"7/13/2017 2 a.m. PDT",1993,1941,1140,-853
BANC,"7/13/2017 3 a.m. PDT",1881,1838,1076,-805
BANC,"7/13/2017 4 a.m. PDT",1825,1774,1036,-789
BANC,"7/13/2017 5 a.m. PDT",1821,1774,1051,-770
BANC,"7/13/2017 6 a.m. PDT",1870,1828,1181,-689
BANC,"7/13/2017 7 a.m. PDT",1966,1901,1471,-495
BANC,"7/13/2017 8 a.m. PDT",2063,2011,1520,-543
BANC,"7/13/2017 9 a.m. PDT",2178,2126,1442,-736
BANC,"7/13/2017 10 a.m. PDT",2289,2257,1477,-812
BANC,"7/13/2017 11 a.m. PDT",2517,2433,1708,-809
BANC,"7/13/2017 12 p.m. PDT",2734,2626,1901,-833
BANC,"7/13/2017 1 p.m. PDT",2959,2830,1974,-985
BANC,"7/13/2017 2 p.m. PDT",3242,3062,2173,-1069
BANC,"7/13/2017 3 p.m. PDT",3473,3315,2395,-1078
BANC,"7/13/2017 4 p.m. PDT",3715,3560,2467,-1248
BANC,"7/13/2017 5 p.m. PDT",3811,3723,2664,-1147
BANC,"7/13/2017 6 p.m. PDT",3871,3807,2895,-976
BANC,"7/13/2017 7 p.m. PDT",3790,3686,2789,-1001
BANC,"7/13/2017 8 p.m. PDT",3594,3476,2616,-978
BANC,"7/13/2017 9 p.m. PDT",3331,3204,2247,-1084
BANC,"7/13/2017 10 p.m. PDT",3095,2989,2317,-778
BANC,"7/13/2017 11 p.m. PDT",2734,2656,1744,-990
BANC,"7/14/2017 12 a.m. PDT",2401,2336,1441,-960
BANC,"7/14/2017 1 a.m. PDT",2162,2135,1260,-902
BANC,"7/14/2017 2 a.m. PDT",2000,1967,1118,-882
BANC,"7/14/2017 3 a.m. PDT",1887,1856,1045,-842
BANC,"7/14/2017 4 a.m. PDT",1827,1789,1029,-798
BANC,"7/14/2017 5 a.m. PDT",1816,1787,1032,-784
BANC,"7/14/2017 6 a.m. PDT",1882,1832,1136,-746
BANC,"7/14/2017 7 a.m. PDT",1951,1898,1551,-400
BANC,"7/14/2017 8 a.m. PDT",2046,2007,1541,-505
BANC,"7/14/2017 9 a.m. PDT",2175,2129,1539,-636
BANC,"7/14/2017 10 a.m. PDT",2319,2275,1537,-782
BANC,"7/14/2017 11 a.m. PDT",2496,2462,1671,-825
BANC,"7/14/2017 12 p.m. PDT",2729,2679,1776,-953
BANC,"7/14/2017 1 p.m. PDT",2995,2899,2084,-911
BANC,"7/14/2017 2 p.m. PDT",3254,3153,2181,-1073
BANC,"7/14/2017 3 p.m. PDT",3530,3407,2256,-1274
BANC,"7/14/2017 4 p.m. PDT",3723,3638,2279,-1444
BANC,"7/14/2017 5 p.m. PDT",3882,3790,2558,-1324
BANC,"7/14/2017 6 p.m. PDT",3923,3858,2732,-1191
BANC,"7/14/2017 7 p.m. PDT",3812,3743,2716,-1096
BANC,"7/14/2017 8 p.m. PDT",3601,3527,2676,-925
BANC,"7/14/2017 9 p.m. PDT",3347,3251,2570,-777
BANC,"7/14/2017 10 p.m. PDT",3104,3020,2446,-658
BANC,"7/14/2017 11 p.m. PDT",2781,2696,1899,-882
BANC,"7/15/2017 12 a.m. PDT",2445,2373,1491,-954
BANC,"7/15/2017 1 a.m. PDT",2200,2262,1183,-1017
BANC,"7/15/2017 2 a.m. PDT",2019,2073,1068,-951
BANC,"7/15/2017 3 a.m. PDT",1906,1930,933,-973
BANC,"7/15/2017 4 a.m. PDT",1810,1839,847,-963
BANC,"7/15/2017 5 a.m. PDT",1783,1801,846,-937
BANC,"7/15/2017 6 a.m. PDT",1775,1793,866,-909
BANC,"7/15/2017 7 a.m. PDT",1787,1782,1131,-656
BANC,"7/15/2017 8 a.m. PDT",1862,1878,1224,-638
BANC,"7/15/2017 9 a.m. PDT",2028,2023,1287,-741
BANC,"7/15/2017 10 a.m. PDT",2193,2229,1420,-773
BANC,"7/15/2017 11 a.m. PDT",2436,2461,1547,-889
BANC,"7/15/2017 12 p.m. PDT",2702,2742,1682,-1020
BANC,"7/15/2017 1 p.m. PDT",3005,3003,1772,-1233
BANC,"7/15/2017 2 p.m. PDT",3286,3269,1927,-1359
BANC,"7/15/2017 3 p.m. PDT",3579,3542,2121,-1458
BANC,"7/15/2017 4 p.m. PDT",3784,3760,2209,-1575
BANC,"7/15/2017 5 p.m. PDT",3881,3915,2208,-1673
BANC,"7/15/2017 6 p.m. PDT",3891,3969,2294,-1597
BANC,"7/15/2017 7 p.m. PDT",3827,3916,2322,-1505
BANC,"7/15/2017 8 p.m. PDT",3706,3729,2356,-1350
BANC,"7/15/2017 9 p.m. PDT",3537,3466,2362,-1175
BANC,"7/15/2017 10 p.m. PDT",3385,3242,2208,-1177
BANC,"7/15/2017 11 p.m. PDT",3067,2898,1812,-1255
BANC,"7/16/2017 12 a.m. PDT",2750,2564,1587,-1163
BANC,"7/16/2017 1 a.m. PDT",2471,2439,1719,-752
BANC,"7/16/2017 2 a.m. PDT",2263,2216,1347,-916
BANC,"7/16/2017 3 a.m. PDT",2104,2037,1277,-827
BANC,"7/16/2017 4 a.m. PDT",2008,1931,1205,-803
BANC,"7/16/2017 5 a.m. PDT",1950,1866,1144,-806
BANC,"7/16/2017 6 a.m. PDT",1912,1839,1133,-779
BANC,"7/16/2017 7 a.m. PDT",1882,1833,1298,-584
BANC,"7/16/2017 8 a.m. PDT",1984,1899,1381,-603
BANC,"7/16/2017 9 a.m. PDT",2192,2019,1487,-705
BANC,"7/16/2017 10 a.m. PDT",2480,2222,1616,-864
BANC,"7/16/2017 11 a.m. PDT",2788,2494,1877,-911
BANC,"7/16/2017 12 p.m. PDT",3102,2749,2045,-1057
BANC,"7/16/2017 1 p.m. PDT",3391,3036,2061,-1330
BANC,"7/16/2017 2 p.m. PDT",3663,3343,2139,-1524
BANC,"7/16/2017 3 p.m. PDT",3910,3632,2168,-1742
BANC,"7/16/2017 4 p.m. PDT",4099,3832,2276,-1823
BANC,"7/16/2017 5 p.m. PDT",4209,4001,2303,-1906
BANC,"7/16/2017 6 p.m. PDT",4281,4091,2445,-1836
BANC,"7/16/2017 7 p.m. PDT",4245,4001,2521,-1724
BANC,"7/16/2017 8 p.m. PDT",4074,3824,2526,-1548
BANC,"7/16/2017 9 p.m. PDT",3827,3579,2551,-1276
BANC,"7/16/2017 10 p.m. PDT",3577,3355,2511,-1066
BANC,"7/16/2017 11 p.m. PDT",3159,2962,1962,-1197
BANC,"7/17/2017 12 a.m. PDT",2750,2598,1654,-1096
BANC,"7/17/2017 1 a.m. PDT",2449,2411,1514,-935
BANC,"7/17/2017 2 a.m. PDT",2226,2194,1374,-852
BANC,"7/17/2017 3 a.m. PDT",2076,2048,1307,-769
BANC,"7/17/2017 4 a.m. PDT",1989,1964,1231,-758
BANC,"7/17/2017 5 a.m. PDT",1967,1943,1185,-782
BANC,"7/17/2017 6 a.m. PDT",2018,1974,1263,-755
BANC,"7/17/2017 7 a.m. PDT",2082,2076,1533,-549
BANC,"7/17/2017 8 a.m. PDT",2228,2210,1643,-585
BANC,"7/17/2017 9 a.m. PDT",2417,2362,1680,-737
BANC,"7/17/2017 10 a.m. PDT",2607,2550,1797,-810
BANC,"7/17/2017 11 a.m. PDT",2865,2802,2004,-861
BANC,"7/17/2017 12 p.m. PDT",3135,3062,2149,-986
BANC,"7/17/2017 1 p.m. PDT",3452,3316,2210,-1242
BANC,"7/17/2017 2 p.m. PDT",3751,3610,2413,-1338
BANC,"7/17/2017 3 p.m. PDT",3985,3863,2527,-1458
BANC,"7/17/2017 4 p.m. PDT",4193,4063,2565,-1628
BANC,"7/17/2017 5 p.m. PDT",4305,4201,2603,-1702
BANC,"7/17/2017 6 p.m. PDT",4315,4222,2616,-1699
BANC,"7/17/2017 7 p.m. PDT",4210,4082,2678,-1532
BANC,"7/17/2017 8 p.m. PDT",3983,3850,2652,-1331
BANC,"7/17/2017 9 p.m. PDT",3691,3538,2549,-1142
BANC,"7/17/2017 10 p.m. PDT",3403,3281,2242,-1161
BANC,"7/17/2017 11 p.m. PDT",2975,2884,1984,-991
BANC,"7/18/2017 12 a.m. PDT",2576,2523,1623,-953
BANC,"7/18/2017 1 a.m. PDT",2288,2199,1416,-872
BANC,"7/18/2017 2 a.m. PDT",2094,2025,1237,-857
BANC,"7/18/2017 3 a.m. PDT",1964,1905,1155,-809
BANC,"7/18/2017 4 a.m. PDT",1889,1837,1101,-788
BANC,"7/18/2017 5 a.m. PDT",1879,1833,1098,-781
BANC,"7/18/2017 6 a.m. PDT",1932,1890,1228,-704
BANC,"7/18/2017 7 a.m. PDT",1984,1950,1579,-405
BANC,"7/18/2017 8 a.m. PDT",2090,2056,1647,-443
BANC,"7/18/2017 9 a.m. PDT",2196,2172,1649,-547
BANC,"7/18/2017 10 a.m. PDT",2319,2310,1656,-663
BANC,"7/18/2017 11 a.m. PDT",2479,2469,1762,-717
BANC,"7/18/2017 12 p.m. PDT",2641,2695,1863,-778
BANC,"7/18/2017 1 p.m. PDT",2817,2931,1932,-885
BANC,"7/18/2017 2 p.m. PDT",3001,3199,2087,-914
BANC,"7/18/2017 3 p.m. PDT",3183,3446,2229,-954
BANC,"7/18/2017 4 p.m. PDT",3365,3666,2187,-1178
BANC,"7/18/2017 5 p.m. PDT",3487,3806,2277,-1210
BANC,"7/18/2017 6 p.m. PDT",3525,3869,2455,-1070
BANC,"7/18/2017 7 p.m. PDT",3425,3759,2539,-886
BANC,"7/18/2017 8 p.m. PDT",3211,3557,2460,-751
BANC,"7/18/2017 9 p.m. PDT",3003,3309,2442,-561
BANC,"7/18/2017 10 p.m. PDT",2805,3071,2248,-557
BANC,"7/18/2017 11 p.m. PDT",2504,2702,1651,-853
BANC,"7/19/2017 12 a.m. PDT",2205,2387,1385,-820
BANC,"7/19/2017 1 a.m. PDT",1991,2131,1169,-822
BANC,"7/19/2017 2 a.m. PDT",1873,1966,1054,-819
BANC,"7/19/2017 3 a.m. PDT",1766,1856,1017,-749
BANC,"7/19/2017 4 a.m. PDT",1728,1792,1012,-716
BANC,"7/19/2017 5 a.m. PDT",1739,1791,1025,-714
BANC,"7/19/2017 6 a.m. PDT",1800,1841,1104,-696
BANC,"7/19/2017 7 a.m. PDT",1886,1911,1413,-473
BANC,"7/19/2017 8 a.m. PDT",1980,2010,1520,-460
BANC,"7/19/2017 9 a.m. PDT",2083,2134,1563,-520
BANC,"7/19/2017 10 a.m. PDT",2204,2280,1478,-726
BANC,"7/19/2017 11 a.m. PDT",2339,2449,1581,-758
BANC,"7/19/2017 12 p.m. PDT",2539,2664,1702,-837
BANC,"7/19/2017 1 p.m. PDT",2728,2908,1904,-824
BANC,"7/19/2017 2 p.m. PDT",2966,3180,1952,-1014
BANC,"7/19/2017 3 p.m. PDT",3187,3437,2049,-1138
BANC,"7/19/2017 4 p.m. PDT",3474,3664,2410,-1064
BANC,"7/19/2017 5 p.m. PDT",3644,3846,2545,-1099
BANC,"7/19/2017 6 p.m. PDT",3733,3890,2588,-1145
BANC,"7/19/2017 7 p.m. PDT",3656,3792,2564,-1092
BANC,"7/19/2017 8 p.m. PDT",3460,3604,2491,-969
BANC,"7/19/2017 9 p.m. PDT",3202,3341,2372,-830
BANC,"7/19/2017 10 p.m. PDT",2953,3107,2112,-841
BANC,"7/19/2017 11 p.m. PDT",2599,2758,1664,-935
BANC,"7/20/2017 12 a.m. PDT",2275,2417,1381,-894
BANC,"7/20/2017 1 a.m. PDT",2048,2154,1070,-978
BANC,"7/20/2017 2 a.m. PDT",1900,1986,968,-932
BANC,"7/20/2017 3 a.m. PDT",1808,1872,904,-904
BANC,"7/20/2017 4 a.m. PDT",1752,1807,868,-884
BANC,"7/20/2017 5 a.m. PDT",1764,1812,850,-914
BANC,"7/20/2017 6 a.m. PDT",1830,1868,967,-863
BANC,"7/20/2017 7 a.m. PDT",1897,1930,1304,-593
BANC,"7/20/2017 8 a.m. PDT",1985,2042,1386,-599
BANC,"7/20/2017 9 a.m. PDT",2096,2160,1399,-697
BANC,"7/20/2017 10 a.m. PDT",2211,2296,1424,-787
BANC,"7/20/2017 11 a.m. PDT",2347,2462,1524,-823
BANC,"7/20/2017 12 p.m. PDT",2523,2658,1614,-909
BANC,"7/20/2017 1 p.m. PDT",2717,2883,1697,-1020
BANC,"7/20/2017 2 p.m. PDT",2972,3149,2023,-949
BANC,"7/20/2017 3 p.m. PDT",3223,3403,2108,-1115
BANC,"7/20/2017 4 p.m. PDT",3469,3619,2350,-1119
BANC,"7/20/2017 5 p.m. PDT",3642,3787,2486,-1156
BANC,"7/20/2017 6 p.m. PDT",3728,3829,2723,-1005
BANC,"7/20/2017 7 p.m. PDT",3629,3720,2739,-890
BANC,"7/20/2017 8 p.m. PDT",3489,3517,2674,-815
BANC,"7/20/2017 9 p.m. PDT",3200,3273,2490,-710
BANC,"7/20/2017 10 p.m. PDT",2966,3033,2463,-503
BANC,"7/20/2017 11 p.m. PDT",2622,2697,1531,-1091
BANC,"7/21/2017 12 a.m. PDT",2303,2368,1277,-1026
BANC,"7/21/2017 1 a.m. PDT",2063,2145,1333,-730
BANC,"7/21/2017 2 a.m. PDT",1916,1987,1244,-672
BANC,"7/21/2017 3 a.m. PDT",1808,1878,1179,-629
BANC,"7/21/2017 4 a.m. PDT",1752,1814,1103,-649
BANC,"7/21/2017 5 a.m. PDT",1758,1814,1109,-649
BANC,"7/21/2017 6 a.m. PDT",1808,1878,1160,-648
BANC,"7/21/2017 7 a.m. PDT",1885,1944,1377,-508
BANC,"7/21/2017 8 a.m. PDT",1956,2054,1429,-527
BANC,"7/21/2017 9 a.m. PDT",2077,2177,1436,-641
BANC,"7/21/2017 10 a.m. PDT",2237,2319,1439,-798
BANC,"7/21/2017 11 a.m. PDT",2413,2499,1458,-955
BANC,"7/21/2017 12 p.m. PDT",2601,2723,1683,-918
BANC,"7/21/2017 1 p.m. PDT",2839,2960,1848,-991
BANC,"7/21/2017 2 p.m. PDT",3111,3231,2015,-1096
BANC,"7/21/2017 3 p.m. PDT",3374,3497,2137,-1237
BANC,"7/21/2017 4 p.m. PDT",3617,3714,2477,-1140
BANC,"7/21/2017 5 p.m. PDT",3787,3874,2508,-1279
BANC,"7/21/2017 6 p.m. PDT",3861,3923,2660,-1201
BANC,"7/21/2017 7 p.m. PDT",3784,3803,2695,-1089
BANC,"7/21/2017 8 p.m. PDT",3577,3599,2625,-952
BANC,"7/21/2017 9 p.m. PDT",3316,3364,2548,-768
BANC,"7/21/2017 10 p.m. PDT",3056,3138,2225,-831
BANC,"7/21/2017 11 p.m. PDT",2705,2791,1702,-1003
BANC,"7/22/2017 12 a.m. PDT",2390,2457,1563,-827
BANC,"7/22/2017 1 a.m. PDT",2134,2172,1327,-807
BANC,"7/22/2017 2 a.m. PDT",1963,2007,1168,-795
BANC,"7/22/2017 3 a.m. PDT",1847,1887,1066,-781
BANC,"7/22/2017 4 a.m. PDT",1765,1798,960,-805
BANC,"7/22/2017 5 a.m. PDT",1733,1762,993,-740
BANC,"7/22/2017 6 a.m. PDT",1734,1768,1008,-726
BANC,"7/22/2017 7 a.m. PDT",1724,1764,1233,-491
BANC,"7/22/2017 8 a.m. PDT",1799,1844,1269,-530
BANC,"7/22/2017 9 a.m. PDT",1936,1986,1306,-630
BANC,"7/22/2017 10 a.m. PDT",2100,2164,1362,-738
BANC,"7/22/2017 11 a.m. PDT",2297,2391,1426,-871
BANC,"7/22/2017 12 p.m. PDT",2556,2655,1583,-973
BANC,"7/22/2017 1 p.m. PDT",2842,2914,1761,-1081
BANC,"7/22/2017 2 p.m. PDT",3146,3197,1925,-1221
BANC,"7/22/2017 3 p.m. PDT",3438,3486,2106,-1332
BANC,"7/22/2017 4 p.m. PDT",3690,3707,2304,-1386
BANC,"7/22/2017 5 p.m. PDT",3855,3847,2411,-1444
BANC,"7/22/2017 6 p.m. PDT",3949,3898,2455,-1494
BANC,"7/22/2017 7 p.m. PDT",3922,3847,2487,-1435
BANC,"7/22/2017 8 p.m. PDT",3790,3687,2469,-1321
BANC,"7/22/2017 9 p.m. PDT",3580,3468,2417,-1163
BANC,"7/22/2017 10 p.m. PDT",3353,3257,2175,-1178
BANC,"7/22/2017 11 p.m. PDT",2983,2923,1506,-1477
BANC,"7/23/2017 12 a.m. PDT",2653,2603,1396,-1257
BANC,"7/23/2017 1 a.m. PDT",2225,2340,1268,-957
BANC,"7/23/2017 2 a.m. PDT",2173,2139,1244,-929
BANC,"7/23/2017 3 a.m. PDT",2023,2000,1284,-739
BANC,"7/23/2017 4 a.m. PDT",1933,1886,1259,-674
BANC,"7/23/2017 5 a.m. PDT",1862,1840,1208,-654
BANC,"7/23/2017 6 a.m. PDT",1838,1821,1188,-650
BANC,"7/23/2017 7 a.m. PDT",1812,1785,1340,-472
BANC,"7/23/2017 8 a.m. PDT",1878,1860,1345,-533
BANC,"7/23/2017 9 a.m. PDT",1977,2021,1442,-535
BANC,"7/23/2017 10 a.m. PDT",2197,2236,1484,-713
BANC,"7/23/2017 11 a.m. PDT",2458,2482,1578,-880
BANC,"7/23/2017 12 p.m. PDT",2770,2776,1852,-918
BANC,"7/23/2017 1 p.m. PDT",3116,3042,1974,-1142
BANC,"7/23/2017 2 p.m. PDT",3405,3334,2074,-1331
BANC,"7/23/2017 3 p.m. PDT",3665,3612,2207,-1458
BANC,"7/23/2017 4 p.m. PDT",3943,3827,2310,-1633
BANC,"7/23/2017 5 p.m. PDT",4063,3988,2346,-1717
BANC,"7/23/2017 6 p.m. PDT",4111,4062,2494,-1617
BANC,"7/23/2017 7 p.m. PDT",4051,3998,2590,-1461
BANC,"7/23/2017 8 p.m. PDT",3867,3785,2577,-1290
BANC,"7/23/2017 9 p.m. PDT",3600,3537,2432,-1168
BANC,"7/23/2017 10 p.m. PDT",3342,3280,2278,-1064
BANC,"7/23/2017 11 p.m. PDT",2902,2873,1763,-1139
BANC,"7/24/2017 12 a.m. PDT",2506,2503,1467,-1039
BANC,"7/24/2017 1 a.m. PDT",2245,2295,1275,-970
BANC,"7/24/2017 2 a.m. PDT",2090,2087,1096,-994
BANC,"7/24/2017 3 a.m. PDT",1968,1987,1028,-940
BANC,"7/24/2017 4 a.m. PDT",1889,1895,980,-909
BANC,"7/24/2017 5 a.m. PDT",1875,1884,972,-903
BANC,"7/24/2017 6 a.m. PDT",1933,1948,1100,-833
BANC,"7/24/2017 7 a.m. PDT",1986,2017,1508,-478
BANC,"7/24/2017 8 a.m. PDT",2112,2147,1537,-575
BANC,"7/24/2017 9 a.m. PDT",2189,2272,1612,-577
BANC,"7/24/2017 10 a.m. PDT",2328,2428,1722,-606
BANC,"7/24/2017 11 a.m. PDT",2492,2631,1841,-651
BANC,"7/24/2017 12 p.m. PDT",2707,2872,1924,-783
BANC,"7/24/2017 1 p.m. PDT",2889,3137,1878,-1011
BANC,"7/24/2017 2 p.m. PDT",3125,3398,1971,-1154
BANC,"7/24/2017 3 p.m. PDT",3310,3653,2062,-1248
BANC,"7/24/2017 4 p.m. PDT",3526,3848,2223,-1303
BANC,"7/24/2017 5 p.m. PDT",3683,3969,2351,-1332
BANC,"7/24/2017 6 p.m. PDT",3707,4007,2311,-1396
BANC,"7/24/2017 7 p.m. PDT",3600,3869,2368,-1232
BANC,"7/24/2017 8 p.m. PDT",3375,3662,2263,-1112
BANC,"7/24/2017 9 p.m. PDT",3121,3417,2204,-917
BANC,"7/24/2017 10 p.m. PDT",2874,3172,2103,-771
BANC,"7/24/2017 11 p.m. PDT",2535,2777,1492,-1043
BANC,"7/25/2017 12 a.m. PDT",2228,2424,1296,-932
BANC,"7/25/2017 1 a.m. PDT",2024,2146,1270,-754
BANC,"7/25/2017 2 a.m. PDT",1886,1986,1178,-708
BANC,"7/25/2017 3 a.m. PDT",1792,1889,1096,-696
BANC,"7/25/2017 4 a.m. PDT",1758,1826,1079,-679
BANC,"7/25/2017 5 a.m. PDT",1758,1833,1089,-669
BANC,"7/25/2017 6 a.m. PDT",1837,1907,1150,-687
BANC,"7/25/2017 7 a.m. PDT",1908,1976,1473,-435
BANC,"7/25/2017 8 a.m. PDT",2001,2075,1579,-422
BANC,"7/25/2017 9 a.m. PDT",2064,2182,1530,-534
BANC,"7/25/2017 10 a.m. PDT",2169,2306,1489,-680
BANC,"7/25/2017 11 a.m. PDT",2337,2469,1642,-695
BANC,"7/25/2017 12 p.m. PDT",2538,2659,1841,-697
BANC,"7/25/2017 1 p.m. PDT",2744,2858,1893,-851
BANC,"7/25/2017 2 p.m. PDT",2991,3095,2034,-957
BANC,"7/25/2017 3 p.m. PDT",3252,3304,2317,-935
BANC,"7/25/2017 4 p.m. PDT",3467,3520,2374,-1093
BANC,"7/25/2017 5 p.m. PDT",3597,3692,2562,-1035
BANC,"7/25/2017 6 p.m. PDT",3684,3732,2782,-902
BANC,"7/25/2017 7 p.m. PDT",3636,3607,2767,-869
BANC,"7/25/2017 8 p.m. PDT",3440,3406,2662,-778
BANC,"7/25/2017 9 p.m. PDT",3180,3189,2551,-629
BANC,"7/25/2017 10 p.m. PDT",2951,2957,2201,-750
BANC,"7/25/2017 11 p.m. PDT",2587,2650,1699,-888
BANC,"7/26/2017 12 a.m. PDT",2292,2317,1581,-711
BANC,"7/26/2017 1 a.m. PDT",2064,2133,1309,-755
BANC,"7/26/2017 2 a.m. PDT",1918,1968,1201,-717
BANC,"7/26/2017 3 a.m. PDT",1819,1867,1121,-698
BANC,"7/26/2017 4 a.m. PDT",1766,1804,1075,-691
BANC,"7/26/2017 5 a.m. PDT",1768,1804,1081,-687
BANC,"7/26/2017 6 a.m. PDT",1858,1871,1202,-656
BANC,"7/26/2017 7 a.m. PDT",1920,1931,1357,-563
BANC,"7/26/2017 8 a.m. PDT",2017,2044,1470,-547
BANC,"7/26/2017 9 a.m. PDT",2123,2164,1500,-623
BANC,"7/26/2017 10 a.m. PDT",2241,2313,1471,-770
BANC,"7/26/2017 11 a.m. PDT",2392,2495,1613,-779
BANC,"7/26/2017 12 p.m. PDT",2588,2724,1809,-779
BANC,"7/26/2017 1 p.m. PDT",2819,2978,1909,-910
BANC,"7/26/2017 2 p.m. PDT",3095,3240,2050,-1045
BANC,"7/26/2017 3 p.m. PDT",3366,3501,2146,-1220
BANC,"7/26/2017 4 p.m. PDT",3601,3743,2280,-1321
BANC,"7/26/2017 5 p.m. PDT",3810,3937,2412,-1398
BANC,"7/26/2017 6 p.m. PDT",3871,4003,2451,-1420
BANC,"7/26/2017 7 p.m. PDT",3798,3897,2688,-1110
BANC,"7/26/2017 8 p.m. PDT",3594,3693,2560,-1034
BANC,"7/26/2017 9 p.m. PDT",3352,3466,2479,-873
BANC,"7/26/2017 10 p.m. PDT",3106,3212,2245,-861
BANC,"7/26/2017 11 p.m. PDT",2741,2836,1842,-899
BANC,"7/27/2017 12 a.m. PDT",2403,2507,1645,-758
BANC,"7/27/2017 1 a.m. PDT",2164,2235,1215,-949
BANC,"7/27/2017 2 a.m. PDT",2001,2050,1023,-978
BANC,"7/27/2017 3 a.m. PDT",1888,1933,904,-984
BANC,"7/27/2017 4 a.m. PDT",1825,1856,855,-970
BANC,"7/27/2017 5 a.m. PDT",1830,1850,887,-943
BANC,"7/27/2017 6 a.m. PDT",1898,1908,952,-946
BANC,"7/27/2017 7 a.m. PDT",1965,1975,1330,-635
BANC,"7/27/2017 8 a.m. PDT",2079,2097,1446,-633
BANC,"7/27/2017 9 a.m. PDT",2157,2245,1393,-764
BANC,"7/27/2017 10 a.m. PDT",2358,2419,1461,-897
BANC,"7/27/2017 11 a.m. PDT",2561,2640,1609,-952
BANC,"7/27/2017 12 p.m. PDT",2820,2912,1883,-937
BANC,"7/27/2017 1 p.m. PDT",3113,3190,2095,-1018
BANC,"7/27/2017 2 p.m. PDT",3439,3503,2269,-1170
BANC,"7/27/2017 3 p.m. PDT",3750,3810,2453,-1297
BANC,"7/27/2017 4 p.m. PDT",3985,4067,2522,-1463
BANC,"7/27/2017 5 p.m. PDT",4128,4227,2754,-1374
BANC,"7/27/2017 6 p.m. PDT",4215,4287,2599,-1616
BANC,"7/27/2017 7 p.m. PDT",4139,4160,2728,-1411
BANC,"7/27/2017 8 p.m. PDT",3945,3950,2626,-1319
BANC,"7/27/2017 9 p.m. PDT",3710,3725,2521,-1189
BANC,"7/27/2017 10 p.m. PDT",3441,3431,2360,-1081
BANC,"7/27/2017 11 p.m. PDT",3032,2996,1695,-1337
BANC,"7/28/2017 12 a.m. PDT",2644,2618,1491,-1153
BANC,"7/28/2017 1 a.m. PDT",2363,2245,1515,-848
BANC,"7/28/2017 2 a.m. PDT",2169,2057,1365,-804
BANC,"7/28/2017 3 a.m. PDT",2018,1935,1235,-783
BANC,"7/28/2017 4 a.m. PDT",1940,1868,1140,-800
BANC,"7/28/2017 5 a.m. PDT",1917,1859,1146,-771
BANC,"7/28/2017 6 a.m. PDT",1982,1921,1258,-724
BANC,"7/28/2017 7 a.m. PDT",2061,1985,1548,-513
BANC,"7/28/2017 8 a.m. PDT",2174,2107,1611,-563
BANC,"7/28/2017 9 a.m. PDT",2336,2237,1624,-712
BANC,"7/28/2017 10 a.m. PDT",2527,2407,1686,-841
BANC,"7/28/2017 11 a.m. PDT",2745,2630,1859,-886
BANC,"7/28/2017 12 p.m. PDT",3039,2894,2066,-973
BANC,"7/28/2017 1 p.m. PDT",3320,3162,2156,-1164
BANC,"7/28/2017 2 p.m. PDT",3618,3477,2239,-1379
BANC,"7/28/2017 3 p.m. PDT",3884,3748,2350,-1534
BANC,"7/28/2017 4 p.m. PDT",4099,3977,2613,-1486
BANC,"7/28/2017 5 p.m. PDT",4197,4128,2617,-1580
BANC,"7/28/2017 6 p.m. PDT",4182,4169,2646,-1536
BANC,"7/28/2017 7 p.m. PDT",4026,4053,2541,-1485
BANC,"7/28/2017 8 p.m. PDT",3770,3837,2394,-1376
BANC,"7/28/2017 9 p.m. PDT",3471,3594,2375,-1096
BANC,"7/28/2017 10 p.m. PDT",3196,3305,2119,-1077
BANC,"7/28/2017 11 p.m. PDT",2798,2901,1741,-1057
BANC,"7/29/2017 12 a.m. PDT",2478,2544,1566,-912
BANC,"7/29/2017 1 a.m. PDT",2207,2192,1355,-852
BANC,"7/29/2017 2 a.m. PDT",2031,2011,1209,-822
BANC,"7/29/2017 3 a.m. PDT",1890,1886,1181,-709
BANC,"7/29/2017 4 a.m. PDT",1819,1802,1058,-761
BANC,"7/29/2017 5 a.m. PDT",1779,1766,1025,-754
BANC,"7/29/2017 6 a.m. PDT",1768,1771,1107,-661
BANC,"7/29/2017 7 a.m. PDT",1763,1763,1366,-397
BANC,"7/29/2017 8 a.m. PDT",1827,1830,1295,-532
BANC,"7/29/2017 9 a.m. PDT",1952,1961,1322,-630
BANC,"7/29/2017 10 a.m. PDT",2116,2127,1320,-796
BANC,"7/29/2017 11 a.m. PDT",2294,2336,1455,-839
BANC,"7/29/2017 12 p.m. PDT",2512,2586,1640,-872
BANC,"7/29/2017 1 p.m. PDT",2767,2848,1727,-1040
BANC,"7/29/2017 2 p.m. PDT",3040,3115,1971,-1069
BANC,"7/29/2017 3 p.m. PDT",3297,3391,2031,-1266
BANC,"7/29/2017 4 p.m. PDT",3529,3622,2132,-1397
BANC,"7/29/2017 5 p.m. PDT",3690,3758,2387,-1303
BANC,"7/29/2017 6 p.m. PDT",3739,3810,2456,-1283
BANC,"7/29/2017 7 p.m. PDT",3664,3745,2471,-1193
BANC,"7/29/2017 8 p.m. PDT",3473,3586,2390,-1083
BANC,"7/29/2017 9 p.m. PDT",3218,3370,2207,-1011
BANC,"7/29/2017 10 p.m. PDT",2977,3133,2213,-764
BANC,"7/29/2017 11 p.m. PDT",2643,2788,1601,-1042
BANC,"7/30/2017 12 a.m. PDT",2331,2480,1452,-879
BANC,"7/30/2017 1 a.m. PDT",2108,2294,1093,-1015
BANC,"7/30/2017 2 a.m. PDT",1935,2102,884,-1051
BANC,"7/30/2017 3 a.m. PDT",1826,1963,806,-1020
BANC,"7/30/2017 4 a.m. PDT",1750,1855,770,-980
BANC,"7/30/2017 5 a.m. PDT",1712,1805,734,-978
BANC,"7/30/2017 6 a.m. PDT",1700,1776,729,-971
BANC,"7/30/2017 7 a.m. PDT",1689,1763,1103,-586
BANC,"7/30/2017 8 a.m. PDT",1717,1828,1157,-560
BANC,"7/30/2017 9 a.m. PDT",1835,1980,1194,-641
BANC,"7/30/2017 10 a.m. PDT",1983,2171,1202,-781
BANC,"7/30/2017 11 a.m. PDT",2170,2408,1243,-927
BANC,"7/30/2017 12 p.m. PDT",2387,2681,1449,-938
BANC,"7/30/2017 1 p.m. PDT",2668,2982,1658,-1010
BANC,"7/30/2017 2 p.m. PDT",3000,3289,1854,-1146
BANC,"7/30/2017 3 p.m. PDT",3309,3576,2046,-1263
BANC,"7/30/2017 4 p.m. PDT",3577,3804,2336,-1241
BANC,"7/30/2017 5 p.m. PDT",3770,3941,2521,-1249
BANC,"7/30/2017 6 p.m. PDT",3850,3995,2555,-1295
BANC,"7/30/2017 7 p.m. PDT",3795,3961,2576,-1219
BANC,"7/30/2017 8 p.m. PDT",3602,3815,2456,-1146
BANC,"7/30/2017 9 p.m. PDT",3397,3593,2403,-994
BANC,"7/30/2017 10 p.m. PDT",3180,3355,2394,-786
BANC,"7/30/2017 11 p.m. PDT",2799,2956,1553,-1246
BANC,"7/31/2017 12 a.m. PDT",2447,2586,1349,-1098
BANC,"7/31/2017 1 a.m. PDT",2208,2289,1231,-977
BANC,"7/31/2017 2 a.m. PDT",2019,2094,1060,-959
BANC,"7/31/2017 3 a.m. PDT",1907,1963,995,-912
BANC,"7/31/2017 4 a.m. PDT",1842,1888,912,-930
BANC,"7/31/2017 5 a.m. PDT",1832,1882,920,-912
BANC,"7/31/2017 6 a.m. PDT",1907,1943,1010,-897
BANC,"7/31/2017 7 a.m. PDT",1964,2014,1504,-460
BANC,"7/31/2017 8 a.m. PDT",2061,2138,1659,-402
BANC,"7/31/2017 9 a.m. PDT",2181,2288,1503,-678
BANC,"7/31/2017 10 a.m. PDT",2328,2463,1501,-827
BANC,"7/31/2017 11 a.m. PDT",2507,2741,1678,-829
BANC,"7/31/2017 12 p.m. PDT",2741,3024,1815,-926
BANC,"7/31/2017 1 p.m. PDT",2999,3348,1787,-1212
BANC,"7/31/2017 2 p.m. PDT",3306,3642,1848,-1458
BANC,"7/31/2017 3 p.m. PDT",3614,3936,2096,-1518
BANC,"7/31/2017 4 p.m. PDT",3878,4175,2436,-1442
BANC,"7/31/2017 5 p.m. PDT",4049,4300,2528,-1521
BANC,"7/31/2017 6 p.m. PDT",4124,4327,2707,-1417
BANC,"7/31/2017 7 p.m. PDT",4035,4205,2734,-1301
BANC,"7/31/2017 8 p.m. PDT",3786,4009,2554,-1232
BANC,"7/31/2017 9 p.m. PDT",3551,3776,2418,-1133
BANC,"7/31/2017 10 p.m. PDT",3257,3496,2209,-1048
BANC,"7/31/2017 11 p.m. PDT",2858,3022,1669,-1189
BANC,"8/1/2017 12 a.m. PDT",2521,2626,1489,-1032
