"BA Code","Timestamp (Hour Ending)","Demand (MWh)","Demand Forecast (MWh)","Net Generation (MWh)","Total Interchange (MWh)"
BANC,"10/1/2016 12 a.m. PDT",1713,1733,1126,-587
BANC,"10/1/2016 1 a.m. PDT",1602,1619,1051,-551
BANC,"10/1/2016 2 a.m. PDT",1539,1541,989,-550
BANC,"10/1/2016 3 a.m. PDT",1488,1488,958,-530
BANC,"10/1/2016 4 a.m. PDT",1468,1451,933,-535
BANC,"10/1/2016 5 a.m. PDT",1474,1449,939,-535
BANC,"10/1/2016 6 a.m. PDT",1507,1489,1002,-505
BANC,"10/1/2016 7 a.m. PDT",1571,1548,1320,-251
BANC,"10/1/2016 8 a.m. PDT",1580,1594,1336,-244
BANC,"10/1/2016 9 a.m. PDT",1656,1672,1348,-308
BANC,"10/1/2016 10 a.m. PDT",1711,1744,1271,-440
BANC,"10/1/2016 11 a.m. PDT",1758,1798,1382,-376
BANC,"10/1/2016 12 p.m. PDT",1771,1819,1428,-343
BANC,"10/1/2016 1 p.m. PDT",1773,1835,1442,-331
BANC,"10/1/2016 2 p.m. PDT",1808,1851,1477,-331
BANC,"10/1/2016 3 p.m. PDT",1819,1864,1498,-321
BANC,"10/1/2016 4 p.m. PDT",1856,1886,1540,-316
BANC,"10/1/2016 5 p.m. PDT",1905,1919,1589,-316
BANC,"10/1/2016 6 p.m. PDT",1938,1923,1744,-194
BANC,"10/1/2016 7 p.m. PDT",1954,1979,1749,-205
BANC,"10/1/2016 8 p.m. PDT",2030,2063,1799,-231
BANC,"10/1/2016 9 p.m. PDT",1990,2006,1749,-241
BANC,"10/1/2016 10 p.m. PDT",1920,1921,1756,-164
BANC,"10/1/2016 11 p.m. PDT",1790,1781,1339,-451
BANC,"10/2/2016 12 a.m. PDT",1664,1647,1179,-485
BANC,"10/2/2016 1 a.m. PDT",1552,1577,1083,-469
BANC,"10/2/2016 2 a.m. PDT",1495,1508,1061,-434
BANC,"10/2/2016 3 a.m. PDT",1443,1455,1022,-421
BANC,"10/2/2016 4 a.m. PDT",1428,1422,995,-433
BANC,"10/2/2016 5 a.m. PDT",1424,1432,993,-431
BANC,"10/2/2016 6 a.m. PDT",1448,1467,1025,-423
BANC,"10/2/2016 7 a.m. PDT",1493,1530,1132,-361
BANC,"10/2/2016 8 a.m. PDT",1507,1560,1148,-359
BANC,"10/2/2016 9 a.m. PDT",1589,1634,1207,-382
BANC,"10/2/2016 10 a.m. PDT",1657,1708,1202,-455
BANC,"10/2/2016 11 a.m. PDT",1695,1774,1193,-502
BANC,"10/2/2016 12 p.m. PDT",1726,1831,1173,-553
BANC,"10/2/2016 1 p.m. PDT",1766,1844,1263,-503
BANC,"10/2/2016 2 p.m. PDT",1752,1852,1338,-414
BANC,"10/2/2016 3 p.m. PDT",1752,1857,1341,-411
BANC,"10/2/2016 4 p.m. PDT",1749,1868,1344,-405
BANC,"10/2/2016 5 p.m. PDT",1786,1925,1365,-421
BANC,"10/2/2016 6 p.m. PDT",1854,1959,1401,-453
BANC,"10/2/2016 7 p.m. PDT",1912,2011,1535,-377
BANC,"10/2/2016 8 p.m. PDT",2012,2108,1555,-457
BANC,"10/2/2016 9 p.m. PDT",1986,2064,1394,-592
BANC,"10/2/2016 10 p.m. PDT",1891,1963,1357,-534
BANC,"10/2/2016 11 p.m. PDT",1758,1801,1235,-523
BANC,"10/3/2016 12 a.m. PDT",1616,1650,1106,-510
BANC,"10/3/2016 1 a.m. PDT",1520,1524,984,-536
BANC,"10/3/2016 2 a.m. PDT",1459,1455,935,-524
BANC,"10/3/2016 3 a.m. PDT",1424,1428,883,-541
BANC,"10/3/2016 4 a.m. PDT",1437,1421,904,-533
BANC,"10/3/2016 5 a.m. PDT",1472,1460,946,-526
BANC,"10/3/2016 6 a.m. PDT",1565,1579,1037,-528
BANC,"10/3/2016 7 a.m. PDT",1769,1777,1316,-453
BANC,"10/3/2016 8 a.m. PDT",1855,1898,1406,-449
BANC,"10/3/2016 9 a.m. PDT",1896,1917,1383,-513
BANC,"10/3/2016 10 a.m. PDT",1940,1939,1444,-496
BANC,"10/3/2016 11 a.m. PDT",1968,1971,1536,-432
BANC,"10/3/2016 12 p.m. PDT",1975,1971,1418,-557
BANC,"10/3/2016 1 p.m. PDT",1984,1975,1440,-544
BANC,"10/3/2016 2 p.m. PDT",1949,1996,1396,-553
BANC,"10/3/2016 3 p.m. PDT",1938,2000,1368,-570
BANC,"10/3/2016 4 p.m. PDT",1935,1994,1393,-542
BANC,"10/3/2016 5 p.m. PDT",1930,2029,1464,-466
BANC,"10/3/2016 6 p.m. PDT",1965,2039,1540,-425
BANC,"10/3/2016 7 p.m. PDT",2031,2112,1639,-392
BANC,"10/3/2016 8 p.m. PDT",2100,2165,1669,-431
BANC,"10/3/2016 9 p.m. PDT",2069,2114,1584,-485
BANC,"10/3/2016 10 p.m. PDT",1950,2001,1481,-469
BANC,"10/3/2016 11 p.m. PDT",1792,1828,1255,-537
BANC,"10/4/2016 12 a.m. PDT",1647,1675,1086,-561
BANC,"10/4/2016 1 a.m. PDT",1541,1566,949,-592
BANC,"10/4/2016 2 a.m. PDT",1500,1498,902,-598
BANC,"10/4/2016 3 a.m. PDT",1466,1461,874,-592
BANC,"10/4/2016 4 a.m. PDT",1470,1451,872,-598
BANC,"10/4/2016 5 a.m. PDT",1498,1477,903,-595
BANC,"10/4/2016 6 a.m. PDT",1617,1567,1008,-609
BANC,"10/4/2016 7 a.m. PDT",1800,1774,1161,-639
BANC,"10/4/2016 8 a.m. PDT",1855,1854,1182,-673
BANC,"10/4/2016 9 a.m. PDT",1873,1867,1148,-725
BANC,"10/4/2016 10 a.m. PDT",1890,1910,1211,-679
BANC,"10/4/2016 11 a.m. PDT",1908,1959,1241,-667
BANC,"10/4/2016 12 p.m. PDT",1908,1996,1185,-723
BANC,"10/4/2016 1 p.m. PDT",1903,2030,1170,-733
BANC,"10/4/2016 2 p.m. PDT",1932,2055,1178,-754
BANC,"10/4/2016 3 p.m. PDT",1950,2078,1241,-709
BANC,"10/4/2016 4 p.m. PDT",1960,2087,1326,-634
BANC,"10/4/2016 5 p.m. PDT",1973,2121,1445,-528
BANC,"10/4/2016 6 p.m. PDT",1989,2126,1647,-342
BANC,"10/4/2016 7 p.m. PDT",2018,2128,1697,-321
BANC,"10/4/2016 8 p.m. PDT",2106,2205,1833,-273
BANC,"10/4/2016 9 p.m. PDT",2070,2166,1686,-384
BANC,"10/4/2016 10 p.m. PDT",1959,2034,1384,-575
BANC,"10/4/2016 11 p.m. PDT",1794,1851,1161,-633
BANC,"10/5/2016 12 a.m. PDT",1656,1694,1062,-594
BANC,"10/5/2016 1 a.m. PDT",1557,1546,959,-598
BANC,"10/5/2016 2 a.m. PDT",1501,1477,921,-580
BANC,"10/5/2016 3 a.m. PDT",1462,1446,878,-584
BANC,"10/5/2016 4 a.m. PDT",1462,1439,859,-603
BANC,"10/5/2016 5 a.m. PDT",1499,1470,904,-595
BANC,"10/5/2016 6 a.m. PDT",1607,1561,1063,-544
BANC,"10/5/2016 7 a.m. PDT",1795,1767,1189,-606
BANC,"10/5/2016 8 a.m. PDT",1864,1850,1232,-632
BANC,"10/5/2016 9 a.m. PDT",1863,1861,1117,-746
BANC,"10/5/2016 10 a.m. PDT",1881,1891,1201,-680
BANC,"10/5/2016 11 a.m. PDT",1908,1932,1198,-710
BANC,"10/5/2016 12 p.m. PDT",1914,1956,1204,-710
BANC,"10/5/2016 1 p.m. PDT",1922,1987,1217,-705
BANC,"10/5/2016 2 p.m. PDT",1953,1998,1322,-631
BANC,"10/5/2016 3 p.m. PDT",1978,2018,1295,-683
BANC,"10/5/2016 4 p.m. PDT",1991,2034,1296,-695
BANC,"10/5/2016 5 p.m. PDT",2009,2047,1441,-568
BANC,"10/5/2016 6 p.m. PDT",2019,2050,1414,-605
BANC,"10/5/2016 7 p.m. PDT",2043,2107,1579,-464
BANC,"10/5/2016 8 p.m. PDT",2121,2171,1671,-450
BANC,"10/5/2016 9 p.m. PDT",2081,2116,1640,-441
BANC,"10/5/2016 10 p.m. PDT",1970,1992,1456,-514
BANC,"10/5/2016 11 p.m. PDT",1815,1816,1185,-630
BANC,"10/6/2016 12 a.m. PDT",1668,1658,1085,-583
BANC,"10/6/2016 1 a.m. PDT",1561,1542,1016,-545
BANC,"10/6/2016 2 a.m. PDT",1493,1470,1008,-485
BANC,"10/6/2016 3 a.m. PDT",1463,1432,1024,-439
BANC,"10/6/2016 4 a.m. PDT",1460,1419,1024,-436
BANC,"10/6/2016 5 a.m. PDT",1489,1450,1018,-471
BANC,"10/6/2016 6 a.m. PDT",1595,1561,1105,-490
BANC,"10/6/2016 7 a.m. PDT",1789,1745,1467,-322
BANC,"10/6/2016 8 a.m. PDT",1848,1819,1504,-344
BANC,"10/6/2016 9 a.m. PDT",1867,1844,1416,-451
BANC,"10/6/2016 10 a.m. PDT",1877,1887,1392,-485
BANC,"10/6/2016 11 a.m. PDT",1912,1929,1456,-456
BANC,"10/6/2016 12 p.m. PDT",1932,1976,1438,-494
BANC,"10/6/2016 1 p.m. PDT",1960,2011,1460,-500
BANC,"10/6/2016 2 p.m. PDT",1992,2050,1502,-490
BANC,"10/6/2016 3 p.m. PDT",2029,2080,1528,-501
BANC,"10/6/2016 4 p.m. PDT",2057,2112,1572,-485
BANC,"10/6/2016 5 p.m. PDT",2094,2131,1722,-372
BANC,"10/6/2016 6 p.m. PDT",2086,2133,1672,-414
BANC,"10/6/2016 7 p.m. PDT",2108,2121,1895,-213
BANC,"10/6/2016 8 p.m. PDT",2162,2195,1976,-186
BANC,"10/6/2016 9 p.m. PDT",2110,2153,1869,-241
BANC,"10/6/2016 10 p.m. PDT",1985,2019,1573,-412
BANC,"10/6/2016 11 p.m. PDT",1818,1839,1386,-432
BANC,"10/7/2016 12 a.m. PDT",1662,1672,1235,-427
BANC,"10/7/2016 1 a.m. PDT",1561,1564,1155,-406
BANC,"10/7/2016 2 a.m. PDT",1498,1496,1114,-384
BANC,"10/7/2016 3 a.m. PDT",1469,1448,1078,-391
BANC,"10/7/2016 4 a.m. PDT",1461,1436,1046,-415
BANC,"10/7/2016 5 a.m. PDT",1491,1468,1082,-409
BANC,"10/7/2016 6 a.m. PDT",1585,1577,1115,-470
BANC,"10/7/2016 7 a.m. PDT",1783,1763,1283,-500
BANC,"10/7/2016 8 a.m. PDT",1842,1831,1326,-516
BANC,"10/7/2016 9 a.m. PDT",1854,1848,1313,-541
BANC,"10/7/2016 10 a.m. PDT",1893,1883,1358,-535
BANC,"10/7/2016 11 a.m. PDT",1934,1948,1398,-536
BANC,"10/7/2016 12 p.m. PDT",1975,1998,1451,-524
BANC,"10/7/2016 1 p.m. PDT",2010,2054,1450,-560
BANC,"10/7/2016 2 p.m. PDT",2056,2104,1491,-565
BANC,"10/7/2016 3 p.m. PDT",2101,2152,1534,-567
BANC,"10/7/2016 4 p.m. PDT",2139,2186,1632,-507
BANC,"10/7/2016 5 p.m. PDT",2164,2216,1618,-546
BANC,"10/7/2016 6 p.m. PDT",2148,2220,1734,-414
BANC,"10/7/2016 7 p.m. PDT",2130,2215,1735,-395
BANC,"10/7/2016 8 p.m. PDT",2164,2256,1793,-371
BANC,"10/7/2016 9 p.m. PDT",2094,2177,1666,-428
BANC,"10/7/2016 10 p.m. PDT",2000,2040,1396,-604
BANC,"10/7/2016 11 p.m. PDT",1856,1858,1397,-459
BANC,"10/8/2016 12 a.m. PDT",1713,1687,1250,-463
BANC,"10/8/2016 1 a.m. PDT",1607,1620,1190,-417
BANC,"10/8/2016 2 a.m. PDT",1529,1539,1117,-412
BANC,"10/8/2016 3 a.m. PDT",1483,1481,1079,-404
BANC,"10/8/2016 4 a.m. PDT",1456,1456,1054,-402
BANC,"10/8/2016 5 a.m. PDT",1461,1458,1069,-392
BANC,"10/8/2016 6 a.m. PDT",1491,1489,1107,-384
BANC,"10/8/2016 7 a.m. PDT",1560,1557,1195,-365
BANC,"10/8/2016 8 a.m. PDT",1577,1580,1192,-385
BANC,"10/8/2016 9 a.m. PDT",1651,1661,1211,-440
BANC,"10/8/2016 10 a.m. PDT",1710,1739,1212,-498
BANC,"10/8/2016 11 a.m. PDT",1790,1812,1293,-497
BANC,"10/8/2016 12 p.m. PDT",1821,1870,1310,-511
BANC,"10/8/2016 1 p.m. PDT",1878,1923,1351,-527
BANC,"10/8/2016 2 p.m. PDT",1923,2017,1315,-608
BANC,"10/8/2016 3 p.m. PDT",2013,2137,1350,-663
BANC,"10/8/2016 4 p.m. PDT",2095,2264,1406,-689
BANC,"10/8/2016 5 p.m. PDT",2178,2373,1523,-655
BANC,"10/8/2016 6 p.m. PDT",2211,2401,1801,-410
BANC,"10/8/2016 7 p.m. PDT",2193,2374,1823,-370
BANC,"10/8/2016 8 p.m. PDT",2189,2353,1864,-325
BANC,"10/8/2016 9 p.m. PDT",2097,2248,1805,-292
BANC,"10/8/2016 10 p.m. PDT",1980,2113,1488,-492
BANC,"10/8/2016 11 p.m. PDT",1839,1945,1363,-476
BANC,"10/9/2016 12 a.m. PDT",1700,1781,1210,-490
BANC,"10/9/2016 1 a.m. PDT",1585,1624,1101,-484
BANC,"10/9/2016 2 a.m. PDT",1510,1545,1041,-469
BANC,"10/9/2016 3 a.m. PDT",1457,1489,1014,-443
BANC,"10/9/2016 4 a.m. PDT",1431,1448,1038,-393
BANC,"10/9/2016 5 a.m. PDT",1424,1439,1015,-409
BANC,"10/9/2016 6 a.m. PDT",1426,1464,1025,-401
BANC,"10/9/2016 7 a.m. PDT",1492,1507,1153,-339
BANC,"10/9/2016 8 a.m. PDT",1498,1531,1159,-339
BANC,"10/9/2016 9 a.m. PDT",1566,1588,1099,-467
BANC,"10/9/2016 10 a.m. PDT",1655,1687,1176,-479
BANC,"10/9/2016 11 a.m. PDT",1716,1769,1209,-507
BANC,"10/9/2016 12 p.m. PDT",1786,1847,1275,-511
BANC,"10/9/2016 1 p.m. PDT",1844,1924,1341,-503
BANC,"10/9/2016 2 p.m. PDT",1935,2021,1439,-496
BANC,"10/9/2016 3 p.m. PDT",2035,2126,1554,-481
BANC,"10/9/2016 4 p.m. PDT",2162,2241,1677,-485
BANC,"10/9/2016 5 p.m. PDT",2277,2327,1725,-552
BANC,"10/9/2016 6 p.m. PDT",2323,2359,1851,-472
BANC,"10/9/2016 7 p.m. PDT",2293,2364,1922,-371
BANC,"10/9/2016 8 p.m. PDT",2302,2385,1944,-358
BANC,"10/9/2016 9 p.m. PDT",2213,2251,1938,-275
BANC,"10/9/2016 10 p.m. PDT",2063,2093,1733,-330
BANC,"10/9/2016 11 p.m. PDT",1865,1896,1354,-511
BANC,"10/10/2016 12 a.m. PDT",1686,1720,1235,-451
BANC,"10/10/2016 1 a.m. PDT",1571,1576,1144,-427
BANC,"10/10/2016 2 a.m. PDT",1507,1498,1090,-417
BANC,"10/10/2016 3 a.m. PDT",1461,1457,1037,-424
BANC,"10/10/2016 4 a.m. PDT",1461,1440,1033,-428
BANC,"10/10/2016 5 a.m. PDT",1485,1484,1070,-415
BANC,"10/10/2016 6 a.m. PDT",1582,1584,1128,-454
BANC,"10/10/2016 7 a.m. PDT",1753,1775,1346,-407
BANC,"10/10/2016 8 a.m. PDT",1821,1865,1448,-373
BANC,"10/10/2016 9 a.m. PDT",1863,1862,1326,-537
BANC,"10/10/2016 10 a.m. PDT",1917,1921,1387,-530
BANC,"10/10/2016 11 a.m. PDT",1987,1996,1449,-538
BANC,"10/10/2016 12 p.m. PDT",2051,2037,1448,-603
BANC,"10/10/2016 1 p.m. PDT",2121,2096,1536,-585
BANC,"10/10/2016 2 p.m. PDT",2193,2162,1567,-626
BANC,"10/10/2016 3 p.m. PDT",2280,2220,1627,-653
BANC,"10/10/2016 4 p.m. PDT",2343,2259,1705,-638
BANC,"10/10/2016 5 p.m. PDT",2394,2299,1726,-668
BANC,"10/10/2016 6 p.m. PDT",2388,2272,2023,-365
BANC,"10/10/2016 7 p.m. PDT",2350,2277,2075,-275
BANC,"10/10/2016 8 p.m. PDT",2343,2300,2087,-256
BANC,"10/10/2016 9 p.m. PDT",2229,2205,1937,-292
BANC,"10/10/2016 10 p.m. PDT",2080,2065,1531,-549
BANC,"10/10/2016 11 p.m. PDT",1887,1880,1338,-549
BANC,"10/11/2016 12 a.m. PDT",1720,1700,1201,-519
BANC,"10/11/2016 1 a.m. PDT",1600,1567,1146,-454
BANC,"10/11/2016 2 a.m. PDT",1525,1496,1083,-442
BANC,"10/11/2016 3 a.m. PDT",1487,1455,1036,-451
BANC,"10/11/2016 4 a.m. PDT",1472,1440,1016,-456
BANC,"10/11/2016 5 a.m. PDT",1502,1471,1056,-446
BANC,"10/11/2016 6 a.m. PDT",1607,1566,1179,-428
BANC,"10/11/2016 7 a.m. PDT",1776,1755,1578,-198
BANC,"10/11/2016 8 a.m. PDT",1841,1841,1692,-149
BANC,"10/11/2016 9 a.m. PDT",1850,1850,1522,-328
BANC,"10/11/2016 10 a.m. PDT",1890,1890,1537,-353
BANC,"10/11/2016 11 a.m. PDT",1932,1928,1616,-316
BANC,"10/11/2016 12 p.m. PDT",1950,1968,1618,-332
BANC,"10/11/2016 1 p.m. PDT",1989,2005,1623,-366
BANC,"10/11/2016 2 p.m. PDT",2036,2038,1634,-402
BANC,"10/11/2016 3 p.m. PDT",2076,2056,1616,-460
BANC,"10/11/2016 4 p.m. PDT",2103,2066,1638,-465
BANC,"10/11/2016 5 p.m. PDT",2130,2068,1673,-457
BANC,"10/11/2016 6 p.m. PDT",2132,2078,1849,-283
BANC,"10/11/2016 7 p.m. PDT",2147,2124,2022,-125
BANC,"10/11/2016 8 p.m. PDT",2184,2162,1999,-185
BANC,"10/11/2016 9 p.m. PDT",2116,2103,1868,-248
BANC,"10/11/2016 10 p.m. PDT",1978,1986,1631,-347
BANC,"10/11/2016 11 p.m. PDT",1818,1825,1313,-505
BANC,"10/12/2016 12 a.m. PDT",1657,1671,1143,-514
BANC,"10/12/2016 1 a.m. PDT",1563,1553,1142,-421
BANC,"10/12/2016 2 a.m. PDT",1504,1480,1123,-381
BANC,"10/12/2016 3 a.m. PDT",1470,1441,1106,-364
BANC,"10/12/2016 4 a.m. PDT",1456,1428,1095,-361
BANC,"10/12/2016 5 a.m. PDT",1488,1457,1118,-370
BANC,"10/12/2016 6 a.m. PDT",1597,1559,1186,-411
BANC,"10/12/2016 7 a.m. PDT",1781,1755,1434,-347
BANC,"10/12/2016 8 a.m. PDT",1853,1839,1608,-245
BANC,"10/12/2016 9 a.m. PDT",1857,1858,1423,-434
BANC,"10/12/2016 10 a.m. PDT",1860,1884,1456,-404
BANC,"10/12/2016 11 a.m. PDT",1878,1923,1449,-429
BANC,"10/12/2016 12 p.m. PDT",1939,1966,1533,-406
BANC,"10/12/2016 1 p.m. PDT",1973,2001,1580,-393
BANC,"10/12/2016 2 p.m. PDT",2012,2035,1589,-423
BANC,"10/12/2016 3 p.m. PDT",2049,2053,1624,-425
BANC,"10/12/2016 4 p.m. PDT",2067,2065,1622,-445
BANC,"10/12/2016 5 p.m. PDT",2078,2067,1645,-433
BANC,"10/12/2016 6 p.m. PDT",2090,2071,1789,-301
BANC,"10/12/2016 7 p.m. PDT",2120,2107,1929,-191
BANC,"10/12/2016 8 p.m. PDT",2178,2163,1986,-192
BANC,"10/12/2016 9 p.m. PDT",2107,2100,1878,-229
BANC,"10/12/2016 10 p.m. PDT",1983,1979,1612,-371
BANC,"10/12/2016 11 p.m. PDT",1806,1818,1364,-442
BANC,"10/13/2016 12 a.m. PDT",1659,1652,1197,-462
BANC,"10/13/2016 1 a.m. PDT",1557,1553,1092,-465
BANC,"10/13/2016 2 a.m. PDT",1497,1491,987,-510
BANC,"10/13/2016 3 a.m. PDT",1449,1453,928,-521
BANC,"10/13/2016 4 a.m. PDT",1449,1444,923,-526
BANC,"10/13/2016 5 a.m. PDT",1480,1469,951,-529
BANC,"10/13/2016 6 a.m. PDT",1581,1576,1095,-486
BANC,"10/13/2016 7 a.m. PDT",1774,1764,1364,-410
BANC,"10/13/2016 8 a.m. PDT",1821,1830,1444,-377
BANC,"10/13/2016 9 a.m. PDT",1831,1828,1381,-450
BANC,"10/13/2016 10 a.m. PDT",1845,1861,1397,-448
BANC,"10/13/2016 11 a.m. PDT",1910,1887,1403,-507
BANC,"10/13/2016 12 p.m. PDT",1934,1904,1394,-540
BANC,"10/13/2016 1 p.m. PDT",1969,1930,1461,-508
BANC,"10/13/2016 2 p.m. PDT",1964,1953,1536,-428
BANC,"10/13/2016 3 p.m. PDT",1996,1965,1641,-355
BANC,"10/13/2016 4 p.m. PDT",1990,1975,1608,-382
BANC,"10/13/2016 5 p.m. PDT",1993,1989,1630,-363
BANC,"10/13/2016 6 p.m. PDT",2016,1989,1835,-181
BANC,"10/13/2016 7 p.m. PDT",2067,2060,1963,-104
BANC,"10/13/2016 8 p.m. PDT",2122,2111,2008,-114
BANC,"10/13/2016 9 p.m. PDT",2071,2051,1949,-122
BANC,"10/13/2016 10 p.m. PDT",1973,1938,1602,-371
BANC,"10/13/2016 11 p.m. PDT",1815,1775,1388,-427
BANC,"10/14/2016 12 a.m. PDT",1667,1624,1183,-484
BANC,"10/14/2016 1 a.m. PDT",1560,1530,1105,-455
BANC,"10/14/2016 2 a.m. PDT",1505,1465,1107,-398
BANC,"10/14/2016 3 a.m. PDT",1474,1431,1101,-373
BANC,"10/14/2016 4 a.m. PDT",1468,1416,1105,-363
BANC,"10/14/2016 5 a.m. PDT",1501,1449,1109,-392
BANC,"10/14/2016 6 a.m. PDT",1607,1564,1173,-434
BANC,"10/14/2016 7 a.m. PDT",1781,1757,1330,-451
BANC,"10/14/2016 8 a.m. PDT",1900,1855,1431,-469
BANC,"10/14/2016 9 a.m. PDT",1931,1867,1404,-527
BANC,"10/14/2016 10 a.m. PDT",1964,1920,1423,-541
BANC,"10/14/2016 11 a.m. PDT",2010,1961,1477,-533
BANC,"10/14/2016 12 p.m. PDT",2003,1977,1438,-565
BANC,"10/14/2016 1 p.m. PDT",2018,1981,1454,-564
BANC,"10/14/2016 2 p.m. PDT",2000,1982,1448,-552
BANC,"10/14/2016 3 p.m. PDT",1984,1974,1445,-539
BANC,"10/14/2016 4 p.m. PDT",1941,1966,1393,-548
BANC,"10/14/2016 5 p.m. PDT",1954,1964,1457,-497
BANC,"10/14/2016 6 p.m. PDT",1937,1981,1578,-359
BANC,"10/14/2016 7 p.m. PDT",1991,2017,1724,-267
BANC,"10/14/2016 8 p.m. PDT",2000,2039,1854,-146
BANC,"10/14/2016 9 p.m. PDT",1960,1989,1689,-271
BANC,"10/14/2016 10 p.m. PDT",1873,1897,1435,-438
BANC,"10/14/2016 11 p.m. PDT",1754,1764,1287,-467
BANC,"10/15/2016 12 a.m. PDT",1636,1618,1097,-539
BANC,"10/15/2016 1 a.m. PDT",1529,1539,1071,-458
BANC,"10/15/2016 2 a.m. PDT",1467,1466,994,-473
BANC,"10/15/2016 3 a.m. PDT",1428,1423,966,-462
BANC,"10/15/2016 4 a.m. PDT",1400,1398,928,-472
BANC,"10/15/2016 5 a.m. PDT",1414,1403,931,-483
BANC,"10/15/2016 6 a.m. PDT",1449,1442,1029,-420
BANC,"10/15/2016 7 a.m. PDT",1498,1510,1135,-363
BANC,"10/15/2016 8 a.m. PDT",1546,1563,1135,-411
BANC,"10/15/2016 9 a.m. PDT",1637,1637,1168,-469
BANC,"10/15/2016 10 a.m. PDT",1708,1716,1120,-588
BANC,"10/15/2016 11 a.m. PDT",1774,1771,1216,-558
BANC,"10/15/2016 12 p.m. PDT",1780,1787,1210,-570
BANC,"10/15/2016 1 p.m. PDT",1804,1793,1283,-521
BANC,"10/15/2016 2 p.m. PDT",1832,1797,1360,-472
BANC,"10/15/2016 3 p.m. PDT",1839,1806,1289,-550
BANC,"10/15/2016 4 p.m. PDT",1814,1811,1263,-551
BANC,"10/15/2016 5 p.m. PDT",1818,1820,1373,-445
BANC,"10/15/2016 6 p.m. PDT",1859,1860,1590,-269
BANC,"10/15/2016 7 p.m. PDT",1941,1944,1733,-208
BANC,"10/15/2016 8 p.m. PDT",1946,1989,1676,-270
BANC,"10/15/2016 9 p.m. PDT",1889,1935,1612,-277
BANC,"10/15/2016 10 p.m. PDT",1823,1859,1415,-408
BANC,"10/15/2016 11 p.m. PDT",1718,1731,1204,-514
BANC,"10/16/2016 12 a.m. PDT",1614,1608,1112,-502
BANC,"10/16/2016 1 a.m. PDT",1521,1514,1067,-454
BANC,"10/16/2016 2 a.m. PDT",1458,1440,988,-470
BANC,"10/16/2016 3 a.m. PDT",1422,1389,941,-481
BANC,"10/16/2016 4 a.m. PDT",1393,1365,954,-439
BANC,"10/16/2016 5 a.m. PDT",1383,1364,882,-501
BANC,"10/16/2016 6 a.m. PDT",1416,1400,960,-456
BANC,"10/16/2016 7 a.m. PDT",1477,1447,1171,-306
BANC,"10/16/2016 8 a.m. PDT",1534,1493,1179,-355
BANC,"10/16/2016 9 a.m. PDT",1620,1563,1223,-397
BANC,"10/16/2016 10 a.m. PDT",1713,1663,1301,-412
BANC,"10/16/2016 11 a.m. PDT",1784,1714,1354,-430
BANC,"10/16/2016 12 p.m. PDT",1838,1746,1402,-436
BANC,"10/16/2016 1 p.m. PDT",1871,1760,1412,-459
BANC,"10/16/2016 2 p.m. PDT",1878,1776,1433,-445
BANC,"10/16/2016 3 p.m. PDT",1843,1768,1346,-497
BANC,"10/16/2016 4 p.m. PDT",1811,1779,1326,-485
BANC,"10/16/2016 5 p.m. PDT",1814,1808,1436,-378
BANC,"10/16/2016 6 p.m. PDT",1839,1850,1569,-270
BANC,"10/16/2016 7 p.m. PDT",1916,1952,1817,-99
BANC,"10/16/2016 8 p.m. PDT",1972,2017,1892,-80
BANC,"10/16/2016 9 p.m. PDT",1952,1966,1863,-89
BANC,"10/16/2016 10 p.m. PDT",1857,1863,1628,-229
BANC,"10/16/2016 11 p.m. PDT",1708,1693,1229,-479
BANC,"10/17/2016 12 a.m. PDT",1574,1563,1009,-565
BANC,"10/17/2016 1 a.m. PDT",1474,1491,866,-608
BANC,"10/17/2016 2 a.m. PDT",1422,1435,843,-579
BANC,"10/17/2016 3 a.m. PDT",1396,1402,811,-585
BANC,"10/17/2016 4 a.m. PDT",1394,1398,844,-550
BANC,"10/17/2016 5 a.m. PDT",1436,1433,967,-469
BANC,"10/17/2016 6 a.m. PDT",1536,1543,1029,-507
BANC,"10/17/2016 7 a.m. PDT",1731,1745,1276,-455
BANC,"10/17/2016 8 a.m. PDT",1827,1840,1493,-334
BANC,"10/17/2016 9 a.m. PDT",1821,1855,1352,-469
BANC,"10/17/2016 10 a.m. PDT",1856,1883,1338,-518
BANC,"10/17/2016 11 a.m. PDT",1890,1896,1361,-529
BANC,"10/17/2016 12 p.m. PDT",1914,1912,1387,-527
BANC,"10/17/2016 1 p.m. PDT",1904,1925,1385,-519
BANC,"10/17/2016 2 p.m. PDT",1910,1934,1373,-537
BANC,"10/17/2016 3 p.m. PDT",1909,1940,1367,-542
BANC,"10/17/2016 4 p.m. PDT",1915,1938,1387,-528
BANC,"10/17/2016 5 p.m. PDT",1922,1950,1526,-396
BANC,"10/17/2016 6 p.m. PDT",1943,1959,1619,-324
BANC,"10/17/2016 7 p.m. PDT",2024,2026,1825,-199
BANC,"10/17/2016 8 p.m. PDT",2073,2093,1880,-193
BANC,"10/17/2016 9 p.m. PDT",2024,2045,1845,-179
BANC,"10/17/2016 10 p.m. PDT",1898,1931,1460,-438
BANC,"10/17/2016 11 p.m. PDT",1741,1763,1211,-530
BANC,"10/18/2016 12 a.m. PDT",1605,1611,1037,-568
BANC,"10/18/2016 1 a.m. PDT",1516,1499,942,-574
BANC,"10/18/2016 2 a.m. PDT",1454,1440,891,-563
BANC,"10/18/2016 3 a.m. PDT",1422,1407,865,-557
BANC,"10/18/2016 4 a.m. PDT",1417,1402,867,-550
BANC,"10/18/2016 5 a.m. PDT",1442,1433,917,-525
BANC,"10/18/2016 6 a.m. PDT",1547,1533,1063,-484
BANC,"10/18/2016 7 a.m. PDT",1744,1738,1343,-401
BANC,"10/18/2016 8 a.m. PDT",1833,1831,1576,-257
BANC,"10/18/2016 9 a.m. PDT",1824,1825,1403,-421
BANC,"10/18/2016 10 a.m. PDT",1835,1849,1368,-467
BANC,"10/18/2016 11 a.m. PDT",1840,1874,1364,-476
BANC,"10/18/2016 12 p.m. PDT",1854,1898,1354,-500
BANC,"10/18/2016 1 p.m. PDT",1869,1919,1247,-622
BANC,"10/18/2016 2 p.m. PDT",1869,1930,1274,-595
BANC,"10/18/2016 3 p.m. PDT",1879,1933,1302,-577
BANC,"10/18/2016 4 p.m. PDT",1879,1942,1260,-619
BANC,"10/18/2016 5 p.m. PDT",1895,1951,1245,-650
BANC,"10/18/2016 6 p.m. PDT",1930,1957,1444,-486
BANC,"10/18/2016 7 p.m. PDT",2004,2032,1818,-186
BANC,"10/18/2016 8 p.m. PDT",2041,2082,1890,-151
BANC,"10/18/2016 9 p.m. PDT",2001,2025,1818,-183
BANC,"10/18/2016 10 p.m. PDT",1889,1912,1626,-263
BANC,"10/18/2016 11 p.m. PDT",1734,1755,1249,-485
BANC,"10/19/2016 12 a.m. PDT",1598,1607,1095,-503
BANC,"10/19/2016 1 a.m. PDT",1500,1517,1015,-485
BANC,"10/19/2016 2 a.m. PDT",1449,1452,957,-492
BANC,"10/19/2016 3 a.m. PDT",1416,1419,881,-535
BANC,"10/19/2016 4 a.m. PDT",1403,1420,853,-550
BANC,"10/19/2016 5 a.m. PDT",1462,1449,1013,-449
BANC,"10/19/2016 6 a.m. PDT",1564,1550,1121,-443
BANC,"10/19/2016 7 a.m. PDT",1760,1738,1447,-313
BANC,"10/19/2016 8 a.m. PDT",1840,1822,1576,-264
BANC,"10/19/2016 9 a.m. PDT",1843,1817,1439,-404
BANC,"10/19/2016 10 a.m. PDT",1839,1842,1353,-486
BANC,"10/19/2016 11 a.m. PDT",1848,1867,1380,-468
BANC,"10/19/2016 12 p.m. PDT",1841,1894,1336,-505
BANC,"10/19/2016 1 p.m. PDT",1863,1916,1303,-560
BANC,"10/19/2016 2 p.m. PDT",1862,1939,1274,-588
BANC,"10/19/2016 3 p.m. PDT",1879,1951,1279,-600
BANC,"10/19/2016 4 p.m. PDT",1905,1966,1300,-605
BANC,"10/19/2016 5 p.m. PDT",1927,1987,1419,-508
BANC,"10/19/2016 6 p.m. PDT",1947,1988,1622,-325
BANC,"10/19/2016 7 p.m. PDT",2009,2056,1774,-235
BANC,"10/19/2016 8 p.m. PDT",2051,2110,1861,-190
BANC,"10/19/2016 9 p.m. PDT",2001,2046,1810,-191
BANC,"10/19/2016 10 p.m. PDT",1892,1927,1406,-486
BANC,"10/19/2016 11 p.m. PDT",1745,1766,1248,-497
BANC,"10/20/2016 12 a.m. PDT",1600,1622,1072,-528
BANC,"10/20/2016 1 a.m. PDT",1513,1512,1029,-484
BANC,"10/20/2016 2 a.m. PDT",1445,1451,972,-473
BANC,"10/20/2016 3 a.m. PDT",1418,1418,936,-482
BANC,"10/20/2016 4 a.m. PDT",1414,1415,927,-487
BANC,"10/20/2016 5 a.m. PDT",1443,1452,1000,-443
BANC,"10/20/2016 6 a.m. PDT",1557,1556,1226,-331
BANC,"10/20/2016 7 a.m. PDT",1754,1745,1454,-300
BANC,"10/20/2016 8 a.m. PDT",1834,1837,1484,-350
BANC,"10/20/2016 9 a.m. PDT",1832,1829,1504,-328
BANC,"10/20/2016 10 a.m. PDT",1855,1854,1416,-439
BANC,"10/20/2016 11 a.m. PDT",1875,1881,1416,-459
BANC,"10/20/2016 12 p.m. PDT",1903,1912,1429,-474
BANC,"10/20/2016 1 p.m. PDT",1942,1937,1478,-464
BANC,"10/20/2016 2 p.m. PDT",1954,1963,1478,-476
BANC,"10/20/2016 3 p.m. PDT",1983,1986,1517,-466
BANC,"10/20/2016 4 p.m. PDT",2013,2003,1552,-461
BANC,"10/20/2016 5 p.m. PDT",2031,2021,1566,-465
BANC,"10/20/2016 6 p.m. PDT",2046,2014,1750,-296
BANC,"10/20/2016 7 p.m. PDT",2095,2076,1975,-120
BANC,"10/20/2016 8 p.m. PDT",2125,2110,1944,-181
BANC,"10/20/2016 9 p.m. PDT",2067,2048,1776,-291
BANC,"10/20/2016 10 p.m. PDT",1943,1934,1530,-413
BANC,"10/20/2016 11 p.m. PDT",1788,1771,1316,-472
BANC,"10/21/2016 12 a.m. PDT",1650,1619,1148,-502
BANC,"10/21/2016 1 a.m. PDT",1537,1530,1116,-421
BANC,"10/21/2016 2 a.m. PDT",1477,1461,1121,-356
BANC,"10/21/2016 3 a.m. PDT",1441,1427,1059,-382
BANC,"10/21/2016 4 a.m. PDT",1441,1416,938,-503
BANC,"10/21/2016 5 a.m. PDT",1471,1452,1000,-471
BANC,"10/21/2016 6 a.m. PDT",1576,1548,1111,-465
BANC,"10/21/2016 7 a.m. PDT",1745,1729,1413,-332
BANC,"10/21/2016 8 a.m. PDT",1836,1814,1548,-288
BANC,"10/21/2016 9 a.m. PDT",1840,1819,1423,-417
BANC,"10/21/2016 10 a.m. PDT",1872,1857,1388,-484
BANC,"10/21/2016 11 a.m. PDT",1904,1902,1401,-503
BANC,"10/21/2016 12 p.m. PDT",1925,1945,1476,-449
BANC,"10/21/2016 1 p.m. PDT",1957,1979,1405,-552
BANC,"10/21/2016 2 p.m. PDT",1992,2019,1416,-576
BANC,"10/21/2016 3 p.m. PDT",2022,2047,1447,-575
BANC,"10/21/2016 4 p.m. PDT",2052,2065,1490,-562
BANC,"10/21/2016 5 p.m. PDT",2069,2074,1546,-523
BANC,"10/21/2016 6 p.m. PDT",2065,2065,1877,-188
BANC,"10/21/2016 7 p.m. PDT",2089,2100,1993,-96
BANC,"10/21/2016 8 p.m. PDT",2092,2119,1988,-104
BANC,"10/21/2016 9 p.m. PDT",2025,2047,1773,-252
BANC,"10/21/2016 10 p.m. PDT",1939,1944,1563,-376
BANC,"10/21/2016 11 p.m. PDT",1808,1791,1204,-604
BANC,"10/22/2016 12 a.m. PDT",1668,1645,1127,-541
BANC,"10/22/2016 1 a.m. PDT",1576,1566,955,-621
BANC,"10/22/2016 2 a.m. PDT",1500,1493,892,-608
BANC,"10/22/2016 3 a.m. PDT",1453,1444,909,-544
BANC,"10/22/2016 4 a.m. PDT",1429,1416,944,-485
BANC,"10/22/2016 5 a.m. PDT",1431,1416,929,-502
BANC,"10/22/2016 6 a.m. PDT",1471,1454,934,-537
BANC,"10/22/2016 7 a.m. PDT",1543,1519,1140,-403
BANC,"10/22/2016 8 a.m. PDT",1577,1563,1202,-375
BANC,"10/22/2016 9 a.m. PDT",1641,1635,1136,-505
BANC,"10/22/2016 10 a.m. PDT",1696,1708,1165,-531
BANC,"10/22/2016 11 a.m. PDT",1732,1766,1184,-548
BANC,"10/22/2016 12 p.m. PDT",1748,1801,1133,-615
BANC,"10/22/2016 1 p.m. PDT",1766,1821,1133,-633
BANC,"10/22/2016 2 p.m. PDT",1781,1835,1151,-630
BANC,"10/22/2016 3 p.m. PDT",1800,1853,1204,-596
BANC,"10/22/2016 4 p.m. PDT",1837,1882,1253,-584
BANC,"10/22/2016 5 p.m. PDT",1831,1900,1262,-569
BANC,"10/22/2016 6 p.m. PDT",1846,1925,1455,-391
BANC,"10/22/2016 7 p.m. PDT",1945,1979,1657,-288
BANC,"10/22/2016 8 p.m. PDT",1962,2025,1661,-301
BANC,"10/22/2016 9 p.m. PDT",1905,1963,1361,-544
BANC,"10/22/2016 10 p.m. PDT",1840,1873,1157,-683
BANC,"10/22/2016 11 p.m. PDT",1738,1737,1032,-706
BANC,"10/23/2016 12 a.m. PDT",1604,1618,944,-660
BANC,"10/23/2016 1 a.m. PDT",1526,1516,895,-631
BANC,"10/23/2016 2 a.m. PDT",1453,1453,820,-633
BANC,"10/23/2016 3 a.m. PDT",1412,1415,778,-634
BANC,"10/23/2016 4 a.m. PDT",1396,1386,767,-629
BANC,"10/23/2016 5 a.m. PDT",1391,1392,762,-629
BANC,"10/23/2016 6 a.m. PDT",1418,1415,788,-630
BANC,"10/23/2016 7 a.m. PDT",1482,1476,929,-553
BANC,"10/23/2016 8 a.m. PDT",1521,1504,960,-561
BANC,"10/23/2016 9 a.m. PDT",1569,1568,996,-573
BANC,"10/23/2016 10 a.m. PDT",1625,1639,1043,-582
BANC,"10/23/2016 11 a.m. PDT",1668,1684,1053,-615
BANC,"10/23/2016 12 p.m. PDT",1697,1722,1072,-625
BANC,"10/23/2016 1 p.m. PDT",1692,1734,1015,-677
BANC,"10/23/2016 2 p.m. PDT",1725,1739,1110,-615
BANC,"10/23/2016 3 p.m. PDT",1747,1729,1149,-598
BANC,"10/23/2016 4 p.m. PDT",1786,1748,1243,-543
BANC,"10/23/2016 5 p.m. PDT",1822,1775,1345,-477
BANC,"10/23/2016 6 p.m. PDT",1898,1830,1554,-344
BANC,"10/23/2016 7 p.m. PDT",2010,1939,1755,-255
BANC,"10/23/2016 8 p.m. PDT",2030,1990,1692,-338
BANC,"10/23/2016 9 p.m. PDT",1973,1950,1558,-415
BANC,"10/23/2016 10 p.m. PDT",1872,1854,1577,-295
BANC,"10/23/2016 11 p.m. PDT",1715,1712,1115,-600
BANC,"10/24/2016 12 a.m. PDT",1593,1577,1012,-581
BANC,"10/24/2016 1 a.m. PDT",1497,1494,954,-543
BANC,"10/24/2016 2 a.m. PDT",1439,1434,905,-534
BANC,"10/24/2016 3 a.m. PDT",1419,1410,900,-519
BANC,"10/24/2016 4 a.m. PDT",1412,1403,885,-527
BANC,"10/24/2016 5 a.m. PDT",1456,1443,945,-511
BANC,"10/24/2016 6 a.m. PDT",1563,1549,1218,-345
BANC,"10/24/2016 7 a.m. PDT",1750,1740,1346,-404
BANC,"10/24/2016 8 a.m. PDT",1848,1836,1431,-417
BANC,"10/24/2016 9 a.m. PDT",1855,1838,1436,-419
BANC,"10/24/2016 10 a.m. PDT",1906,1867,1477,-429
BANC,"10/24/2016 11 a.m. PDT",1938,1899,1459,-479
BANC,"10/24/2016 12 p.m. PDT",1966,1912,1454,-512
BANC,"10/24/2016 1 p.m. PDT",1981,1919,1345,-636
BANC,"10/24/2016 2 p.m. PDT",1991,1908,1423,-568
BANC,"10/24/2016 3 p.m. PDT",1981,1921,1429,-552
BANC,"10/24/2016 4 p.m. PDT",1977,1929,1426,-551
BANC,"10/24/2016 5 p.m. PDT",1987,1960,1515,-472
BANC,"10/24/2016 6 p.m. PDT",2025,2006,1778,-247
BANC,"10/24/2016 7 p.m. PDT",2104,2075,1847,-257
BANC,"10/24/2016 8 p.m. PDT",2107,2111,1803,-304
BANC,"10/24/2016 9 p.m. PDT",2050,2046,1683,-367
BANC,"10/24/2016 10 p.m. PDT",1935,1917,1582,-353
BANC,"10/24/2016 11 p.m. PDT",1781,1757,1290,-491
BANC,"10/25/2016 12 a.m. PDT",1648,1613,1072,-576
BANC,"10/25/2016 1 a.m. PDT",1555,1517,1020,-535
BANC,"10/25/2016 2 a.m. PDT",1497,1458,935,-562
BANC,"10/25/2016 3 a.m. PDT",1469,1432,894,-575
BANC,"10/25/2016 4 a.m. PDT",1446,1422,882,-564
BANC,"10/25/2016 5 a.m. PDT",1498,1454,935,-563
BANC,"10/25/2016 6 a.m. PDT",1592,1559,1105,-487
BANC,"10/25/2016 7 a.m. PDT",1795,1759,1246,-549
BANC,"10/25/2016 8 a.m. PDT",1896,1856,1478,-418
BANC,"10/25/2016 9 a.m. PDT",1897,1867,1340,-557
BANC,"10/25/2016 10 a.m. PDT",1947,1901,1352,-595
BANC,"10/25/2016 11 a.m. PDT",1979,1942,1337,-642
BANC,"10/25/2016 12 p.m. PDT",1994,1955,1348,-646
BANC,"10/25/2016 1 p.m. PDT",1990,1971,1420,-570
BANC,"10/25/2016 2 p.m. PDT",1991,1968,1462,-529
BANC,"10/25/2016 3 p.m. PDT",1974,1956,1424,-550
BANC,"10/25/2016 4 p.m. PDT",1963,1941,1408,-555
BANC,"10/25/2016 5 p.m. PDT",1955,1943,1403,-552
BANC,"10/25/2016 6 p.m. PDT",1974,1975,1736,-238
BANC,"10/25/2016 7 p.m. PDT",2090,2051,1817,-273
BANC,"10/25/2016 8 p.m. PDT",2093,2107,1846,-247
BANC,"10/25/2016 9 p.m. PDT",2049,2055,1791,-258
BANC,"10/25/2016 10 p.m. PDT",1938,1936,1557,-381
BANC,"10/25/2016 11 p.m. PDT",1777,1778,1314,-463
BANC,"10/26/2016 12 a.m. PDT",1654,1629,1228,-426
BANC,"10/26/2016 1 a.m. PDT",1545,1530,1071,-474
BANC,"10/26/2016 2 a.m. PDT",1492,1470,1018,-474
BANC,"10/26/2016 3 a.m. PDT",1455,1440,952,-503
BANC,"10/26/2016 4 a.m. PDT",1449,1432,964,-485
BANC,"10/26/2016 5 a.m. PDT",1484,1454,1032,-452
BANC,"10/26/2016 6 a.m. PDT",1582,1559,1134,-448
BANC,"10/26/2016 7 a.m. PDT",1779,1760,1268,-511
BANC,"10/26/2016 8 a.m. PDT",1865,1843,1404,-461
BANC,"10/26/2016 9 a.m. PDT",1864,1837,1280,-584
BANC,"10/26/2016 10 a.m. PDT",1884,1850,1233,-651
BANC,"10/26/2016 11 a.m. PDT",1932,1872,1261,-671
BANC,"10/26/2016 12 p.m. PDT",1947,1889,1301,-646
BANC,"10/26/2016 1 p.m. PDT",1960,1908,1325,-635
BANC,"10/26/2016 2 p.m. PDT",1998,1910,1372,-626
BANC,"10/26/2016 3 p.m. PDT",2026,1917,1371,-655
BANC,"10/26/2016 4 p.m. PDT",2043,1924,1392,-651
BANC,"10/26/2016 5 p.m. PDT",2068,1940,1377,-691
BANC,"10/26/2016 6 p.m. PDT",2074,1964,1491,-583
BANC,"10/26/2016 7 p.m. PDT",2136,2044,1722,-414
BANC,"10/26/2016 8 p.m. PDT",2141,2080,1749,-392
BANC,"10/26/2016 9 p.m. PDT",2071,2022,1649,-422
BANC,"10/26/2016 10 p.m. PDT",1954,1908,1334,-620
BANC,"10/26/2016 11 p.m. PDT",1800,1770,1165,-635
BANC,"10/27/2016 12 a.m. PDT",1649,1621,1083,-566
BANC,"10/27/2016 1 a.m. PDT",1558,1537,1016,-542
BANC,"10/27/2016 2 a.m. PDT",1488,1476,972,-516
BANC,"10/27/2016 3 a.m. PDT",1456,1443,929,-527
BANC,"10/27/2016 4 a.m. PDT",1440,1434,898,-542
BANC,"10/27/2016 5 a.m. PDT",1485,1462,991,-494
BANC,"10/27/2016 6 a.m. PDT",1592,1569,1151,-441
BANC,"10/27/2016 7 a.m. PDT",1779,1767,1329,-450
BANC,"10/27/2016 8 a.m. PDT",1898,1874,1427,-471
BANC,"10/27/2016 9 a.m. PDT",1903,1882,1328,-575
BANC,"10/27/2016 10 a.m. PDT",1949,1927,1283,-666
BANC,"10/27/2016 11 a.m. PDT",1931,1968,1276,-655
BANC,"10/27/2016 12 p.m. PDT",1996,1982,1309,-687
BANC,"10/27/2016 1 p.m. PDT",1991,2007,1298,-693
BANC,"10/27/2016 2 p.m. PDT",1992,2000,1294,-698
BANC,"10/27/2016 3 p.m. PDT",1967,1992,1278,-689
BANC,"10/27/2016 4 p.m. PDT",1945,1983,1259,-686
BANC,"10/27/2016 5 p.m. PDT",1964,1986,1268,-696
BANC,"10/27/2016 6 p.m. PDT",2005,2002,1286,-719
BANC,"10/27/2016 7 p.m. PDT",2080,2051,1495,-585
BANC,"10/27/2016 8 p.m. PDT",2080,2110,1531,-549
BANC,"10/27/2016 9 p.m. PDT",2027,2070,1407,-620
BANC,"10/27/2016 10 p.m. PDT",1935,1950,1360,-575
BANC,"10/27/2016 11 p.m. PDT",1790,1803,1295,-495
BANC,"10/28/2016 12 a.m. PDT",1661,1642,1121,-540
BANC,"10/28/2016 1 a.m. PDT",1567,1535,1045,-522
BANC,"10/28/2016 2 a.m. PDT",1510,1478,985,-525
BANC,"10/28/2016 3 a.m. PDT",1479,1443,931,-548
BANC,"10/28/2016 4 a.m. PDT",1474,1433,943,-531
BANC,"10/28/2016 5 a.m. PDT",1501,1466,950,-551
BANC,"10/28/2016 6 a.m. PDT",1595,1577,1078,-517
BANC,"10/28/2016 7 a.m. PDT",1780,1772,1256,-524
BANC,"10/28/2016 8 a.m. PDT",1905,1874,1433,-472
BANC,"10/28/2016 9 a.m. PDT",1924,1879,1406,-518
BANC,"10/28/2016 10 a.m. PDT",1975,1924,1387,-588
BANC,"10/28/2016 11 a.m. PDT",2016,1970,1354,-662
BANC,"10/28/2016 12 p.m. PDT",1993,1978,1345,-648
BANC,"10/28/2016 1 p.m. PDT",1981,1984,1284,-697
BANC,"10/28/2016 2 p.m. PDT",1956,1978,1252,-704
BANC,"10/28/2016 3 p.m. PDT",1950,1971,1214,-736
BANC,"10/28/2016 4 p.m. PDT",1937,1965,1134,-803
BANC,"10/28/2016 5 p.m. PDT",1945,1960,1140,-805
BANC,"10/28/2016 6 p.m. PDT",1978,1984,1330,-648
BANC,"10/28/2016 7 p.m. PDT",2050,2026,1508,-542
BANC,"10/28/2016 8 p.m. PDT",2044,2028,1441,-603
BANC,"10/28/2016 9 p.m. PDT",1987,1980,1442,-545
BANC,"10/28/2016 10 p.m. PDT",1916,1888,1328,-588
BANC,"10/28/2016 11 p.m. PDT",1799,1763,1316,-483
BANC,"10/29/2016 12 a.m. PDT",1660,1623,1251,-409
BANC,"10/29/2016 1 a.m. PDT",1571,1550,1196,-375
BANC,"10/29/2016 2 a.m. PDT",1500,1487,1149,-351
BANC,"10/29/2016 3 a.m. PDT",1459,1443,990,-469
BANC,"10/29/2016 4 a.m. PDT",1441,1418,992,-449
BANC,"10/29/2016 5 a.m. PDT",1441,1425,1017,-424
BANC,"10/29/2016 6 a.m. PDT",1470,1461,1107,-363
BANC,"10/29/2016 7 a.m. PDT",1543,1530,1100,-443
BANC,"10/29/2016 8 a.m. PDT",1602,1589,1118,-484
BANC,"10/29/2016 9 a.m. PDT",1682,1649,1085,-597
BANC,"10/29/2016 10 a.m. PDT",1754,1726,1161,-593
BANC,"10/29/2016 11 a.m. PDT",1825,1796,1277,-548
BANC,"10/29/2016 12 p.m. PDT",1829,1793,1299,-530
BANC,"10/29/2016 1 p.m. PDT",1828,1799,1306,-522
BANC,"10/29/2016 2 p.m. PDT",1807,1798,1287,-520
BANC,"10/29/2016 3 p.m. PDT",1800,1783,1268,-532
BANC,"10/29/2016 4 p.m. PDT",1797,1767,1271,-526
BANC,"10/29/2016 5 p.m. PDT",1827,1778,1343,-484
BANC,"10/29/2016 6 p.m. PDT",1862,1818,1400,-462
BANC,"10/29/2016 7 p.m. PDT",1966,1938,1474,-492
BANC,"10/29/2016 8 p.m. PDT",1971,1942,1523,-448
BANC,"10/29/2016 9 p.m. PDT",1924,1891,1409,-515
BANC,"10/29/2016 10 p.m. PDT",1842,1819,1310,-532
BANC,"10/29/2016 11 p.m. PDT",1738,1722,1239,-499
BANC,"10/30/2016 12 a.m. PDT",1632,1616,1147,-485
BANC,"10/30/2016 1 a.m. PDT",1534,1538,1171,-363
BANC,"10/30/2016 2 a.m. PDT",1469,1471,1109,-360
BANC,"10/30/2016 3 a.m. PDT",1420,1427,1090,-330
BANC,"10/30/2016 4 a.m. PDT",1407,1406,1091,-316
BANC,"10/30/2016 5 a.m. PDT",1413,1411,1060,-353
BANC,"10/30/2016 6 a.m. PDT",1436,1437,1104,-332
BANC,"10/30/2016 7 a.m. PDT",1485,1479,1200,-285
BANC,"10/30/2016 8 a.m. PDT",1547,1545,1246,-301
BANC,"10/30/2016 9 a.m. PDT",1613,1619,1290,-323
BANC,"10/30/2016 10 a.m. PDT",1691,1690,1275,-416
BANC,"10/30/2016 11 a.m. PDT",1748,1756,1271,-477
BANC,"10/30/2016 12 p.m. PDT",1865,1806,1378,-487
BANC,"10/30/2016 1 p.m. PDT",1889,1834,1457,-432
BANC,"10/30/2016 2 p.m. PDT",1854,1841,1370,-484
BANC,"10/30/2016 3 p.m. PDT",1779,1813,1218,-561
BANC,"10/30/2016 4 p.m. PDT",1776,1803,1285,-491
BANC,"10/30/2016 5 p.m. PDT",1794,1824,1346,-448
BANC,"10/30/2016 6 p.m. PDT",1854,1882,1431,-423
BANC,"10/30/2016 7 p.m. PDT",1976,1963,1562,-414
BANC,"10/30/2016 8 p.m. PDT",2001,1994,1669,-332
BANC,"10/30/2016 9 p.m. PDT",1959,1942,1677,-282
BANC,"10/30/2016 10 p.m. PDT",1870,1851,1433,-437
BANC,"10/30/2016 11 p.m. PDT",1737,1701,1261,-476
BANC,"10/31/2016 12 a.m. PDT",1607,1567,1124,-483
BANC,"10/31/2016 1 a.m. PDT",1504,1490,923,-581
BANC,"10/31/2016 2 a.m. PDT",1441,1430,860,-581
BANC,"10/31/2016 3 a.m. PDT",1416,1407,839,-577
BANC,"10/31/2016 4 a.m. PDT",1419,1395,865,-554
BANC,"10/31/2016 5 a.m. PDT",1458,1444,896,-562
BANC,"10/31/2016 6 a.m. PDT",1570,1560,1115,-455
BANC,"10/31/2016 7 a.m. PDT",1768,1766,1366,-402
BANC,"10/31/2016 8 a.m. PDT",1877,1873,1456,-421
BANC,"10/31/2016 9 a.m. PDT",1879,1887,1363,-516
BANC,"10/31/2016 10 a.m. PDT",1877,1914,1413,-464
BANC,"10/31/2016 11 a.m. PDT",1901,1947,1317,-584
BANC,"10/31/2016 12 p.m. PDT",1931,1946,1374,-557
BANC,"10/31/2016 1 p.m. PDT",1930,1949,1401,-529
BANC,"10/31/2016 2 p.m. PDT",1918,1937,1375,-543
BANC,"10/31/2016 3 p.m. PDT",1904,1918,1312,-592
BANC,"10/31/2016 4 p.m. PDT",1897,1916,1252,-645
BANC,"10/31/2016 5 p.m. PDT",1906,1922,1291,-615
BANC,"10/31/2016 6 p.m. PDT",1934,1952,1374,-560
BANC,"10/31/2016 7 p.m. PDT",1995,2068,1572,-423
BANC,"10/31/2016 8 p.m. PDT",1963,2075,1590,-373
BANC,"10/31/2016 9 p.m. PDT",1935,2015,1519,-416
BANC,"10/31/2016 10 p.m. PDT",1865,1915,1415,-450
BANC,"10/31/2016 11 p.m. PDT",1750,1764,1366,-384
BANC,"11/1/2016 12 a.m. PDT",1620,1618,1188,-432
