"BA Code","Timestamp (Hour Ending)","Demand (MWh)","Demand Forecast (MWh)","Net Generation (MWh)","Total Interchange (MWh)"
BANC,"11/1/2022 12 a.m. PDT",1508,1491,884,-624
BANC,"11/1/2022 1 a.m. PDT",1459,1450,1064,-395
BANC,"11/1/2022 2 a.m. PDT",1412,1394,1038,-374
BANC,"11/1/2022 3 a.m. PDT",1374,1368,1039,-335
BANC,"11/1/2022 4 a.m. PDT",1379,1360,1073,-306
BANC,"11/1/2022 5 a.m. PDT",1416,1398,1083,-333
BANC,"11/1/2022 6 a.m. PDT",1513,1499,1113,-400
BANC,"11/1/2022 7 a.m. PDT",1677,1663,1253,-424
BANC,"11/1/2022 8 a.m. PDT",1804,1797,1311,-493
BANC,"11/1/2022 9 a.m. PDT",1832,1823,1187,-645
BANC,"11/1/2022 10 a.m. PDT",1858,1825,1170,-688
BANC,"11/1/2022 11 a.m. PDT",1877,1815,1100,-777
BANC,"11/1/2022 12 p.m. PDT",1909,1798,1105,-804
BANC,"11/1/2022 1 p.m. PDT",1953,1782,1143,-810
BANC,"11/1/2022 2 p.m. PDT",1981,1768,1140,-841
BANC,"11/1/2022 3 p.m. PDT",1920,1757,1097,-823
BANC,"11/1/2022 4 p.m. PDT",1757,1761,988,-769
BANC,"11/1/2022 5 p.m. PDT",1756,1788,1119,-637
BANC,"11/1/2022 6 p.m. PDT",1842,1824,1154,-688
BANC,"11/1/2022 7 p.m. PDT",1953,1904,1353,-600
BANC,"11/1/2022 8 p.m. PDT",1941,1895,1358,-583
BANC,"11/1/2022 9 p.m. PDT",1905,1834,1380,-525
BANC,"11/1/2022 10 p.m. PDT",1819,1748,1163,-656
BANC,"11/1/2022 11 p.m. PDT",1699,1634,1089,-610
BANC,"11/2/2022 12 a.m. PDT",1585,1529,1029,-556
BANC,"11/2/2022 1 a.m. PDT",1508,1484,876,-632
BANC,"11/2/2022 2 a.m. PDT",1462,1433,792,-670
BANC,"11/2/2022 3 a.m. PDT",1425,1411,852,-573
BANC,"11/2/2022 4 a.m. PDT",1433,1406,813,-620
BANC,"11/2/2022 5 a.m. PDT",1472,1450,860,-612
BANC,"11/2/2022 6 a.m. PDT",1569,1561,979,-590
BANC,"11/2/2022 7 a.m. PDT",1761,1742,1147,-614
BANC,"11/2/2022 8 a.m. PDT",1915,1889,1192,-723
BANC,"11/2/2022 9 a.m. PDT",1899,1919,1046,-853
BANC,"11/2/2022 10 a.m. PDT",1856,1902,966,-890
BANC,"11/2/2022 11 a.m. PDT",1805,1878,750,-1055
BANC,"11/2/2022 12 p.m. PDT",1798,1850,866,-932
BANC,"11/2/2022 1 p.m. PDT",1775,1819,895,-880
BANC,"11/2/2022 2 p.m. PDT",1776,1789,911,-865
BANC,"11/2/2022 3 p.m. PDT",1721,1777,879,-842
BANC,"11/2/2022 4 p.m. PDT",1734,1769,947,-787
BANC,"11/2/2022 5 p.m. PDT",1797,1815,1087,-710
BANC,"11/2/2022 6 p.m. PDT",1865,1878,1436,-429
BANC,"11/2/2022 7 p.m. PDT",1969,1974,1413,-556
BANC,"11/2/2022 8 p.m. PDT",1964,1976,1398,-566
BANC,"11/2/2022 9 p.m. PDT",1920,1905,1293,-627
BANC,"11/2/2022 10 p.m. PDT",1824,1807,1174,-650
BANC,"11/2/2022 11 p.m. PDT",1703,1681,1099,-604
BANC,"11/3/2022 12 a.m. PDT",1587,1572,1097,-490
BANC,"11/3/2022 1 a.m. PDT",1528,1502,1106,-422
BANC,"11/3/2022 2 a.m. PDT",1485,1473,1074,-411
BANC,"11/3/2022 3 a.m. PDT",1450,1450,1055,-395
BANC,"11/3/2022 4 a.m. PDT",1453,1451,1082,-371
BANC,"11/3/2022 5 a.m. PDT",1504,1494,1109,-395
BANC,"11/3/2022 6 a.m. PDT",1627,1610,1081,-546
BANC,"11/3/2022 7 a.m. PDT",1827,1797,1184,-643
BANC,"11/3/2022 8 a.m. PDT",1992,1947,1655,-337
BANC,"11/3/2022 9 a.m. PDT",1981,1960,1302,-679
BANC,"11/3/2022 10 a.m. PDT",1933,1915,882,-1051
BANC,"11/3/2022 11 a.m. PDT",1859,1866,883,-976
BANC,"11/3/2022 12 p.m. PDT",1774,1825,914,-860
BANC,"11/3/2022 1 p.m. PDT",1732,1786,854,-878
BANC,"11/3/2022 2 p.m. PDT",1697,1755,822,-875
BANC,"11/3/2022 3 p.m. PDT",1682,1726,809,-873
BANC,"11/3/2022 4 p.m. PDT",1685,1722,797,-888
BANC,"11/3/2022 5 p.m. PDT",1741,1762,845,-896
BANC,"11/3/2022 6 p.m. PDT",1830,1832,1188,-642
BANC,"11/3/2022 7 p.m. PDT",1966,1949,1392,-574
BANC,"11/3/2022 8 p.m. PDT",1955,1956,1299,-656
BANC,"11/3/2022 9 p.m. PDT",1931,1906,1316,-615
BANC,"11/3/2022 10 p.m. PDT",1846,1824,1191,-655
BANC,"11/3/2022 11 p.m. PDT",1720,1702,1146,-574
BANC,"11/4/2022 12 a.m. PDT",1611,1595,1089,-522
BANC,"11/4/2022 1 a.m. PDT",1551,1522,1069,-482
BANC,"11/4/2022 2 a.m. PDT",1500,1486,1022,-478
BANC,"11/4/2022 3 a.m. PDT",1476,1461,1021,-455
BANC,"11/4/2022 4 a.m. PDT",1476,1463,1015,-461
BANC,"11/4/2022 5 a.m. PDT",1523,1511,1028,-495
BANC,"11/4/2022 6 a.m. PDT",1625,1624,1069,-556
BANC,"11/4/2022 7 a.m. PDT",1811,1817,1214,-597
BANC,"11/4/2022 8 a.m. PDT",1972,1961,1327,-645
BANC,"11/4/2022 9 a.m. PDT",1954,1966,1041,-913
BANC,"11/4/2022 10 a.m. PDT",1937,1903,780,-1157
BANC,"11/4/2022 11 a.m. PDT",1871,1848,832,-1039
BANC,"11/4/2022 12 p.m. PDT",1825,1808,788,-1037
BANC,"11/4/2022 1 p.m. PDT",1783,1767,764,-1019
BANC,"11/4/2022 2 p.m. PDT",1748,1732,773,-975
BANC,"11/4/2022 3 p.m. PDT",1727,1709,760,-967
BANC,"11/4/2022 4 p.m. PDT",1722,1712,786,-936
BANC,"11/4/2022 5 p.m. PDT",1828,1734,927,-901
BANC,"11/4/2022 6 p.m. PDT",1850,1787,1242,-608
BANC,"11/4/2022 7 p.m. PDT",1938,1888,1422,-516
BANC,"11/4/2022 8 p.m. PDT",1904,1883,1269,-635
BANC,"11/4/2022 9 p.m. PDT",1875,1821,1268,-607
BANC,"11/4/2022 10 p.m. PDT",1803,1752,1111,-692
BANC,"11/4/2022 11 p.m. PDT",1712,1655,965,-747
BANC,"11/5/2022 12 a.m. PDT",1609,1568,885,-724
BANC,"11/5/2022 1 a.m. PDT",1532,1505,631,-901
BANC,"11/5/2022 2 a.m. PDT",1499,1464,606,-893
BANC,"11/5/2022 3 a.m. PDT",1446,1426,604,-842
BANC,"11/5/2022 4 a.m. PDT",1439,1405,615,-824
BANC,"11/5/2022 5 a.m. PDT",1447,1410,606,-841
BANC,"11/5/2022 6 a.m. PDT",1484,1445,681,-803
BANC,"11/5/2022 7 a.m. PDT",1555,1512,769,-786
BANC,"11/5/2022 8 a.m. PDT",1655,1610,816,-839
BANC,"11/5/2022 9 a.m. PDT",1723,1682,819,-904
BANC,"11/5/2022 10 a.m. PDT",1749,1708,671,-1078
BANC,"11/5/2022 11 a.m. PDT",1774,1718,712,-1062
BANC,"11/5/2022 12 p.m. PDT",1763,1713,734,-1029
BANC,"11/5/2022 1 p.m. PDT",1787,1679,723,-1064
BANC,"11/5/2022 2 p.m. PDT",1764,1653,762,-1002
BANC,"11/5/2022 3 p.m. PDT",1769,1647,692,-1077
BANC,"11/5/2022 4 p.m. PDT",1784,1643,781,-1003
BANC,"11/5/2022 5 p.m. PDT",1799,1682,675,-1124
BANC,"11/5/2022 6 p.m. PDT",1837,1722,966,-871
BANC,"11/5/2022 7 p.m. PDT",1884,1826,1110,-774
BANC,"11/5/2022 8 p.m. PDT",1852,1814,1053,-799
BANC,"11/5/2022 9 p.m. PDT",1803,1753,1026,-777
BANC,"11/5/2022 10 p.m. PDT",1738,1693,866,-872
BANC,"11/5/2022 11 p.m. PDT",1654,1609,725,-929
BANC,"11/6/2022 12 a.m. PDT",1546,1512,672,-874
BANC,"11/6/2022 1 a.m. PDT",1467,1471,698,-769
BANC,"11/6/2022 1 a.m. PST",1411,1414,657,-754
BANC,"11/6/2022 2 a.m. PST",1363,1395,599,-764
BANC,"11/6/2022 3 a.m. PST",1337,1375,628,-709
BANC,"11/6/2022 4 a.m. PST",1335,1365,734,-601
BANC,"11/6/2022 5 a.m. PST",1347,1379,765,-582
BANC,"11/6/2022 6 a.m. PST",1398,1420,799,-599
BANC,"11/6/2022 7 a.m. PST",1476,1475,829,-647
BANC,"11/6/2022 8 a.m. PST",1554,1517,875,-679
BANC,"11/6/2022 9 a.m. PST",1636,1555,883,-753
BANC,"11/6/2022 10 a.m. PST",1655,1599,748,-907
BANC,"11/6/2022 11 a.m. PST",1633,1612,715,-918
BANC,"11/6/2022 12 p.m. PST",1616,1621,712,-904
BANC,"11/6/2022 1 p.m. PST",1586,1614,734,-852
BANC,"11/6/2022 2 p.m. PST",1577,1612,786,-791
BANC,"11/6/2022 3 p.m. PST",1601,1623,802,-799
BANC,"11/6/2022 4 p.m. PST",1652,1661,963,-689
BANC,"11/6/2022 5 p.m. PST",1742,1745,1270,-472
BANC,"11/6/2022 6 p.m. PST",1891,1850,1419,-472
BANC,"11/6/2022 7 p.m. PST",1877,1853,1416,-461
BANC,"11/6/2022 8 p.m. PST",1846,1803,1322,-524
BANC,"11/6/2022 9 p.m. PST",1807,1734,1296,-511
BANC,"11/6/2022 10 p.m. PST",1723,1651,1179,-544
BANC,"11/6/2022 11 p.m. PST",1597,1551,1039,-558
BANC,"11/7/2022 12 a.m. PST",1489,1475,918,-578
BANC,"11/7/2022 1 a.m. PST",1444,1453,962,-482
BANC,"11/7/2022 2 a.m. PST",1401,1411,987,-414
BANC,"11/7/2022 3 a.m. PST",1385,1391,968,-417
BANC,"11/7/2022 4 a.m. PST",1391,1383,918,-473
BANC,"11/7/2022 5 a.m. PST",1455,1431,876,-579
BANC,"11/7/2022 6 a.m. PST",1574,1540,1020,-554
BANC,"11/7/2022 7 a.m. PST",1755,1698,1102,-653
BANC,"11/7/2022 8 a.m. PST",1845,1800,1150,-695
BANC,"11/7/2022 9 a.m. PST",1830,1840,1024,-806
BANC,"11/7/2022 10 a.m. PST",1823,1854,1052,-771
BANC,"11/7/2022 11 a.m. PST",1807,1855,1072,-735
BANC,"11/7/2022 12 p.m. PST",1791,1844,1049,-742
BANC,"11/7/2022 1 p.m. PST",1782,1839,1006,-776
BANC,"11/7/2022 2 p.m. PST",1772,1822,1067,-705
BANC,"11/7/2022 3 p.m. PST",1821,1818,1161,-660
BANC,"11/7/2022 4 p.m. PST",1873,1829,1147,-726
BANC,"11/7/2022 5 p.m. PST",1944,1892,1248,-696
BANC,"11/7/2022 6 p.m. PST",2038,2010,1454,-584
BANC,"11/7/2022 7 p.m. PST",2032,1992,1566,-466
BANC,"11/7/2022 8 p.m. PST",1970,1944,1522,-448
BANC,"11/7/2022 9 p.m. PST",1906,1877,1476,-430
BANC,"11/7/2022 10 p.m. PST",1808,1781,1181,-627
BANC,"11/7/2022 11 p.m. PST",1683,1659,1143,-540
BANC,"11/8/2022 12 a.m. PST",1576,1555,1085,-491
BANC,"11/8/2022 1 a.m. PST",1514,1518,1016,-498
BANC,"11/8/2022 2 a.m. PST",1471,1518,1019,-452
BANC,"11/8/2022 3 a.m. PST",1455,1470,980,-475
BANC,"11/8/2022 4 a.m. PST",1459,1442,976,-483
BANC,"11/8/2022 5 a.m. PST",1517,1439,984,-533
BANC,"11/8/2022 6 a.m. PST",1631,1485,1014,-617
BANC,"11/8/2022 7 a.m. PST",1827,1599,1154,-673
BANC,"11/8/2022 8 a.m. PST",1974,1760,1219,-755
BANC,"11/8/2022 9 a.m. PST",2034,1856,1179,-855
BANC,"11/8/2022 10 a.m. PST",2061,1898,1162,-899
BANC,"11/8/2022 11 a.m. PST",2043,1908,1128,-915
BANC,"11/8/2022 12 p.m. PST",2000,1898,1047,-953
BANC,"11/8/2022 1 p.m. PST",2018,1883,966,-1052
BANC,"11/8/2022 2 p.m. PST",2035,1873,848,-1187
BANC,"11/8/2022 3 p.m. PST",1897,1862,1050,-847
BANC,"11/8/2022 4 p.m. PST",1908,1857,1009,-899
BANC,"11/8/2022 5 p.m. PST",1980,1873,1188,-792
BANC,"11/8/2022 6 p.m. PST",2103,1939,1535,-568
BANC,"11/8/2022 7 p.m. PST",2086,2053,1530,-556
BANC,"11/8/2022 8 p.m. PST",2044,2028,1325,-719
BANC,"11/8/2022 9 p.m. PST",1982,1982,1195,-787
BANC,"11/8/2022 10 p.m. PST",1877,1914,1144,-733
BANC,"11/8/2022 11 p.m. PST",1743,1817,1113,-630
BANC,"11/9/2022 12 a.m. PST",1635,1687,1060,-575
BANC,"11/9/2022 1 a.m. PST",1572,1545,1058,-514
BANC,"11/9/2022 2 a.m. PST",1516,1498,1075,-441
BANC,"11/9/2022 3 a.m. PST",1492,1478,1080,-412
BANC,"11/9/2022 4 a.m. PST",1501,1482,1090,-411
BANC,"11/9/2022 5 a.m. PST",1548,1529,1066,-482
BANC,"11/9/2022 6 a.m. PST",1652,1648,1074,-578
BANC,"11/9/2022 7 a.m. PST",1846,1814,1162,-684
BANC,"11/9/2022 8 a.m. PST",1944,1917,1167,-777
BANC,"11/9/2022 9 a.m. PST",1941,1965,1170,-771
BANC,"11/9/2022 10 a.m. PST",1885,1961,1104,-781
BANC,"11/9/2022 11 a.m. PST",1864,1940,995,-869
BANC,"11/9/2022 12 p.m. PST",1851,1900,1082,-769
BANC,"11/9/2022 1 p.m. PST",1812,1884,1072,-740
BANC,"11/9/2022 2 p.m. PST",1801,1868,984,-817
BANC,"11/9/2022 3 p.m. PST",1816,1856,934,-882
BANC,"11/9/2022 4 p.m. PST",1846,1879,949,-897
BANC,"11/9/2022 5 p.m. PST",1927,1953,1014,-913
BANC,"11/9/2022 6 p.m. PST",2053,2074,1390,-663
BANC,"11/9/2022 7 p.m. PST",2052,2059,1273,-779
BANC,"11/9/2022 8 p.m. PST",2021,2012,1137,-884
BANC,"11/9/2022 9 p.m. PST",1966,1945,933,-1033
BANC,"11/9/2022 10 p.m. PST",1878,1855,953,-925
BANC,"11/9/2022 11 p.m. PST",1755,1746,870,-885
BANC,"11/10/2022 12 a.m. PST",1649,1635,821,-828
BANC,"11/10/2022 1 a.m. PST",1597,1577,915,-682
BANC,"11/10/2022 2 a.m. PST",1544,1531,882,-662
BANC,"11/10/2022 3 a.m. PST",1540,1516,868,-672
BANC,"11/10/2022 4 a.m. PST",1543,1520,962,-581
BANC,"11/10/2022 5 a.m. PST",1606,1571,1059,-547
BANC,"11/10/2022 6 a.m. PST",1738,1695,1137,-601
BANC,"11/10/2022 7 a.m. PST",1939,1868,1270,-669
BANC,"11/10/2022 8 a.m. PST",2042,1961,1184,-858
BANC,"11/10/2022 9 a.m. PST",2023,1971,1098,-925
BANC,"11/10/2022 10 a.m. PST",1954,1950,1143,-811
BANC,"11/10/2022 11 a.m. PST",1889,1911,1138,-751
BANC,"11/10/2022 12 p.m. PST",1828,1872,1099,-729
BANC,"11/10/2022 1 p.m. PST",1790,1847,1108,-682
BANC,"11/10/2022 2 p.m. PST",1798,1826,1101,-697
BANC,"11/10/2022 3 p.m. PST",1782,1829,1119,-663
BANC,"11/10/2022 4 p.m. PST",2032,1853,1461,-571
BANC,"11/10/2022 5 p.m. PST",1904,1951,1405,-499
BANC,"11/10/2022 6 p.m. PST",2054,2083,1761,-293
BANC,"11/10/2022 7 p.m. PST",2048,2072,1601,-447
BANC,"11/10/2022 8 p.m. PST",2017,2022,1540,-477
BANC,"11/10/2022 9 p.m. PST",1972,1957,1472,-500
BANC,"11/10/2022 10 p.m. PST",1896,1864,1487,-409
BANC,"11/10/2022 11 p.m. PST",1786,1752,1400,-386
BANC,"11/11/2022 12 a.m. PST",1659,1644,1358,-301
BANC,"11/11/2022 1 a.m. PST",1603,1614,1435,-168
BANC,"11/11/2022 2 a.m. PST",1565,1541,1425,-140
BANC,"11/11/2022 3 a.m. PST",1535,1520,1379,-156
BANC,"11/11/2022 4 a.m. PST",1548,1526,1352,-196
BANC,"11/11/2022 5 a.m. PST",1595,1577,1374,-221
BANC,"11/11/2022 6 a.m. PST",1706,1696,1435,-271
BANC,"11/11/2022 7 a.m. PST",1850,1860,1480,-370
BANC,"11/11/2022 8 a.m. PST",1926,1954,1339,-587
BANC,"11/11/2022 9 a.m. PST",1950,1987,1174,-776
BANC,"11/11/2022 10 a.m. PST",1912,1975,1264,-648
BANC,"11/11/2022 11 a.m. PST",1851,1934,1271,-580
BANC,"11/11/2022 12 p.m. PST",1813,1893,1285,-528
BANC,"11/11/2022 1 p.m. PST",1775,1857,1265,-510
BANC,"11/11/2022 2 p.m. PST",1770,1828,1266,-504
BANC,"11/11/2022 3 p.m. PST",1755,1820,1217,-538
BANC,"11/11/2022 4 p.m. PST",1795,1835,1362,-433
BANC,"11/11/2022 5 p.m. PST",1851,1925,1430,-421
BANC,"11/11/2022 6 p.m. PST",1988,2048,1586,-402
BANC,"11/11/2022 7 p.m. PST",1976,2030,1428,-548
BANC,"11/11/2022 8 p.m. PST",1934,1978,1419,-515
BANC,"11/11/2022 9 p.m. PST",1904,1923,1428,-476
BANC,"11/11/2022 10 p.m. PST",1840,1842,1431,-409
BANC,"11/11/2022 11 p.m. PST",1757,1758,1407,-350
BANC,"11/12/2022 12 a.m. PST",1672,1654,1398,-274
BANC,"11/12/2022 1 a.m. PST",1618,1598,1469,-149
BANC,"11/12/2022 2 a.m. PST",1565,1544,1460,-105
BANC,"11/12/2022 3 a.m. PST",1526,1515,1466,-60
BANC,"11/12/2022 4 a.m. PST",1498,1499,1471,-27
BANC,"11/12/2022 5 a.m. PST",1516,1510,1442,-74
BANC,"11/12/2022 6 a.m. PST",1569,1546,1430,-139
BANC,"11/12/2022 7 a.m. PST",1650,1603,1449,-201
BANC,"11/12/2022 8 a.m. PST",1718,1666,1298,-420
BANC,"11/12/2022 9 a.m. PST",1787,1747,1420,-367
BANC,"11/12/2022 10 a.m. PST",1820,1781,1423,-397
BANC,"11/12/2022 11 a.m. PST",1809,1769,1411,-398
BANC,"11/12/2022 12 p.m. PST",1746,1748,1261,-485
BANC,"11/12/2022 1 p.m. PST",1720,1723,1192,-528
BANC,"11/12/2022 2 p.m. PST",1693,1689,1178,-515
BANC,"11/12/2022 3 p.m. PST",1666,1683,1211,-455
BANC,"11/12/2022 4 p.m. PST",1701,1707,1219,-482
BANC,"11/12/2022 5 p.m. PST",1780,1808,1398,-382
BANC,"11/12/2022 6 p.m. PST",1913,1922,1614,-299
BANC,"11/12/2022 7 p.m. PST",1906,1906,1476,-430
BANC,"11/12/2022 8 p.m. PST",1863,1861,1480,-383
BANC,"11/12/2022 9 p.m. PST",1838,1807,1512,-326
BANC,"11/12/2022 10 p.m. PST",1765,1743,1439,-326
BANC,"11/12/2022 11 p.m. PST",1689,1682,1398,-291
BANC,"11/13/2022 12 a.m. PST",1606,1592,1380,-226
BANC,"11/13/2022 1 a.m. PST",1548,1540,1269,-279
BANC,"11/13/2022 2 a.m. PST",1506,1488,1225,-281
BANC,"11/13/2022 3 a.m. PST",1475,1463,1194,-281
BANC,"11/13/2022 4 a.m. PST",1480,1453,1218,-262
BANC,"11/13/2022 5 a.m. PST",1498,1474,1215,-283
BANC,"11/13/2022 6 a.m. PST",1554,1518,1206,-348
BANC,"11/13/2022 7 a.m. PST",1636,1591,1202,-434
BANC,"11/13/2022 8 a.m. PST",1690,1656,1173,-517
BANC,"11/13/2022 9 a.m. PST",1728,1711,1027,-701
BANC,"11/13/2022 10 a.m. PST",1782,1709,1154,-628
BANC,"11/13/2022 11 a.m. PST",1668,1689,1008,-660
BANC,"11/13/2022 12 p.m. PST",1635,1662,1018,-617
BANC,"11/13/2022 1 p.m. PST",1613,1642,1006,-607
BANC,"11/13/2022 2 p.m. PST",1611,1631,1020,-591
BANC,"11/13/2022 3 p.m. PST",1628,1630,1011,-617
BANC,"11/13/2022 4 p.m. PST",1688,1660,978,-710
BANC,"11/13/2022 5 p.m. PST",1789,1743,1194,-595
BANC,"11/13/2022 6 p.m. PST",1954,1894,1325,-629
BANC,"11/13/2022 7 p.m. PST",1965,1906,1270,-695
BANC,"11/13/2022 8 p.m. PST",1941,1886,1269,-672
BANC,"11/13/2022 9 p.m. PST",1901,1839,1273,-628
BANC,"11/13/2022 10 p.m. PST",1842,1764,1293,-549
BANC,"11/13/2022 11 p.m. PST",1730,1667,1256,-474
BANC,"11/14/2022 12 a.m. PST",1628,1572,1255,-373
BANC,"11/14/2022 1 a.m. PST",1574,1556,1246,-328
BANC,"11/14/2022 2 a.m. PST",1543,1520,1218,-325
BANC,"11/14/2022 3 a.m. PST",1527,1504,1206,-321
BANC,"11/14/2022 4 a.m. PST",1540,1521,1185,-355
BANC,"11/14/2022 5 a.m. PST",1614,1583,1212,-402
BANC,"11/14/2022 6 a.m. PST",1756,1715,1295,-461
BANC,"11/14/2022 7 a.m. PST",1953,1897,1374,-579
BANC,"11/14/2022 8 a.m. PST",2076,1996,1379,-697
BANC,"11/14/2022 9 a.m. PST",2053,2013,1336,-717
BANC,"11/14/2022 10 a.m. PST",1982,1978,1425,-557
BANC,"11/14/2022 11 a.m. PST",1899,1939,1361,-538
BANC,"11/14/2022 12 p.m. PST",1833,1887,1284,-549
BANC,"11/14/2022 1 p.m. PST",1801,1848,1208,-593
BANC,"11/14/2022 2 p.m. PST",1784,1825,1271,-513
BANC,"11/14/2022 3 p.m. PST",1806,1814,1304,-502
BANC,"11/14/2022 4 p.m. PST",1821,1834,1259,-562
BANC,"11/14/2022 5 p.m. PST",1927,1922,1321,-606
BANC,"11/14/2022 6 p.m. PST",2082,2062,1477,-605
BANC,"11/14/2022 7 p.m. PST",2081,2060,1380,-701
BANC,"11/14/2022 8 p.m. PST",2051,2022,1401,-650
BANC,"11/14/2022 9 p.m. PST",1997,1960,1399,-598
BANC,"11/14/2022 10 p.m. PST",1907,1866,1359,-548
BANC,"11/14/2022 11 p.m. PST",1780,1741,1282,-498
BANC,"11/15/2022 12 a.m. PST",1676,1635,1266,-410
BANC,"11/15/2022 1 a.m. PST",1619,1615,1242,-377
BANC,"11/15/2022 2 a.m. PST",1574,1571,1242,-332
BANC,"11/15/2022 3 a.m. PST",1574,1557,1276,-298
BANC,"11/15/2022 4 a.m. PST",1576,1566,1256,-320
BANC,"11/15/2022 5 a.m. PST",1651,1621,1276,-375
BANC,"11/15/2022 6 a.m. PST",1791,1751,1378,-413
BANC,"11/15/2022 7 a.m. PST",1996,1928,1462,-534
BANC,"11/15/2022 8 a.m. PST",2110,2028,1398,-712
BANC,"11/15/2022 9 a.m. PST",2046,2031,1295,-751
BANC,"11/15/2022 10 a.m. PST",1977,1996,1207,-770
BANC,"11/15/2022 11 a.m. PST",1896,1950,1170,-726
BANC,"11/15/2022 12 p.m. PST",1831,1896,1118,-713
BANC,"11/15/2022 1 p.m. PST",1799,1864,1026,-773
BANC,"11/15/2022 2 p.m. PST",1786,1838,1012,-774
BANC,"11/15/2022 3 p.m. PST",1785,1837,1046,-739
BANC,"11/15/2022 4 p.m. PST",1819,1855,1126,-693
BANC,"11/15/2022 5 p.m. PST",1921,1933,1321,-600
BANC,"11/15/2022 6 p.m. PST",2045,2075,1602,-443
BANC,"11/15/2022 7 p.m. PST",2024,2071,1647,-377
BANC,"11/15/2022 8 p.m. PST",1990,2021,1446,-544
BANC,"11/15/2022 9 p.m. PST",1936,1943,1369,-567
BANC,"11/15/2022 10 p.m. PST",1844,1849,1395,-449
BANC,"11/15/2022 11 p.m. PST",1722,1724,1282,-440
BANC,"11/16/2022 12 a.m. PST",1612,1616,1240,-372
BANC,"11/16/2022 1 a.m. PST",1561,1561,1177,-384
BANC,"11/16/2022 2 a.m. PST",1541,1521,1151,-390
BANC,"11/16/2022 3 a.m. PST",1536,1498,1180,-356
BANC,"11/16/2022 4 a.m. PST",1558,1503,1172,-386
BANC,"11/16/2022 5 a.m. PST",1631,1559,1311,-320
BANC,"11/16/2022 6 a.m. PST",1766,1680,1387,-379
BANC,"11/16/2022 7 a.m. PST",1981,1852,1473,-508
BANC,"11/16/2022 8 a.m. PST",2086,1958,1378,-708
BANC,"11/16/2022 9 a.m. PST",2033,1963,1009,-1024
BANC,"11/16/2022 10 a.m. PST",1956,1927,1213,-743
BANC,"11/16/2022 11 a.m. PST",1853,1897,1164,-689
BANC,"11/16/2022 12 p.m. PST",1789,1876,1069,-720
BANC,"11/16/2022 1 p.m. PST",1744,1854,1129,-615
BANC,"11/16/2022 2 p.m. PST",1730,1859,1075,-655
BANC,"11/16/2022 3 p.m. PST",1752,1873,988,-764
BANC,"11/16/2022 4 p.m. PST",1799,1901,1173,-626
BANC,"11/16/2022 5 p.m. PST",1907,1969,1284,-623
BANC,"11/16/2022 6 p.m. PST",2043,2117,1623,-420
BANC,"11/16/2022 7 p.m. PST",2038,2106,1569,-469
BANC,"11/16/2022 8 p.m. PST",2007,2056,1316,-691
BANC,"11/16/2022 9 p.m. PST",1968,1989,1266,-702
BANC,"11/16/2022 10 p.m. PST",1882,1888,1263,-619
BANC,"11/16/2022 11 p.m. PST",1764,1753,1239,-525
BANC,"11/17/2022 12 a.m. PST",1648,1649,1231,-417
BANC,"11/17/2022 1 a.m. PST",1600,1591,1206,-394
BANC,"11/17/2022 2 a.m. PST",1560,1554,1231,-329
BANC,"11/17/2022 3 a.m. PST",1542,1536,1178,-364
BANC,"11/17/2022 4 a.m. PST",1565,1542,1143,-422
BANC,"11/17/2022 5 a.m. PST",1629,1605,1135,-494
BANC,"11/17/2022 6 a.m. PST",1756,1730,1222,-534
BANC,"11/17/2022 7 a.m. PST",1963,1904,1324,-639
BANC,"11/17/2022 8 a.m. PST",2073,2000,1243,-830
BANC,"11/17/2022 9 a.m. PST",2058,1990,1053,-1005
BANC,"11/17/2022 10 a.m. PST",1986,1947,1285,-701
BANC,"11/17/2022 11 a.m. PST",1907,1897,1332,-575
BANC,"11/17/2022 12 p.m. PST",1835,1859,1314,-521
BANC,"11/17/2022 1 p.m. PST",1804,1831,1333,-471
BANC,"11/17/2022 2 p.m. PST",1799,1825,1330,-469
BANC,"11/17/2022 3 p.m. PST",1814,1836,1261,-553
BANC,"11/17/2022 4 p.m. PST",1835,1862,1233,-602
BANC,"11/17/2022 5 p.m. PST",1925,1928,1233,-692
BANC,"11/17/2022 6 p.m. PST",2061,2085,1547,-514
BANC,"11/17/2022 7 p.m. PST",2050,2088,1340,-710
BANC,"11/17/2022 8 p.m. PST",2024,2045,1287,-737
BANC,"11/17/2022 9 p.m. PST",1983,1986,1262,-721
BANC,"11/17/2022 10 p.m. PST",1899,1892,1210,-689
BANC,"11/17/2022 11 p.m. PST",1780,1769,1230,-550
BANC,"11/18/2022 12 a.m. PST",1676,1663,1222,-454
BANC,"11/18/2022 1 a.m. PST",1622,1608,1246,-376
BANC,"11/18/2022 2 a.m. PST",1585,1572,1220,-365
BANC,"11/18/2022 3 a.m. PST",1561,1553,1225,-336
BANC,"11/18/2022 4 a.m. PST",1564,1560,1245,-319
BANC,"11/18/2022 5 a.m. PST",1626,1613,1260,-366
BANC,"11/18/2022 6 a.m. PST",1742,1730,1275,-467
BANC,"11/18/2022 7 a.m. PST",1939,1902,1431,-508
BANC,"11/18/2022 8 a.m. PST",2045,1983,1293,-752
BANC,"11/18/2022 9 a.m. PST",2011,1967,1308,-703
BANC,"11/18/2022 10 a.m. PST",1955,1924,1341,-614
BANC,"11/18/2022 11 a.m. PST",1882,1870,1292,-590
BANC,"11/18/2022 12 p.m. PST",1831,1825,1256,-575
BANC,"11/18/2022 1 p.m. PST",1789,1805,1162,-627
BANC,"11/18/2022 2 p.m. PST",1780,1803,1159,-621
BANC,"11/18/2022 3 p.m. PST",1775,1816,1162,-613
BANC,"11/18/2022 4 p.m. PST",1817,1849,1144,-673
BANC,"11/18/2022 5 p.m. PST",1898,1919,1293,-605
BANC,"11/18/2022 6 p.m. PST",2025,2045,1579,-446
BANC,"11/18/2022 7 p.m. PST",2009,2037,1401,-608
BANC,"11/18/2022 8 p.m. PST",1966,1982,1311,-655
BANC,"11/18/2022 9 p.m. PST",1926,1919,1279,-647
BANC,"11/18/2022 10 p.m. PST",1851,1841,1247,-604
BANC,"11/18/2022 11 p.m. PST",1776,1739,1257,-519
BANC,"11/19/2022 12 a.m. PST",1676,1650,1241,-435
BANC,"11/19/2022 1 a.m. PST",1626,1603,1210,-416
BANC,"11/19/2022 2 a.m. PST",1584,1555,1178,-406
BANC,"11/19/2022 3 a.m. PST",1550,1522,1180,-370
BANC,"11/19/2022 4 a.m. PST",1549,1510,1138,-411
BANC,"11/19/2022 5 a.m. PST",1582,1525,1232,-350
BANC,"11/19/2022 6 a.m. PST",1658,1570,1463,-195
BANC,"11/19/2022 7 a.m. PST",1750,1645,1502,-248
BANC,"11/19/2022 8 a.m. PST",1827,1714,1405,-422
BANC,"11/19/2022 9 a.m. PST",1837,1757,1240,-597
BANC,"11/19/2022 10 a.m. PST",1807,1765,1063,-744
BANC,"11/19/2022 11 a.m. PST",1754,1738,1059,-695
BANC,"11/19/2022 12 p.m. PST",1699,1707,1096,-603
BANC,"11/19/2022 1 p.m. PST",1662,1681,1083,-579
BANC,"11/19/2022 2 p.m. PST",1645,1680,1036,-609
BANC,"11/19/2022 3 p.m. PST",1654,1700,1012,-642
BANC,"11/19/2022 4 p.m. PST",1688,1752,1092,-596
BANC,"11/19/2022 5 p.m. PST",1804,1838,1257,-547
BANC,"11/19/2022 6 p.m. PST",1949,1987,1586,-363
BANC,"11/19/2022 7 p.m. PST",1937,1976,1386,-551
BANC,"11/19/2022 8 p.m. PST",1918,1925,1370,-548
BANC,"11/19/2022 9 p.m. PST",1890,1870,1362,-528
BANC,"11/19/2022 10 p.m. PST",1840,1802,1306,-534
BANC,"11/19/2022 11 p.m. PST",1758,1721,1253,-505
BANC,"11/20/2022 12 a.m. PST",1675,1642,1100,-575
BANC,"11/20/2022 1 a.m. PST",1642,1609,729,-913
BANC,"11/20/2022 2 a.m. PST",1596,1571,728,-868
BANC,"11/20/2022 3 a.m. PST",1579,1550,708,-871
BANC,"11/20/2022 4 a.m. PST",1582,1545,718,-864
BANC,"11/20/2022 5 a.m. PST",1603,1562,720,-883
BANC,"11/20/2022 6 a.m. PST",1673,1601,710,-963
BANC,"11/20/2022 7 a.m. PST",1764,1664,719,-1045
BANC,"11/20/2022 8 a.m. PST",1843,1714,702,-1141
BANC,"11/20/2022 9 a.m. PST",1856,1750,738,-1118
BANC,"11/20/2022 10 a.m. PST",1807,1744,845,-962
BANC,"11/20/2022 11 a.m. PST",1744,1709,824,-920
BANC,"11/20/2022 12 p.m. PST",1692,1670,827,-865
BANC,"11/20/2022 1 p.m. PST",1654,1637,783,-871
BANC,"11/20/2022 2 p.m. PST",1645,1633,774,-871
BANC,"11/20/2022 3 p.m. PST",1665,1649,732,-933
BANC,"11/20/2022 4 p.m. PST",1710,1708,745,-965
BANC,"11/20/2022 5 p.m. PST",1832,1805,817,-1015
BANC,"11/20/2022 6 p.m. PST",1978,1984,939,-1039
BANC,"11/20/2022 7 p.m. PST",1991,1990,930,-1061
BANC,"11/20/2022 8 p.m. PST",1973,1954,723,-1250
BANC,"11/20/2022 9 p.m. PST",1945,1910,698,-1247
BANC,"11/20/2022 10 p.m. PST",1869,1835,665,-1204
BANC,"11/20/2022 11 p.m. PST",1774,1731,668,-1106
BANC,"11/21/2022 12 a.m. PST",1669,1634,647,-1022
BANC,"11/21/2022 1 a.m. PST",1635,1607,668,-967
BANC,"11/21/2022 2 a.m. PST",1591,1577,628,-963
BANC,"11/21/2022 3 a.m. PST",1589,1567,600,-989
BANC,"11/21/2022 4 a.m. PST",1619,1584,660,-959
BANC,"11/21/2022 5 a.m. PST",1699,1654,708,-991
BANC,"11/21/2022 6 a.m. PST",1823,1785,714,-1109
BANC,"11/21/2022 7 a.m. PST",2011,1975,738,-1273
BANC,"11/21/2022 8 a.m. PST",2121,2084,683,-1438
BANC,"11/21/2022 9 a.m. PST",2105,2075,668,-1437
BANC,"11/21/2022 10 a.m. PST",2038,2018,718,-1320
BANC,"11/21/2022 11 a.m. PST",1970,1959,698,-1272
BANC,"11/21/2022 12 p.m. PST",1890,1907,689,-1201
BANC,"11/21/2022 1 p.m. PST",1848,1873,671,-1177
BANC,"11/21/2022 2 p.m. PST",1810,1845,652,-1158
BANC,"11/21/2022 3 p.m. PST",1836,1836,726,-1110
BANC,"11/21/2022 4 p.m. PST",1854,1866,844,-1010
BANC,"11/21/2022 5 p.m. PST",1949,1953,752,-1197
BANC,"11/21/2022 6 p.m. PST",2095,2092,935,-1160
BANC,"11/21/2022 7 p.m. PST",2086,2084,951,-1135
BANC,"11/21/2022 8 p.m. PST",2056,2031,745,-1311
BANC,"11/21/2022 9 p.m. PST",2021,1968,845,-1176
BANC,"11/21/2022 10 p.m. PST",1940,1870,850,-1090
BANC,"11/21/2022 11 p.m. PST",1823,1746,832,-991
BANC,"11/22/2022 12 a.m. PST",1704,1640,785,-919
BANC,"11/22/2022 1 a.m. PST",1662,1635,676,-986
BANC,"11/22/2022 2 a.m. PST",1611,1595,616,-995
BANC,"11/22/2022 3 a.m. PST",1608,1580,615,-993
BANC,"11/22/2022 4 a.m. PST",1626,1591,571,-1055
BANC,"11/22/2022 5 a.m. PST",1695,1652,585,-1110
BANC,"11/22/2022 6 a.m. PST",1824,1782,635,-1189
BANC,"11/22/2022 7 a.m. PST",1999,1966,696,-1303
BANC,"11/22/2022 8 a.m. PST",2103,2068,621,-1482
BANC,"11/22/2022 9 a.m. PST",2072,2060,760,-1312
BANC,"11/22/2022 10 a.m. PST",1992,2004,857,-1135
BANC,"11/22/2022 11 a.m. PST",1918,1945,847,-1071
BANC,"11/22/2022 12 p.m. PST",1848,1895,760,-1088
BANC,"11/22/2022 1 p.m. PST",1884,1863,882,-1002
BANC,"11/22/2022 2 p.m. PST",1843,1840,849,-994
BANC,"11/22/2022 3 p.m. PST",1839,1838,800,-1039
BANC,"11/22/2022 4 p.m. PST",1849,1868,718,-1131
BANC,"11/22/2022 5 p.m. PST",1943,1955,703,-1240
BANC,"11/22/2022 6 p.m. PST",2069,2094,882,-1187
BANC,"11/22/2022 7 p.m. PST",2079,2085,850,-1229
BANC,"11/22/2022 8 p.m. PST",2044,2033,731,-1313
BANC,"11/22/2022 9 p.m. PST",2006,1970,749,-1257
BANC,"11/22/2022 10 p.m. PST",1935,1871,668,-1267
BANC,"11/22/2022 11 p.m. PST",1810,1747,532,-1278
BANC,"11/23/2022 12 a.m. PST",1720,1644,493,-1227
BANC,"11/23/2022 1 a.m. PST",1659,1623,531,-1128
BANC,"11/23/2022 2 a.m. PST",1611,1578,513,-1098
BANC,"11/23/2022 3 a.m. PST",1598,1560,515,-1083
BANC,"11/23/2022 4 a.m. PST",1602,1568,492,-1110
BANC,"11/23/2022 5 a.m. PST",1659,1619,520,-1139
BANC,"11/23/2022 6 a.m. PST",1778,1742,567,-1211
BANC,"11/23/2022 7 a.m. PST",1956,1911,605,-1351
BANC,"11/23/2022 8 a.m. PST",2053,2000,616,-1437
BANC,"11/23/2022 9 a.m. PST",2040,1987,603,-1437
BANC,"11/23/2022 10 a.m. PST",2002,1939,693,-1309
BANC,"11/23/2022 11 a.m. PST",1931,1884,743,-1188
BANC,"11/23/2022 12 p.m. PST",1875,1833,781,-1094
BANC,"11/23/2022 1 p.m. PST",1826,1810,794,-1032
BANC,"11/23/2022 2 p.m. PST",1812,1805,762,-1050
BANC,"11/23/2022 3 p.m. PST",1816,1821,693,-1123
BANC,"11/23/2022 4 p.m. PST",1847,1859,696,-1151
BANC,"11/23/2022 5 p.m. PST",1919,1940,669,-1250
BANC,"11/23/2022 6 p.m. PST",2046,2063,1109,-937
BANC,"11/23/2022 7 p.m. PST",2020,2063,979,-1041
BANC,"11/23/2022 8 p.m. PST",1988,2015,754,-1234
BANC,"11/23/2022 9 p.m. PST",1969,1950,787,-1182
BANC,"11/23/2022 10 p.m. PST",1889,1849,865,-1024
BANC,"11/23/2022 11 p.m. PST",1799,1743,681,-1118
BANC,"11/24/2022 12 a.m. PST",1691,1630,614,-1077
BANC,"11/24/2022 1 a.m. PST",1611,1588,643,-968
BANC,"11/24/2022 2 a.m. PST",1548,1529,575,-973
BANC,"11/24/2022 3 a.m. PST",1522,1500,552,-970
BANC,"11/24/2022 4 a.m. PST",1519,1495,598,-921
BANC,"11/24/2022 5 a.m. PST",1536,1521,596,-940
BANC,"11/24/2022 6 a.m. PST",1611,1581,611,-1000
BANC,"11/24/2022 7 a.m. PST",1712,1667,745,-967
BANC,"11/24/2022 8 a.m. PST",1776,1739,732,-1044
BANC,"11/24/2022 9 a.m. PST",1819,1783,822,-997
BANC,"11/24/2022 10 a.m. PST",1801,1785,806,-995
BANC,"11/24/2022 11 a.m. PST",1831,1759,846,-985
BANC,"11/24/2022 12 p.m. PST",1745,1739,744,-1001
BANC,"11/24/2022 1 p.m. PST",1709,1718,742,-967
BANC,"11/24/2022 2 p.m. PST",1684,1700,746,-938
BANC,"11/24/2022 3 p.m. PST",1661,1678,670,-991
BANC,"11/24/2022 4 p.m. PST",1672,1677,709,-963
BANC,"11/24/2022 5 p.m. PST",1674,1716,900,-774
BANC,"11/24/2022 6 p.m. PST",1728,1795,1071,-657
BANC,"11/24/2022 7 p.m. PST",1683,1761,1015,-668
BANC,"11/24/2022 8 p.m. PST",1674,1733,738,-936
BANC,"11/24/2022 9 p.m. PST",1657,1714,708,-949
BANC,"11/24/2022 10 p.m. PST",1652,1677,682,-970
BANC,"11/24/2022 11 p.m. PST",1605,1609,598,-1007
BANC,"11/25/2022 12 a.m. PST",1542,1557,551,-991
BANC,"11/25/2022 1 a.m. PST",1502,1509,545,-957
BANC,"11/25/2022 2 a.m. PST",1463,1463,562,-901
BANC,"11/25/2022 3 a.m. PST",1448,1447,558,-890
BANC,"11/25/2022 4 a.m. PST",1464,1448,555,-909
BANC,"11/25/2022 5 a.m. PST",1497,1486,619,-878
BANC,"11/25/2022 6 a.m. PST",1571,1558,630,-941
BANC,"11/25/2022 7 a.m. PST",1678,1652,757,-921
BANC,"11/25/2022 8 a.m. PST",1742,1705,672,-1070
BANC,"11/25/2022 9 a.m. PST",1779,1720,704,-1075
BANC,"11/25/2022 10 a.m. PST",1749,1689,676,-1073
BANC,"11/25/2022 11 a.m. PST",1722,1668,653,-1069
BANC,"11/25/2022 12 p.m. PST",1660,1643,630,-1030
BANC,"11/25/2022 1 p.m. PST",1629,1625,636,-993
BANC,"11/25/2022 2 p.m. PST",1615,1610,645,-970
BANC,"11/25/2022 3 p.m. PST",1644,1628,619,-1025
BANC,"11/25/2022 4 p.m. PST",1675,1672,662,-1013
BANC,"11/25/2022 5 p.m. PST",1760,1774,853,-907
BANC,"11/25/2022 6 p.m. PST",1883,1919,1003,-880
BANC,"11/25/2022 7 p.m. PST",1866,1903,888,-978
BANC,"11/25/2022 8 p.m. PST",1842,1862,625,-1217
BANC,"11/25/2022 9 p.m. PST",1826,1824,617,-1209
BANC,"11/25/2022 10 p.m. PST",1774,1760,572,-1202
BANC,"11/25/2022 11 p.m. PST",1691,1670,634,-1057
BANC,"11/26/2022 12 a.m. PST",1607,1584,630,-977
BANC,"11/26/2022 1 a.m. PST",1559,1540,631,-928
BANC,"11/26/2022 2 a.m. PST",1503,1501,627,-876
BANC,"11/26/2022 3 a.m. PST",1483,1478,625,-858
BANC,"11/26/2022 4 a.m. PST",1462,1472,661,-801
BANC,"11/26/2022 5 a.m. PST",1491,1495,669,-822
BANC,"11/26/2022 6 a.m. PST",1535,1549,730,-805
BANC,"11/26/2022 7 a.m. PST",1608,1635,729,-879
BANC,"11/26/2022 8 a.m. PST",1690,1697,745,-945
BANC,"11/26/2022 9 a.m. PST",1736,1738,684,-1052
BANC,"11/26/2022 10 a.m. PST",1693,1739,763,-930
BANC,"11/26/2022 11 a.m. PST",1668,1713,682,-986
BANC,"11/26/2022 12 p.m. PST",1625,1677,641,-984
BANC,"11/26/2022 1 p.m. PST",1602,1649,631,-971
BANC,"11/26/2022 2 p.m. PST",1589,1634,622,-967
BANC,"11/26/2022 3 p.m. PST",1609,1637,621,-988
BANC,"11/26/2022 4 p.m. PST",1664,1677,643,-1021
BANC,"11/26/2022 5 p.m. PST",1741,1772,818,-923
BANC,"11/26/2022 6 p.m. PST",1874,1927,1065,-809
BANC,"11/26/2022 7 p.m. PST",1881,1921,933,-948
BANC,"11/26/2022 8 p.m. PST",1856,1891,872,-984
BANC,"11/26/2022 9 p.m. PST",1832,1846,819,-1013
BANC,"11/26/2022 10 p.m. PST",1780,1776,789,-991
BANC,"11/26/2022 11 p.m. PST",1698,1686,736,-962
BANC,"11/27/2022 12 a.m. PST",1614,1597,692,-922
BANC,"11/27/2022 1 a.m. PST",1567,1555,614,-953
BANC,"11/27/2022 2 a.m. PST",1527,1507,581,-946
BANC,"11/27/2022 3 a.m. PST",1497,1494,555,-942
BANC,"11/27/2022 4 a.m. PST",1497,1487,584,-913
BANC,"11/27/2022 5 a.m. PST",1530,1507,616,-914
BANC,"11/27/2022 6 a.m. PST",1578,1558,756,-822
BANC,"11/27/2022 7 a.m. PST",1666,1640,800,-866
BANC,"11/27/2022 8 a.m. PST",1725,1699,763,-962
BANC,"11/27/2022 9 a.m. PST",1746,1740,708,-1038
BANC,"11/27/2022 10 a.m. PST",1717,1714,610,-1107
BANC,"11/27/2022 11 a.m. PST",1687,1676,645,-1042
BANC,"11/27/2022 12 p.m. PST",1650,1641,615,-1035
BANC,"11/27/2022 1 p.m. PST",1640,1616,594,-1046
BANC,"11/27/2022 2 p.m. PST",1644,1607,622,-1022
BANC,"11/27/2022 3 p.m. PST",1656,1615,619,-1037
BANC,"11/27/2022 4 p.m. PST",1695,1664,646,-1049
BANC,"11/27/2022 5 p.m. PST",1835,1774,833,-1002
BANC,"11/27/2022 6 p.m. PST",1987,1962,932,-1055
BANC,"11/27/2022 7 p.m. PST",1981,1979,854,-1127
BANC,"11/27/2022 8 p.m. PST",1969,1955,805,-1164
BANC,"11/27/2022 9 p.m. PST",1926,1907,683,-1243
BANC,"11/27/2022 10 p.m. PST",1849,1813,673,-1176
BANC,"11/27/2022 11 p.m. PST",1730,1703,577,-1153
BANC,"11/28/2022 12 a.m. PST",1621,1604,567,-1054
BANC,"11/28/2022 1 a.m. PST",1552,1579,555,-997
BANC,"11/28/2022 2 a.m. PST",1506,1544,535,-971
BANC,"11/28/2022 3 a.m. PST",1494,1532,528,-966
BANC,"11/28/2022 4 a.m. PST",1507,1547,527,-980
BANC,"11/28/2022 5 a.m. PST",1583,1610,559,-1024
BANC,"11/28/2022 6 a.m. PST",1715,1743,574,-1141
BANC,"11/28/2022 7 a.m. PST",1933,1951,691,-1242
BANC,"11/28/2022 8 a.m. PST",2063,2066,696,-1367
BANC,"11/28/2022 9 a.m. PST",2036,2060,674,-1362
BANC,"11/28/2022 10 a.m. PST",1988,2005,635,-1353
BANC,"11/28/2022 11 a.m. PST",1919,1949,608,-1311
BANC,"11/28/2022 12 p.m. PST",1869,1902,640,-1229
BANC,"11/28/2022 1 p.m. PST",1832,1868,660,-1172
BANC,"11/28/2022 2 p.m. PST",1810,1847,656,-1154
BANC,"11/28/2022 3 p.m. PST",1807,1845,684,-1123
BANC,"11/28/2022 4 p.m. PST",1842,1866,777,-1065
BANC,"11/28/2022 5 p.m. PST",1933,1964,1025,-908
BANC,"11/28/2022 6 p.m. PST",2102,2128,1276,-826
BANC,"11/28/2022 7 p.m. PST",2087,2133,1087,-1000
BANC,"11/28/2022 8 p.m. PST",2056,2093,906,-1150
BANC,"11/28/2022 9 p.m. PST",2005,2034,954,-1051
BANC,"11/28/2022 10 p.m. PST",1916,1932,886,-1030
BANC,"11/28/2022 11 p.m. PST",1790,1797,840,-950
BANC,"11/29/2022 12 a.m. PST",1679,1684,802,-877
BANC,"11/29/2022 1 a.m. PST",1624,1619,848,-776
BANC,"11/29/2022 2 a.m. PST",1583,1581,871,-712
BANC,"11/29/2022 3 a.m. PST",1577,1564,889,-688
BANC,"11/29/2022 4 a.m. PST",1591,1572,836,-755
BANC,"11/29/2022 5 a.m. PST",1664,1637,867,-797
BANC,"11/29/2022 6 a.m. PST",1792,1772,913,-879
BANC,"11/29/2022 7 a.m. PST",2001,1972,1131,-870
BANC,"11/29/2022 8 a.m. PST",2128,2077,1200,-928
BANC,"11/29/2022 9 a.m. PST",2101,2077,1051,-1050
BANC,"11/29/2022 10 a.m. PST",2018,2020,1069,-949
BANC,"11/29/2022 11 a.m. PST",1952,1961,1069,-883
BANC,"11/29/2022 12 p.m. PST",1885,1915,981,-904
BANC,"11/29/2022 1 p.m. PST",1841,1878,1015,-826
BANC,"11/29/2022 2 p.m. PST",1812,1858,1092,-720
BANC,"11/29/2022 3 p.m. PST",1795,1856,1168,-627
BANC,"11/29/2022 4 p.m. PST",1844,1890,1045,-799
BANC,"11/29/2022 5 p.m. PST",1959,1993,1139,-820
BANC,"11/29/2022 6 p.m. PST",2133,2172,1295,-838
BANC,"11/29/2022 7 p.m. PST",2141,2184,1301,-840
BANC,"11/29/2022 8 p.m. PST",2112,2154,1229,-883
BANC,"11/29/2022 9 p.m. PST",2077,2100,1192,-885
BANC,"11/29/2022 10 p.m. PST",1989,2004,1009,-980
BANC,"11/29/2022 11 p.m. PST",1851,1867,968,-883
BANC,"11/30/2022 12 a.m. PST",1737,1752,963,-774
BANC,"11/30/2022 1 a.m. PST",1688,1669,912,-776
BANC,"11/30/2022 2 a.m. PST",1645,1629,901,-744
BANC,"11/30/2022 3 a.m. PST",1640,1614,917,-723
BANC,"11/30/2022 4 a.m. PST",1652,1630,907,-745
BANC,"11/30/2022 5 a.m. PST",1714,1691,918,-796
BANC,"11/30/2022 6 a.m. PST",1856,1826,934,-922
BANC,"11/30/2022 7 a.m. PST",2071,2021,1078,-993
BANC,"11/30/2022 8 a.m. PST",2191,2127,935,-1256
BANC,"11/30/2022 9 a.m. PST",2161,2122,860,-1301
BANC,"11/30/2022 10 a.m. PST",2136,2063,1039,-1097
BANC,"11/30/2022 11 a.m. PST",1983,1998,894,-1089
BANC,"11/30/2022 12 p.m. PST",1928,1948,865,-1063
BANC,"11/30/2022 1 p.m. PST",1871,1917,816,-1055
BANC,"11/30/2022 2 p.m. PST",1845,1896,861,-984
BANC,"11/30/2022 3 p.m. PST",1831,1891,961,-870
BANC,"11/30/2022 4 p.m. PST",1869,1917,976,-893
BANC,"11/30/2022 5 p.m. PST",1968,2003,1125,-843
BANC,"11/30/2022 6 p.m. PST",2146,2152,1591,-555
BANC,"11/30/2022 7 p.m. PST",2143,2144,1475,-668
BANC,"11/30/2022 8 p.m. PST",2111,2117,1539,-572
BANC,"11/30/2022 9 p.m. PST",2051,2059,1350,-701
BANC,"11/30/2022 10 p.m. PST",1961,1960,1275,-686
BANC,"11/30/2022 11 p.m. PST",1820,1826,1057,-763
BANC,"12/1/2022 12 a.m. PST",1698,1709,942,-756
