"BA Code","Timestamp (Hour Ending)","Demand (MWh)","Demand Forecast (MWh)","Net Generation (MWh)","Total Interchange (MWh)"
BANC,"3/1/2017 12 a.m. PST",1770,1808,2064,294
BANC,"3/1/2017 1 a.m. PST",1694,1613,2136,442
BANC,"3/1/2017 2 a.m. PST",1644,1567,2113,469
BANC,"3/1/2017 3 a.m. PST",1647,1563,2104,457
BANC,"3/1/2017 4 a.m. PST",1667,1577,2125,458
BANC,"3/1/2017 5 a.m. PST",1748,1655,2108,360
BANC,"3/1/2017 6 a.m. PST",1907,1822,2207,300
BANC,"3/1/2017 7 a.m. PST",2134,2029,2295,161
BANC,"3/1/2017 8 a.m. PST",2162,2087,2248,86
BANC,"3/1/2017 9 a.m. PST",2068,2044,2119,51
BANC,"3/1/2017 10 a.m. PST",2002,1993,2103,101
BANC,"3/1/2017 11 a.m. PST",1934,1945,2064,130
BANC,"3/1/2017 12 p.m. PST",1888,1903,2031,143
BANC,"3/1/2017 1 p.m. PST",1838,1869,2001,163
BANC,"3/1/2017 2 p.m. PST",1819,1845,2032,213
BANC,"3/1/2017 3 p.m. PST",1801,1826,2046,245
BANC,"3/1/2017 4 p.m. PST",1809,1829,2245,436
BANC,"3/1/2017 5 p.m. PST",1870,1865,2278,408
BANC,"3/1/2017 6 p.m. PST",1949,1956,2168,219
BANC,"3/1/2017 7 p.m. PST",2123,2130,2285,162
BANC,"3/1/2017 8 p.m. PST",2147,2149,2273,126
BANC,"3/1/2017 9 p.m. PST",2123,2093,2304,181
BANC,"3/1/2017 10 p.m. PST",2029,1983,2276,247
BANC,"3/1/2017 11 p.m. PST",1889,1846,2249,360
BANC,"3/2/2017 12 a.m. PST",1749,1729,2184,435
BANC,"3/2/2017 1 a.m. PST",1657,1658,2131,474
BANC,"3/2/2017 2 a.m. PST",1613,1600,2124,511
BANC,"3/2/2017 3 a.m. PST",1603,1592,2086,483
BANC,"3/2/2017 4 a.m. PST",1618,1605,2086,468
BANC,"3/2/2017 5 a.m. PST",1691,1674,2103,412
BANC,"3/2/2017 6 a.m. PST",1842,1828,2148,306
BANC,"3/2/2017 7 a.m. PST",2066,2040,2200,134
BANC,"3/2/2017 8 a.m. PST",2095,2094,2216,121
BANC,"3/2/2017 9 a.m. PST",2028,2036,2209,181
BANC,"3/2/2017 10 a.m. PST",1954,1981,2121,167
BANC,"3/2/2017 11 a.m. PST",1897,1940,1999,102
BANC,"3/2/2017 12 p.m. PST",1865,1908,1973,108
BANC,"3/2/2017 1 p.m. PST",1829,1882,1920,91
BANC,"3/2/2017 2 p.m. PST",1825,1859,1918,93
BANC,"3/2/2017 3 p.m. PST",1813,1844,1936,123
BANC,"3/2/2017 4 p.m. PST",1818,1832,2089,271
BANC,"3/2/2017 5 p.m. PST",1868,1882,2049,181
BANC,"3/2/2017 6 p.m. PST",1940,1977,1993,53
BANC,"3/2/2017 7 p.m. PST",2091,2160,2051,-40
BANC,"3/2/2017 8 p.m. PST",2125,2183,2106,-19
BANC,"3/2/2017 9 p.m. PST",2066,2145,2148,82
BANC,"3/2/2017 10 p.m. PST",1997,2038,2065,68
BANC,"3/2/2017 11 p.m. PST",1846,1873,2109,263
BANC,"3/3/2017 12 a.m. PST",1721,1707,2132,411
BANC,"3/3/2017 1 a.m. PST",1629,1588,1978,349
BANC,"3/3/2017 2 a.m. PST",1575,1537,1948,373
BANC,"3/3/2017 3 a.m. PST",1573,1531,1964,391
BANC,"3/3/2017 4 a.m. PST",1585,1546,1925,340
BANC,"3/3/2017 5 a.m. PST",1644,1621,1915,271
BANC,"3/3/2017 6 a.m. PST",1787,1788,1995,208
BANC,"3/3/2017 7 a.m. PST",2007,1988,2126,119
BANC,"3/3/2017 8 a.m. PST",2061,2048,2142,81
BANC,"3/3/2017 9 a.m. PST",2002,2003,2115,113
BANC,"3/3/2017 10 a.m. PST",1938,1961,2030,92
BANC,"3/3/2017 11 a.m. PST",1906,1927,2040,134
BANC,"3/3/2017 12 p.m. PST",1880,1898,2031,151
BANC,"3/3/2017 1 p.m. PST",1861,1867,2025,164
BANC,"3/3/2017 2 p.m. PST",1861,1846,2033,172
BANC,"3/3/2017 3 p.m. PST",1826,1831,2015,189
BANC,"3/3/2017 4 p.m. PST",1844,1835,1993,149
BANC,"3/3/2017 5 p.m. PST",1883,1855,2108,225
BANC,"3/3/2017 6 p.m. PST",1937,1922,2268,331
BANC,"3/3/2017 7 p.m. PST",2079,2078,2270,191
BANC,"3/3/2017 8 p.m. PST",2071,2099,2224,153
BANC,"3/3/2017 9 p.m. PST",2034,2049,2195,161
BANC,"3/3/2017 10 p.m. PST",1950,1947,2189,239
BANC,"3/3/2017 11 p.m. PST",1834,1815,2044,210
BANC,"3/4/2017 12 a.m. PST",1714,1677,1966,252
BANC,"3/4/2017 1 a.m. PST",1628,1574,1946,318
BANC,"3/4/2017 2 a.m. PST",1574,1512,1945,371
BANC,"3/4/2017 3 a.m. PST",1529,1483,1891,362
BANC,"3/4/2017 4 a.m. PST",1512,1471,1930,418
BANC,"3/4/2017 5 a.m. PST",1535,1485,1901,366
BANC,"3/4/2017 6 a.m. PST",1594,1551,1907,313
BANC,"3/4/2017 7 a.m. PST",1661,1620,1875,214
BANC,"3/4/2017 8 a.m. PST",1723,1684,1947,224
BANC,"3/4/2017 9 a.m. PST",1757,1756,1951,194
BANC,"3/4/2017 10 a.m. PST",1782,1779,1848,66
BANC,"3/4/2017 11 a.m. PST",1763,1778,1823,60
BANC,"3/4/2017 12 p.m. PST",1773,1764,1844,71
BANC,"3/4/2017 1 p.m. PST",1757,1748,1824,67
BANC,"3/4/2017 2 p.m. PST",1714,1736,1773,59
BANC,"3/4/2017 3 p.m. PST",1713,1720,1830,117
BANC,"3/4/2017 4 p.m. PST",1698,1726,1850,152
BANC,"3/4/2017 5 p.m. PST",1746,1760,1887,141
BANC,"3/4/2017 6 p.m. PST",1829,1834,2088,259
BANC,"3/4/2017 7 p.m. PST",1984,1940,2188,204
BANC,"3/4/2017 8 p.m. PST",1986,1973,2178,192
BANC,"3/4/2017 9 p.m. PST",1967,1939,2138,171
BANC,"3/4/2017 10 p.m. PST",1893,1862,2083,190
BANC,"3/4/2017 11 p.m. PST",1784,1751,1936,152
BANC,"3/5/2017 12 a.m. PST",1676,1640,1886,210
BANC,"3/5/2017 1 a.m. PST",1595,1565,1815,220
BANC,"3/5/2017 2 a.m. PST",1536,1503,1788,252
BANC,"3/5/2017 3 a.m. PST",1502,1474,1775,273
BANC,"3/5/2017 4 a.m. PST",1498,1456,1807,309
BANC,"3/5/2017 5 a.m. PST",1515,1467,1819,304
BANC,"3/5/2017 6 a.m. PST",1562,1518,1842,280
BANC,"3/5/2017 7 a.m. PST",1632,1575,1830,198
BANC,"3/5/2017 8 a.m. PST",1695,1623,1829,134
BANC,"3/5/2017 9 a.m. PST",1774,1695,1883,109
BANC,"3/5/2017 10 a.m. PST",1795,1728,1875,80
BANC,"3/5/2017 11 a.m. PST",1784,1762,1859,75
BANC,"3/5/2017 12 p.m. PST",1793,1775,1788,-5
BANC,"3/5/2017 1 p.m. PST",1771,1780,1746,-25
BANC,"3/5/2017 2 p.m. PST",1813,1774,1818,5
BANC,"3/5/2017 3 p.m. PST",1742,1779,1729,-13
BANC,"3/5/2017 4 p.m. PST",1737,1810,1736,-1
BANC,"3/5/2017 5 p.m. PST",1798,1830,1875,77
BANC,"3/5/2017 6 p.m. PST",1917,1911,2002,85
BANC,"3/5/2017 7 p.m. PST",2138,2041,2155,17
BANC,"3/5/2017 8 p.m. PST",2175,2069,2198,23
BANC,"3/5/2017 9 p.m. PST",2156,2026,2172,16
BANC,"3/5/2017 10 p.m. PST",2063,1937,2148,85
BANC,"3/5/2017 11 p.m. PST",1916,1807,2041,125
BANC,"3/6/2017 12 a.m. PST",1774,1667,1921,147
BANC,"3/6/2017 1 a.m. PST",1682,1573,1978,296
BANC,"3/6/2017 2 a.m. PST",1645,1525,1924,279
BANC,"3/6/2017 3 a.m. PST",1619,1514,1911,292
BANC,"3/6/2017 4 a.m. PST",1629,1517,1920,291
BANC,"3/6/2017 5 a.m. PST",1709,1579,1923,214
BANC,"3/6/2017 6 a.m. PST",1848,1712,1936,88
BANC,"3/6/2017 7 a.m. PST",2050,1919,2086,36
BANC,"3/6/2017 8 a.m. PST",2120,2004,2193,73
BANC,"3/6/2017 9 a.m. PST",2120,1981,2076,-44
BANC,"3/6/2017 10 a.m. PST",2089,1951,2019,-70
BANC,"3/6/2017 11 a.m. PST",2065,1916,2046,-19
BANC,"3/6/2017 12 p.m. PST",2052,1898,1979,-73
BANC,"3/6/2017 1 p.m. PST",2008,1879,1952,-56
BANC,"3/6/2017 2 p.m. PST",1975,1856,1917,-58
BANC,"3/6/2017 3 p.m. PST",1937,1834,1902,-35
BANC,"3/6/2017 4 p.m. PST",1951,1841,1872,-79
BANC,"3/6/2017 5 p.m. PST",2032,1866,1996,-36
BANC,"3/6/2017 6 p.m. PST",2096,1939,2055,-41
BANC,"3/6/2017 7 p.m. PST",2247,2083,2110,-137
BANC,"3/6/2017 8 p.m. PST",2253,2112,2086,-167
BANC,"3/6/2017 9 p.m. PST",2210,2085,2028,-182
BANC,"3/6/2017 10 p.m. PST",2096,1969,1943,-153
BANC,"3/6/2017 11 p.m. PST",1926,1839,1881,-45
BANC,"3/7/2017 12 a.m. PST",1785,1695,1851,66
BANC,"3/7/2017 1 a.m. PST",1690,1604,1870,180
BANC,"3/7/2017 2 a.m. PST",1646,1549,1885,239
BANC,"3/7/2017 3 a.m. PST",1623,1532,1849,226
BANC,"3/7/2017 4 a.m. PST",1638,1547,1853,215
BANC,"3/7/2017 5 a.m. PST",1712,1606,1825,113
BANC,"3/7/2017 6 a.m. PST",1857,1752,1868,11
BANC,"3/7/2017 7 a.m. PST",2042,1953,2024,-18
BANC,"3/7/2017 8 a.m. PST",2090,2014,2044,-46
BANC,"3/7/2017 9 a.m. PST",2039,1983,1911,-128
BANC,"3/7/2017 10 a.m. PST",2031,1941,1929,-102
BANC,"3/7/2017 11 a.m. PST",2027,1908,1957,-70
BANC,"3/7/2017 12 p.m. PST",1964,1889,1959,-5
BANC,"3/7/2017 1 p.m. PST",1946,1863,1968,22
BANC,"3/7/2017 2 p.m. PST",1926,1842,1947,21
BANC,"3/7/2017 3 p.m. PST",1901,1823,1961,60
BANC,"3/7/2017 4 p.m. PST",1895,1820,1936,41
BANC,"3/7/2017 5 p.m. PST",1917,1847,1833,-84
BANC,"3/7/2017 6 p.m. PST",2019,1922,1953,-66
BANC,"3/7/2017 7 p.m. PST",2162,2077,2058,-104
BANC,"3/7/2017 8 p.m. PST",2184,2106,2086,-98
BANC,"3/7/2017 9 p.m. PST",2146,2073,2084,-62
BANC,"3/7/2017 10 p.m. PST",2046,1974,1977,-69
BANC,"3/7/2017 11 p.m. PST",1895,1833,1915,20
BANC,"3/8/2017 12 a.m. PST",1750,1692,1786,36
BANC,"3/8/2017 1 a.m. PST",1665,1544,1980,315
BANC,"3/8/2017 2 a.m. PST",1611,1501,2003,392
BANC,"3/8/2017 3 a.m. PST",1606,1489,1961,355
BANC,"3/8/2017 4 a.m. PST",1611,1514,1914,303
BANC,"3/8/2017 5 a.m. PST",1682,1602,1921,239
BANC,"3/8/2017 6 a.m. PST",1828,1781,1961,133
BANC,"3/8/2017 7 a.m. PST",2017,1907,2013,-4
BANC,"3/8/2017 8 a.m. PST",2037,1931,2048,11
BANC,"3/8/2017 9 a.m. PST",1991,1879,2031,40
BANC,"3/8/2017 10 a.m. PST",1930,1862,2018,88
BANC,"3/8/2017 11 a.m. PST",1898,1830,2027,129
BANC,"3/8/2017 12 p.m. PST",1861,1802,2091,230
BANC,"3/8/2017 1 p.m. PST",1838,1798,2091,253
BANC,"3/8/2017 2 p.m. PST",1832,1781,2106,274
BANC,"3/8/2017 3 p.m. PST",1834,1785,2091,257
BANC,"3/8/2017 4 p.m. PST",1836,1793,2054,218
BANC,"3/8/2017 5 p.m. PST",1891,1818,2074,183
BANC,"3/8/2017 6 p.m. PST",1957,1868,2076,119
BANC,"3/8/2017 7 p.m. PST",2091,2006,2070,-21
BANC,"3/8/2017 8 p.m. PST",2114,2044,2082,-32
BANC,"3/8/2017 9 p.m. PST",2077,1975,1969,-108
BANC,"3/8/2017 10 p.m. PST",1949,1854,1957,8
BANC,"3/8/2017 11 p.m. PST",1803,1696,2025,222
BANC,"3/9/2017 12 a.m. PST",1670,1549,2005,335
BANC,"3/9/2017 1 a.m. PST",1575,1573,1926,351
BANC,"3/9/2017 2 a.m. PST",1522,1517,1890,368
BANC,"3/9/2017 3 a.m. PST",1495,1484,1884,389
BANC,"3/9/2017 4 a.m. PST",1504,1496,1891,387
BANC,"3/9/2017 5 a.m. PST",1561,1567,1921,360
BANC,"3/9/2017 6 a.m. PST",1708,1692,1935,227
BANC,"3/9/2017 7 a.m. PST",1895,1865,1962,67
BANC,"3/9/2017 8 a.m. PST",1916,1914,1991,75
BANC,"3/9/2017 9 a.m. PST",1877,1890,1966,89
BANC,"3/9/2017 10 a.m. PST",1860,1869,1976,116
BANC,"3/9/2017 11 a.m. PST",1841,1865,1892,51
BANC,"3/9/2017 12 p.m. PST",1833,1864,1944,111
BANC,"3/9/2017 1 p.m. PST",1851,1844,1955,104
BANC,"3/9/2017 2 p.m. PST",1856,1852,1990,134
BANC,"3/9/2017 3 p.m. PST",1865,1859,1995,130
BANC,"3/9/2017 4 p.m. PST",1889,1868,2024,135
BANC,"3/9/2017 5 p.m. PST",1923,1871,2114,191
BANC,"3/9/2017 6 p.m. PST",1979,1937,2073,94
BANC,"3/9/2017 7 p.m. PST",2116,2034,2104,-12
BANC,"3/9/2017 8 p.m. PST",2117,2046,2113,-4
BANC,"3/9/2017 9 p.m. PST",2056,2000,2031,-25
BANC,"3/9/2017 10 p.m. PST",1938,1908,1966,28
BANC,"3/9/2017 11 p.m. PST",1788,1768,1886,98
BANC,"3/10/2017 12 a.m. PST",1652,1605,1816,164
BANC,"3/10/2017 1 a.m. PST",1551,1516,1752,201
BANC,"3/10/2017 2 a.m. PST",1497,1463,1693,196
BANC,"3/10/2017 3 a.m. PST",1468,1444,1729,261
BANC,"3/10/2017 4 a.m. PST",1468,1444,1722,254
BANC,"3/10/2017 5 a.m. PST",1512,1519,1735,223
BANC,"3/10/2017 6 a.m. PST",1640,1648,1761,121
BANC,"3/10/2017 7 a.m. PST",1814,1811,1788,-26
BANC,"3/10/2017 8 a.m. PST",1882,1841,1819,-63
BANC,"3/10/2017 9 a.m. PST",1884,1852,1897,13
BANC,"3/10/2017 10 a.m. PST",1908,1847,1891,-17
BANC,"3/10/2017 11 a.m. PST",1929,1844,1950,21
BANC,"3/10/2017 12 p.m. PST",1943,1833,1983,40
BANC,"3/10/2017 1 p.m. PST",1953,1837,1940,-13
BANC,"3/10/2017 2 p.m. PST",1944,1828,1993,49
BANC,"3/10/2017 3 p.m. PST",1922,1841,1902,-20
BANC,"3/10/2017 4 p.m. PST",1896,1845,1897,1
BANC,"3/10/2017 5 p.m. PST",1927,1869,1825,-102
BANC,"3/10/2017 6 p.m. PST",1976,1918,1881,-95
BANC,"3/10/2017 7 p.m. PST",2059,2030,1951,-108
BANC,"3/10/2017 8 p.m. PST",2073,2043,1954,-119
BANC,"3/10/2017 9 p.m. PST",2019,1994,1854,-165
BANC,"3/10/2017 10 p.m. PST",1931,1882,1738,-193
BANC,"3/10/2017 11 p.m. PST",1808,1742,1839,31
BANC,"3/11/2017 12 a.m. PST",1671,1613,1750,79
BANC,"3/11/2017 1 a.m. PST",1562,1497,1679,117
BANC,"3/11/2017 2 a.m. PST",1503,1450,1686,183
BANC,"3/11/2017 3 a.m. PST",1468,1417,1744,276
BANC,"3/11/2017 4 a.m. PST",1456,1411,1727,271
BANC,"3/11/2017 5 a.m. PST",1473,1439,1781,308
BANC,"3/11/2017 6 a.m. PST",1519,1501,1777,258
BANC,"3/11/2017 7 a.m. PST",1578,1556,1766,188
BANC,"3/11/2017 8 a.m. PST",1604,1609,1742,138
BANC,"3/11/2017 9 a.m. PST",1656,1660,1757,101
BANC,"3/11/2017 10 a.m. PST",1668,1700,1621,-47
BANC,"3/11/2017 11 a.m. PST",1696,1705,1647,-49
BANC,"3/11/2017 12 p.m. PST",1701,1707,1630,-71
BANC,"3/11/2017 1 p.m. PST",1700,1702,1643,-57
BANC,"3/11/2017 2 p.m. PST",1696,1689,1638,-58
BANC,"3/11/2017 3 p.m. PST",1695,1688,1762,67
BANC,"3/11/2017 4 p.m. PST",1738,1702,1856,118
BANC,"3/11/2017 5 p.m. PST",1790,1740,1815,25
BANC,"3/11/2017 6 p.m. PST",1847,1786,1853,6
BANC,"3/11/2017 7 p.m. PST",1983,1913,2018,35
BANC,"3/11/2017 8 p.m. PST",1998,1924,2021,23
BANC,"3/11/2017 9 p.m. PST",1944,1872,1979,35
BANC,"3/11/2017 10 p.m. PST",1855,1788,1825,-30
BANC,"3/11/2017 11 p.m. PST",1742,1675,1784,42
BANC,"3/12/2017 12 a.m. PST",1615,1574,1758,143
BANC,"3/12/2017 1 a.m. PST",1522,1513,1488,-34
BANC,"3/12/2017 3 a.m. PDT",1457,1432,1361,-96
BANC,"3/12/2017 4 a.m. PDT",1424,1403,1384,-40
BANC,"3/12/2017 5 a.m. PDT",1422,1413,1408,-14
BANC,"3/12/2017 6 a.m. PDT",1438,1442,1545,107
BANC,"3/12/2017 7 a.m. PDT",1502,1497,1607,105
BANC,"3/12/2017 8 a.m. PDT",1540,1552,1671,131
BANC,"3/12/2017 9 a.m. PDT",1536,1615,1577,41
BANC,"3/12/2017 10 a.m. PDT",1582,1660,1468,-114
BANC,"3/12/2017 11 a.m. PDT",1608,1681,1488,-120
BANC,"3/12/2017 12 p.m. PDT",1615,1688,1528,-87
BANC,"3/12/2017 1 p.m. PDT",1631,1705,1565,-66
BANC,"3/12/2017 2 p.m. PDT",1638,1710,1550,-88
BANC,"3/12/2017 3 p.m. PDT",1604,1699,1511,-93
BANC,"3/12/2017 4 p.m. PDT",1665,1708,1572,-93
BANC,"3/12/2017 5 p.m. PDT",1709,1736,1783,74
BANC,"3/12/2017 6 p.m. PDT",1786,1765,1939,153
BANC,"3/12/2017 7 p.m. PDT",1846,1815,2017,171
BANC,"3/12/2017 8 p.m. PDT",1965,1935,2105,140
BANC,"3/12/2017 9 p.m. PDT",1998,1956,2128,130
BANC,"3/12/2017 10 p.m. PDT",1916,1899,1988,72
BANC,"3/12/2017 11 p.m. PDT",1775,1764,1839,64
BANC,"3/13/2017 12 a.m. PDT",1608,1626,1647,39
BANC,"3/13/2017 1 a.m. PDT",1508,1510,1404,-104
BANC,"3/13/2017 2 a.m. PDT",1437,1430,1372,-65
BANC,"3/13/2017 3 a.m. PDT",1417,1401,1395,-22
BANC,"3/13/2017 4 a.m. PDT",1409,1398,1404,-5
BANC,"3/13/2017 5 a.m. PDT",1458,1443,1436,-22
BANC,"3/13/2017 6 a.m. PDT",1561,1551,1578,17
BANC,"3/13/2017 7 a.m. PDT",1767,1766,1721,-46
BANC,"3/13/2017 8 a.m. PDT",1889,1856,1812,-77
BANC,"3/13/2017 9 a.m. PDT",1864,1854,1714,-150
BANC,"3/13/2017 10 a.m. PDT",1853,1856,1651,-202
BANC,"3/13/2017 11 a.m. PDT",1848,1841,1599,-249
BANC,"3/13/2017 12 p.m. PDT",1867,1861,1563,-304
BANC,"3/13/2017 1 p.m. PDT",1876,1865,1702,-174
BANC,"3/13/2017 2 p.m. PDT",1898,1874,1727,-171
BANC,"3/13/2017 3 p.m. PDT",1893,1880,1728,-165
BANC,"3/13/2017 4 p.m. PDT",1918,1894,1736,-182
BANC,"3/13/2017 5 p.m. PDT",1949,1908,1914,-35
BANC,"3/13/2017 6 p.m. PDT",1988,1925,1931,-57
BANC,"3/13/2017 7 p.m. PDT",2000,1948,1950,-50
BANC,"3/13/2017 8 p.m. PDT",2104,2044,2072,-32
BANC,"3/13/2017 9 p.m. PDT",2121,2057,1993,-128
BANC,"3/13/2017 10 p.m. PDT",1994,1959,1840,-154
BANC,"3/13/2017 11 p.m. PDT",1837,1804,1813,-24
BANC,"3/14/2017 12 a.m. PDT",1668,1667,1551,-117
BANC,"3/14/2017 1 a.m. PDT",1542,1559,1444,-98
BANC,"3/14/2017 2 a.m. PDT",1480,1482,1359,-121
BANC,"3/14/2017 3 a.m. PDT",1443,1445,1315,-128
BANC,"3/14/2017 4 a.m. PDT",1428,1447,1286,-142
BANC,"3/14/2017 5 a.m. PDT",1471,1480,1354,-117
BANC,"3/14/2017 6 a.m. PDT",1561,1608,1376,-185
BANC,"3/14/2017 7 a.m. PDT",1779,1822,1679,-100
BANC,"3/14/2017 8 a.m. PDT",1874,1911,1734,-140
BANC,"3/14/2017 9 a.m. PDT",1858,1886,1711,-147
BANC,"3/14/2017 10 a.m. PDT",1842,1861,1604,-238
BANC,"3/14/2017 11 a.m. PDT",1873,1846,1664,-209
BANC,"3/14/2017 12 p.m. PDT",1892,1855,1647,-245
BANC,"3/14/2017 1 p.m. PDT",1921,1870,1697,-224
BANC,"3/14/2017 2 p.m. PDT",1953,1885,1714,-239
BANC,"3/14/2017 3 p.m. PDT",1984,1899,1753,-231
BANC,"3/14/2017 4 p.m. PDT",2026,1911,1818,-208
BANC,"3/14/2017 5 p.m. PDT",2071,1938,1861,-210
BANC,"3/14/2017 6 p.m. PDT",2123,1959,2021,-102
BANC,"3/14/2017 7 p.m. PDT",2134,1980,1943,-191
BANC,"3/14/2017 8 p.m. PDT",2206,2063,1903,-303
BANC,"3/14/2017 9 p.m. PDT",2190,2089,1815,-375
BANC,"3/14/2017 10 p.m. PDT",2071,1999,1640,-431
BANC,"3/14/2017 11 p.m. PDT",1895,1820,1575,-320
BANC,"3/15/2017 12 a.m. PDT",1724,1668,1497,-227
BANC,"3/15/2017 1 a.m. PDT",1601,1583,1388,-213
BANC,"3/15/2017 2 a.m. PDT",1533,1515,1379,-154
BANC,"3/15/2017 3 a.m. PDT",1483,1480,1374,-109
BANC,"3/15/2017 4 a.m. PDT",1482,1474,1332,-150
BANC,"3/15/2017 5 a.m. PDT",1500,1527,1362,-138
BANC,"3/15/2017 6 a.m. PDT",1603,1632,1610,7
BANC,"3/15/2017 7 a.m. PDT",1797,1843,1674,-123
BANC,"3/15/2017 8 a.m. PDT",1857,1905,1620,-237
BANC,"3/15/2017 9 a.m. PDT",1842,1879,1655,-187
BANC,"3/15/2017 10 a.m. PDT",1850,1849,1483,-367
BANC,"3/15/2017 11 a.m. PDT",1876,1843,1560,-316
BANC,"3/15/2017 12 p.m. PDT",1894,1814,1552,-342
BANC,"3/15/2017 1 p.m. PDT",1933,1802,1585,-348
BANC,"3/15/2017 2 p.m. PDT",1915,1790,1602,-313
BANC,"3/15/2017 3 p.m. PDT",1931,1786,1607,-324
BANC,"3/15/2017 4 p.m. PDT",1936,1778,1587,-349
BANC,"3/15/2017 5 p.m. PDT",1945,1782,1437,-508
BANC,"3/15/2017 6 p.m. PDT",1954,1824,1644,-310
BANC,"3/15/2017 7 p.m. PDT",1972,1875,1773,-199
BANC,"3/15/2017 8 p.m. PDT",2064,1996,1834,-230
BANC,"3/15/2017 9 p.m. PDT",2061,2031,1796,-265
BANC,"3/15/2017 10 p.m. PDT",1963,1939,1778,-185
BANC,"3/15/2017 11 p.m. PDT",1804,1792,1693,-111
BANC,"3/16/2017 12 a.m. PDT",1647,1650,1416,-231
BANC,"3/16/2017 1 a.m. PDT",1537,1515,1304,-233
BANC,"3/16/2017 2 a.m. PDT",1480,1444,1269,-211
BANC,"3/16/2017 3 a.m. PDT",1446,1409,1268,-178
BANC,"3/16/2017 4 a.m. PDT",1442,1405,1268,-174
BANC,"3/16/2017 5 a.m. PDT",1478,1434,1289,-189
BANC,"3/16/2017 6 a.m. PDT",1593,1548,1512,-81
BANC,"3/16/2017 7 a.m. PDT",1780,1746,1767,-13
BANC,"3/16/2017 8 a.m. PDT",1884,1845,1835,-49
BANC,"3/16/2017 9 a.m. PDT",1863,1830,1603,-260
BANC,"3/16/2017 10 a.m. PDT",1866,1822,1547,-319
BANC,"3/16/2017 11 a.m. PDT",1881,1816,1580,-301
BANC,"3/16/2017 12 p.m. PDT",1888,1823,1542,-346
BANC,"3/16/2017 1 p.m. PDT",1880,1826,1518,-362
BANC,"3/16/2017 2 p.m. PDT",1894,1829,1544,-350
BANC,"3/16/2017 3 p.m. PDT",1909,1826,1576,-333
BANC,"3/16/2017 4 p.m. PDT",1922,1820,1550,-372
BANC,"3/16/2017 5 p.m. PDT",1942,1848,1680,-262
BANC,"3/16/2017 6 p.m. PDT",1940,1877,1745,-195
BANC,"3/16/2017 7 p.m. PDT",1955,1912,1888,-67
BANC,"3/16/2017 8 p.m. PDT",2051,1999,1950,-101
BANC,"3/16/2017 9 p.m. PDT",2063,2020,1981,-82
BANC,"3/16/2017 10 p.m. PDT",1975,1926,1886,-89
BANC,"3/16/2017 11 p.m. PDT",1802,1777,1510,-292
BANC,"3/17/2017 12 a.m. PDT",1659,1624,1357,-302
BANC,"3/17/2017 1 a.m. PDT",1560,1540,1279,-281
BANC,"3/17/2017 2 a.m. PDT",1503,1465,1268,-235
BANC,"3/17/2017 3 a.m. PDT",1457,1430,1268,-189
BANC,"3/17/2017 4 a.m. PDT",1455,1428,1249,-206
BANC,"3/17/2017 5 a.m. PDT",1491,1453,1272,-219
BANC,"3/17/2017 6 a.m. PDT",1586,1550,1472,-114
BANC,"3/17/2017 7 a.m. PDT",1799,1766,1713,-86
BANC,"3/17/2017 8 a.m. PDT",1879,1877,1871,-8
BANC,"3/17/2017 9 a.m. PDT",1872,1864,1765,-107
BANC,"3/17/2017 10 a.m. PDT",1857,1856,1625,-232
BANC,"3/17/2017 11 a.m. PDT",1863,1855,1608,-255
BANC,"3/17/2017 12 p.m. PDT",1883,1875,1613,-270
BANC,"3/17/2017 1 p.m. PDT",1885,1882,1632,-253
BANC,"3/17/2017 2 p.m. PDT",1913,1901,1666,-247
BANC,"3/17/2017 3 p.m. PDT",1929,1900,1692,-237
BANC,"3/17/2017 4 p.m. PDT",1947,1912,1776,-171
BANC,"3/17/2017 5 p.m. PDT",1969,1933,1792,-177
BANC,"3/17/2017 6 p.m. PDT",1965,1942,1914,-51
BANC,"3/17/2017 7 p.m. PDT",1938,1966,1884,-54
BANC,"3/17/2017 8 p.m. PDT",2031,2052,1941,-90
BANC,"3/17/2017 9 p.m. PDT",2036,2073,1978,-58
BANC,"3/17/2017 10 p.m. PDT",1955,1957,1952,-3
BANC,"3/17/2017 11 p.m. PDT",1816,1802,1688,-128
BANC,"3/18/2017 12 a.m. PDT",1680,1642,1416,-264
BANC,"3/18/2017 1 a.m. PDT",1577,1534,1318,-259
BANC,"3/18/2017 2 a.m. PDT",1510,1440,1264,-246
BANC,"3/18/2017 3 a.m. PDT",1466,1401,1267,-199
BANC,"3/18/2017 4 a.m. PDT",1444,1378,1279,-165
BANC,"3/18/2017 5 a.m. PDT",1439,1388,1253,-186
BANC,"3/18/2017 6 a.m. PDT",1491,1412,1440,-51
BANC,"3/18/2017 7 a.m. PDT",1542,1475,1661,119
BANC,"3/18/2017 8 a.m. PDT",1577,1521,1774,197
BANC,"3/18/2017 9 a.m. PDT",1624,1591,1605,-19
BANC,"3/18/2017 10 a.m. PDT",1679,1653,1522,-157
BANC,"3/18/2017 11 a.m. PDT",1756,1692,1574,-182
BANC,"3/18/2017 12 p.m. PDT",1775,1701,1588,-187
BANC,"3/18/2017 1 p.m. PDT",1760,1700,1556,-204
BANC,"3/18/2017 2 p.m. PDT",1751,1708,1561,-190
BANC,"3/18/2017 3 p.m. PDT",1727,1706,1555,-172
BANC,"3/18/2017 4 p.m. PDT",1673,1713,1503,-170
BANC,"3/18/2017 5 p.m. PDT",1676,1730,1514,-162
BANC,"3/18/2017 6 p.m. PDT",1703,1756,1665,-38
BANC,"3/18/2017 7 p.m. PDT",1740,1801,1776,36
BANC,"3/18/2017 8 p.m. PDT",1858,1914,1854,-4
BANC,"3/18/2017 9 p.m. PDT",1883,1943,1874,-9
BANC,"3/18/2017 10 p.m. PDT",1829,1875,1878,49
BANC,"3/18/2017 11 p.m. PDT",1740,1767,1699,-41
BANC,"3/19/2017 12 a.m. PDT",1602,1636,1476,-126
BANC,"3/19/2017 1 a.m. PDT",1505,1515,1342,-163
BANC,"3/19/2017 2 a.m. PDT",1440,1440,1292,-148
BANC,"3/19/2017 3 a.m. PDT",1396,1400,1287,-109
BANC,"3/19/2017 4 a.m. PDT",1386,1379,1278,-108
BANC,"3/19/2017 5 a.m. PDT",1378,1388,1278,-100
BANC,"3/19/2017 6 a.m. PDT",1415,1422,1452,37
BANC,"3/19/2017 7 a.m. PDT",1465,1499,1527,62
BANC,"3/19/2017 8 a.m. PDT",1512,1547,1485,-27
BANC,"3/19/2017 9 a.m. PDT",1569,1603,1491,-78
BANC,"3/19/2017 10 a.m. PDT",1626,1641,1545,-81
BANC,"3/19/2017 11 a.m. PDT",1656,1667,1599,-57
BANC,"3/19/2017 12 p.m. PDT",1682,1694,1590,-92
BANC,"3/19/2017 1 p.m. PDT",1688,1691,1599,-89
BANC,"3/19/2017 2 p.m. PDT",1721,1705,1613,-108
BANC,"3/19/2017 3 p.m. PDT",1705,1711,1573,-132
BANC,"3/19/2017 4 p.m. PDT",1739,1717,1554,-185
BANC,"3/19/2017 5 p.m. PDT",1767,1735,1677,-90
BANC,"3/19/2017 6 p.m. PDT",1812,1768,1913,101
BANC,"3/19/2017 7 p.m. PDT",1852,1810,2047,195
BANC,"3/19/2017 8 p.m. PDT",1965,1926,2078,113
BANC,"3/19/2017 9 p.m. PDT",1966,1966,2083,117
BANC,"3/19/2017 10 p.m. PDT",1879,1885,1990,111
BANC,"3/19/2017 11 p.m. PDT",1739,1757,1732,-7
BANC,"3/20/2017 12 a.m. PDT",1590,1610,1485,-105
BANC,"3/20/2017 1 a.m. PDT",1519,1498,1277,-242
BANC,"3/20/2017 2 a.m. PDT",1451,1426,1226,-225
BANC,"3/20/2017 3 a.m. PDT",1425,1403,1229,-196
BANC,"3/20/2017 4 a.m. PDT",1424,1388,1232,-192
BANC,"3/20/2017 5 a.m. PDT",1459,1428,1246,-213
BANC,"3/20/2017 6 a.m. PDT",1561,1525,1342,-219
BANC,"3/20/2017 7 a.m. PDT",1747,1735,1649,-98
BANC,"3/20/2017 8 a.m. PDT",1832,1832,1787,-45
BANC,"3/20/2017 9 a.m. PDT",1832,1836,1835,3
BANC,"3/20/2017 10 a.m. PDT",1848,1840,1647,-201
BANC,"3/20/2017 11 a.m. PDT",1859,1834,1664,-195
BANC,"3/20/2017 12 p.m. PDT",1881,1850,1633,-248
BANC,"3/20/2017 1 p.m. PDT",1887,1860,1627,-260
BANC,"3/20/2017 2 p.m. PDT",1900,1856,1623,-277
BANC,"3/20/2017 3 p.m. PDT",1916,1860,1653,-263
BANC,"3/20/2017 4 p.m. PDT",1901,1854,1641,-260
BANC,"3/20/2017 5 p.m. PDT",1920,1870,1691,-229
BANC,"3/20/2017 6 p.m. PDT",1951,1888,1660,-291
BANC,"3/20/2017 7 p.m. PDT",1978,1932,1951,-27
BANC,"3/20/2017 8 p.m. PDT",2065,2030,1947,-118
BANC,"3/20/2017 9 p.m. PDT",2045,2043,1914,-131
BANC,"3/20/2017 10 p.m. PDT",1950,1948,1884,-66
BANC,"3/20/2017 11 p.m. PDT",1805,1793,1741,-64
BANC,"3/21/2017 12 a.m. PDT",1655,1638,1412,-243
BANC,"3/21/2017 1 a.m. PDT",1559,1533,1346,-213
BANC,"3/21/2017 2 a.m. PDT",1511,1458,1324,-187
BANC,"3/21/2017 3 a.m. PDT",1480,1437,1344,-136
BANC,"3/21/2017 4 a.m. PDT",1470,1426,1273,-197
BANC,"3/21/2017 5 a.m. PDT",1499,1464,1285,-214
BANC,"3/21/2017 6 a.m. PDT",1598,1566,1514,-84
BANC,"3/21/2017 7 a.m. PDT",1793,1746,1694,-99
BANC,"3/21/2017 8 a.m. PDT",1894,1843,1781,-113
BANC,"3/21/2017 9 a.m. PDT",1905,1850,1649,-256
BANC,"3/21/2017 10 a.m. PDT",1944,1847,1734,-210
BANC,"3/21/2017 11 a.m. PDT",1990,1860,1752,-238
BANC,"3/21/2017 12 p.m. PDT",2001,1878,1773,-228
BANC,"3/21/2017 1 p.m. PDT",1956,1870,1696,-260
BANC,"3/21/2017 2 p.m. PDT",1874,1869,1568,-306
BANC,"3/21/2017 3 p.m. PDT",1844,1858,1513,-331
BANC,"3/21/2017 4 p.m. PDT",1844,1863,1508,-336
BANC,"3/21/2017 5 p.m. PDT",1839,1871,1575,-264
BANC,"3/21/2017 6 p.m. PDT",1887,1906,1754,-133
BANC,"3/21/2017 7 p.m. PDT",1921,1958,1867,-54
BANC,"3/21/2017 8 p.m. PDT",2003,2030,1866,-137
BANC,"3/21/2017 9 p.m. PDT",2055,2042,1930,-125
BANC,"3/21/2017 10 p.m. PDT",1961,1941,1863,-98
BANC,"3/21/2017 11 p.m. PDT",1801,1799,1481,-320
BANC,"3/22/2017 12 a.m. PDT",1659,1644,1384,-275
BANC,"3/22/2017 1 a.m. PDT",1567,1542,1361,-206
BANC,"3/22/2017 2 a.m. PDT",1503,1487,1326,-177
BANC,"3/22/2017 3 a.m. PDT",1474,1465,1289,-185
BANC,"3/22/2017 4 a.m. PDT",1479,1453,1290,-189
BANC,"3/22/2017 5 a.m. PDT",1527,1506,1333,-194
BANC,"3/22/2017 6 a.m. PDT",1621,1606,1526,-95
BANC,"3/22/2017 7 a.m. PDT",1818,1795,1697,-121
BANC,"3/22/2017 8 a.m. PDT",1932,1851,1735,-197
BANC,"3/22/2017 9 a.m. PDT",1949,1848,1671,-278
BANC,"3/22/2017 10 a.m. PDT",1955,1851,1597,-358
BANC,"3/22/2017 11 a.m. PDT",1954,1861,1642,-312
BANC,"3/22/2017 12 p.m. PDT",1952,1853,1679,-273
BANC,"3/22/2017 1 p.m. PDT",1921,1847,1637,-284
BANC,"3/22/2017 2 p.m. PDT",1907,1851,1616,-291
BANC,"3/22/2017 3 p.m. PDT",1889,1846,1594,-295
BANC,"3/22/2017 4 p.m. PDT",1849,1845,1500,-349
BANC,"3/22/2017 5 p.m. PDT",1841,1857,1568,-273
BANC,"3/22/2017 6 p.m. PDT",1867,1891,1646,-221
BANC,"3/22/2017 7 p.m. PDT",1916,1941,1873,-43
BANC,"3/22/2017 8 p.m. PDT",2044,2013,1923,-121
BANC,"3/22/2017 9 p.m. PDT",2101,2028,1944,-157
BANC,"3/22/2017 10 p.m. PDT",2036,1923,1956,-80
BANC,"3/22/2017 11 p.m. PDT",1836,1778,1592,-244
BANC,"3/23/2017 12 a.m. PDT",1699,1632,1515,-184
BANC,"3/23/2017 1 a.m. PDT",1591,1569,1346,-245
BANC,"3/23/2017 2 a.m. PDT",1532,1501,1283,-249
BANC,"3/23/2017 3 a.m. PDT",1516,1477,1290,-226
BANC,"3/23/2017 4 a.m. PDT",1517,1476,1285,-232
BANC,"3/23/2017 5 a.m. PDT",1542,1526,1290,-252
BANC,"3/23/2017 6 a.m. PDT",1674,1647,1473,-201
BANC,"3/23/2017 7 a.m. PDT",1902,1851,1913,11
BANC,"3/23/2017 8 a.m. PDT",1992,1939,1990,-2
BANC,"3/23/2017 9 a.m. PDT",1950,1925,1819,-131
BANC,"3/23/2017 10 a.m. PDT",1958,1896,1690,-268
BANC,"3/23/2017 11 a.m. PDT",1925,1876,1636,-289
BANC,"3/23/2017 12 p.m. PDT",1854,1862,1567,-287
BANC,"3/23/2017 1 p.m. PDT",1837,1853,1541,-296
BANC,"3/23/2017 2 p.m. PDT",1801,1844,1512,-289
BANC,"3/23/2017 3 p.m. PDT",1787,1844,1485,-302
BANC,"3/23/2017 4 p.m. PDT",1783,1836,1458,-325
BANC,"3/23/2017 5 p.m. PDT",1801,1858,1451,-350
BANC,"3/23/2017 6 p.m. PDT",1845,1897,1663,-182
BANC,"3/23/2017 7 p.m. PDT",1912,1954,1854,-58
BANC,"3/23/2017 8 p.m. PDT",2083,2006,1988,-95
BANC,"3/23/2017 9 p.m. PDT",2063,2032,1984,-79
BANC,"3/23/2017 10 p.m. PDT",1976,1955,1846,-130
BANC,"3/23/2017 11 p.m. PDT",1831,1810,1690,-141
BANC,"3/24/2017 12 a.m. PDT",1679,1653,1471,-208
BANC,"3/24/2017 1 a.m. PDT",1569,1558,1375,-194
BANC,"3/24/2017 2 a.m. PDT",1517,1517,1341,-176
BANC,"3/24/2017 3 a.m. PDT",1487,1482,1345,-142
BANC,"3/24/2017 4 a.m. PDT",1488,1469,1357,-131
BANC,"3/24/2017 5 a.m. PDT",1529,1493,1385,-144
BANC,"3/24/2017 6 a.m. PDT",1636,1582,1649,13
BANC,"3/24/2017 7 a.m. PDT",1842,1765,1999,157
BANC,"3/24/2017 8 a.m. PDT",1943,1896,2060,117
BANC,"3/24/2017 9 a.m. PDT",1974,1930,2031,57
BANC,"3/24/2017 10 a.m. PDT",2005,1947,1863,-142
BANC,"3/24/2017 11 a.m. PDT",2002,1978,1795,-207
BANC,"3/24/2017 12 p.m. PDT",2011,1990,1758,-253
BANC,"3/24/2017 1 p.m. PDT",2036,1986,1795,-241
BANC,"3/24/2017 2 p.m. PDT",2001,1974,1751,-250
BANC,"3/24/2017 3 p.m. PDT",1989,1956,1703,-286
BANC,"3/24/2017 4 p.m. PDT",1973,1936,1714,-259
BANC,"3/24/2017 5 p.m. PDT",1972,1918,1705,-267
BANC,"3/24/2017 6 p.m. PDT",1997,1935,1875,-122
BANC,"3/24/2017 7 p.m. PDT",2027,1979,2004,-23
BANC,"3/24/2017 8 p.m. PDT",2076,2087,2078,2
BANC,"3/24/2017 9 p.m. PDT",2065,2103,1969,-96
BANC,"3/24/2017 10 p.m. PDT",1976,2031,1841,-135
BANC,"3/24/2017 11 p.m. PDT",1867,1900,1829,-38
BANC,"3/25/2017 12 a.m. PDT",1732,1754,1499,-233
BANC,"3/25/2017 1 a.m. PDT",1619,1566,1389,-230
BANC,"3/25/2017 2 a.m. PDT",1556,1505,1382,-174
BANC,"3/25/2017 3 a.m. PDT",1506,1468,1332,-174
BANC,"3/25/2017 4 a.m. PDT",1486,1454,1308,-178
BANC,"3/25/2017 5 a.m. PDT",1497,1470,1368,-129
BANC,"3/25/2017 6 a.m. PDT",1535,1514,1518,-17
BANC,"3/25/2017 7 a.m. PDT",1623,1608,1566,-57
BANC,"3/25/2017 8 a.m. PDT",1664,1647,1579,-85
BANC,"3/25/2017 9 a.m. PDT",1718,1723,1589,-129
BANC,"3/25/2017 10 a.m. PDT",1770,1771,1578,-192
BANC,"3/25/2017 11 a.m. PDT",1782,1821,1556,-226
BANC,"3/25/2017 12 p.m. PDT",1756,1815,1573,-183
BANC,"3/25/2017 1 p.m. PDT",1735,1808,1270,-465
BANC,"3/25/2017 2 p.m. PDT",1698,1777,1203,-495
BANC,"3/25/2017 3 p.m. PDT",1634,1765,1182,-452
BANC,"3/25/2017 4 p.m. PDT",1629,1740,1190,-439
BANC,"3/25/2017 5 p.m. PDT",1633,1734,1415,-218
BANC,"3/25/2017 6 p.m. PDT",1685,1759,1603,-82
BANC,"3/25/2017 7 p.m. PDT",1749,1776,1728,-21
BANC,"3/25/2017 8 p.m. PDT",1894,1895,1851,-43
BANC,"3/25/2017 9 p.m. PDT",1919,1952,1875,-44
BANC,"3/25/2017 10 p.m. PDT",1861,1885,1816,-45
BANC,"3/25/2017 11 p.m. PDT",1767,1782,1673,-94
BANC,"3/26/2017 12 a.m. PDT",1649,1658,1510,-139
BANC,"3/26/2017 1 a.m. PDT",1551,1578,1306,-245
BANC,"3/26/2017 2 a.m. PDT",1490,1515,1253,-237
BANC,"3/26/2017 3 a.m. PDT",1461,1484,1252,-209
BANC,"3/26/2017 4 a.m. PDT",1439,1466,1266,-173
BANC,"3/26/2017 5 a.m. PDT",1458,1475,1320,-138
BANC,"3/26/2017 6 a.m. PDT",1484,1503,1407,-77
BANC,"3/26/2017 7 a.m. PDT",1551,1570,1611,60
BANC,"3/26/2017 8 a.m. PDT",1602,1612,1603,1
BANC,"3/26/2017 9 a.m. PDT",1661,1678,1547,-114
BANC,"3/26/2017 10 a.m. PDT",1737,1733,1589,-148
BANC,"3/26/2017 11 a.m. PDT",1744,1760,1604,-140
BANC,"3/26/2017 12 p.m. PDT",1737,1762,1608,-129
BANC,"3/26/2017 1 p.m. PDT",1687,1751,1542,-145
BANC,"3/26/2017 2 p.m. PDT",1696,1731,1577,-119
BANC,"3/26/2017 3 p.m. PDT",1689,1725,1545,-144
BANC,"3/26/2017 4 p.m. PDT",1675,1706,1526,-149
BANC,"3/26/2017 5 p.m. PDT",1710,1714,1608,-102
BANC,"3/26/2017 6 p.m. PDT",1797,1748,1777,-20
BANC,"3/26/2017 7 p.m. PDT",1870,1821,1806,-64
BANC,"3/26/2017 8 p.m. PDT",1988,1941,1954,-34
BANC,"3/26/2017 9 p.m. PDT",2008,1987,1989,-19
BANC,"3/26/2017 10 p.m. PDT",1921,1924,1973,52
BANC,"3/26/2017 11 p.m. PDT",1777,1793,1704,-73
BANC,"3/27/2017 12 a.m. PDT",1632,1671,1538,-94
BANC,"3/27/2017 1 a.m. PDT",1537,1537,1323,-214
BANC,"3/27/2017 2 a.m. PDT",1480,1481,1247,-233
BANC,"3/27/2017 3 a.m. PDT",1454,1451,1193,-261
BANC,"3/27/2017 4 a.m. PDT",1479,1444,1254,-225
BANC,"3/27/2017 5 a.m. PDT",1505,1499,1319,-186
BANC,"3/27/2017 6 a.m. PDT",1630,1634,1456,-174
BANC,"3/27/2017 7 a.m. PDT",1848,1824,1859,11
BANC,"3/27/2017 8 a.m. PDT",1925,1911,1940,15
BANC,"3/27/2017 9 a.m. PDT",1935,1895,1906,-29
BANC,"3/27/2017 10 a.m. PDT",1896,1893,1700,-196
BANC,"3/27/2017 11 a.m. PDT",1885,1892,1565,-320
BANC,"3/27/2017 12 p.m. PDT",1838,1862,1629,-209
BANC,"3/27/2017 1 p.m. PDT",1829,1845,1617,-212
BANC,"3/27/2017 2 p.m. PDT",1812,1826,1589,-223
BANC,"3/27/2017 3 p.m. PDT",1786,1815,1534,-252
BANC,"3/27/2017 4 p.m. PDT",1776,1801,1374,-402
BANC,"3/27/2017 5 p.m. PDT",1791,1810,1388,-403
BANC,"3/27/2017 6 p.m. PDT",1837,1827,1526,-311
BANC,"3/27/2017 7 p.m. PDT",1898,1880,1585,-313
BANC,"3/27/2017 8 p.m. PDT",2043,1984,1729,-314
BANC,"3/27/2017 9 p.m. PDT",2070,2046,1800,-270
BANC,"3/27/2017 10 p.m. PDT",1952,1956,1667,-285
BANC,"3/27/2017 11 p.m. PDT",1801,1803,1628,-173
BANC,"3/28/2017 12 a.m. PDT",1649,1657,1490,-159
BANC,"3/28/2017 1 a.m. PDT",1552,1562,1299,-253
BANC,"3/28/2017 2 a.m. PDT",1495,1501,1215,-280
BANC,"3/28/2017 3 a.m. PDT",1472,1463,1158,-314
BANC,"3/28/2017 4 a.m. PDT",1466,1470,1117,-349
BANC,"3/28/2017 5 a.m. PDT",1521,1518,1203,-318
BANC,"3/28/2017 6 a.m. PDT",1647,1629,1332,-315
BANC,"3/28/2017 7 a.m. PDT",1862,1805,1668,-194
BANC,"3/28/2017 8 a.m. PDT",1928,1892,1695,-233
BANC,"3/28/2017 9 a.m. PDT",1897,1870,1555,-342
BANC,"3/28/2017 10 a.m. PDT",1870,1862,1539,-331
BANC,"3/28/2017 11 a.m. PDT",1863,1856,1458,-405
BANC,"3/28/2017 12 p.m. PDT",1804,1848,1380,-424
BANC,"3/28/2017 1 p.m. PDT",1818,1838,1386,-432
BANC,"3/28/2017 2 p.m. PDT",1812,1826,1371,-441
BANC,"3/28/2017 3 p.m. PDT",1783,1807,1349,-434
BANC,"3/28/2017 4 p.m. PDT",1779,1814,1345,-434
BANC,"3/28/2017 5 p.m. PDT",1797,1820,1386,-411
BANC,"3/28/2017 6 p.m. PDT",1825,1835,1480,-345
BANC,"3/28/2017 7 p.m. PDT",1862,1873,1605,-257
BANC,"3/28/2017 8 p.m. PDT",1981,1989,1685,-296
BANC,"3/28/2017 9 p.m. PDT",2032,2024,1720,-312
BANC,"3/28/2017 10 p.m. PDT",1941,1941,1640,-301
BANC,"3/28/2017 11 p.m. PDT",1777,1804,1451,-326
BANC,"3/29/2017 12 a.m. PDT",1627,1650,1308,-319
BANC,"3/29/2017 1 a.m. PDT",1536,1564,1173,-363
BANC,"3/29/2017 2 a.m. PDT",1470,1494,1160,-310
BANC,"3/29/2017 3 a.m. PDT",1440,1461,1132,-308
BANC,"3/29/2017 4 a.m. PDT",1435,1456,1086,-349
BANC,"3/29/2017 5 a.m. PDT",1494,1494,1110,-384
BANC,"3/29/2017 6 a.m. PDT",1584,1604,1372,-212
BANC,"3/29/2017 7 a.m. PDT",1797,1808,1469,-328
BANC,"3/29/2017 8 a.m. PDT",1855,1908,1464,-391
BANC,"3/29/2017 9 a.m. PDT",1837,1882,1296,-541
BANC,"3/29/2017 10 a.m. PDT",1816,1869,1419,-397
BANC,"3/29/2017 11 a.m. PDT",1850,1865,1393,-457
BANC,"3/29/2017 12 p.m. PDT",1844,1868,1357,-487
BANC,"3/29/2017 1 p.m. PDT",1845,1869,1352,-493
BANC,"3/29/2017 2 p.m. PDT",1888,1894,1426,-462
BANC,"3/29/2017 3 p.m. PDT",1899,1889,1491,-408
BANC,"3/29/2017 4 p.m. PDT",1876,1920,1539,-337
BANC,"3/29/2017 5 p.m. PDT",1901,1941,1582,-319
BANC,"3/29/2017 6 p.m. PDT",1931,1947,1615,-316
BANC,"3/29/2017 7 p.m. PDT",1946,1950,1705,-241
BANC,"3/29/2017 8 p.m. PDT",2021,2058,1708,-313
BANC,"3/29/2017 9 p.m. PDT",2083,2075,1736,-347
BANC,"3/29/2017 10 p.m. PDT",1983,1980,1625,-358
BANC,"3/29/2017 11 p.m. PDT",1810,1830,1407,-403
BANC,"3/30/2017 12 a.m. PDT",1646,1681,1315,-331
BANC,"3/30/2017 1 a.m. PDT",1542,1536,1292,-250
BANC,"3/30/2017 2 a.m. PDT",1485,1473,1269,-216
BANC,"3/30/2017 3 a.m. PDT",1442,1445,1175,-267
BANC,"3/30/2017 4 a.m. PDT",1442,1432,1165,-277
BANC,"3/30/2017 5 a.m. PDT",1482,1470,1209,-273
BANC,"3/30/2017 6 a.m. PDT",1565,1561,1182,-383
BANC,"3/30/2017 7 a.m. PDT",1787,1785,1483,-304
BANC,"3/30/2017 8 a.m. PDT",1864,1860,1450,-414
BANC,"3/30/2017 9 a.m. PDT",1865,1867,1471,-394
BANC,"3/30/2017 10 a.m. PDT",1860,1870,1456,-404
BANC,"3/30/2017 11 a.m. PDT",1882,1864,1487,-395
BANC,"3/30/2017 12 p.m. PDT",1867,1873,1490,-377
BANC,"3/30/2017 1 p.m. PDT",1863,1873,1495,-368
BANC,"3/30/2017 2 p.m. PDT",1855,1875,1472,-383
BANC,"3/30/2017 3 p.m. PDT",1822,1872,1491,-331
BANC,"3/30/2017 4 p.m. PDT",1820,1877,1470,-350
BANC,"3/30/2017 5 p.m. PDT",1849,1865,1448,-401
BANC,"3/30/2017 6 p.m. PDT",1880,1861,1521,-359
BANC,"3/30/2017 7 p.m. PDT",1907,1909,1491,-416
BANC,"3/30/2017 8 p.m. PDT",1976,2029,1679,-297
BANC,"3/30/2017 9 p.m. PDT",2046,2078,1722,-324
BANC,"3/30/2017 10 p.m. PDT",1955,1960,1548,-407
BANC,"3/30/2017 11 p.m. PDT",1812,1801,1637,-175
BANC,"3/31/2017 12 a.m. PDT",1654,1648,1380,-274
BANC,"3/31/2017 1 a.m. PDT",1544,1546,1224,-320
BANC,"3/31/2017 2 a.m. PDT",1487,1489,1202,-285
BANC,"3/31/2017 3 a.m. PDT",1468,1451,1176,-292
BANC,"3/31/2017 4 a.m. PDT",1456,1453,1159,-297
BANC,"3/31/2017 5 a.m. PDT",1513,1477,1167,-346
BANC,"3/31/2017 6 a.m. PDT",1610,1584,1172,-438
BANC,"3/31/2017 7 a.m. PDT",1827,1783,1526,-301
BANC,"3/31/2017 8 a.m. PDT",1912,1878,1447,-465
BANC,"3/31/2017 9 a.m. PDT",1898,1874,1418,-480
BANC,"3/31/2017 10 a.m. PDT",1871,1838,1439,-432
BANC,"3/31/2017 11 a.m. PDT",1880,1842,1450,-430
BANC,"3/31/2017 12 p.m. PDT",1813,1852,1393,-420
BANC,"3/31/2017 1 p.m. PDT",1799,1858,1344,-455
BANC,"3/31/2017 2 p.m. PDT",1791,1864,1272,-519
BANC,"3/31/2017 3 p.m. PDT",1783,1864,1227,-556
BANC,"3/31/2017 4 p.m. PDT",1765,1875,1275,-490
BANC,"3/31/2017 5 p.m. PDT",1775,1869,1261,-514
BANC,"3/31/2017 6 p.m. PDT",1817,1854,1356,-461
BANC,"3/31/2017 7 p.m. PDT",1832,1899,1443,-389
BANC,"3/31/2017 8 p.m. PDT",1902,1999,1557,-345
BANC,"3/31/2017 9 p.m. PDT",1950,2026,1592,-358
BANC,"3/31/2017 10 p.m. PDT",1896,1939,1456,-440
BANC,"3/31/2017 11 p.m. PDT",1780,1808,1489,-291
BANC,"4/1/2017 12 a.m. PDT",1633,1675,1298,-335
