"BA Code","Timestamp (Hour Ending)","Demand (MWh)","Demand Forecast (MWh)","Net Generation (MWh)","Total Interchange (MWh)"
BANC,"12/1/2022 12 a.m. PST",1698,1709,942,-756
BANC,"12/1/2022 1 a.m. PST",1628,1610,1053,-575
BANC,"12/1/2022 2 a.m. PST",1570,1559,982,-588
BANC,"12/1/2022 3 a.m. PST",1540,1539,1014,-526
BANC,"12/1/2022 4 a.m. PST",1538,1545,1023,-515
BANC,"12/1/2022 5 a.m. PST",1595,1596,1094,-501
BANC,"12/1/2022 6 a.m. PST",1705,1720,1127,-578
BANC,"12/1/2022 7 a.m. PST",1897,1902,1186,-711
BANC,"12/1/2022 8 a.m. PST",2056,2031,1196,-860
BANC,"12/1/2022 9 a.m. PST",2106,2059,1236,-870
BANC,"12/1/2022 10 a.m. PST",2122,2056,1354,-768
BANC,"12/1/2022 11 a.m. PST",2168,2039,1264,-904
BANC,"12/1/2022 12 p.m. PST",2169,2021,1247,-922
BANC,"12/1/2022 1 p.m. PST",2143,1998,1246,-897
BANC,"12/1/2022 2 p.m. PST",2098,1985,1238,-860
BANC,"12/1/2022 3 p.m. PST",2064,1974,1319,-745
BANC,"12/1/2022 4 p.m. PST",2067,2000,1368,-699
BANC,"12/1/2022 5 p.m. PST",2140,2102,1606,-534
BANC,"12/1/2022 6 p.m. PST",2227,2257,1910,-317
BANC,"12/1/2022 7 p.m. PST",2201,2255,1765,-436
BANC,"12/1/2022 8 p.m. PST",2169,2222,1581,-588
BANC,"12/1/2022 9 p.m. PST",2127,2171,1563,-564
BANC,"12/1/2022 10 p.m. PST",2033,2075,1532,-501
BANC,"12/1/2022 11 p.m. PST",1906,1941,1381,-525
BANC,"12/2/2022 12 a.m. PST",1780,1807,1325,-455
BANC,"12/2/2022 1 a.m. PST",1724,1684,1222,-502
BANC,"12/2/2022 2 a.m. PST",1687,1651,1147,-540
BANC,"12/2/2022 3 a.m. PST",1681,1636,1267,-414
BANC,"12/2/2022 4 a.m. PST",1699,1648,1345,-354
BANC,"12/2/2022 5 a.m. PST",1758,1712,1343,-415
BANC,"12/2/2022 6 a.m. PST",1899,1850,1444,-455
BANC,"12/2/2022 7 a.m. PST",2103,2049,1636,-467
BANC,"12/2/2022 8 a.m. PST",2235,2165,1581,-654
BANC,"12/2/2022 9 a.m. PST",2232,2163,1524,-708
BANC,"12/2/2022 10 a.m. PST",2163,2113,1515,-648
BANC,"12/2/2022 11 a.m. PST",2057,2042,1547,-510
BANC,"12/2/2022 12 p.m. PST",1974,1972,1559,-415
BANC,"12/2/2022 1 p.m. PST",1917,1916,1603,-314
BANC,"12/2/2022 2 p.m. PST",1871,1881,1596,-275
BANC,"12/2/2022 3 p.m. PST",1874,1866,1604,-270
BANC,"12/2/2022 4 p.m. PST",1912,1889,1570,-342
BANC,"12/2/2022 5 p.m. PST",2036,2000,1585,-451
BANC,"12/2/2022 6 p.m. PST",2195,2174,1833,-362
BANC,"12/2/2022 7 p.m. PST",2182,2171,1757,-425
BANC,"12/2/2022 8 p.m. PST",2154,2144,1654,-500
BANC,"12/2/2022 9 p.m. PST",2107,2104,1706,-401
BANC,"12/2/2022 10 p.m. PST",2051,2032,1673,-378
BANC,"12/2/2022 11 p.m. PST",1942,1925,1517,-425
BANC,"12/3/2022 12 a.m. PST",1821,1815,1479,-342
BANC,"12/3/2022 1 a.m. PST",1741,1719,1445,-296
BANC,"12/3/2022 2 a.m. PST",1668,1656,1445,-223
BANC,"12/3/2022 3 a.m. PST",1621,1622,1431,-190
BANC,"12/3/2022 4 a.m. PST",1595,1618,1405,-190
BANC,"12/3/2022 5 a.m. PST",1617,1641,1442,-175
BANC,"12/3/2022 6 a.m. PST",1670,1694,1440,-230
BANC,"12/3/2022 7 a.m. PST",1739,1780,1532,-207
BANC,"12/3/2022 8 a.m. PST",1837,1869,1621,-216
BANC,"12/3/2022 9 a.m. PST",1948,1947,1560,-388
BANC,"12/3/2022 10 a.m. PST",2020,1987,1459,-561
BANC,"12/3/2022 11 a.m. PST",2053,1993,1446,-607
BANC,"12/3/2022 12 p.m. PST",2077,1984,1440,-637
BANC,"12/3/2022 1 p.m. PST",2090,1964,1439,-651
BANC,"12/3/2022 2 p.m. PST",2067,1938,1449,-618
BANC,"12/3/2022 3 p.m. PST",2069,1932,1428,-641
BANC,"12/3/2022 4 p.m. PST",2077,1953,1458,-619
BANC,"12/3/2022 5 p.m. PST",2153,2042,1648,-505
BANC,"12/3/2022 6 p.m. PST",2201,2175,1860,-341
BANC,"12/3/2022 7 p.m. PST",2167,2161,1746,-421
BANC,"12/3/2022 8 p.m. PST",2116,2119,1575,-541
BANC,"12/3/2022 9 p.m. PST",2057,2069,1449,-608
BANC,"12/3/2022 10 p.m. PST",1990,1998,1391,-599
BANC,"12/3/2022 11 p.m. PST",1880,1895,1381,-499
BANC,"12/4/2022 12 a.m. PST",1761,1784,1342,-419
BANC,"12/4/2022 1 a.m. PST",1676,1658,1281,-395
BANC,"12/4/2022 2 a.m. PST",1609,1595,1255,-354
BANC,"12/4/2022 3 a.m. PST",1567,1557,1172,-395
BANC,"12/4/2022 4 a.m. PST",1552,1541,1169,-383
BANC,"12/4/2022 5 a.m. PST",1563,1551,1232,-331
BANC,"12/4/2022 6 a.m. PST",1597,1591,1207,-390
BANC,"12/4/2022 7 a.m. PST",1678,1664,1246,-432
BANC,"12/4/2022 8 a.m. PST",1748,1732,1350,-398
BANC,"12/4/2022 9 a.m. PST",1809,1796,1375,-434
BANC,"12/4/2022 10 a.m. PST",1788,1831,1374,-414
BANC,"12/4/2022 11 a.m. PST",1780,1830,1331,-449
BANC,"12/4/2022 12 p.m. PST",1776,1806,1246,-530
BANC,"12/4/2022 1 p.m. PST",1841,1789,1198,-643
BANC,"12/4/2022 2 p.m. PST",1900,1778,1180,-720
BANC,"12/4/2022 3 p.m. PST",1865,1783,1150,-715
BANC,"12/4/2022 4 p.m. PST",1886,1817,1251,-635
BANC,"12/4/2022 5 p.m. PST",1985,1924,1519,-466
BANC,"12/4/2022 6 p.m. PST",2117,2080,1666,-451
BANC,"12/4/2022 7 p.m. PST",2093,2088,1546,-547
BANC,"12/4/2022 8 p.m. PST",2064,2059,1545,-519
BANC,"12/4/2022 9 p.m. PST",2009,2014,1486,-523
BANC,"12/4/2022 10 p.m. PST",1929,1935,1400,-529
BANC,"12/4/2022 11 p.m. PST",1791,1804,1311,-480
BANC,"12/5/2022 12 a.m. PST",1669,1681,1271,-398
BANC,"12/5/2022 1 a.m. PST",1600,1592,1246,-354
BANC,"12/5/2022 2 a.m. PST",1542,1553,1253,-289
BANC,"12/5/2022 3 a.m. PST",1528,1529,1242,-286
BANC,"12/5/2022 4 a.m. PST",1529,1540,1253,-276
BANC,"12/5/2022 5 a.m. PST",1577,1594,1313,-264
BANC,"12/5/2022 6 a.m. PST",1691,1712,1355,-336
BANC,"12/5/2022 7 a.m. PST",1875,1897,1371,-504
BANC,"12/5/2022 8 a.m. PST",2029,2021,1450,-579
BANC,"12/5/2022 9 a.m. PST",2043,2043,1419,-624
BANC,"12/5/2022 10 a.m. PST",2007,2039,1403,-604
BANC,"12/5/2022 11 a.m. PST",1943,2027,1401,-542
BANC,"12/5/2022 12 p.m. PST",1932,1999,1400,-532
BANC,"12/5/2022 1 p.m. PST",1930,1971,1327,-603
BANC,"12/5/2022 2 p.m. PST",1896,1951,1355,-541
BANC,"12/5/2022 3 p.m. PST",1871,1947,1335,-536
BANC,"12/5/2022 4 p.m. PST",1886,1966,1309,-577
BANC,"12/5/2022 5 p.m. PST",1991,2062,1366,-625
BANC,"12/5/2022 6 p.m. PST",2143,2211,1823,-320
BANC,"12/5/2022 7 p.m. PST",2122,2207,1790,-332
BANC,"12/5/2022 8 p.m. PST",2089,2159,1796,-293
BANC,"12/5/2022 9 p.m. PST",2050,2109,1670,-380
BANC,"12/5/2022 10 p.m. PST",1952,2013,1556,-396
BANC,"12/5/2022 11 p.m. PST",1817,1868,1340,-477
BANC,"12/6/2022 12 a.m. PST",1691,1739,1222,-469
BANC,"12/6/2022 1 a.m. PST",1617,1615,1265,-352
BANC,"12/6/2022 2 a.m. PST",1569,1567,1105,-464
BANC,"12/6/2022 3 a.m. PST",1536,1539,1159,-377
BANC,"12/6/2022 4 a.m. PST",1533,1540,1173,-360
BANC,"12/6/2022 5 a.m. PST",1590,1596,1235,-355
BANC,"12/6/2022 6 a.m. PST",1707,1719,1251,-456
BANC,"12/6/2022 7 a.m. PST",1901,1908,1279,-622
BANC,"12/6/2022 8 a.m. PST",2046,2027,1245,-801
BANC,"12/6/2022 9 a.m. PST",2068,2040,1142,-926
BANC,"12/6/2022 10 a.m. PST",2065,2031,1153,-912
BANC,"12/6/2022 11 a.m. PST",2023,2007,1159,-864
BANC,"12/6/2022 12 p.m. PST",1928,1976,1247,-681
BANC,"12/6/2022 1 p.m. PST",1864,1945,1209,-655
BANC,"12/6/2022 2 p.m. PST",1832,1923,1285,-547
BANC,"12/6/2022 3 p.m. PST",1846,1915,1195,-651
BANC,"12/6/2022 4 p.m. PST",1878,1942,1246,-632
BANC,"12/6/2022 5 p.m. PST",1978,2049,1415,-563
BANC,"12/6/2022 6 p.m. PST",2144,2211,1685,-459
BANC,"12/6/2022 7 p.m. PST",2147,2211,1694,-453
BANC,"12/6/2022 8 p.m. PST",2126,2179,1644,-482
BANC,"12/6/2022 9 p.m. PST",2080,2126,1516,-564
BANC,"12/6/2022 10 p.m. PST",1998,2027,1445,-553
BANC,"12/6/2022 11 p.m. PST",1852,1882,1316,-536
BANC,"12/7/2022 12 a.m. PST",1736,1750,1251,-485
BANC,"12/7/2022 1 a.m. PST",1674,1640,1265,-409
BANC,"12/7/2022 2 a.m. PST",1627,1599,1220,-407
BANC,"12/7/2022 3 a.m. PST",1616,1578,1334,-282
BANC,"12/7/2022 4 a.m. PST",1631,1585,1281,-350
BANC,"12/7/2022 5 a.m. PST",1707,1643,1289,-418
BANC,"12/7/2022 6 a.m. PST",1833,1773,1360,-473
BANC,"12/7/2022 7 a.m. PST",2062,1959,1360,-702
BANC,"12/7/2022 8 a.m. PST",2200,2082,1370,-830
BANC,"12/7/2022 9 a.m. PST",2174,2098,1414,-760
BANC,"12/7/2022 10 a.m. PST",2091,2075,1277,-814
BANC,"12/7/2022 11 a.m. PST",2014,2037,1215,-799
BANC,"12/7/2022 12 p.m. PST",1904,1999,1174,-730
BANC,"12/7/2022 1 p.m. PST",1865,1961,1170,-695
BANC,"12/7/2022 2 p.m. PST",1852,1930,1116,-736
BANC,"12/7/2022 3 p.m. PST",1849,1926,1148,-701
BANC,"12/7/2022 4 p.m. PST",1885,1954,1493,-392
BANC,"12/7/2022 5 p.m. PST",2010,2065,1455,-555
BANC,"12/7/2022 6 p.m. PST",2165,2225,1868,-297
BANC,"12/7/2022 7 p.m. PST",2182,2227,1636,-546
BANC,"12/7/2022 8 p.m. PST",2159,2190,1515,-644
BANC,"12/7/2022 9 p.m. PST",2123,2130,1491,-632
BANC,"12/7/2022 10 p.m. PST",2033,2029,1454,-579
BANC,"12/7/2022 11 p.m. PST",1887,1885,1470,-417
BANC,"12/8/2022 12 a.m. PST",1765,1752,1372,-393
BANC,"12/8/2022 1 a.m. PST",1699,1683,1382,-317
BANC,"12/8/2022 2 a.m. PST",1648,1634,1346,-302
BANC,"12/8/2022 3 a.m. PST",1617,1611,1341,-276
BANC,"12/8/2022 4 a.m. PST",1633,1609,1362,-271
BANC,"12/8/2022 5 a.m. PST",1675,1663,1402,-273
BANC,"12/8/2022 6 a.m. PST",1812,1784,1433,-379
BANC,"12/8/2022 7 a.m. PST",2024,1965,1503,-521
BANC,"12/8/2022 8 a.m. PST",2154,2084,1487,-667
BANC,"12/8/2022 9 a.m. PST",2150,2103,1432,-718
BANC,"12/8/2022 10 a.m. PST",2118,2108,1479,-639
BANC,"12/8/2022 11 a.m. PST",2059,2093,1389,-670
BANC,"12/8/2022 12 p.m. PST",2056,2075,1405,-651
BANC,"12/8/2022 1 p.m. PST",2054,2055,1390,-664
BANC,"12/8/2022 2 p.m. PST",2055,2035,1335,-720
BANC,"12/8/2022 3 p.m. PST",2045,2032,1350,-695
BANC,"12/8/2022 4 p.m. PST",2059,2056,1395,-664
BANC,"12/8/2022 5 p.m. PST",2161,2149,1498,-663
BANC,"12/8/2022 6 p.m. PST",2244,2280,1830,-414
BANC,"12/8/2022 7 p.m. PST",2219,2261,1761,-458
BANC,"12/8/2022 8 p.m. PST",2176,2212,1772,-404
BANC,"12/8/2022 9 p.m. PST",2105,2150,1568,-537
BANC,"12/8/2022 10 p.m. PST",1997,2040,1568,-429
BANC,"12/8/2022 11 p.m. PST",1850,1891,1426,-424
BANC,"12/9/2022 12 a.m. PST",1715,1754,1348,-367
BANC,"12/9/2022 1 a.m. PST",1635,1617,1243,-392
BANC,"12/9/2022 2 a.m. PST",1581,1562,1184,-397
BANC,"12/9/2022 3 a.m. PST",1545,1534,1258,-287
BANC,"12/9/2022 4 a.m. PST",1542,1530,1275,-267
BANC,"12/9/2022 5 a.m. PST",1593,1583,1325,-268
BANC,"12/9/2022 6 a.m. PST",1704,1700,1449,-255
BANC,"12/9/2022 7 a.m. PST",1897,1885,1519,-378
BANC,"12/9/2022 8 a.m. PST",2032,2010,1521,-511
BANC,"12/9/2022 9 a.m. PST",2037,2044,1265,-772
BANC,"12/9/2022 10 a.m. PST",2027,2051,1334,-693
BANC,"12/9/2022 11 a.m. PST",2030,2035,1159,-871
BANC,"12/9/2022 12 p.m. PST",2034,2011,1198,-836
BANC,"12/9/2022 1 p.m. PST",1979,1987,1199,-780
BANC,"12/9/2022 2 p.m. PST",1997,1966,1391,-606
BANC,"12/9/2022 3 p.m. PST",1984,1957,1348,-636
BANC,"12/9/2022 4 p.m. PST",1997,1978,1185,-812
BANC,"12/9/2022 5 p.m. PST",2066,2072,1567,-499
BANC,"12/9/2022 6 p.m. PST",2146,2208,1819,-327
BANC,"12/9/2022 7 p.m. PST",2114,2185,1548,-566
BANC,"12/9/2022 8 p.m. PST",2061,2129,1590,-471
BANC,"12/9/2022 9 p.m. PST",2016,2071,1547,-469
BANC,"12/9/2022 10 p.m. PST",1931,1988,1466,-465
BANC,"12/9/2022 11 p.m. PST",1817,1872,1461,-356
BANC,"12/10/2022 12 a.m. PST",1710,1747,1214,-496
BANC,"12/10/2022 1 a.m. PST",1620,1618,1136,-484
BANC,"12/10/2022 2 a.m. PST",1561,1546,1168,-393
BANC,"12/10/2022 3 a.m. PST",1513,1507,1139,-374
BANC,"12/10/2022 4 a.m. PST",1512,1485,1154,-358
BANC,"12/10/2022 5 a.m. PST",1512,1500,1132,-380
BANC,"12/10/2022 6 a.m. PST",1555,1543,1345,-210
BANC,"12/10/2022 7 a.m. PST",1668,1614,1453,-215
BANC,"12/10/2022 8 a.m. PST",1765,1707,1215,-550
BANC,"12/10/2022 9 a.m. PST",1849,1806,999,-850
BANC,"12/10/2022 10 a.m. PST",1893,1879,887,-1006
BANC,"12/10/2022 11 a.m. PST",2004,1916,851,-1153
BANC,"12/10/2022 12 p.m. PST",2043,1918,824,-1219
BANC,"12/10/2022 1 p.m. PST",2046,1910,915,-1131
BANC,"12/10/2022 2 p.m. PST",2035,1890,842,-1193
BANC,"12/10/2022 3 p.m. PST",2009,1884,908,-1101
BANC,"12/10/2022 4 p.m. PST",1948,1907,1033,-915
BANC,"12/10/2022 5 p.m. PST",1971,1995,1521,-450
BANC,"12/10/2022 6 p.m. PST",2063,2108,1836,-227
BANC,"12/10/2022 7 p.m. PST",2027,2090,1621,-406
BANC,"12/10/2022 8 p.m. PST",1972,2041,1677,-295
BANC,"12/10/2022 9 p.m. PST",1931,1984,1567,-364
BANC,"12/10/2022 10 p.m. PST",1863,1906,1392,-471
BANC,"12/10/2022 11 p.m. PST",1769,1801,1361,-408
BANC,"12/11/2022 12 a.m. PST",1665,1689,1181,-484
BANC,"12/11/2022 1 a.m. PST",1583,1610,1079,-504
BANC,"12/11/2022 2 a.m. PST",1527,1529,1042,-485
BANC,"12/11/2022 3 a.m. PST",1485,1496,944,-541
BANC,"12/11/2022 4 a.m. PST",1479,1480,944,-535
BANC,"12/11/2022 5 a.m. PST",1493,1491,1066,-427
BANC,"12/11/2022 6 a.m. PST",1540,1531,1141,-399
BANC,"12/11/2022 7 a.m. PST",1624,1599,1067,-557
BANC,"12/11/2022 8 a.m. PST",1712,1679,1102,-610
BANC,"12/11/2022 9 a.m. PST",1823,1752,900,-923
BANC,"12/11/2022 10 a.m. PST",1871,1806,960,-911
BANC,"12/11/2022 11 a.m. PST",1850,1822,970,-880
BANC,"12/11/2022 12 p.m. PST",1803,1824,932,-871
BANC,"12/11/2022 1 p.m. PST",1793,1810,985,-808
BANC,"12/11/2022 2 p.m. PST",1832,1802,1015,-817
BANC,"12/11/2022 3 p.m. PST",1837,1804,923,-914
BANC,"12/11/2022 4 p.m. PST",1897,1848,1275,-622
BANC,"12/11/2022 5 p.m. PST",2009,1963,1430,-579
BANC,"12/11/2022 6 p.m. PST",2137,2136,1710,-427
BANC,"12/11/2022 7 p.m. PST",2130,2142,1525,-605
BANC,"12/11/2022 8 p.m. PST",2104,2104,1521,-583
BANC,"12/11/2022 9 p.m. PST",2056,2042,1423,-633
BANC,"12/11/2022 10 p.m. PST",1965,1945,1190,-775
BANC,"12/11/2022 11 p.m. PST",1824,1813,1087,-737
BANC,"12/12/2022 12 a.m. PST",1702,1686,1012,-690
BANC,"12/12/2022 1 a.m. PST",1621,1614,1047,-574
BANC,"12/12/2022 2 a.m. PST",1581,1564,1045,-536
BANC,"12/12/2022 3 a.m. PST",1550,1546,1061,-489
BANC,"12/12/2022 4 a.m. PST",1557,1551,1048,-509
BANC,"12/12/2022 5 a.m. PST",1615,1607,1040,-575
BANC,"12/12/2022 6 a.m. PST",1737,1733,1259,-478
BANC,"12/12/2022 7 a.m. PST",1938,1910,1336,-602
BANC,"12/12/2022 8 a.m. PST",2066,2040,1413,-653
BANC,"12/12/2022 9 a.m. PST",2071,2074,1342,-729
BANC,"12/12/2022 10 a.m. PST",2010,2061,1412,-598
BANC,"12/12/2022 11 a.m. PST",1945,2032,1271,-674
BANC,"12/12/2022 12 p.m. PST",1878,2000,1231,-647
BANC,"12/12/2022 1 p.m. PST",1852,1968,1207,-645
BANC,"12/12/2022 2 p.m. PST",1838,1937,1155,-683
BANC,"12/12/2022 3 p.m. PST",1847,1928,1157,-690
BANC,"12/12/2022 4 p.m. PST",1887,1958,1235,-652
BANC,"12/12/2022 5 p.m. PST",2020,2069,1592,-428
BANC,"12/12/2022 6 p.m. PST",2209,2228,1742,-467
BANC,"12/12/2022 7 p.m. PST",2220,2236,1514,-706
BANC,"12/12/2022 8 p.m. PST",2194,2198,1454,-740
BANC,"12/12/2022 9 p.m. PST",2153,2146,1497,-656
BANC,"12/12/2022 10 p.m. PST",2063,2042,1276,-787
BANC,"12/12/2022 11 p.m. PST",1914,1898,1257,-657
BANC,"12/13/2022 12 a.m. PST",1796,1768,1209,-587
BANC,"12/13/2022 1 a.m. PST",1730,1705,1192,-538
BANC,"12/13/2022 2 a.m. PST",1700,1667,1186,-514
BANC,"12/13/2022 3 a.m. PST",1682,1648,1175,-507
BANC,"12/13/2022 4 a.m. PST",1706,1659,1153,-553
BANC,"12/13/2022 5 a.m. PST",1777,1721,1208,-569
BANC,"12/13/2022 6 a.m. PST",1916,1850,1247,-669
BANC,"12/13/2022 7 a.m. PST",2145,2041,1291,-854
BANC,"12/13/2022 8 a.m. PST",2287,2160,1364,-923
BANC,"12/13/2022 9 a.m. PST",2253,2162,1212,-1041
BANC,"12/13/2022 10 a.m. PST",2225,2119,1263,-962
BANC,"12/13/2022 11 a.m. PST",2058,2071,1162,-896
BANC,"12/13/2022 12 p.m. PST",1979,2014,1104,-875
BANC,"12/13/2022 1 p.m. PST",1927,1966,1088,-839
BANC,"12/13/2022 2 p.m. PST",1887,1936,1048,-839
BANC,"12/13/2022 3 p.m. PST",1886,1926,1058,-828
BANC,"12/13/2022 4 p.m. PST",1910,1953,1093,-817
BANC,"12/13/2022 5 p.m. PST",2068,2067,1228,-840
BANC,"12/13/2022 6 p.m. PST",2239,2240,1549,-690
BANC,"12/13/2022 7 p.m. PST",2264,2248,1442,-822
BANC,"12/13/2022 8 p.m. PST",2233,2205,1351,-882
BANC,"12/13/2022 9 p.m. PST",2212,2161,1347,-865
BANC,"12/13/2022 10 p.m. PST",2118,2057,1205,-913
BANC,"12/13/2022 11 p.m. PST",1984,1912,1200,-784
BANC,"12/14/2022 12 a.m. PST",1846,1779,1140,-706
BANC,"12/14/2022 1 a.m. PST",1777,1737,1181,-596
BANC,"12/14/2022 2 a.m. PST",1748,1693,1191,-557
BANC,"12/14/2022 3 a.m. PST",1725,1672,1140,-585
BANC,"12/14/2022 4 a.m. PST",1743,1684,1170,-573
BANC,"12/14/2022 5 a.m. PST",1807,1752,1246,-561
BANC,"12/14/2022 6 a.m. PST",1945,1877,1271,-674
BANC,"12/14/2022 7 a.m. PST",2172,2069,1282,-890
BANC,"12/14/2022 8 a.m. PST",2311,2192,1241,-1070
BANC,"12/14/2022 9 a.m. PST",2294,2206,1189,-1105
BANC,"12/14/2022 10 a.m. PST",2199,2169,1165,-1034
BANC,"12/14/2022 11 a.m. PST",2106,2109,1171,-935
BANC,"12/14/2022 12 p.m. PST",2006,2059,1101,-905
BANC,"12/14/2022 1 p.m. PST",1957,2008,1105,-852
BANC,"12/14/2022 2 p.m. PST",1919,1983,1120,-799
BANC,"12/14/2022 3 p.m. PST",1907,1973,1135,-772
BANC,"12/14/2022 4 p.m. PST",1961,2001,1229,-732
BANC,"12/14/2022 5 p.m. PST",2091,2115,1209,-882
BANC,"12/14/2022 6 p.m. PST",2253,2278,1551,-702
BANC,"12/14/2022 7 p.m. PST",2272,2283,1553,-719
BANC,"12/14/2022 8 p.m. PST",2147,2249,1445,-702
BANC,"12/14/2022 9 p.m. PST",2132,2202,1380,-752
BANC,"12/14/2022 10 p.m. PST",2032,2104,1234,-798
BANC,"12/14/2022 11 p.m. PST",1943,1958,1206,-737
BANC,"12/15/2022 12 a.m. PST",1767,1822,1140,-627
BANC,"12/15/2022 1 a.m. PST",1774,1755,1172,-602
BANC,"12/15/2022 2 a.m. PST",1665,1714,1038,-627
BANC,"12/15/2022 3 a.m. PST",1619,1694,1012,-607
BANC,"12/15/2022 4 a.m. PST",1713,1701,1063,-650
BANC,"12/15/2022 5 a.m. PST",1801,1764,1129,-672
BANC,"12/15/2022 6 a.m. PST",1931,1894,1404,-527
BANC,"12/15/2022 7 a.m. PST",2151,2080,1412,-739
BANC,"12/15/2022 8 a.m. PST",2297,2205,1419,-878
BANC,"12/15/2022 9 a.m. PST",2294,2210,1183,-1111
BANC,"12/15/2022 10 a.m. PST",2214,2166,1225,-989
BANC,"12/15/2022 11 a.m. PST",2119,2104,1153,-966
BANC,"12/15/2022 12 p.m. PST",2015,2048,1135,-880
BANC,"12/15/2022 1 p.m. PST",2041,2002,1184,-857
BANC,"12/15/2022 2 p.m. PST",1920,1971,1108,-812
BANC,"12/15/2022 3 p.m. PST",1909,1962,1220,-689
BANC,"12/15/2022 4 p.m. PST",1979,1998,1606,-373
BANC,"12/15/2022 5 p.m. PST",2115,2117,1552,-563
BANC,"12/15/2022 6 p.m. PST",2270,2289,1865,-405
BANC,"12/15/2022 7 p.m. PST",2273,2297,1818,-455
BANC,"12/15/2022 8 p.m. PST",2250,2265,1528,-722
BANC,"12/15/2022 9 p.m. PST",2228,2220,1567,-661
BANC,"12/15/2022 10 p.m. PST",2133,2122,1559,-574
BANC,"12/15/2022 11 p.m. PST",2006,1981,1536,-470
BANC,"12/16/2022 12 a.m. PST",1873,1848,1431,-442
BANC,"12/16/2022 1 a.m. PST",1816,1786,1034,-782
BANC,"12/16/2022 2 a.m. PST",1766,1744,980,-786
BANC,"12/16/2022 3 a.m. PST",1759,1723,918,-841
BANC,"12/16/2022 4 a.m. PST",1772,1729,890,-882
BANC,"12/16/2022 5 a.m. PST",1840,1788,949,-891
BANC,"12/16/2022 6 a.m. PST",1974,1913,1277,-697
BANC,"12/16/2022 7 a.m. PST",2177,2101,1429,-748
BANC,"12/16/2022 8 a.m. PST",2338,2225,1553,-785
BANC,"12/16/2022 9 a.m. PST",2315,2219,1262,-1053
BANC,"12/16/2022 10 a.m. PST",2240,2172,1077,-1163
BANC,"12/16/2022 11 a.m. PST",2148,2114,939,-1209
BANC,"12/16/2022 12 p.m. PST",2049,2051,897,-1152
BANC,"12/16/2022 1 p.m. PST",1958,2000,888,-1070
BANC,"12/16/2022 2 p.m. PST",1919,1969,856,-1063
BANC,"12/16/2022 3 p.m. PST",1903,1960,884,-1019
BANC,"12/16/2022 4 p.m. PST",1948,1987,1190,-758
BANC,"12/16/2022 5 p.m. PST",2071,2101,1597,-474
BANC,"12/16/2022 6 p.m. PST",2226,2266,1697,-529
BANC,"12/16/2022 7 p.m. PST",2229,2262,1655,-574
BANC,"12/16/2022 8 p.m. PST",2193,2227,1710,-483
BANC,"12/16/2022 9 p.m. PST",2182,2184,1563,-619
BANC,"12/16/2022 10 p.m. PST",2124,2105,1404,-720
BANC,"12/16/2022 11 p.m. PST",2005,1988,1348,-657
BANC,"12/17/2022 12 a.m. PST",1899,1865,1331,-568
BANC,"12/17/2022 1 a.m. PST",1842,1781,1183,-659
BANC,"12/17/2022 2 a.m. PST",1789,1729,1149,-640
BANC,"12/17/2022 3 a.m. PST",1766,1704,1103,-663
BANC,"12/17/2022 4 a.m. PST",1767,1699,1129,-638
BANC,"12/17/2022 5 a.m. PST",1794,1723,1065,-729
BANC,"12/17/2022 6 a.m. PST",1857,1778,1454,-403
BANC,"12/17/2022 7 a.m. PST",1972,1869,1576,-396
BANC,"12/17/2022 8 a.m. PST",2075,1958,1515,-560
BANC,"12/17/2022 9 a.m. PST",2126,2020,1382,-744
BANC,"12/17/2022 10 a.m. PST",2092,2028,1248,-844
BANC,"12/17/2022 11 a.m. PST",2016,1993,1207,-809
BANC,"12/17/2022 12 p.m. PST",1928,1940,1040,-888
BANC,"12/17/2022 1 p.m. PST",1919,1896,1101,-818
BANC,"12/17/2022 2 p.m. PST",1811,1862,1055,-756
BANC,"12/17/2022 3 p.m. PST",1801,1850,1186,-615
BANC,"12/17/2022 4 p.m. PST",1847,1880,1564,-283
BANC,"12/17/2022 5 p.m. PST",1978,1989,1663,-315
BANC,"12/17/2022 6 p.m. PST",2136,2148,1747,-389
BANC,"12/17/2022 7 p.m. PST",2147,2151,1567,-580
BANC,"12/17/2022 8 p.m. PST",2130,2121,1824,-306
BANC,"12/17/2022 9 p.m. PST",2112,2085,1761,-351
BANC,"12/17/2022 10 p.m. PST",2065,2019,1642,-423
BANC,"12/17/2022 11 p.m. PST",1984,1805,1627,-357
BANC,"12/18/2022 12 a.m. PST",1886,1705,1439,-447
BANC,"12/18/2022 1 a.m. PST",1825,1771,1275,-550
BANC,"12/18/2022 2 a.m. PST",1774,1715,1179,-595
BANC,"12/18/2022 3 a.m. PST",1752,1692,1138,-614
BANC,"12/18/2022 4 a.m. PST",1742,1683,1116,-626
BANC,"12/18/2022 5 a.m. PST",1776,1702,1160,-616
BANC,"12/18/2022 6 a.m. PST",1827,1755,1455,-372
BANC,"12/18/2022 7 a.m. PST",1925,1841,1510,-415
BANC,"12/18/2022 8 a.m. PST",2039,1928,1567,-472
BANC,"12/18/2022 9 a.m. PST",2110,1974,1361,-749
BANC,"12/18/2022 10 a.m. PST",2156,1979,1107,-1049
BANC,"12/18/2022 11 a.m. PST",2168,1947,1038,-1130
BANC,"12/18/2022 12 p.m. PST",2146,1900,977,-1169
BANC,"12/18/2022 1 p.m. PST",2120,1861,908,-1212
BANC,"12/18/2022 2 p.m. PST",2066,1847,803,-1263
BANC,"12/18/2022 3 p.m. PST",2072,1858,889,-1183
BANC,"12/18/2022 4 p.m. PST",2120,1916,1235,-885
BANC,"12/18/2022 5 p.m. PST",2222,2057,1404,-818
BANC,"12/18/2022 6 p.m. PST",2327,2257,1757,-570
BANC,"12/18/2022 7 p.m. PST",2320,2280,1748,-572
BANC,"12/18/2022 8 p.m. PST",2282,2261,1617,-665
BANC,"12/18/2022 9 p.m. PST",2234,2207,1489,-745
BANC,"12/18/2022 10 p.m. PST",2132,2116,1517,-615
BANC,"12/18/2022 11 p.m. PST",1982,1860,1448,-534
BANC,"12/19/2022 12 a.m. PST",1843,1728,1282,-561
BANC,"12/19/2022 1 a.m. PST",1744,1615,1313,-431
BANC,"12/19/2022 2 a.m. PST",1684,1563,1190,-494
BANC,"12/19/2022 3 a.m. PST",1658,1552,1174,-484
BANC,"12/19/2022 4 a.m. PST",1659,1562,1166,-493
BANC,"12/19/2022 5 a.m. PST",1721,1629,1230,-491
BANC,"12/19/2022 6 a.m. PST",1841,1753,1597,-244
BANC,"12/19/2022 7 a.m. PST",2022,1929,1659,-363
BANC,"12/19/2022 8 a.m. PST",2178,2050,1615,-563
BANC,"12/19/2022 9 a.m. PST",2251,2067,1392,-859
BANC,"12/19/2022 10 a.m. PST",2304,2042,1405,-899
BANC,"12/19/2022 11 a.m. PST",2324,1998,1355,-969
BANC,"12/19/2022 12 p.m. PST",2309,1947,1318,-991
BANC,"12/19/2022 1 p.m. PST",2279,1901,1258,-1021
BANC,"12/19/2022 2 p.m. PST",2229,1872,1243,-986
BANC,"12/19/2022 3 p.m. PST",2208,1847,1289,-919
BANC,"12/19/2022 4 p.m. PST",2206,1872,1579,-627
BANC,"12/19/2022 5 p.m. PST",2281,1979,1654,-627
BANC,"12/19/2022 6 p.m. PST",2400,2140,1964,-436
BANC,"12/19/2022 7 p.m. PST",2379,2144,1978,-401
BANC,"12/19/2022 8 p.m. PST",2329,2111,1895,-434
BANC,"12/19/2022 9 p.m. PST",2272,2066,1632,-640
BANC,"12/19/2022 10 p.m. PST",2172,1977,1633,-539
BANC,"12/19/2022 11 p.m. PST",2009,1847,1609,-400
BANC,"12/20/2022 12 a.m. PST",1862,1718,1557,-305
BANC,"12/20/2022 1 a.m. PST",1780,1766,1465,-315
BANC,"12/20/2022 2 a.m. PST",1721,1704,1280,-441
BANC,"12/20/2022 3 a.m. PST",1688,1682,1356,-332
BANC,"12/20/2022 4 a.m. PST",1696,1685,1314,-382
BANC,"12/20/2022 5 a.m. PST",1738,1749,1332,-406
BANC,"12/20/2022 6 a.m. PST",1867,1868,1584,-283
BANC,"12/20/2022 7 a.m. PST",2038,2055,1621,-417
BANC,"12/20/2022 8 a.m. PST",2194,2186,1865,-329
BANC,"12/20/2022 9 a.m. PST",2253,2202,1716,-537
BANC,"12/20/2022 10 a.m. PST",2263,2174,1341,-922
BANC,"12/20/2022 11 a.m. PST",2216,2118,1068,-1148
BANC,"12/20/2022 12 p.m. PST",2107,2063,935,-1172
BANC,"12/20/2022 1 p.m. PST",2073,2025,892,-1181
BANC,"12/20/2022 2 p.m. PST",1973,2001,912,-1061
BANC,"12/20/2022 3 p.m. PST",1968,1994,900,-1068
BANC,"12/20/2022 4 p.m. PST",1995,2020,1073,-922
BANC,"12/20/2022 5 p.m. PST",2111,2130,1441,-670
BANC,"12/20/2022 6 p.m. PST",2273,2289,1910,-363
BANC,"12/20/2022 7 p.m. PST",2277,2300,1803,-474
BANC,"12/20/2022 8 p.m. PST",2221,2265,1672,-549
BANC,"12/20/2022 9 p.m. PST",2184,2214,1572,-612
BANC,"12/20/2022 10 p.m. PST",2083,2118,1550,-533
BANC,"12/20/2022 11 p.m. PST",1934,1970,1545,-389
BANC,"12/21/2022 12 a.m. PST",1808,1826,1505,-303
BANC,"12/21/2022 1 a.m. PST",1728,1715,1251,-477
BANC,"12/21/2022 2 a.m. PST",1677,1666,1233,-444
BANC,"12/21/2022 3 a.m. PST",1654,1640,1245,-409
BANC,"12/21/2022 4 a.m. PST",1660,1645,1252,-408
BANC,"12/21/2022 5 a.m. PST",1722,1703,1258,-464
BANC,"12/21/2022 6 a.m. PST",1849,1828,1507,-342
BANC,"12/21/2022 7 a.m. PST",2033,2015,1542,-491
BANC,"12/21/2022 8 a.m. PST",2182,2145,1550,-632
BANC,"12/21/2022 9 a.m. PST",2241,2163,1402,-839
BANC,"12/21/2022 10 a.m. PST",2272,2134,1350,-922
BANC,"12/21/2022 11 a.m. PST",2266,2092,1295,-971
BANC,"12/21/2022 12 p.m. PST",2237,2038,1171,-1066
BANC,"12/21/2022 1 p.m. PST",2223,1999,961,-1262
BANC,"12/21/2022 2 p.m. PST",2159,1971,925,-1234
BANC,"12/21/2022 3 p.m. PST",2123,1961,936,-1187
BANC,"12/21/2022 4 p.m. PST",2119,1988,1237,-882
BANC,"12/21/2022 5 p.m. PST",2216,2099,1177,-1039
BANC,"12/21/2022 6 p.m. PST",2326,2248,1398,-928
BANC,"12/21/2022 7 p.m. PST",2311,2252,1330,-981
BANC,"12/21/2022 8 p.m. PST",2260,2212,1295,-965
BANC,"12/21/2022 9 p.m. PST",2209,2160,1098,-1111
BANC,"12/21/2022 10 p.m. PST",2112,2072,1072,-1040
BANC,"12/21/2022 11 p.m. PST",1982,1933,1126,-856
BANC,"12/22/2022 12 a.m. PST",1835,1796,1241,-594
BANC,"12/22/2022 1 a.m. PST",1745,1748,1244,-501
BANC,"12/22/2022 2 a.m. PST",1689,1687,1320,-369
BANC,"12/22/2022 3 a.m. PST",1644,1660,1176,-468
BANC,"12/22/2022 4 a.m. PST",1641,1661,1212,-429
BANC,"12/22/2022 5 a.m. PST",1689,1716,1434,-255
BANC,"12/22/2022 6 a.m. PST",1799,1834,1602,-197
BANC,"12/22/2022 7 a.m. PST",1956,2020,1609,-347
BANC,"12/22/2022 8 a.m. PST",2104,2154,1599,-505
BANC,"12/22/2022 9 a.m. PST",2165,2177,1616,-549
BANC,"12/22/2022 10 a.m. PST",2223,2173,1553,-670
BANC,"12/22/2022 11 a.m. PST",2229,2149,1780,-449
BANC,"12/22/2022 12 p.m. PST",2223,2108,1646,-577
BANC,"12/22/2022 1 p.m. PST",2204,2076,1437,-767
BANC,"12/22/2022 2 p.m. PST",2169,2052,1529,-640
BANC,"12/22/2022 3 p.m. PST",2128,2040,1603,-525
BANC,"12/22/2022 4 p.m. PST",2132,2060,1829,-303
BANC,"12/22/2022 5 p.m. PST",2200,2151,1741,-459
BANC,"12/22/2022 6 p.m. PST",2297,2284,1987,-310
BANC,"12/22/2022 7 p.m. PST",2279,2268,1994,-285
BANC,"12/22/2022 8 p.m. PST",2223,2223,1892,-331
BANC,"12/22/2022 9 p.m. PST",2180,2167,1699,-481
BANC,"12/22/2022 10 p.m. PST",2086,2074,1672,-414
BANC,"12/22/2022 11 p.m. PST",1949,1934,1639,-310
BANC,"12/23/2022 12 a.m. PST",1827,1797,1565,-262
BANC,"12/23/2022 1 a.m. PST",1709,1708,1554,-155
BANC,"12/23/2022 2 a.m. PST",1648,1648,1560,-88
BANC,"12/23/2022 3 a.m. PST",1606,1616,1548,-58
BANC,"12/23/2022 4 a.m. PST",1594,1616,1540,-54
BANC,"12/23/2022 5 a.m. PST",1636,1664,1545,-91
BANC,"12/23/2022 6 a.m. PST",1725,1775,1571,-154
BANC,"12/23/2022 7 a.m. PST",1862,1940,1668,-194
BANC,"12/23/2022 8 a.m. PST",1964,2080,1642,-322
BANC,"12/23/2022 9 a.m. PST",2042,2105,1614,-428
BANC,"12/23/2022 10 a.m. PST",2068,2100,1309,-759
BANC,"12/23/2022 11 a.m. PST",2046,2071,1328,-718
BANC,"12/23/2022 12 p.m. PST",1973,2035,1277,-696
BANC,"12/23/2022 1 p.m. PST",1871,1996,1196,-675
BANC,"12/23/2022 2 p.m. PST",1861,1965,1160,-701
BANC,"12/23/2022 3 p.m. PST",1845,1947,1169,-676
BANC,"12/23/2022 4 p.m. PST",1850,1965,1375,-475
BANC,"12/23/2022 5 p.m. PST",1953,2059,1588,-365
BANC,"12/23/2022 6 p.m. PST",2095,2206,1911,-184
BANC,"12/23/2022 7 p.m. PST",2079,2182,1894,-185
BANC,"12/23/2022 8 p.m. PST",2055,2133,1675,-380
BANC,"12/23/2022 9 p.m. PST",2027,2086,1548,-479
BANC,"12/23/2022 10 p.m. PST",1971,2013,1453,-518
BANC,"12/23/2022 11 p.m. PST",1886,1901,1443,-443
BANC,"12/24/2022 12 a.m. PST",1787,1781,1375,-412
BANC,"12/24/2022 1 a.m. PST",1700,1718,1354,-346
BANC,"12/24/2022 2 a.m. PST",1640,1654,1281,-359
BANC,"12/24/2022 3 a.m. PST",1596,1619,1053,-543
BANC,"12/24/2022 4 a.m. PST",1584,1611,1073,-511
BANC,"12/24/2022 5 a.m. PST",1603,1645,1277,-326
BANC,"12/24/2022 6 a.m. PST",1661,1717,1347,-314
BANC,"12/24/2022 7 a.m. PST",1747,1828,1404,-343
BANC,"12/24/2022 8 a.m. PST",1850,1930,1398,-452
BANC,"12/24/2022 9 a.m. PST",1935,1986,1378,-557
BANC,"12/24/2022 10 a.m. PST",1995,2013,1146,-849
BANC,"12/24/2022 11 a.m. PST",1998,2007,1288,-710
BANC,"12/24/2022 12 p.m. PST",1938,1969,1262,-676
BANC,"12/24/2022 1 p.m. PST",1832,1925,1092,-740
BANC,"12/24/2022 2 p.m. PST",1770,1891,1006,-764
BANC,"12/24/2022 3 p.m. PST",1755,1890,974,-781
BANC,"12/24/2022 4 p.m. PST",1761,1912,1205,-556
BANC,"12/24/2022 5 p.m. PST",1836,1994,1323,-513
BANC,"12/24/2022 6 p.m. PST",1948,2094,1766,-182
BANC,"12/24/2022 7 p.m. PST",1930,2046,1584,-346
BANC,"12/24/2022 8 p.m. PST",1887,1990,1328,-559
BANC,"12/24/2022 9 p.m. PST",1852,1945,1279,-573
BANC,"12/24/2022 10 p.m. PST",1821,1893,1192,-629
BANC,"12/24/2022 11 p.m. PST",1749,1808,1181,-568
BANC,"12/25/2022 12 a.m. PST",1667,1707,1156,-511
BANC,"12/25/2022 1 a.m. PST",1612,1607,946,-666
BANC,"12/25/2022 2 a.m. PST",1559,1561,913,-646
BANC,"12/25/2022 3 a.m. PST",1528,1528,732,-796
BANC,"12/25/2022 4 a.m. PST",1509,1514,748,-761
BANC,"12/25/2022 5 a.m. PST",1527,1519,952,-575
BANC,"12/25/2022 6 a.m. PST",1564,1556,961,-603
BANC,"12/25/2022 7 a.m. PST",1638,1612,1137,-501
BANC,"12/25/2022 8 a.m. PST",1728,1682,1150,-578
BANC,"12/25/2022 9 a.m. PST",1821,1741,980,-841
BANC,"12/25/2022 10 a.m. PST",1870,1761,830,-1040
BANC,"12/25/2022 11 a.m. PST",1878,1742,813,-1065
BANC,"12/25/2022 12 p.m. PST",1865,1704,821,-1044
BANC,"12/25/2022 1 p.m. PST",1847,1663,773,-1074
BANC,"12/25/2022 2 p.m. PST",1809,1620,732,-1077
BANC,"12/25/2022 3 p.m. PST",1772,1597,764,-1008
BANC,"12/25/2022 4 p.m. PST",1776,1625,1061,-715
BANC,"12/25/2022 5 p.m. PST",1845,1706,1371,-474
BANC,"12/25/2022 6 p.m. PST",1924,1811,1584,-340
BANC,"12/25/2022 7 p.m. PST",1910,1790,1439,-471
BANC,"12/25/2022 8 p.m. PST",1889,1766,1314,-575
BANC,"12/25/2022 9 p.m. PST",1873,1746,1163,-710
BANC,"12/25/2022 10 p.m. PST",1835,1711,1185,-650
BANC,"12/25/2022 11 p.m. PST",1750,1640,1123,-627
BANC,"12/26/2022 12 a.m. PST",1659,1569,1083,-576
BANC,"12/26/2022 1 a.m. PST",1586,1601,854,-732
BANC,"12/26/2022 2 a.m. PST",1532,1542,821,-711
BANC,"12/26/2022 3 a.m. PST",1497,1512,746,-751
BANC,"12/26/2022 4 a.m. PST",1496,1502,755,-741
BANC,"12/26/2022 5 a.m. PST",1526,1533,931,-595
BANC,"12/26/2022 6 a.m. PST",1583,1604,1004,-579
BANC,"12/26/2022 7 a.m. PST",1678,1706,1157,-521
BANC,"12/26/2022 8 a.m. PST",1753,1806,1146,-607
BANC,"12/26/2022 9 a.m. PST",1827,1887,995,-832
BANC,"12/26/2022 10 a.m. PST",1921,1942,813,-1108
BANC,"12/26/2022 11 a.m. PST",1989,1955,933,-1056
BANC,"12/26/2022 12 p.m. PST",2004,1938,923,-1081
BANC,"12/26/2022 1 p.m. PST",2001,1922,918,-1083
BANC,"12/26/2022 2 p.m. PST",1967,1902,920,-1047
BANC,"12/26/2022 3 p.m. PST",1953,1887,996,-957
BANC,"12/26/2022 4 p.m. PST",1978,1910,1428,-550
BANC,"12/26/2022 5 p.m. PST",2060,1982,1517,-543
BANC,"12/26/2022 6 p.m. PST",2152,2095,1881,-271
BANC,"12/26/2022 7 p.m. PST",2133,2066,1817,-316
BANC,"12/26/2022 8 p.m. PST",2097,2025,1677,-420
BANC,"12/26/2022 9 p.m. PST",2040,1981,1432,-608
BANC,"12/26/2022 10 p.m. PST",1962,1913,1292,-670
BANC,"12/26/2022 11 p.m. PST",1818,1808,1153,-665
BANC,"12/27/2022 12 a.m. PST",1697,1702,1078,-619
BANC,"12/27/2022 1 a.m. PST",1612,1625,927,-685
BANC,"12/27/2022 2 a.m. PST",1556,1552,869,-687
BANC,"12/27/2022 3 a.m. PST",1525,1522,652,-873
BANC,"12/27/2022 4 a.m. PST",1518,1515,672,-846
BANC,"12/27/2022 5 a.m. PST",1555,1559,852,-703
BANC,"12/27/2022 6 a.m. PST",1633,1675,915,-718
BANC,"12/27/2022 7 a.m. PST",1758,1844,1142,-616
BANC,"12/27/2022 8 a.m. PST",1871,1975,1173,-698
BANC,"12/27/2022 9 a.m. PST",1979,2032,989,-990
BANC,"12/27/2022 10 a.m. PST",2055,2077,793,-1262
BANC,"12/27/2022 11 a.m. PST",2094,2096,900,-1194
BANC,"12/27/2022 12 p.m. PST",2119,2100,1005,-1114
BANC,"12/27/2022 1 p.m. PST",2094,2097,1107,-987
BANC,"12/27/2022 2 p.m. PST",2071,2086,1198,-873
BANC,"12/27/2022 3 p.m. PST",2037,2076,1305,-732
BANC,"12/27/2022 4 p.m. PST",2013,2092,1267,-746
BANC,"12/27/2022 5 p.m. PST",2054,2184,1318,-736
BANC,"12/27/2022 6 p.m. PST",2148,2321,1701,-447
BANC,"12/27/2022 7 p.m. PST",2128,2298,1558,-570
BANC,"12/27/2022 8 p.m. PST",2075,2249,1319,-756
BANC,"12/27/2022 9 p.m. PST",2037,2182,1153,-884
BANC,"12/27/2022 10 p.m. PST",1948,2070,1074,-874
BANC,"12/27/2022 11 p.m. PST",1828,1917,1109,-719
BANC,"12/28/2022 12 a.m. PST",1711,1773,1147,-564
BANC,"12/28/2022 1 a.m. PST",1638,1634,967,-671
BANC,"12/28/2022 2 a.m. PST",1580,1588,923,-657
BANC,"12/28/2022 3 a.m. PST",1548,1566,935,-613
BANC,"12/28/2022 4 a.m. PST",1561,1570,984,-577
BANC,"12/28/2022 5 a.m. PST",1617,1617,976,-641
BANC,"12/28/2022 6 a.m. PST",1703,1733,1012,-691
BANC,"12/28/2022 7 a.m. PST",1876,1906,1230,-646
BANC,"12/28/2022 8 a.m. PST",1987,2031,1073,-914
BANC,"12/28/2022 9 a.m. PST",2015,2068,1066,-949
BANC,"12/28/2022 10 a.m. PST",1975,2076,981,-994
BANC,"12/28/2022 11 a.m. PST",1907,2052,933,-974
BANC,"12/28/2022 12 p.m. PST",1852,2022,1133,-719
BANC,"12/28/2022 1 p.m. PST",1811,1986,1172,-639
BANC,"12/28/2022 2 p.m. PST",1823,1945,986,-837
BANC,"12/28/2022 3 p.m. PST",1817,1929,868,-949
BANC,"12/28/2022 4 p.m. PST",1886,1950,1118,-768
BANC,"12/28/2022 5 p.m. PST",1975,2045,1281,-694
BANC,"12/28/2022 6 p.m. PST",2102,2196,1531,-571
BANC,"12/28/2022 7 p.m. PST",2101,2191,1562,-539
BANC,"12/28/2022 8 p.m. PST",2049,2145,1208,-841
BANC,"12/28/2022 9 p.m. PST",2011,2092,1202,-809
BANC,"12/28/2022 10 p.m. PST",1921,1992,1309,-612
BANC,"12/28/2022 11 p.m. PST",1799,1857,1405,-394
BANC,"12/29/2022 12 a.m. PST",1681,1731,1357,-324
BANC,"12/29/2022 1 a.m. PST",1613,1633,1203,-410
BANC,"12/29/2022 2 a.m. PST",1559,1573,1179,-380
BANC,"12/29/2022 3 a.m. PST",1527,1545,1085,-442
BANC,"12/29/2022 4 a.m. PST",1526,1547,1186,-340
BANC,"12/29/2022 5 a.m. PST",1569,1599,1292,-277
BANC,"12/29/2022 6 a.m. PST",1645,1703,1376,-269
BANC,"12/29/2022 7 a.m. PST",1780,1860,1408,-372
BANC,"12/29/2022 8 a.m. PST",1890,1988,1469,-421
BANC,"12/29/2022 9 a.m. PST",1989,2079,1510,-479
BANC,"12/29/2022 10 a.m. PST",2062,2125,1373,-689
BANC,"12/29/2022 11 a.m. PST",2068,2146,1329,-739
BANC,"12/29/2022 12 p.m. PST",2083,2151,1333,-750
BANC,"12/29/2022 1 p.m. PST",2035,2140,1339,-696
BANC,"12/29/2022 2 p.m. PST",2037,2116,1330,-707
BANC,"12/29/2022 3 p.m. PST",2053,2102,1456,-597
BANC,"12/29/2022 4 p.m. PST",2049,2109,1576,-473
BANC,"12/29/2022 5 p.m. PST",2113,2187,1672,-441
BANC,"12/29/2022 6 p.m. PST",2191,2294,1908,-283
BANC,"12/29/2022 7 p.m. PST",2163,2273,1683,-480
BANC,"12/29/2022 8 p.m. PST",2112,2213,1655,-457
BANC,"12/29/2022 9 p.m. PST",2064,2149,1656,-408
BANC,"12/29/2022 10 p.m. PST",1980,2048,1689,-291
BANC,"12/29/2022 11 p.m. PST",1855,1907,1571,-284
BANC,"12/30/2022 12 a.m. PST",1735,1777,1437,-298
BANC,"12/30/2022 1 a.m. PST",1658,1654,1034,-624
BANC,"12/30/2022 2 a.m. PST",1596,1602,972,-624
BANC,"12/30/2022 3 a.m. PST",1555,1570,993,-562
BANC,"12/30/2022 4 a.m. PST",1542,1565,952,-590
BANC,"12/30/2022 5 a.m. PST",1566,1601,1107,-459
BANC,"12/30/2022 6 a.m. PST",1646,1697,1099,-547
BANC,"12/30/2022 7 a.m. PST",1761,1840,1206,-555
BANC,"12/30/2022 8 a.m. PST",1856,1946,1237,-619
BANC,"12/30/2022 9 a.m. PST",1951,2018,1187,-764
BANC,"12/30/2022 10 a.m. PST",2023,2057,1048,-975
BANC,"12/30/2022 11 a.m. PST",2066,2077,1157,-909
BANC,"12/30/2022 12 p.m. PST",2083,2071,1215,-868
BANC,"12/30/2022 1 p.m. PST",2092,2063,1237,-855
BANC,"12/30/2022 2 p.m. PST",2072,2046,1266,-806
BANC,"12/30/2022 3 p.m. PST",2068,2032,1381,-687
BANC,"12/30/2022 4 p.m. PST",2061,2042,1479,-582
BANC,"12/30/2022 5 p.m. PST",2085,2109,1699,-386
BANC,"12/30/2022 6 p.m. PST",2142,2200,1805,-337
BANC,"12/30/2022 7 p.m. PST",2087,2159,1749,-338
BANC,"12/30/2022 8 p.m. PST",2021,2093,1683,-338
BANC,"12/30/2022 9 p.m. PST",1969,2036,1631,-338
BANC,"12/30/2022 10 p.m. PST",1888,1956,1624,-264
BANC,"12/30/2022 11 p.m. PST",1784,1848,1395,-389
BANC,"12/31/2022 12 a.m. PST",1677,1723,1339,-338
BANC,"12/31/2022 1 a.m. PST",1601,1603,1332,-269
BANC,"12/31/2022 2 a.m. PST",1527,1542,1298,-229
BANC,"12/31/2022 3 a.m. PST",1493,1507,1266,-227
BANC,"12/31/2022 4 a.m. PST",1459,1494,1208,-251
BANC,"12/31/2022 5 a.m. PST",1464,1513,1210,-254
BANC,"12/31/2022 6 a.m. PST",1504,1580,1242,-262
BANC,"12/31/2022 7 a.m. PST",1589,1666,1404,-185
BANC,"12/31/2022 8 a.m. PST",1649,1749,1398,-251
BANC,"12/31/2022 9 a.m. PST",1728,1827,1268,-460
BANC,"12/31/2022 10 a.m. PST",1821,1895,1297,-524
BANC,"12/31/2022 11 a.m. PST",1917,1929,1298,-619
BANC,"12/31/2022 12 p.m. PST",1976,1925,1285,-691
BANC,"12/31/2022 1 p.m. PST",1985,1914,1305,-680
BANC,"12/31/2022 2 p.m. PST",1992,1913,1392,-600
BANC,"12/31/2022 3 p.m. PST",2004,1904,1503,-501
BANC,"12/31/2022 4 p.m. PST",2017,1925,1578,-439
BANC,"12/31/2022 5 p.m. PST",2094,2007,1706,-388
BANC,"12/31/2022 6 p.m. PST",2153,2144,1762,-391
BANC,"12/31/2022 7 p.m. PST",2120,2105,1609,-511
BANC,"12/31/2022 8 p.m. PST",2025,2021,1539,-486
BANC,"12/31/2022 9 p.m. PST",1821,1941,1503,-318
BANC,"12/31/2022 10 p.m. PST",1686,1862,1488,-198
BANC,"12/31/2022 11 p.m. PST",1625,1784,1570,-55
BANC,"1/1/2023 12 a.m. PST",1594,1717,1602,8
