"BA Code","Timestamp (Hour Ending)","Demand (MWh)","Demand Forecast (MWh)","Net Generation (MWh)","Total Interchange (MWh)"
BANC,"9/1/2017 12 a.m. PDT",2448,2691,1504,-944
BANC,"9/1/2017 1 a.m. PDT",2216,2461,1223,-993
BANC,"9/1/2017 2 a.m. PDT",2088,2260,1158,-930
BANC,"9/1/2017 3 a.m. PDT",1974,2108,1075,-899
BANC,"9/1/2017 4 a.m. PDT",1913,2028,1018,-895
BANC,"9/1/2017 5 a.m. PDT",1925,2016,1053,-872
BANC,"9/1/2017 6 a.m. PDT",1993,2083,1130,-863
BANC,"9/1/2017 7 a.m. PDT",2133,2169,1544,-589
BANC,"9/1/2017 8 a.m. PDT",2228,2271,1491,-737
BANC,"9/1/2017 9 a.m. PDT",2350,2422,1504,-846
BANC,"9/1/2017 10 a.m. PDT",2535,2628,1525,-1010
BANC,"9/1/2017 11 a.m. PDT",2784,2897,1734,-1050
BANC,"9/1/2017 12 p.m. PDT",3076,3214,1805,-1271
BANC,"9/1/2017 1 p.m. PDT",3408,3574,1924,-1484
BANC,"9/1/2017 2 p.m. PDT",3732,3897,2068,-1664
BANC,"9/1/2017 3 p.m. PDT",4034,4156,2371,-1663
BANC,"9/1/2017 4 p.m. PDT",4279,4366,2524,-1755
BANC,"9/1/2017 5 p.m. PDT",4412,4505,2566,-1846
BANC,"9/1/2017 6 p.m. PDT",4388,4524,2627,-1761
BANC,"9/1/2017 7 p.m. PDT",4216,4372,2644,-1572
BANC,"9/1/2017 8 p.m. PDT",3937,4178,2509,-1428
BANC,"9/1/2017 9 p.m. PDT",3730,3975,2644,-1086
BANC,"9/1/2017 10 p.m. PDT",3437,3647,2364,-1073
BANC,"9/1/2017 11 p.m. PDT",3068,3257,1587,-1481
BANC,"9/2/2017 12 a.m. PDT",2759,2872,1431,-1328
BANC,"9/2/2017 1 a.m. PDT",2494,2474,1435,-1059
BANC,"9/2/2017 2 a.m. PDT",2301,2253,1443,-858
BANC,"9/2/2017 3 a.m. PDT",2147,2096,1319,-828
BANC,"9/2/2017 4 a.m. PDT",2034,2004,1224,-810
BANC,"9/2/2017 5 a.m. PDT",1971,1957,1174,-797
BANC,"9/2/2017 6 a.m. PDT",1956,1944,1180,-776
BANC,"9/2/2017 7 a.m. PDT",1978,1968,1442,-536
BANC,"9/2/2017 8 a.m. PDT",2015,2042,1499,-516
BANC,"9/2/2017 9 a.m. PDT",2196,2204,1529,-667
BANC,"9/2/2017 10 a.m. PDT",2453,2471,1697,-756
BANC,"9/2/2017 11 a.m. PDT",2776,2726,1835,-941
BANC,"9/2/2017 12 p.m. PDT",3087,3057,1978,-1109
BANC,"9/2/2017 1 p.m. PDT",3436,3395,2038,-1398
BANC,"9/2/2017 2 p.m. PDT",3721,3662,2138,-1583
BANC,"9/2/2017 3 p.m. PDT",3993,3960,2221,-1772
BANC,"9/2/2017 4 p.m. PDT",4181,4179,2498,-1683
BANC,"9/2/2017 5 p.m. PDT",4280,4323,2694,-1586
BANC,"9/2/2017 6 p.m. PDT",4276,4366,2662,-1614
BANC,"9/2/2017 7 p.m. PDT",4139,4236,2829,-1310
BANC,"9/2/2017 8 p.m. PDT",3938,4011,2813,-1125
BANC,"9/2/2017 9 p.m. PDT",3768,3767,2811,-957
BANC,"9/2/2017 10 p.m. PDT",3459,3437,2546,-913
BANC,"9/2/2017 11 p.m. PDT",3116,3089,1879,-1237
BANC,"9/3/2017 12 a.m. PDT",2792,2743,1745,-1047
BANC,"9/3/2017 1 a.m. PDT",2567,2448,1756,-811
BANC,"9/3/2017 2 a.m. PDT",2370,2258,1578,-792
BANC,"9/3/2017 3 a.m. PDT",2220,2097,1473,-747
BANC,"9/3/2017 4 a.m. PDT",2116,1997,1359,-757
BANC,"9/3/2017 5 a.m. PDT",2040,1926,1337,-703
BANC,"9/3/2017 6 a.m. PDT",1985,1920,1297,-688
BANC,"9/3/2017 7 a.m. PDT",1964,1911,1431,-533
BANC,"9/3/2017 8 a.m. PDT",1977,1951,1413,-564
BANC,"9/3/2017 9 a.m. PDT",2185,2165,1540,-645
BANC,"9/3/2017 10 a.m. PDT",2462,2419,1691,-771
BANC,"9/3/2017 11 a.m. PDT",2782,2714,1884,-898
BANC,"9/3/2017 12 p.m. PDT",3097,3034,1942,-1155
BANC,"9/3/2017 1 p.m. PDT",3323,3371,1915,-1408
BANC,"9/3/2017 2 p.m. PDT",3534,3654,1872,-1662
BANC,"9/3/2017 3 p.m. PDT",3752,3962,1991,-1761
BANC,"9/3/2017 4 p.m. PDT",3966,4171,2465,-1501
BANC,"9/3/2017 5 p.m. PDT",4108,4316,2498,-1610
BANC,"9/3/2017 6 p.m. PDT",4130,4340,2497,-1633
BANC,"9/3/2017 7 p.m. PDT",4006,4194,2559,-1447
BANC,"9/3/2017 8 p.m. PDT",3834,3998,2542,-1292
BANC,"9/3/2017 9 p.m. PDT",3651,3799,2346,-1305
BANC,"9/3/2017 10 p.m. PDT",3356,3504,1956,-1400
BANC,"9/3/2017 11 p.m. PDT",2987,3085,1656,-1331
BANC,"9/4/2017 12 a.m. PDT",2712,2710,1657,-1055
BANC,"9/4/2017 1 a.m. PDT",2511,2414,1684,-827
BANC,"9/4/2017 2 a.m. PDT",2353,2225,1567,-786
BANC,"9/4/2017 3 a.m. PDT",2226,2071,1385,-841
BANC,"9/4/2017 4 a.m. PDT",2114,1975,1277,-837
BANC,"9/4/2017 5 a.m. PDT",2068,1909,1319,-749
BANC,"9/4/2017 6 a.m. PDT",2068,1916,1344,-724
BANC,"9/4/2017 7 a.m. PDT",2101,1918,1459,-642
BANC,"9/4/2017 8 a.m. PDT",2123,1949,1514,-609
BANC,"9/4/2017 9 a.m. PDT",2274,2097,1639,-635
BANC,"9/4/2017 10 a.m. PDT",2512,2315,1680,-832
BANC,"9/4/2017 11 a.m. PDT",2795,2584,1772,-1023
BANC,"9/4/2017 12 p.m. PDT",3096,2819,1942,-1155
BANC,"9/4/2017 1 p.m. PDT",3374,3074,1975,-1399
BANC,"9/4/2017 2 p.m. PDT",3480,3360,1853,-1627
BANC,"9/4/2017 3 p.m. PDT",3442,3589,1569,-1873
BANC,"9/4/2017 4 p.m. PDT",3463,3792,1888,-1575
BANC,"9/4/2017 5 p.m. PDT",3396,3867,1797,-1599
BANC,"9/4/2017 6 p.m. PDT",3289,3895,1708,-1581
BANC,"9/4/2017 7 p.m. PDT",3164,3736,1915,-1249
BANC,"9/4/2017 8 p.m. PDT",3132,3476,2040,-1092
BANC,"9/4/2017 9 p.m. PDT",3054,3333,1921,-1133
BANC,"9/4/2017 10 p.m. PDT",2870,3064,1683,-1187
BANC,"9/4/2017 11 p.m. PDT",2602,2691,1344,-1258
BANC,"9/5/2017 12 a.m. PDT",2343,2375,1389,-954
BANC,"9/5/2017 1 a.m. PDT",2160,2273,1234,-926
BANC,"9/5/2017 2 a.m. PDT",2034,2124,1170,-864
BANC,"9/5/2017 3 a.m. PDT",1960,1992,1142,-818
BANC,"9/5/2017 4 a.m. PDT",1921,1913,1157,-764
BANC,"9/5/2017 5 a.m. PDT",1938,1886,1149,-789
BANC,"9/5/2017 6 a.m. PDT",2054,1974,1321,-733
BANC,"9/5/2017 7 a.m. PDT",2228,2133,1575,-653
BANC,"9/5/2017 8 a.m. PDT",2344,2214,1657,-687
BANC,"9/5/2017 9 a.m. PDT",2461,2318,1786,-675
BANC,"9/5/2017 10 a.m. PDT",2614,2454,1845,-769
BANC,"9/5/2017 11 a.m. PDT",2891,2679,1927,-964
BANC,"9/5/2017 12 p.m. PDT",3032,2901,1846,-1186
BANC,"9/5/2017 1 p.m. PDT",3190,3171,1815,-1375
BANC,"9/5/2017 2 p.m. PDT",3370,3452,1791,-1579
BANC,"9/5/2017 3 p.m. PDT",3545,3694,2137,-1408
BANC,"9/5/2017 4 p.m. PDT",3679,3896,2173,-1506
BANC,"9/5/2017 5 p.m. PDT",3821,4060,2239,-1582
BANC,"9/5/2017 6 p.m. PDT",3847,4026,2301,-1546
BANC,"9/5/2017 7 p.m. PDT",3733,3828,2305,-1428
BANC,"9/5/2017 8 p.m. PDT",3622,3592,2309,-1313
BANC,"9/5/2017 9 p.m. PDT",3455,3410,2261,-1194
BANC,"9/5/2017 10 p.m. PDT",3143,3083,2139,-1004
BANC,"9/5/2017 11 p.m. PDT",2791,2734,1621,-1170
BANC,"9/6/2017 12 a.m. PDT",2474,2415,1559,-915
BANC,"9/6/2017 1 a.m. PDT",2265,1994,1482,-783
BANC,"9/6/2017 2 a.m. PDT",2117,1856,1424,-693
BANC,"9/6/2017 3 a.m. PDT",2030,1772,1376,-654
BANC,"9/6/2017 4 a.m. PDT",1973,1730,1313,-660
BANC,"9/6/2017 5 a.m. PDT",1982,1744,1255,-727
BANC,"9/6/2017 6 a.m. PDT",2077,1846,1374,-703
BANC,"9/6/2017 7 a.m. PDT",2215,2009,1694,-521
BANC,"9/6/2017 8 a.m. PDT",2295,2082,1732,-563
BANC,"9/6/2017 9 a.m. PDT",2335,2159,1649,-686
BANC,"9/6/2017 10 a.m. PDT",2478,2265,1719,-759
BANC,"9/6/2017 11 a.m. PDT",2699,2399,1787,-912
BANC,"9/6/2017 12 p.m. PDT",2927,2546,1866,-1061
BANC,"9/6/2017 1 p.m. PDT",3179,2719,1907,-1272
BANC,"9/6/2017 2 p.m. PDT",3411,2930,2015,-1396
BANC,"9/6/2017 3 p.m. PDT",3657,3143,2424,-1233
BANC,"9/6/2017 4 p.m. PDT",3817,3326,2467,-1350
BANC,"9/6/2017 5 p.m. PDT",3877,3452,2436,-1441
BANC,"9/6/2017 6 p.m. PDT",3837,3434,2338,-1499
BANC,"9/6/2017 7 p.m. PDT",3606,3252,2253,-1353
BANC,"9/6/2017 8 p.m. PDT",3400,3060,2231,-1169
BANC,"9/6/2017 9 p.m. PDT",3166,2900,1994,-1172
BANC,"9/6/2017 10 p.m. PDT",2880,2636,1806,-1074
BANC,"9/6/2017 11 p.m. PDT",2532,2335,1365,-1167
BANC,"9/7/2017 12 a.m. PDT",2270,2082,1329,-941
BANC,"9/7/2017 1 a.m. PDT",2069,2004,1309,-760
BANC,"9/7/2017 2 a.m. PDT",1957,1876,1223,-734
BANC,"9/7/2017 3 a.m. PDT",1869,1806,1187,-682
BANC,"9/7/2017 4 a.m. PDT",1834,1766,1174,-660
BANC,"9/7/2017 5 a.m. PDT",1852,1772,1185,-667
BANC,"9/7/2017 6 a.m. PDT",1941,1863,1235,-706
BANC,"9/7/2017 7 a.m. PDT",2115,2028,1613,-502
BANC,"9/7/2017 8 a.m. PDT",2162,2080,1663,-499
BANC,"9/7/2017 9 a.m. PDT",2197,2126,1656,-541
BANC,"9/7/2017 10 a.m. PDT",2268,2226,1612,-656
BANC,"9/7/2017 11 a.m. PDT",2339,2300,1673,-666
BANC,"9/7/2017 12 p.m. PDT",2394,2367,1674,-720
BANC,"9/7/2017 1 p.m. PDT",2479,2444,1694,-785
BANC,"9/7/2017 2 p.m. PDT",2607,2551,1793,-814
BANC,"9/7/2017 3 p.m. PDT",2690,2689,1884,-806
BANC,"9/7/2017 4 p.m. PDT",2760,2825,2149,-611
BANC,"9/7/2017 5 p.m. PDT",2725,2898,2123,-602
BANC,"9/7/2017 6 p.m. PDT",2683,2906,2158,-525
BANC,"9/7/2017 7 p.m. PDT",2617,2787,2188,-429
BANC,"9/7/2017 8 p.m. PDT",2601,2725,2129,-472
BANC,"9/7/2017 9 p.m. PDT",2589,2655,2255,-334
BANC,"9/7/2017 10 p.m. PDT",2434,2434,1735,-699
BANC,"9/7/2017 11 p.m. PDT",2224,2167,1398,-826
BANC,"9/8/2017 12 a.m. PDT",2009,1962,1229,-780
BANC,"9/8/2017 1 a.m. PDT",1859,1857,1271,-588
BANC,"9/8/2017 2 a.m. PDT",1768,1751,1190,-578
BANC,"9/8/2017 3 a.m. PDT",1707,1682,1127,-580
BANC,"9/8/2017 4 a.m. PDT",1684,1657,1171,-513
BANC,"9/8/2017 5 a.m. PDT",1718,1675,1210,-508
BANC,"9/8/2017 6 a.m. PDT",1809,1771,1279,-530
BANC,"9/8/2017 7 a.m. PDT",1968,1926,1565,-403
BANC,"9/8/2017 8 a.m. PDT",2031,1993,1602,-429
BANC,"9/8/2017 9 a.m. PDT",2093,2056,1612,-481
BANC,"9/8/2017 10 a.m. PDT",2182,2148,1691,-491
BANC,"9/8/2017 11 a.m. PDT",2289,2241,1626,-663
BANC,"9/8/2017 12 p.m. PDT",2424,2344,1736,-688
BANC,"9/8/2017 1 p.m. PDT",2585,2465,1802,-783
BANC,"9/8/2017 2 p.m. PDT",2784,2630,1847,-937
BANC,"9/8/2017 3 p.m. PDT",2992,2786,2164,-828
BANC,"9/8/2017 4 p.m. PDT",3176,2936,2174,-1002
BANC,"9/8/2017 5 p.m. PDT",3310,3048,2273,-1037
BANC,"9/8/2017 6 p.m. PDT",3312,3040,2359,-953
BANC,"9/8/2017 7 p.m. PDT",3188,2909,2393,-795
BANC,"9/8/2017 8 p.m. PDT",3028,2803,2366,-662
BANC,"9/8/2017 9 p.m. PDT",2899,2670,2300,-599
BANC,"9/8/2017 10 p.m. PDT",2674,2480,1828,-846
BANC,"9/8/2017 11 p.m. PDT",2422,2250,1499,-923
BANC,"9/9/2017 12 a.m. PDT",2187,2029,1380,-807
BANC,"9/9/2017 1 a.m. PDT",1988,1885,1255,-733
BANC,"9/9/2017 2 a.m. PDT",1854,1758,1165,-689
BANC,"9/9/2017 3 a.m. PDT",1765,1668,1110,-655
BANC,"9/9/2017 4 a.m. PDT",1712,1625,1161,-551
BANC,"9/9/2017 5 a.m. PDT",1692,1608,1196,-496
BANC,"9/9/2017 6 a.m. PDT",1712,1635,1236,-476
BANC,"9/9/2017 7 a.m. PDT",1773,1674,1582,-191
BANC,"9/9/2017 8 a.m. PDT",1801,1708,1643,-158
BANC,"9/9/2017 9 a.m. PDT",1897,1800,1617,-280
BANC,"9/9/2017 10 a.m. PDT",2001,1905,1589,-412
BANC,"9/9/2017 11 a.m. PDT",2119,2017,1559,-560
BANC,"9/9/2017 12 p.m. PDT",2277,2139,1671,-606
BANC,"9/9/2017 1 p.m. PDT",2469,2295,1729,-740
BANC,"9/9/2017 2 p.m. PDT",2723,2482,1874,-849
BANC,"9/9/2017 3 p.m. PDT",2975,2692,2096,-879
BANC,"9/9/2017 4 p.m. PDT",3177,2894,2156,-1021
BANC,"9/9/2017 5 p.m. PDT",3337,3061,2279,-1058
BANC,"9/9/2017 6 p.m. PDT",3363,3103,2319,-1044
BANC,"9/9/2017 7 p.m. PDT",3255,3038,2374,-881
BANC,"9/9/2017 8 p.m. PDT",3129,2908,2358,-771
BANC,"9/9/2017 9 p.m. PDT",2994,2761,2345,-649
BANC,"9/9/2017 10 p.m. PDT",2775,2532,1897,-878
BANC,"9/9/2017 11 p.m. PDT",2506,2281,1586,-920
BANC,"9/10/2017 12 a.m. PDT",2253,2057,1368,-885
BANC,"9/10/2017 1 a.m. PDT",2061,1954,1219,-842
BANC,"9/10/2017 2 a.m. PDT",1922,1824,1159,-763
BANC,"9/10/2017 3 a.m. PDT",1808,1730,1119,-689
BANC,"9/10/2017 4 a.m. PDT",1751,1664,1099,-652
BANC,"9/10/2017 5 a.m. PDT",1718,1642,1108,-610
BANC,"9/10/2017 6 a.m. PDT",1719,1659,1114,-605
BANC,"9/10/2017 7 a.m. PDT",1749,1682,1382,-367
BANC,"9/10/2017 8 a.m. PDT",1767,1705,1428,-339
BANC,"9/10/2017 9 a.m. PDT",1888,1833,1485,-403
BANC,"9/10/2017 10 a.m. PDT",2058,1985,1561,-497
BANC,"9/10/2017 11 a.m. PDT",2281,2146,1673,-608
BANC,"9/10/2017 12 p.m. PDT",2530,2334,1767,-763
BANC,"9/10/2017 1 p.m. PDT",2810,2564,1800,-1010
BANC,"9/10/2017 2 p.m. PDT",3117,2835,1871,-1246
BANC,"9/10/2017 3 p.m. PDT",3372,3124,1940,-1432
BANC,"9/10/2017 4 p.m. PDT",3570,3324,2270,-1300
BANC,"9/10/2017 5 p.m. PDT",3719,3498,2253,-1466
BANC,"9/10/2017 6 p.m. PDT",3778,3604,2413,-1365
BANC,"9/10/2017 7 p.m. PDT",3697,3515,2356,-1341
BANC,"9/10/2017 8 p.m. PDT",3527,3352,2280,-1247
BANC,"9/10/2017 9 p.m. PDT",3365,3208,2024,-1341
BANC,"9/10/2017 10 p.m. PDT",3084,2921,1838,-1246
BANC,"9/10/2017 11 p.m. PDT",2719,2589,1430,-1289
BANC,"9/11/2017 12 a.m. PDT",2408,2287,1312,-1096
BANC,"9/11/2017 1 a.m. PDT",2176,2010,1322,-854
BANC,"9/11/2017 2 a.m. PDT",2042,1882,1209,-833
BANC,"9/11/2017 3 a.m. PDT",1943,1800,1172,-771
BANC,"9/11/2017 4 a.m. PDT",1895,1754,1031,-864
BANC,"9/11/2017 5 a.m. PDT",1915,1771,1113,-802
BANC,"9/11/2017 6 a.m. PDT",2010,1888,1128,-882
BANC,"9/11/2017 7 a.m. PDT",2198,2053,1577,-621
BANC,"9/11/2017 8 a.m. PDT",2276,2137,1619,-657
BANC,"9/11/2017 9 a.m. PDT",2398,2228,1671,-727
BANC,"9/11/2017 10 a.m. PDT",2556,2357,1708,-848
BANC,"9/11/2017 11 a.m. PDT",2766,2550,1750,-1016
BANC,"9/11/2017 12 p.m. PDT",2992,2755,1749,-1243
BANC,"9/11/2017 1 p.m. PDT",3244,2980,1826,-1418
BANC,"9/11/2017 2 p.m. PDT",3508,3238,1883,-1625
BANC,"9/11/2017 3 p.m. PDT",3754,3480,1845,-1909
BANC,"9/11/2017 4 p.m. PDT",3953,3679,2149,-1804
BANC,"9/11/2017 5 p.m. PDT",3996,3818,2148,-1848
BANC,"9/11/2017 6 p.m. PDT",3943,3832,2306,-1637
BANC,"9/11/2017 7 p.m. PDT",3813,3644,2264,-1549
BANC,"9/11/2017 8 p.m. PDT",3708,3489,2055,-1653
BANC,"9/11/2017 9 p.m. PDT",3518,3272,2026,-1492
BANC,"9/11/2017 10 p.m. PDT",3231,2924,1808,-1423
BANC,"9/11/2017 11 p.m. PDT",2865,2573,1562,-1303
BANC,"9/12/2017 12 a.m. PDT",2552,2274,1516,-1036
BANC,"9/12/2017 1 a.m. PDT",2325,2075,1411,-914
BANC,"9/12/2017 2 a.m. PDT",2165,1939,1382,-783
BANC,"9/12/2017 3 a.m. PDT",2034,1850,1325,-709
BANC,"9/12/2017 4 a.m. PDT",1963,1797,1313,-650
BANC,"9/12/2017 5 a.m. PDT",1979,1808,1335,-644
BANC,"9/12/2017 6 a.m. PDT",2068,1911,1344,-724
BANC,"9/12/2017 7 a.m. PDT",2228,2067,1716,-512
BANC,"9/12/2017 8 a.m. PDT",2291,2135,1750,-541
BANC,"9/12/2017 9 a.m. PDT",2383,2207,1725,-658
BANC,"9/12/2017 10 a.m. PDT",2528,2337,1762,-766
BANC,"9/12/2017 11 a.m. PDT",2716,2509,1821,-895
BANC,"9/12/2017 12 p.m. PDT",2917,2687,1910,-1007
BANC,"9/12/2017 1 p.m. PDT",3142,2889,1920,-1222
BANC,"9/12/2017 2 p.m. PDT",3382,3114,1979,-1403
BANC,"9/12/2017 3 p.m. PDT",3607,3320,2213,-1394
BANC,"9/12/2017 4 p.m. PDT",3792,3504,2366,-1426
BANC,"9/12/2017 5 p.m. PDT",3920,3589,2379,-1541
BANC,"9/12/2017 6 p.m. PDT",3912,3554,2351,-1561
BANC,"9/12/2017 7 p.m. PDT",3748,3368,2391,-1357
BANC,"9/12/2017 8 p.m. PDT",3555,3181,2371,-1184
BANC,"9/12/2017 9 p.m. PDT",3351,2985,2246,-1105
BANC,"9/12/2017 10 p.m. PDT",3005,2706,1982,-1023
BANC,"9/12/2017 11 p.m. PDT",2616,2391,1549,-1067
BANC,"9/13/2017 12 a.m. PDT",2310,2122,1455,-855
BANC,"9/13/2017 1 a.m. PDT",2096,1966,1184,-912
BANC,"9/13/2017 2 a.m. PDT",1961,1836,1111,-850
BANC,"9/13/2017 3 a.m. PDT",1868,1754,1027,-841
BANC,"9/13/2017 4 a.m. PDT",1823,1723,1033,-790
BANC,"9/13/2017 5 a.m. PDT",1839,1737,1048,-791
BANC,"9/13/2017 6 a.m. PDT",1915,1831,1118,-797
BANC,"9/13/2017 7 a.m. PDT",2100,2009,1384,-716
BANC,"9/13/2017 8 a.m. PDT",2150,2061,1432,-718
BANC,"9/13/2017 9 a.m. PDT",2198,2127,1406,-792
BANC,"9/13/2017 10 a.m. PDT",2259,2224,1508,-751
BANC,"9/13/2017 11 a.m. PDT",2371,2330,1631,-740
BANC,"9/13/2017 12 p.m. PDT",2475,2446,1682,-793
BANC,"9/13/2017 1 p.m. PDT",2583,2561,1661,-922
BANC,"9/13/2017 2 p.m. PDT",2719,2714,1696,-1023
BANC,"9/13/2017 3 p.m. PDT",2850,2852,1730,-1120
BANC,"9/13/2017 4 p.m. PDT",2945,2999,1777,-1168
BANC,"9/13/2017 5 p.m. PDT",2969,3072,1770,-1199
BANC,"9/13/2017 6 p.m. PDT",2930,3045,1813,-1117
BANC,"9/13/2017 7 p.m. PDT",2787,2904,1815,-972
BANC,"9/13/2017 8 p.m. PDT",2702,2818,1840,-862
BANC,"9/13/2017 9 p.m. PDT",2613,2688,1837,-776
BANC,"9/13/2017 10 p.m. PDT",2425,2474,1701,-724
BANC,"9/13/2017 11 p.m. PDT",2195,2219,1374,-821
BANC,"9/14/2017 12 a.m. PDT",1979,1992,1244,-735
BANC,"9/14/2017 1 a.m. PDT",1837,1841,1203,-634
BANC,"9/14/2017 2 a.m. PDT",1700,1744,1156,-544
BANC,"9/14/2017 3 a.m. PDT",1631,1678,1137,-494
BANC,"9/14/2017 4 a.m. PDT",1606,1645,1152,-454
BANC,"9/14/2017 5 a.m. PDT",1677,1670,1210,-467
BANC,"9/14/2017 6 a.m. PDT",1799,1755,1270,-529
BANC,"9/14/2017 7 a.m. PDT",1963,1925,1398,-565
BANC,"9/14/2017 8 a.m. PDT",2032,1993,1502,-530
BANC,"9/14/2017 9 a.m. PDT",2053,2013,1571,-482
BANC,"9/14/2017 10 a.m. PDT",2088,2069,1501,-587
BANC,"9/14/2017 11 a.m. PDT",2138,2150,1531,-607
BANC,"9/14/2017 12 p.m. PDT",2175,2209,1490,-685
BANC,"9/14/2017 1 p.m. PDT",2210,2288,1436,-774
BANC,"9/14/2017 2 p.m. PDT",2234,2400,1394,-840
BANC,"9/14/2017 3 p.m. PDT",2285,2499,1649,-636
BANC,"9/14/2017 4 p.m. PDT",2350,2618,1734,-616
BANC,"9/14/2017 5 p.m. PDT",2423,2715,1760,-663
BANC,"9/14/2017 6 p.m. PDT",2461,2718,1763,-698
BANC,"9/14/2017 7 p.m. PDT",2435,2634,1816,-619
BANC,"9/14/2017 8 p.m. PDT",2422,2607,1815,-607
BANC,"9/14/2017 9 p.m. PDT",2393,2544,1834,-559
BANC,"9/14/2017 10 p.m. PDT",2245,2341,1738,-507
BANC,"9/14/2017 11 p.m. PDT",2047,2094,1210,-837
BANC,"9/15/2017 12 a.m. PDT",1842,1894,1096,-746
BANC,"9/15/2017 1 a.m. PDT",1718,1792,1084,-634
BANC,"9/15/2017 2 a.m. PDT",1637,1696,1078,-559
BANC,"9/15/2017 3 a.m. PDT",1601,1632,1066,-535
BANC,"9/15/2017 4 a.m. PDT",1567,1610,1031,-536
BANC,"9/15/2017 5 a.m. PDT",1604,1633,1076,-528
BANC,"9/15/2017 6 a.m. PDT",1682,1720,1189,-493
BANC,"9/15/2017 7 a.m. PDT",1843,1888,1186,-657
BANC,"9/15/2017 8 a.m. PDT",1889,1954,1257,-632
BANC,"9/15/2017 9 a.m. PDT",1925,1999,1200,-725
BANC,"9/15/2017 10 a.m. PDT",1988,2065,1225,-763
BANC,"9/15/2017 11 a.m. PDT",2044,2149,1354,-690
BANC,"9/15/2017 12 p.m. PDT",2110,2229,1346,-764
BANC,"9/15/2017 1 p.m. PDT",2191,2311,1327,-864
BANC,"9/15/2017 2 p.m. PDT",2287,2451,1341,-946
BANC,"9/15/2017 3 p.m. PDT",2413,2577,1414,-999
BANC,"9/15/2017 4 p.m. PDT",2527,2706,1502,-1025
BANC,"9/15/2017 5 p.m. PDT",2639,2856,1569,-1070
BANC,"9/15/2017 6 p.m. PDT",2675,2856,1573,-1102
BANC,"9/15/2017 7 p.m. PDT",2605,2770,1540,-1065
BANC,"9/15/2017 8 p.m. PDT",2548,2702,1511,-1037
BANC,"9/15/2017 9 p.m. PDT",2469,2611,1570,-899
BANC,"9/15/2017 10 p.m. PDT",2327,2422,1557,-770
BANC,"9/15/2017 11 p.m. PDT",2129,2189,1245,-884
BANC,"9/16/2017 12 a.m. PDT",1936,1990,1176,-760
BANC,"9/16/2017 1 a.m. PDT",1781,1813,1182,-599
BANC,"9/16/2017 2 a.m. PDT",1683,1698,1139,-544
BANC,"9/16/2017 3 a.m. PDT",1611,1627,1149,-462
BANC,"9/16/2017 4 a.m. PDT",1577,1589,1148,-429
BANC,"9/16/2017 5 a.m. PDT",1574,1578,1154,-420
BANC,"9/16/2017 6 a.m. PDT",1602,1611,1174,-428
BANC,"9/16/2017 7 a.m. PDT",1661,1664,1399,-262
BANC,"9/16/2017 8 a.m. PDT",1671,1678,1414,-257
BANC,"9/16/2017 9 a.m. PDT",1763,1773,1386,-377
BANC,"9/16/2017 10 a.m. PDT",1833,1862,1397,-436
BANC,"9/16/2017 11 a.m. PDT",1921,1978,1422,-499
BANC,"9/16/2017 12 p.m. PDT",2010,2073,1440,-570
BANC,"9/16/2017 1 p.m. PDT",2094,2151,1446,-648
BANC,"9/16/2017 2 p.m. PDT",2211,2282,1476,-735
BANC,"9/16/2017 3 p.m. PDT",2345,2421,1570,-775
BANC,"9/16/2017 4 p.m. PDT",2426,2554,1559,-867
BANC,"9/16/2017 5 p.m. PDT",2507,2687,1586,-921
BANC,"9/16/2017 6 p.m. PDT",2537,2703,1585,-952
BANC,"9/16/2017 7 p.m. PDT",2490,2671,1576,-914
BANC,"9/16/2017 8 p.m. PDT",2462,2608,1589,-873
BANC,"9/16/2017 9 p.m. PDT",2391,2528,1595,-796
BANC,"9/16/2017 10 p.m. PDT",2255,2353,1514,-741
BANC,"9/16/2017 11 p.m. PDT",2069,2145,1274,-795
BANC,"9/17/2017 12 a.m. PDT",1882,1962,1198,-684
BANC,"9/17/2017 1 a.m. PDT",1740,1753,1168,-572
BANC,"9/17/2017 2 a.m. PDT",1650,1649,1162,-488
BANC,"9/17/2017 3 a.m. PDT",1580,1575,1158,-422
BANC,"9/17/2017 4 a.m. PDT",1545,1533,1131,-414
BANC,"9/17/2017 5 a.m. PDT",1537,1518,1138,-399
BANC,"9/17/2017 6 a.m. PDT",1544,1545,1147,-397
BANC,"9/17/2017 7 a.m. PDT",1595,1586,1363,-232
BANC,"9/17/2017 8 a.m. PDT",1581,1607,1397,-184
BANC,"9/17/2017 9 a.m. PDT",1665,1703,1452,-213
BANC,"9/17/2017 10 a.m. PDT",1739,1798,1420,-319
BANC,"9/17/2017 11 a.m. PDT",1820,1900,1447,-373
BANC,"9/17/2017 12 p.m. PDT",1905,1986,1481,-424
BANC,"9/17/2017 1 p.m. PDT",1991,2078,1493,-498
BANC,"9/17/2017 2 p.m. PDT",2137,2211,1538,-599
BANC,"9/17/2017 3 p.m. PDT",2275,2368,1560,-715
BANC,"9/17/2017 4 p.m. PDT",2440,2545,1558,-882
BANC,"9/17/2017 5 p.m. PDT",2564,2656,1702,-862
BANC,"9/17/2017 6 p.m. PDT",2622,2729,1683,-939
BANC,"9/17/2017 7 p.m. PDT",2575,2666,1670,-905
BANC,"9/17/2017 8 p.m. PDT",2530,2595,1650,-880
BANC,"9/17/2017 9 p.m. PDT",2425,2516,1615,-810
BANC,"9/17/2017 10 p.m. PDT",2250,2327,1519,-731
BANC,"9/17/2017 11 p.m. PDT",2028,2064,1352,-676
BANC,"9/18/2017 12 a.m. PDT",1817,1863,1228,-589
BANC,"9/18/2017 1 a.m. PDT",1686,1729,1085,-601
BANC,"9/18/2017 2 a.m. PDT",1601,1634,1068,-533
BANC,"9/18/2017 3 a.m. PDT",1559,1577,1057,-502
BANC,"9/18/2017 4 a.m. PDT",1563,1561,1072,-491
BANC,"9/18/2017 5 a.m. PDT",1588,1591,1089,-499
BANC,"9/18/2017 6 a.m. PDT",1702,1698,1100,-602
BANC,"9/18/2017 7 a.m. PDT",1884,1879,1371,-513
BANC,"9/18/2017 8 a.m. PDT",1938,1957,1406,-532
BANC,"9/18/2017 9 a.m. PDT",1992,1997,1336,-656
BANC,"9/18/2017 10 a.m. PDT",2074,2072,1447,-627
BANC,"9/18/2017 11 a.m. PDT",2153,2148,1506,-647
BANC,"9/18/2017 12 p.m. PDT",2249,2224,1507,-742
BANC,"9/18/2017 1 p.m. PDT",2340,2287,1531,-809
BANC,"9/18/2017 2 p.m. PDT",2430,2385,1513,-917
BANC,"9/18/2017 3 p.m. PDT",2514,2462,1529,-985
BANC,"9/18/2017 4 p.m. PDT",2569,2551,1597,-972
BANC,"9/18/2017 5 p.m. PDT",2566,2619,1603,-963
BANC,"9/18/2017 6 p.m. PDT",2502,2616,1560,-942
BANC,"9/18/2017 7 p.m. PDT",2379,2545,1474,-905
BANC,"9/18/2017 8 p.m. PDT",2372,2558,1521,-851
BANC,"9/18/2017 9 p.m. PDT",2297,2493,1559,-738
BANC,"9/18/2017 10 p.m. PDT",2157,2319,1518,-639
BANC,"9/18/2017 11 p.m. PDT",1956,2074,1157,-799
BANC,"9/19/2017 12 a.m. PDT",1784,1880,949,-835
BANC,"9/19/2017 1 a.m. PDT",1653,1662,972,-681
BANC,"9/19/2017 2 a.m. PDT",1597,1585,946,-651
BANC,"9/19/2017 3 a.m. PDT",1550,1540,908,-642
BANC,"9/19/2017 4 a.m. PDT",1527,1526,888,-639
BANC,"9/19/2017 5 a.m. PDT",1555,1567,918,-637
BANC,"9/19/2017 6 a.m. PDT",1657,1673,1046,-611
BANC,"9/19/2017 7 a.m. PDT",1824,1863,1228,-596
BANC,"9/19/2017 8 a.m. PDT",1867,1900,1321,-546
BANC,"9/19/2017 9 a.m. PDT",1885,1930,1337,-548
BANC,"9/19/2017 10 a.m. PDT",1939,1975,1516,-423
BANC,"9/19/2017 11 a.m. PDT",1969,2029,1530,-439
BANC,"9/19/2017 12 p.m. PDT",2012,2079,1558,-454
BANC,"9/19/2017 1 p.m. PDT",2032,2115,1532,-500
BANC,"9/19/2017 2 p.m. PDT",2084,2172,1581,-503
BANC,"9/19/2017 3 p.m. PDT",2125,2210,1711,-414
BANC,"9/19/2017 4 p.m. PDT",2180,2267,1663,-517
BANC,"9/19/2017 5 p.m. PDT",2236,2327,1914,-322
BANC,"9/19/2017 6 p.m. PDT",2273,2349,1859,-414
BANC,"9/19/2017 7 p.m. PDT",2256,2314,1994,-262
BANC,"9/19/2017 8 p.m. PDT",2299,2371,1922,-377
BANC,"9/19/2017 9 p.m. PDT",2271,2330,1971,-300
BANC,"9/19/2017 10 p.m. PDT",2142,2193,1891,-251
BANC,"9/19/2017 11 p.m. PDT",1955,2005,1395,-560
BANC,"9/20/2017 12 a.m. PDT",1769,1827,1229,-540
BANC,"9/20/2017 1 a.m. PDT",1669,1684,930,-739
BANC,"9/20/2017 2 a.m. PDT",1589,1599,792,-797
BANC,"9/20/2017 3 a.m. PDT",1552,1548,788,-764
BANC,"9/20/2017 4 a.m. PDT",1527,1525,766,-761
BANC,"9/20/2017 5 a.m. PDT",1560,1555,813,-747
BANC,"9/20/2017 6 a.m. PDT",1653,1651,927,-726
BANC,"9/20/2017 7 a.m. PDT",1832,1826,1415,-417
BANC,"9/20/2017 8 a.m. PDT",1878,1886,1387,-491
BANC,"9/20/2017 9 a.m. PDT",1915,1919,1356,-559
BANC,"9/20/2017 10 a.m. PDT",1955,1960,1381,-574
BANC,"9/20/2017 11 a.m. PDT",2029,2007,1454,-575
BANC,"9/20/2017 12 p.m. PDT",2092,2050,1545,-547
BANC,"9/20/2017 1 p.m. PDT",2163,2100,1488,-675
BANC,"9/20/2017 2 p.m. PDT",2213,2164,1482,-731
BANC,"9/20/2017 3 p.m. PDT",2258,2212,1513,-745
BANC,"9/20/2017 4 p.m. PDT",2257,2249,1424,-833
BANC,"9/20/2017 5 p.m. PDT",2237,2294,1500,-737
BANC,"9/20/2017 6 p.m. PDT",2206,2294,1674,-532
BANC,"9/20/2017 7 p.m. PDT",2198,2255,1910,-288
BANC,"9/20/2017 8 p.m. PDT",2224,2326,1877,-347
BANC,"9/20/2017 9 p.m. PDT",2177,2283,1805,-372
BANC,"9/20/2017 10 p.m. PDT",2065,2152,1453,-612
BANC,"9/20/2017 11 p.m. PDT",1897,1954,1062,-835
BANC,"9/21/2017 12 a.m. PDT",1728,1786,932,-796
BANC,"9/21/2017 1 a.m. PDT",1634,1624,964,-670
BANC,"9/21/2017 2 a.m. PDT",1573,1553,937,-636
BANC,"9/21/2017 3 a.m. PDT",1522,1503,898,-624
BANC,"9/21/2017 4 a.m. PDT",1518,1490,887,-631
BANC,"9/21/2017 5 a.m. PDT",1538,1517,907,-631
BANC,"9/21/2017 6 a.m. PDT",1639,1618,995,-644
BANC,"9/21/2017 7 a.m. PDT",1793,1807,1349,-444
BANC,"9/21/2017 8 a.m. PDT",1836,1867,1409,-427
BANC,"9/21/2017 9 a.m. PDT",1864,1878,1331,-533
BANC,"9/21/2017 10 a.m. PDT",1891,1910,1317,-574
BANC,"9/21/2017 11 a.m. PDT",1911,1948,1349,-562
BANC,"9/21/2017 12 p.m. PDT",1923,1979,1382,-541
BANC,"9/21/2017 1 p.m. PDT",1956,2009,1364,-592
BANC,"9/21/2017 2 p.m. PDT",1968,2036,1363,-605
BANC,"9/21/2017 3 p.m. PDT",1987,2064,1383,-604
BANC,"9/21/2017 4 p.m. PDT",2025,2092,1341,-684
BANC,"9/21/2017 5 p.m. PDT",2062,2104,1354,-708
BANC,"9/21/2017 6 p.m. PDT",2052,2104,1600,-452
BANC,"9/21/2017 7 p.m. PDT",2054,2084,1632,-422
BANC,"9/21/2017 8 p.m. PDT",2121,2185,1656,-465
BANC,"9/21/2017 9 p.m. PDT",2103,2168,1658,-445
BANC,"9/21/2017 10 p.m. PDT",1998,2057,1630,-368
BANC,"9/21/2017 11 p.m. PDT",1843,1896,1229,-614
BANC,"9/22/2017 12 a.m. PDT",1679,1733,1075,-604
BANC,"9/22/2017 1 a.m. PDT",1592,1612,951,-641
BANC,"9/22/2017 2 a.m. PDT",1521,1552,884,-637
BANC,"9/22/2017 3 a.m. PDT",1495,1521,878,-617
BANC,"9/22/2017 4 a.m. PDT",1477,1506,869,-608
BANC,"9/22/2017 5 a.m. PDT",1513,1541,910,-603
BANC,"9/22/2017 6 a.m. PDT",1605,1637,1014,-591
BANC,"9/22/2017 7 a.m. PDT",1769,1806,1583,-186
BANC,"9/22/2017 8 a.m. PDT",1834,1867,1607,-227
BANC,"9/22/2017 9 a.m. PDT",1830,1886,1391,-439
BANC,"9/22/2017 10 a.m. PDT",1868,1916,1401,-467
BANC,"9/22/2017 11 a.m. PDT",1897,1948,1430,-467
BANC,"9/22/2017 12 p.m. PDT",1917,1977,1449,-468
BANC,"9/22/2017 1 p.m. PDT",1933,2005,1386,-547
BANC,"9/22/2017 2 p.m. PDT",1965,2021,1412,-553
BANC,"9/22/2017 3 p.m. PDT",1990,2040,1439,-551
BANC,"9/22/2017 4 p.m. PDT",2025,2060,1427,-598
BANC,"9/22/2017 5 p.m. PDT",2048,2069,1501,-547
BANC,"9/22/2017 6 p.m. PDT",2053,2059,1730,-323
BANC,"9/22/2017 7 p.m. PDT",2056,2023,1771,-285
BANC,"9/22/2017 8 p.m. PDT",2081,2114,1799,-282
BANC,"9/22/2017 9 p.m. PDT",2056,2088,1750,-306
BANC,"9/22/2017 10 p.m. PDT",1977,1993,1778,-199
BANC,"9/22/2017 11 p.m. PDT",1831,1857,1277,-554
BANC,"9/23/2017 12 a.m. PDT",1688,1714,1049,-639
BANC,"9/23/2017 1 a.m. PDT",1599,1599,1062,-537
BANC,"9/23/2017 2 a.m. PDT",1524,1528,1023,-501
BANC,"9/23/2017 3 a.m. PDT",1470,1480,1045,-425
BANC,"9/23/2017 4 a.m. PDT",1465,1461,1038,-427
BANC,"9/23/2017 5 a.m. PDT",1455,1471,1012,-443
BANC,"9/23/2017 6 a.m. PDT",1495,1508,1024,-471
BANC,"9/23/2017 7 a.m. PDT",1550,1574,1333,-217
BANC,"9/23/2017 8 a.m. PDT",1578,1605,1357,-221
BANC,"9/23/2017 9 a.m. PDT",1636,1655,1281,-355
BANC,"9/23/2017 10 a.m. PDT",1683,1721,1332,-351
BANC,"9/23/2017 11 a.m. PDT",1717,1767,1284,-433
BANC,"9/23/2017 12 p.m. PDT",1745,1807,1371,-374
BANC,"9/23/2017 1 p.m. PDT",1752,1831,1319,-433
BANC,"9/23/2017 2 p.m. PDT",1766,1847,1324,-442
BANC,"9/23/2017 3 p.m. PDT",1791,1889,1275,-516
BANC,"9/23/2017 4 p.m. PDT",1826,1925,1270,-556
BANC,"9/23/2017 5 p.m. PDT",1900,1973,1395,-505
BANC,"9/23/2017 6 p.m. PDT",1948,1976,1686,-262
BANC,"9/23/2017 7 p.m. PDT",1954,1954,1689,-265
BANC,"9/23/2017 8 p.m. PDT",2021,2056,1811,-210
BANC,"9/23/2017 9 p.m. PDT",2007,2053,1757,-250
BANC,"9/23/2017 10 p.m. PDT",1938,1957,1793,-145
BANC,"9/23/2017 11 p.m. PDT",1815,1840,1515,-300
BANC,"9/24/2017 12 a.m. PDT",1680,1709,1094,-586
BANC,"9/24/2017 1 a.m. PDT",1570,1663,990,-580
BANC,"9/24/2017 2 a.m. PDT",1497,1571,932,-565
BANC,"9/24/2017 3 a.m. PDT",1463,1508,935,-528
BANC,"9/24/2017 4 a.m. PDT",1440,1479,931,-509
BANC,"9/24/2017 5 a.m. PDT",1436,1475,931,-505
BANC,"9/24/2017 6 a.m. PDT",1461,1494,966,-495
BANC,"9/24/2017 7 a.m. PDT",1507,1545,1293,-214
BANC,"9/24/2017 8 a.m. PDT",1521,1563,1308,-213
BANC,"9/24/2017 9 a.m. PDT",1562,1628,1307,-255
BANC,"9/24/2017 10 a.m. PDT",1627,1704,1269,-358
BANC,"9/24/2017 11 a.m. PDT",1676,1773,1237,-439
BANC,"9/24/2017 12 p.m. PDT",1698,1833,1309,-389
BANC,"9/24/2017 1 p.m. PDT",1741,1894,1346,-395
BANC,"9/24/2017 2 p.m. PDT",1782,1985,1344,-438
BANC,"9/24/2017 3 p.m. PDT",1846,2100,1326,-520
BANC,"9/24/2017 4 p.m. PDT",1899,2234,1422,-477
BANC,"9/24/2017 5 p.m. PDT",2005,2335,1494,-511
BANC,"9/24/2017 6 p.m. PDT",2104,2393,1600,-504
BANC,"9/24/2017 7 p.m. PDT",2111,2376,1623,-488
BANC,"9/24/2017 8 p.m. PDT",2184,2385,1704,-480
BANC,"9/24/2017 9 p.m. PDT",2154,2311,1740,-414
BANC,"9/24/2017 10 p.m. PDT",2022,2150,1714,-308
BANC,"9/24/2017 11 p.m. PDT",1841,1960,1133,-708
BANC,"9/25/2017 12 a.m. PDT",1675,1764,953,-722
BANC,"9/25/2017 1 a.m. PDT",1565,1613,915,-650
BANC,"9/25/2017 2 a.m. PDT",1489,1555,863,-626
BANC,"9/25/2017 3 a.m. PDT",1459,1502,878,-581
BANC,"9/25/2017 4 a.m. PDT",1460,1484,891,-569
BANC,"9/25/2017 5 a.m. PDT",1492,1521,906,-586
BANC,"9/25/2017 6 a.m. PDT",1600,1617,940,-660
BANC,"9/25/2017 7 a.m. PDT",1773,1806,1286,-487
BANC,"9/25/2017 8 a.m. PDT",1829,1868,1304,-525
BANC,"9/25/2017 9 a.m. PDT",1862,1914,1323,-539
BANC,"9/25/2017 10 a.m. PDT",1893,1984,1351,-542
BANC,"9/25/2017 11 a.m. PDT",1956,2054,1404,-552
BANC,"9/25/2017 12 p.m. PDT",2002,2121,1428,-574
BANC,"9/25/2017 1 p.m. PDT",2064,2188,1411,-653
BANC,"9/25/2017 2 p.m. PDT",2112,2300,1473,-639
BANC,"9/25/2017 3 p.m. PDT",2199,2412,1479,-720
BANC,"9/25/2017 4 p.m. PDT",2285,2567,1518,-767
BANC,"9/25/2017 5 p.m. PDT",2374,2667,1495,-879
BANC,"9/25/2017 6 p.m. PDT",2414,2707,1554,-860
BANC,"9/25/2017 7 p.m. PDT",2365,2635,1505,-860
BANC,"9/25/2017 8 p.m. PDT",2378,2659,1530,-848
BANC,"9/25/2017 9 p.m. PDT",2314,2565,1598,-716
BANC,"9/25/2017 10 p.m. PDT",2153,2349,1639,-514
BANC,"9/25/2017 11 p.m. PDT",1950,2122,1171,-779
BANC,"9/26/2017 12 a.m. PDT",1756,1900,1005,-751
BANC,"9/26/2017 1 a.m. PDT",1649,1714,1024,-625
BANC,"9/26/2017 2 a.m. PDT",1569,1622,973,-596
BANC,"9/26/2017 3 a.m. PDT",1524,1566,965,-559
BANC,"9/26/2017 4 a.m. PDT",1507,1553,950,-557
BANC,"9/26/2017 5 a.m. PDT",1532,1574,965,-567
BANC,"9/26/2017 6 a.m. PDT",1623,1682,1064,-559
BANC,"9/26/2017 7 a.m. PDT",1801,1873,1383,-418
BANC,"9/26/2017 8 a.m. PDT",1857,1915,1505,-352
BANC,"9/26/2017 9 a.m. PDT",1887,1965,1455,-432
BANC,"9/26/2017 10 a.m. PDT",1965,2035,1446,-519
BANC,"9/26/2017 11 a.m. PDT",2037,2122,1477,-560
BANC,"9/26/2017 12 p.m. PDT",2108,2227,1559,-549
BANC,"9/26/2017 1 p.m. PDT",2186,2329,1572,-614
BANC,"9/26/2017 2 p.m. PDT",2312,2484,1610,-702
BANC,"9/26/2017 3 p.m. PDT",2455,2640,1642,-813
BANC,"9/26/2017 4 p.m. PDT",2600,2817,1819,-781
BANC,"9/26/2017 5 p.m. PDT",2718,2944,1851,-867
BANC,"9/26/2017 6 p.m. PDT",2759,2958,1909,-850
BANC,"9/26/2017 7 p.m. PDT",2679,2833,1874,-805
BANC,"9/26/2017 8 p.m. PDT",2654,2809,1893,-761
BANC,"9/26/2017 9 p.m. PDT",2540,2680,1897,-643
BANC,"9/26/2017 10 p.m. PDT",2351,2437,1782,-569
BANC,"9/26/2017 11 p.m. PDT",2092,2168,1309,-783
BANC,"9/27/2017 12 a.m. PDT",1868,1940,1204,-664
BANC,"9/27/2017 1 a.m. PDT",1728,1775,1127,-601
BANC,"9/27/2017 2 a.m. PDT",1635,1662,1100,-535
BANC,"9/27/2017 3 a.m. PDT",1577,1606,1105,-472
BANC,"9/27/2017 4 a.m. PDT",1546,1585,1100,-446
BANC,"9/27/2017 5 a.m. PDT",1563,1604,1090,-473
BANC,"9/27/2017 6 a.m. PDT",1672,1709,1162,-510
BANC,"9/27/2017 7 a.m. PDT",1838,1888,1524,-314
BANC,"9/27/2017 8 a.m. PDT",1882,1928,1545,-337
BANC,"9/27/2017 9 a.m. PDT",1925,1982,1503,-422
BANC,"9/27/2017 10 a.m. PDT",2005,2065,1504,-501
BANC,"9/27/2017 11 a.m. PDT",2095,2159,1507,-588
BANC,"9/27/2017 12 p.m. PDT",2200,2279,1489,-711
BANC,"9/27/2017 1 p.m. PDT",2306,2396,1512,-794
BANC,"9/27/2017 2 p.m. PDT",2438,2573,1513,-925
BANC,"9/27/2017 3 p.m. PDT",2617,2735,1538,-1079
BANC,"9/27/2017 4 p.m. PDT",2761,2905,1609,-1152
BANC,"9/27/2017 5 p.m. PDT",2889,3038,1837,-1052
BANC,"9/27/2017 6 p.m. PDT",2903,3059,1853,-1050
BANC,"9/27/2017 7 p.m. PDT",2810,2945,1870,-940
BANC,"9/27/2017 8 p.m. PDT",2732,2878,1894,-838
BANC,"9/27/2017 9 p.m. PDT",2575,2742,1848,-727
BANC,"9/27/2017 10 p.m. PDT",2359,2493,1661,-698
BANC,"9/27/2017 11 p.m. PDT",2097,2213,1265,-832
BANC,"9/28/2017 12 a.m. PDT",1885,1977,1232,-653
BANC,"9/28/2017 1 a.m. PDT",1755,1791,1182,-573
BANC,"9/28/2017 2 a.m. PDT",1663,1694,1144,-519
BANC,"9/28/2017 3 a.m. PDT",1597,1630,1118,-479
BANC,"9/28/2017 4 a.m. PDT",1576,1605,1118,-458
BANC,"9/28/2017 5 a.m. PDT",1598,1628,1120,-478
BANC,"9/28/2017 6 a.m. PDT",1697,1716,1159,-538
BANC,"9/28/2017 7 a.m. PDT",1866,1884,1508,-358
BANC,"9/28/2017 8 a.m. PDT",1923,1943,1484,-439
BANC,"9/28/2017 9 a.m. PDT",1963,1976,1414,-549
BANC,"9/28/2017 10 a.m. PDT",2050,2056,1485,-565
BANC,"9/28/2017 11 a.m. PDT",2147,2139,1508,-639
BANC,"9/28/2017 12 p.m. PDT",2234,2224,1525,-709
BANC,"9/28/2017 1 p.m. PDT",2355,2346,1554,-801
BANC,"9/28/2017 2 p.m. PDT",2509,2504,1599,-910
BANC,"9/28/2017 3 p.m. PDT",2690,2656,1631,-1059
BANC,"9/28/2017 4 p.m. PDT",2848,2825,1694,-1154
BANC,"9/28/2017 5 p.m. PDT",2959,2948,1808,-1151
BANC,"9/28/2017 6 p.m. PDT",2957,2956,1833,-1124
BANC,"9/28/2017 7 p.m. PDT",2842,2840,2000,-842
BANC,"9/28/2017 8 p.m. PDT",2745,2789,1962,-783
BANC,"9/28/2017 9 p.m. PDT",2597,2663,1966,-631
BANC,"9/28/2017 10 p.m. PDT",2375,2457,1821,-554
BANC,"9/28/2017 11 p.m. PDT",2120,2217,1404,-716
BANC,"9/29/2017 12 a.m. PDT",1907,1978,1245,-662
BANC,"9/29/2017 1 a.m. PDT",1750,1784,1202,-548
BANC,"9/29/2017 2 a.m. PDT",1661,1695,1189,-472
BANC,"9/29/2017 3 a.m. PDT",1589,1635,1141,-448
BANC,"9/29/2017 4 a.m. PDT",1578,1605,1113,-465
BANC,"9/29/2017 5 a.m. PDT",1586,1620,1133,-453
BANC,"9/29/2017 6 a.m. PDT",1690,1708,1168,-522
BANC,"9/29/2017 7 a.m. PDT",1860,1893,1340,-520
BANC,"9/29/2017 8 a.m. PDT",1916,1938,1459,-457
BANC,"9/29/2017 9 a.m. PDT",1956,1981,1433,-523
BANC,"9/29/2017 10 a.m. PDT",2016,2058,1444,-572
BANC,"9/29/2017 11 a.m. PDT",2105,2138,1524,-581
BANC,"9/29/2017 12 p.m. PDT",2179,2219,1577,-602
BANC,"9/29/2017 1 p.m. PDT",2264,2287,1577,-687
BANC,"9/29/2017 2 p.m. PDT",2358,2393,1590,-768
BANC,"9/29/2017 3 p.m. PDT",2429,2509,1588,-841
BANC,"9/29/2017 4 p.m. PDT",2484,2647,1581,-903
BANC,"9/29/2017 5 p.m. PDT",2509,2723,1762,-747
BANC,"9/29/2017 6 p.m. PDT",2490,2720,1729,-761
BANC,"9/29/2017 7 p.m. PDT",2443,2639,1887,-556
BANC,"9/29/2017 8 p.m. PDT",2433,2620,1892,-541
BANC,"9/29/2017 9 p.m. PDT",2336,2503,1929,-407
BANC,"9/29/2017 10 p.m. PDT",2185,2313,1586,-599
BANC,"9/29/2017 11 p.m. PDT",2021,2098,1368,-653
BANC,"9/30/2017 12 a.m. PDT",1851,1896,1296,-555
BANC,"9/30/2017 1 a.m. PDT",1729,1785,1249,-480
BANC,"9/30/2017 2 a.m. PDT",1632,1687,1154,-478
BANC,"9/30/2017 3 a.m. PDT",1584,1620,1065,-519
BANC,"9/30/2017 4 a.m. PDT",1548,1581,1027,-521
BANC,"9/30/2017 5 a.m. PDT",1552,1568,1112,-440
BANC,"9/30/2017 6 a.m. PDT",1581,1599,1238,-343
BANC,"9/30/2017 7 a.m. PDT",1651,1665,1484,-167
BANC,"9/30/2017 8 a.m. PDT",1679,1686,1459,-220
BANC,"9/30/2017 9 a.m. PDT",1738,1765,1401,-337
BANC,"9/30/2017 10 a.m. PDT",1809,1828,1416,-393
BANC,"9/30/2017 11 a.m. PDT",1870,1909,1413,-457
BANC,"9/30/2017 12 p.m. PDT",1928,1980,1432,-496
BANC,"9/30/2017 1 p.m. PDT",1992,2032,1458,-534
BANC,"9/30/2017 2 p.m. PDT",2058,2126,1495,-563
BANC,"9/30/2017 3 p.m. PDT",2159,2221,1543,-616
BANC,"9/30/2017 4 p.m. PDT",2285,2307,1631,-654
BANC,"9/30/2017 5 p.m. PDT",2354,2393,1689,-665
BANC,"9/30/2017 6 p.m. PDT",2391,2417,1848,-543
BANC,"9/30/2017 7 p.m. PDT",2339,2368,1894,-445
BANC,"9/30/2017 8 p.m. PDT",2347,2396,1875,-472
BANC,"9/30/2017 9 p.m. PDT",2252,2323,1696,-556
BANC,"9/30/2017 10 p.m. PDT",2123,2193,1661,-462
BANC,"9/30/2017 11 p.m. PDT",1959,2010,1319,-640
BANC,"10/1/2017 12 a.m. PDT",1815,1840,1219,-596
