"BA Code","Timestamp (Hour Ending)","Demand (MWh)","Demand Forecast (MWh)","Net Generation (MWh)","Total Interchange (MWh)"
BANC,"3/1/2016 12 a.m. PST",1598,1640,1094,-504
BANC,"3/1/2016 1 a.m. PST",1485,1510,959,-526
BANC,"3/1/2016 2 a.m. PST",1433,1457,906,-527
BANC,"3/1/2016 3 a.m. PST",1411,1435,906,-505
BANC,"3/1/2016 4 a.m. PST",1423,1441,917,-506
BANC,"3/1/2016 5 a.m. PST",1472,1501,975,-497
BANC,"3/1/2016 6 a.m. PST",1600,1630,1027,-573
BANC,"3/1/2016 7 a.m. PST",1781,1840,1158,-623
BANC,"3/1/2016 8 a.m. PST",1854,1901,1253,-601
BANC,"3/1/2016 9 a.m. PST",1868,1886,1256,-612
BANC,"3/1/2016 10 a.m. PST",1854,1860,1219,-635
BANC,"3/1/2016 11 a.m. PST",1866,1863,1234,-632
BANC,"3/1/2016 12 p.m. PST",1870,1862,1245,-625
BANC,"3/1/2016 1 p.m. PST",1853,1876,1223,-630
BANC,"3/1/2016 2 p.m. PST",1872,1888,1252,-620
BANC,"3/1/2016 3 p.m. PST",1876,1898,1264,-612
BANC,"3/1/2016 4 p.m. PST",1878,1885,1265,-613
BANC,"3/1/2016 5 p.m. PST",1892,1887,1285,-607
BANC,"3/1/2016 6 p.m. PST",1960,1939,1422,-538
BANC,"3/1/2016 7 p.m. PST",2093,2084,1697,-396
BANC,"3/1/2016 8 p.m. PST",2097,2067,1612,-485
BANC,"3/1/2016 9 p.m. PST",2034,1984,1453,-581
BANC,"3/1/2016 10 p.m. PST",1909,1876,1254,-655
BANC,"3/1/2016 11 p.m. PST",1739,1745,1155,-584
BANC,"3/2/2016 12 a.m. PST",1590,1608,1040,-550
BANC,"3/2/2016 1 a.m. PST",1496,1519,906,-590
BANC,"3/2/2016 2 a.m. PST",1441,1457,867,-574
BANC,"3/2/2016 3 a.m. PST",1408,1434,808,-600
BANC,"3/2/2016 4 a.m. PST",1409,1432,824,-585
BANC,"3/2/2016 5 a.m. PST",1480,1486,885,-595
BANC,"3/2/2016 6 a.m. PST",1592,1623,990,-602
BANC,"3/2/2016 7 a.m. PST",1760,1815,1046,-714
BANC,"3/2/2016 8 a.m. PST",1825,1893,1117,-708
BANC,"3/2/2016 9 a.m. PST",1825,1868,1134,-691
BANC,"3/2/2016 10 a.m. PST",1815,1859,1129,-686
BANC,"3/2/2016 11 a.m. PST",1838,1864,1150,-688
BANC,"3/2/2016 12 p.m. PST",1856,1868,1186,-670
BANC,"3/2/2016 1 p.m. PST",1873,1873,1219,-654
BANC,"3/2/2016 2 p.m. PST",1910,1880,1261,-649
BANC,"3/2/2016 3 p.m. PST",1906,1885,1235,-671
BANC,"3/2/2016 4 p.m. PST",1911,1884,1244,-667
BANC,"3/2/2016 5 p.m. PST",1911,1900,1270,-641
BANC,"3/2/2016 6 p.m. PST",1980,1967,1598,-382
BANC,"3/2/2016 7 p.m. PST",2092,2082,1679,-413
BANC,"3/2/2016 8 p.m. PST",2093,2081,1693,-400
BANC,"3/2/2016 9 p.m. PST",2015,2013,1329,-686
BANC,"3/2/2016 10 p.m. PST",1872,1901,1151,-721
BANC,"3/2/2016 11 p.m. PST",1728,1749,1090,-638
BANC,"3/3/2016 12 a.m. PST",1593,1611,984,-609
BANC,"3/3/2016 1 a.m. PST",1480,1508,847,-633
BANC,"3/3/2016 2 a.m. PST",1439,1452,824,-615
BANC,"3/3/2016 3 a.m. PST",1421,1421,796,-625
BANC,"3/3/2016 4 a.m. PST",1414,1420,793,-621
BANC,"3/3/2016 5 a.m. PST",1463,1468,844,-619
BANC,"3/3/2016 6 a.m. PST",1574,1596,968,-606
BANC,"3/3/2016 7 a.m. PST",1742,1767,1044,-698
BANC,"3/3/2016 8 a.m. PST",1838,1851,1130,-708
BANC,"3/3/2016 9 a.m. PST",1846,1885,1146,-700
BANC,"3/3/2016 10 a.m. PST",1881,1892,1172,-709
BANC,"3/3/2016 11 a.m. PST",1916,1914,1204,-712
BANC,"3/3/2016 12 p.m. PST",1917,1895,1153,-764
BANC,"3/3/2016 1 p.m. PST",1909,1884,1184,-725
BANC,"3/3/2016 2 p.m. PST",1897,1879,1175,-722
BANC,"3/3/2016 3 p.m. PST",1883,1876,1159,-724
BANC,"3/3/2016 4 p.m. PST",1884,1862,1209,-675
BANC,"3/3/2016 5 p.m. PST",1881,1878,1213,-668
BANC,"3/3/2016 6 p.m. PST",1955,1968,1293,-662
BANC,"3/3/2016 7 p.m. PST",2075,2107,1609,-466
BANC,"3/3/2016 8 p.m. PST",2077,2089,1356,-721
BANC,"3/3/2016 9 p.m. PST",2020,2026,1310,-710
BANC,"3/3/2016 10 p.m. PST",1906,1919,1230,-676
BANC,"3/3/2016 11 p.m. PST",1769,1771,1156,-613
BANC,"3/4/2016 12 a.m. PST",1630,1631,1018,-612
BANC,"3/4/2016 1 a.m. PST",1492,1504,963,-529
BANC,"3/4/2016 2 a.m. PST",1445,1440,931,-514
BANC,"3/4/2016 3 a.m. PST",1419,1418,903,-516
BANC,"3/4/2016 4 a.m. PST",1416,1409,917,-499
BANC,"3/4/2016 5 a.m. PST",1460,1453,968,-492
BANC,"3/4/2016 6 a.m. PST",1566,1576,1067,-499
BANC,"3/4/2016 7 a.m. PST",1733,1759,1152,-581
BANC,"3/4/2016 8 a.m. PST",1816,1837,1211,-605
BANC,"3/4/2016 9 a.m. PST",1853,1847,1211,-642
BANC,"3/4/2016 10 a.m. PST",1860,1848,1213,-647
BANC,"3/4/2016 11 a.m. PST",1894,1874,1239,-655
BANC,"3/4/2016 12 p.m. PST",1944,1873,1291,-653
BANC,"3/4/2016 1 p.m. PST",1952,1864,1295,-657
BANC,"3/4/2016 2 p.m. PST",1981,1862,1327,-654
BANC,"3/4/2016 3 p.m. PST",1959,1860,1320,-639
BANC,"3/4/2016 4 p.m. PST",1925,1850,1268,-657
BANC,"3/4/2016 5 p.m. PST",1957,1861,1296,-661
BANC,"3/4/2016 6 p.m. PST",2013,1926,1450,-563
BANC,"3/4/2016 7 p.m. PST",2081,2026,1636,-445
BANC,"3/4/2016 8 p.m. PST",2023,2037,1381,-642
BANC,"3/4/2016 9 p.m. PST",1968,1984,1242,-726
BANC,"3/4/2016 10 p.m. PST",1879,1895,1209,-670
BANC,"3/4/2016 11 p.m. PST",1741,1759,1185,-556
BANC,"3/5/2016 12 a.m. PST",1626,1613,1104,-522
BANC,"3/5/2016 1 a.m. PST",1515,1541,1012,-503
BANC,"3/5/2016 2 a.m. PST",1470,1483,963,-507
BANC,"3/5/2016 3 a.m. PST",1420,1449,906,-514
BANC,"3/5/2016 4 a.m. PST",1404,1434,900,-504
BANC,"3/5/2016 5 a.m. PST",1417,1446,889,-528
BANC,"3/5/2016 6 a.m. PST",1460,1505,941,-519
BANC,"3/5/2016 7 a.m. PST",1514,1589,913,-601
BANC,"3/5/2016 8 a.m. PST",1533,1620,948,-585
BANC,"3/5/2016 9 a.m. PST",1639,1703,1052,-587
BANC,"3/5/2016 10 a.m. PST",1745,1730,1146,-599
BANC,"3/5/2016 11 a.m. PST",1806,1740,1200,-606
BANC,"3/5/2016 12 p.m. PST",1828,1742,1200,-628
BANC,"3/5/2016 1 p.m. PST",1853,1721,1219,-634
BANC,"3/5/2016 2 p.m. PST",1807,1690,1133,-674
BANC,"3/5/2016 3 p.m. PST",1779,1683,1091,-688
BANC,"3/5/2016 4 p.m. PST",1797,1669,1116,-681
BANC,"3/5/2016 5 p.m. PST",1825,1688,1120,-705
BANC,"3/5/2016 6 p.m. PST",1915,1772,1382,-533
BANC,"3/5/2016 7 p.m. PST",1983,1935,1616,-367
BANC,"3/5/2016 8 p.m. PST",1968,1934,1432,-536
BANC,"3/5/2016 9 p.m. PST",1925,1896,1171,-754
BANC,"3/5/2016 10 p.m. PST",1842,1831,1219,-623
BANC,"3/5/2016 11 p.m. PST",1693,1735,1081,-612
BANC,"3/6/2016 12 a.m. PST",1587,1623,949,-638
BANC,"3/6/2016 1 a.m. PST",1459,1507,926,-533
BANC,"3/6/2016 2 a.m. PST",1408,1446,935,-473
BANC,"3/6/2016 3 a.m. PST",1363,1411,909,-454
BANC,"3/6/2016 4 a.m. PST",1367,1394,954,-413
BANC,"3/6/2016 5 a.m. PST",1379,1403,976,-403
BANC,"3/6/2016 6 a.m. PST",1424,1451,987,-437
BANC,"3/6/2016 7 a.m. PST",1465,1511,1010,-455
BANC,"3/6/2016 8 a.m. PST",1512,1550,1041,-471
BANC,"3/6/2016 9 a.m. PST",1596,1648,1074,-522
BANC,"3/6/2016 10 a.m. PST",1626,1710,1076,-550
BANC,"3/6/2016 11 a.m. PST",1644,1750,1076,-568
BANC,"3/6/2016 12 p.m. PST",1659,1751,1114,-545
BANC,"3/6/2016 1 p.m. PST",1660,1751,1048,-612
BANC,"3/6/2016 2 p.m. PST",1689,1734,1073,-616
BANC,"3/6/2016 3 p.m. PST",1707,1733,1040,-667
BANC,"3/6/2016 4 p.m. PST",1719,1761,1098,-621
BANC,"3/6/2016 5 p.m. PST",1796,1777,1170,-626
BANC,"3/6/2016 6 p.m. PST",1889,1850,1272,-617
BANC,"3/6/2016 7 p.m. PST",2033,2004,1717,-316
BANC,"3/6/2016 8 p.m. PST",2025,2017,1524,-501
BANC,"3/6/2016 9 p.m. PST",2001,1958,1329,-672
BANC,"3/6/2016 10 p.m. PST",1901,1867,1322,-579
BANC,"3/6/2016 11 p.m. PST",1754,1726,1155,-599
BANC,"3/7/2016 12 a.m. PST",1616,1607,1017,-599
BANC,"3/7/2016 1 a.m. PST",1523,1528,1050,-473
BANC,"3/7/2016 2 a.m. PST",1494,1484,1089,-405
BANC,"3/7/2016 3 a.m. PST",1478,1459,985,-493
BANC,"3/7/2016 4 a.m. PST",1494,1466,994,-500
BANC,"3/7/2016 5 a.m. PST",1529,1523,1024,-505
BANC,"3/7/2016 6 a.m. PST",1645,1660,1110,-535
BANC,"3/7/2016 7 a.m. PST",1850,1857,1305,-545
BANC,"3/7/2016 8 a.m. PST",1958,1933,1402,-556
BANC,"3/7/2016 9 a.m. PST",1994,1927,1341,-653
BANC,"3/7/2016 10 a.m. PST",2011,1918,1325,-686
BANC,"3/7/2016 11 a.m. PST",2004,1908,1366,-638
BANC,"3/7/2016 12 p.m. PST",1971,1900,1309,-662
BANC,"3/7/2016 1 p.m. PST",1971,1875,1344,-627
BANC,"3/7/2016 2 p.m. PST",1949,1859,1351,-598
BANC,"3/7/2016 3 p.m. PST",1911,1850,1300,-611
BANC,"3/7/2016 4 p.m. PST",1918,1843,1373,-545
BANC,"3/7/2016 5 p.m. PST",1926,1870,1335,-591
BANC,"3/7/2016 6 p.m. PST",1971,1962,1306,-665
BANC,"3/7/2016 7 p.m. PST",2157,2115,1714,-443
BANC,"3/7/2016 8 p.m. PST",2183,2076,1489,-694
BANC,"3/7/2016 9 p.m. PST",2135,2029,1395,-740
BANC,"3/7/2016 10 p.m. PST",2016,1938,1313,-703
BANC,"3/7/2016 11 p.m. PST",1847,1795,1204,-643
BANC,"3/8/2016 12 a.m. PST",1699,1647,1100,-599
BANC,"3/8/2016 1 a.m. PST",1597,1524,1087,-510
BANC,"3/8/2016 2 a.m. PST",1569,1470,1091,-478
BANC,"3/8/2016 3 a.m. PST",1544,1451,1064,-480
BANC,"3/8/2016 4 a.m. PST",1548,1464,1089,-459
BANC,"3/8/2016 5 a.m. PST",1608,1523,1105,-503
BANC,"3/8/2016 6 a.m. PST",1749,1661,1237,-512
BANC,"3/8/2016 7 a.m. PST",1949,1860,1413,-536
BANC,"3/8/2016 8 a.m. PST",2029,1903,1432,-597
BANC,"3/8/2016 9 a.m. PST",1984,1929,1229,-755
BANC,"3/8/2016 10 a.m. PST",1905,1910,1163,-742
BANC,"3/8/2016 11 a.m. PST",1870,1894,1130,-740
BANC,"3/8/2016 12 p.m. PST",1870,1876,1140,-730
BANC,"3/8/2016 1 p.m. PST",1905,1862,1266,-639
BANC,"3/8/2016 2 p.m. PST",1899,1853,1247,-652
BANC,"3/8/2016 3 p.m. PST",1873,1836,1137,-736
BANC,"3/8/2016 4 p.m. PST",1878,1842,1135,-743
BANC,"3/8/2016 5 p.m. PST",1925,1875,1220,-705
BANC,"3/8/2016 6 p.m. PST",1991,1926,1358,-633
BANC,"3/8/2016 7 p.m. PST",2132,2095,1806,-326
BANC,"3/8/2016 8 p.m. PST",2149,2085,1599,-550
BANC,"3/8/2016 9 p.m. PST",2099,2034,1453,-646
BANC,"3/8/2016 10 p.m. PST",1972,1918,1370,-602
BANC,"3/8/2016 11 p.m. PST",1790,1764,1256,-534
BANC,"3/9/2016 12 a.m. PST",1648,1625,1184,-464
BANC,"3/9/2016 1 a.m. PST",1565,1545,1096,-469
BANC,"3/9/2016 2 a.m. PST",1509,1486,1102,-407
BANC,"3/9/2016 3 a.m. PST",1485,1466,1076,-409
BANC,"3/9/2016 4 a.m. PST",1482,1467,1062,-420
BANC,"3/9/2016 5 a.m. PST",1540,1523,1159,-381
BANC,"3/9/2016 6 a.m. PST",1683,1642,1296,-387
BANC,"3/9/2016 7 a.m. PST",1857,1797,1404,-453
BANC,"3/9/2016 8 a.m. PST",1933,1877,1439,-494
BANC,"3/9/2016 9 a.m. PST",1915,1885,1384,-531
BANC,"3/9/2016 10 a.m. PST",1922,1898,1405,-517
BANC,"3/9/2016 11 a.m. PST",1897,1905,1308,-589
BANC,"3/9/2016 12 p.m. PST",1886,1905,1299,-587
BANC,"3/9/2016 1 p.m. PST",1894,1901,1312,-582
BANC,"3/9/2016 2 p.m. PST",1880,1903,1291,-589
BANC,"3/9/2016 3 p.m. PST",1857,1892,1245,-612
BANC,"3/9/2016 4 p.m. PST",1831,1885,1236,-595
BANC,"3/9/2016 5 p.m. PST",1869,1896,1283,-586
BANC,"3/9/2016 6 p.m. PST",1957,1954,1342,-615
BANC,"3/9/2016 7 p.m. PST",2093,2079,1513,-580
BANC,"3/9/2016 8 p.m. PST",2116,2099,1461,-655
BANC,"3/9/2016 9 p.m. PST",2057,2064,1420,-637
BANC,"3/9/2016 10 p.m. PST",1929,1957,1385,-544
BANC,"3/9/2016 11 p.m. PST",1783,1796,1261,-522
BANC,"3/10/2016 12 a.m. PST",1635,1651,1172,-463
BANC,"3/10/2016 1 a.m. PST",1522,1515,1050,-472
BANC,"3/10/2016 2 a.m. PST",1451,1448,989,-462
BANC,"3/10/2016 3 a.m. PST",1444,1424,986,-458
BANC,"3/10/2016 4 a.m. PST",1450,1427,985,-465
BANC,"3/10/2016 5 a.m. PST",1499,1471,1049,-450
BANC,"3/10/2016 6 a.m. PST",1615,1584,1180,-435
BANC,"3/10/2016 7 a.m. PST",1802,1766,1237,-565
BANC,"3/10/2016 8 a.m. PST",1877,1834,1289,-588
BANC,"3/10/2016 9 a.m. PST",1923,1844,1304,-619
BANC,"3/10/2016 10 a.m. PST",1926,1864,1241,-685
BANC,"3/10/2016 11 a.m. PST",1940,1886,1251,-689
BANC,"3/10/2016 12 p.m. PST",1961,1886,1276,-685
BANC,"3/10/2016 1 p.m. PST",1971,1886,1265,-706
BANC,"3/10/2016 2 p.m. PST",1970,1883,1289,-681
BANC,"3/10/2016 3 p.m. PST",1950,1870,1230,-720
BANC,"3/10/2016 4 p.m. PST",1970,1868,1279,-691
BANC,"3/10/2016 5 p.m. PST",2005,1895,1254,-751
BANC,"3/10/2016 6 p.m. PST",2075,1956,1385,-690
BANC,"3/10/2016 7 p.m. PST",2144,2087,1637,-507
BANC,"3/10/2016 8 p.m. PST",2120,2077,1515,-605
BANC,"3/10/2016 9 p.m. PST",2089,2023,1333,-756
BANC,"3/10/2016 10 p.m. PST",1962,1916,1330,-632
BANC,"3/10/2016 11 p.m. PST",1818,1766,1304,-514
BANC,"3/11/2016 12 a.m. PST",1647,1624,1222,-425
BANC,"3/11/2016 1 a.m. PST",1539,1525,1159,-380
BANC,"3/11/2016 2 a.m. PST",1476,1466,1089,-387
BANC,"3/11/2016 3 a.m. PST",1450,1445,1080,-370
BANC,"3/11/2016 4 a.m. PST",1459,1455,1106,-353
BANC,"3/11/2016 5 a.m. PST",1495,1497,1119,-376
BANC,"3/11/2016 6 a.m. PST",1629,1618,1259,-370
BANC,"3/11/2016 7 a.m. PST",1797,1821,1200,-597
BANC,"3/11/2016 8 a.m. PST",1912,1903,1329,-583
BANC,"3/11/2016 9 a.m. PST",1967,1921,1362,-605
BANC,"3/11/2016 10 a.m. PST",2012,1947,1416,-596
BANC,"3/11/2016 11 a.m. PST",2076,1952,1449,-627
BANC,"3/11/2016 12 p.m. PST",2082,1942,1409,-673
BANC,"3/11/2016 1 p.m. PST",2052,1946,1419,-633
BANC,"3/11/2016 2 p.m. PST",2035,1916,1478,-557
BANC,"3/11/2016 3 p.m. PST",1994,1896,1434,-560
BANC,"3/11/2016 4 p.m. PST",1917,1889,1303,-614
BANC,"3/11/2016 5 p.m. PST",1910,1910,1316,-594
BANC,"3/11/2016 6 p.m. PST",2004,1979,1472,-532
BANC,"3/11/2016 7 p.m. PST",2124,2090,1696,-428
BANC,"3/11/2016 8 p.m. PST",2124,2107,1496,-628
BANC,"3/11/2016 9 p.m. PST",2063,2066,1348,-715
BANC,"3/11/2016 10 p.m. PST",1966,1966,1332,-634
BANC,"3/11/2016 11 p.m. PST",1867,1814,1366,-501
BANC,"3/12/2016 12 a.m. PST",1717,1663,1288,-429
BANC,"3/12/2016 1 a.m. PST",1601,1538,1291,-310
BANC,"3/12/2016 2 a.m. PST",1535,1469,1256,-279
BANC,"3/12/2016 3 a.m. PST",1499,1432,1216,-283
BANC,"3/12/2016 4 a.m. PST",1480,1426,1158,-322
BANC,"3/12/2016 5 a.m. PST",1477,1443,1151,-326
BANC,"3/12/2016 6 a.m. PST",1543,1496,1208,-335
BANC,"3/12/2016 7 a.m. PST",1621,1564,1246,-375
BANC,"3/12/2016 8 a.m. PST",1637,1599,1305,-332
BANC,"3/12/2016 9 a.m. PST",1712,1703,1366,-346
BANC,"3/12/2016 10 a.m. PST",1755,1797,1373,-382
BANC,"3/12/2016 11 a.m. PST",1797,1826,1420,-377
BANC,"3/12/2016 12 p.m. PST",1798,1824,1460,-338
BANC,"3/12/2016 1 p.m. PST",1801,1815,1489,-312
BANC,"3/12/2016 2 p.m. PST",1796,1763,1457,-339
BANC,"3/12/2016 3 p.m. PST",1802,1750,1436,-366
BANC,"3/12/2016 4 p.m. PST",1804,1752,1464,-340
BANC,"3/12/2016 5 p.m. PST",1844,1762,1483,-361
BANC,"3/12/2016 6 p.m. PST",1898,1821,1507,-391
BANC,"3/12/2016 7 p.m. PST",1993,1951,1690,-303
BANC,"3/12/2016 8 p.m. PST",1999,1955,1626,-373
BANC,"3/12/2016 9 p.m. PST",1954,1907,1569,-385
BANC,"3/12/2016 10 p.m. PST",1883,1845,1515,-368
BANC,"3/12/2016 11 p.m. PST",1763,1728,1435,-328
BANC,"3/13/2016 12 a.m. PST",1659,1615,1373,-286
BANC,"3/13/2016 1 a.m. PST",1538,1502,1207,-331
BANC,"3/13/2016 3 a.m. PDT",1494,1433,1205,-289
BANC,"3/13/2016 4 a.m. PDT",1472,1417,1156,-316
BANC,"3/13/2016 5 a.m. PDT",1443,1409,1171,-272
BANC,"3/13/2016 6 a.m. PDT",1487,1435,1238,-249
BANC,"3/13/2016 7 a.m. PDT",1556,1502,1302,-254
BANC,"3/13/2016 8 a.m. PDT",1620,1553,1339,-281
BANC,"3/13/2016 9 a.m. PDT",1668,1611,1344,-324
BANC,"3/13/2016 10 a.m. PDT",1743,1684,1330,-413
BANC,"3/13/2016 11 a.m. PDT",1820,1750,1399,-421
BANC,"3/13/2016 12 p.m. PDT",1885,1769,1488,-397
BANC,"3/13/2016 1 p.m. PDT",1902,1776,1441,-461
BANC,"3/13/2016 2 p.m. PDT",1883,1778,1428,-455
BANC,"3/13/2016 3 p.m. PDT",1895,1762,1432,-463
BANC,"3/13/2016 4 p.m. PDT",1869,1763,1463,-406
BANC,"3/13/2016 5 p.m. PDT",1875,1777,1460,-415
BANC,"3/13/2016 6 p.m. PDT",1937,1804,1607,-330
BANC,"3/13/2016 7 p.m. PDT",1987,1897,1658,-329
BANC,"3/13/2016 8 p.m. PDT",2068,2034,1630,-438
BANC,"3/13/2016 9 p.m. PDT",2030,2046,1474,-556
BANC,"3/13/2016 10 p.m. PDT",1937,1966,1434,-503
BANC,"3/13/2016 11 p.m. PDT",1797,1722,1427,-370
BANC,"3/14/2016 12 a.m. PDT",1645,1663,1211,-434
BANC,"3/14/2016 1 a.m. PDT",1560,1524,1153,-407
BANC,"3/14/2016 2 a.m. PDT",1516,1446,1276,-240
BANC,"3/14/2016 3 a.m. PDT",1476,1412,1260,-216
BANC,"3/14/2016 4 a.m. PDT",1471,1416,1238,-233
BANC,"3/14/2016 5 a.m. PDT",1515,1472,1182,-333
BANC,"3/14/2016 6 a.m. PDT",1617,1595,1173,-444
BANC,"3/14/2016 7 a.m. PDT",1841,1826,1276,-565
BANC,"3/14/2016 8 a.m. PDT",1966,1940,1293,-673
BANC,"3/14/2016 9 a.m. PDT",1944,1936,1248,-696
BANC,"3/14/2016 10 a.m. PDT",1903,1952,1259,-644
BANC,"3/14/2016 11 a.m. PDT",1896,1964,1261,-635
BANC,"3/14/2016 12 p.m. PDT",1875,1957,1268,-607
BANC,"3/14/2016 1 p.m. PDT",1854,1943,1300,-554
BANC,"3/14/2016 2 p.m. PDT",1844,1924,1300,-544
BANC,"3/14/2016 3 p.m. PDT",1807,1904,1292,-515
BANC,"3/14/2016 4 p.m. PDT",1824,1906,1332,-492
BANC,"3/14/2016 5 p.m. PDT",1822,1902,1322,-500
BANC,"3/14/2016 6 p.m. PDT",1846,1922,1378,-468
BANC,"3/14/2016 7 p.m. PDT",1912,1944,1517,-395
BANC,"3/14/2016 8 p.m. PDT",2030,2054,1508,-522
BANC,"3/14/2016 9 p.m. PDT",2056,2080,1442,-614
BANC,"3/14/2016 10 p.m. PDT",1957,1981,1377,-580
BANC,"3/14/2016 11 p.m. PDT",1829,1825,1343,-486
BANC,"3/15/2016 12 a.m. PDT",1693,1669,1366,-327
BANC,"3/15/2016 1 a.m. PDT",1592,1513,1310,-282
BANC,"3/15/2016 2 a.m. PDT",1519,1443,1233,-286
BANC,"3/15/2016 3 a.m. PDT",1497,1425,1216,-281
BANC,"3/15/2016 4 a.m. PDT",1500,1421,1207,-293
BANC,"3/15/2016 5 a.m. PDT",1548,1467,1244,-304
BANC,"3/15/2016 6 a.m. PDT",1663,1588,1346,-317
BANC,"3/15/2016 7 a.m. PDT",1898,1820,1415,-483
BANC,"3/15/2016 8 a.m. PDT",2022,1941,1536,-486
BANC,"3/15/2016 9 a.m. PDT",1973,1917,1464,-509
BANC,"3/15/2016 10 a.m. PDT",1914,1892,1418,-496
BANC,"3/15/2016 11 a.m. PDT",1891,1880,1378,-513
BANC,"3/15/2016 12 p.m. PDT",1853,1873,1363,-490
BANC,"3/15/2016 1 p.m. PDT",1830,1874,1398,-432
BANC,"3/15/2016 2 p.m. PDT",1824,1864,1311,-513
BANC,"3/15/2016 3 p.m. PDT",1801,1859,1271,-530
BANC,"3/15/2016 4 p.m. PDT",1792,1857,1260,-532
BANC,"3/15/2016 5 p.m. PDT",1818,1856,1375,-443
BANC,"3/15/2016 6 p.m. PDT",1859,1858,1374,-485
BANC,"3/15/2016 7 p.m. PDT",1891,1881,1584,-307
BANC,"3/15/2016 8 p.m. PDT",2033,2009,1593,-440
BANC,"3/15/2016 9 p.m. PDT",2058,2047,1559,-499
BANC,"3/15/2016 10 p.m. PDT",1951,1969,1540,-411
BANC,"3/15/2016 11 p.m. PDT",1785,1809,1456,-329
BANC,"3/16/2016 12 a.m. PDT",1635,1662,1326,-309
BANC,"3/16/2016 1 a.m. PDT",1522,1589,1231,-291
BANC,"3/16/2016 2 a.m. PDT",1481,1526,1229,-252
BANC,"3/16/2016 3 a.m. PDT",1458,1502,1224,-234
BANC,"3/16/2016 4 a.m. PDT",1469,1502,1270,-199
BANC,"3/16/2016 5 a.m. PDT",1527,1552,1275,-252
BANC,"3/16/2016 6 a.m. PDT",1661,1662,1301,-360
BANC,"3/16/2016 7 a.m. PDT",1891,1877,1444,-447
BANC,"3/16/2016 8 a.m. PDT",1998,1990,1573,-425
BANC,"3/16/2016 9 a.m. PDT",1954,1936,1511,-443
BANC,"3/16/2016 10 a.m. PDT",1920,1895,1560,-360
BANC,"3/16/2016 11 a.m. PDT",1892,1872,1429,-463
BANC,"3/16/2016 12 p.m. PDT",1847,1832,1380,-467
BANC,"3/16/2016 1 p.m. PDT",1832,1821,1356,-476
BANC,"3/16/2016 2 p.m. PDT",1844,1808,1345,-499
BANC,"3/16/2016 3 p.m. PDT",1834,1793,1408,-426
BANC,"3/16/2016 4 p.m. PDT",1842,1799,1454,-388
BANC,"3/16/2016 5 p.m. PDT",1856,1786,1473,-383
BANC,"3/16/2016 6 p.m. PDT",1860,1812,1442,-418
BANC,"3/16/2016 7 p.m. PDT",1915,1903,1495,-420
BANC,"3/16/2016 8 p.m. PDT",2011,2018,1795,-216
BANC,"3/16/2016 9 p.m. PDT",2054,2031,1821,-233
BANC,"3/16/2016 10 p.m. PDT",1955,1927,1545,-410
BANC,"3/16/2016 11 p.m. PDT",1793,1793,1460,-333
BANC,"3/17/2016 12 a.m. PDT",1649,1644,1348,-301
BANC,"3/17/2016 1 a.m. PDT",1546,1557,1315,-231
BANC,"3/17/2016 2 a.m. PDT",1465,1495,1174,-291
BANC,"3/17/2016 3 a.m. PDT",1446,1470,1184,-262
BANC,"3/17/2016 4 a.m. PDT",1440,1471,1192,-248
BANC,"3/17/2016 5 a.m. PDT",1475,1520,1235,-240
BANC,"3/17/2016 6 a.m. PDT",1596,1637,1448,-148
BANC,"3/17/2016 7 a.m. PDT",1802,1865,1614,-188
BANC,"3/17/2016 8 a.m. PDT",1928,1990,1799,-129
BANC,"3/17/2016 9 a.m. PDT",1897,1927,1592,-305
BANC,"3/17/2016 10 a.m. PDT",1868,1889,1474,-394
BANC,"3/17/2016 11 a.m. PDT",1854,1876,1480,-374
BANC,"3/17/2016 12 p.m. PDT",1862,1856,1480,-382
BANC,"3/17/2016 1 p.m. PDT",1867,1851,1481,-386
BANC,"3/17/2016 2 p.m. PDT",1869,1843,1462,-407
BANC,"3/17/2016 3 p.m. PDT",1890,1837,1477,-413
BANC,"3/17/2016 4 p.m. PDT",1907,1838,1469,-438
BANC,"3/17/2016 5 p.m. PDT",1927,1841,1488,-439
BANC,"3/17/2016 6 p.m. PDT",1934,1853,1581,-353
BANC,"3/17/2016 7 p.m. PDT",1952,1871,1726,-226
BANC,"3/17/2016 8 p.m. PDT",2038,2003,1990,-48
BANC,"3/17/2016 9 p.m. PDT",2077,2023,1973,-104
BANC,"3/17/2016 10 p.m. PDT",1965,1927,1703,-262
BANC,"3/17/2016 11 p.m. PDT",1812,1801,1536,-276
BANC,"3/18/2016 12 a.m. PDT",1653,1661,1374,-279
BANC,"3/18/2016 1 a.m. PDT",1515,1541,1698,183
BANC,"3/18/2016 2 a.m. PDT",1466,1463,1699,233
BANC,"3/18/2016 3 a.m. PDT",1436,1433,1695,259
BANC,"3/18/2016 4 a.m. PDT",1429,1443,1688,259
BANC,"3/18/2016 5 a.m. PDT",1453,1490,1752,299
BANC,"3/18/2016 6 a.m. PDT",1563,1607,1811,248
BANC,"3/18/2016 7 a.m. PDT",1768,1818,1991,223
BANC,"3/18/2016 8 a.m. PDT",1880,1930,2080,200
BANC,"3/18/2016 9 a.m. PDT",1873,1910,2043,170
BANC,"3/18/2016 10 a.m. PDT",1853,1880,2083,230
BANC,"3/18/2016 11 a.m. PDT",1856,1862,1999,143
BANC,"3/18/2016 12 p.m. PDT",1884,1850,2064,180
BANC,"3/18/2016 1 p.m. PDT",1897,1839,2091,194
BANC,"3/18/2016 2 p.m. PDT",1901,1823,2099,198
BANC,"3/18/2016 3 p.m. PDT",1908,1819,2159,251
BANC,"3/18/2016 4 p.m. PDT",1922,1805,2206,284
BANC,"3/18/2016 5 p.m. PDT",1934,1807,2222,288
BANC,"3/18/2016 6 p.m. PDT",1929,1822,2170,241
BANC,"3/18/2016 7 p.m. PDT",1925,1841,2241,316
BANC,"3/18/2016 8 p.m. PDT",2008,1974,2236,228
BANC,"3/18/2016 9 p.m. PDT",2015,1994,2229,214
BANC,"3/18/2016 10 p.m. PDT",1931,1897,2131,200
BANC,"3/18/2016 11 p.m. PDT",1801,1770,2049,248
BANC,"3/19/2016 12 a.m. PDT",1657,1616,1924,267
BANC,"3/19/2016 1 a.m. PDT",1557,1528,1903,346
BANC,"3/19/2016 2 a.m. PDT",1457,1439,1624,167
BANC,"3/19/2016 3 a.m. PDT",1409,1395,1589,180
BANC,"3/19/2016 4 a.m. PDT",1380,1370,1559,179
BANC,"3/19/2016 5 a.m. PDT",1390,1377,1601,211
BANC,"3/19/2016 6 a.m. PDT",1432,1410,1867,435
BANC,"3/19/2016 7 a.m. PDT",1504,1473,1988,484
BANC,"3/19/2016 8 a.m. PDT",1567,1519,2029,462
BANC,"3/19/2016 9 a.m. PDT",1625,1605,1932,307
BANC,"3/19/2016 10 a.m. PDT",1659,1678,1891,232
BANC,"3/19/2016 11 a.m. PDT",1711,1703,1957,246
BANC,"3/19/2016 12 p.m. PDT",1692,1711,1890,198
BANC,"3/19/2016 1 p.m. PDT",1685,1712,1865,180
BANC,"3/19/2016 2 p.m. PDT",1675,1711,1860,185
BANC,"3/19/2016 3 p.m. PDT",1689,1710,1876,187
BANC,"3/19/2016 4 p.m. PDT",1691,1713,1937,246
BANC,"3/19/2016 5 p.m. PDT",1716,1729,2051,335
BANC,"3/19/2016 6 p.m. PDT",1759,1741,2150,391
BANC,"3/19/2016 7 p.m. PDT",1773,1762,2165,392
BANC,"3/19/2016 8 p.m. PDT",1886,1871,2199,313
BANC,"3/19/2016 9 p.m. PDT",1918,1903,2225,307
BANC,"3/19/2016 10 p.m. PDT",1862,1832,2184,322
BANC,"3/19/2016 11 p.m. PDT",1760,1729,2032,272
BANC,"3/20/2016 12 a.m. PDT",1616,1595,1951,335
BANC,"3/20/2016 1 a.m. PDT",1506,1520,1796,290
BANC,"3/20/2016 2 a.m. PDT",1445,1444,1751,306
BANC,"3/20/2016 3 a.m. PDT",1398,1404,1743,345
BANC,"3/20/2016 4 a.m. PDT",1363,1379,1665,302
BANC,"3/20/2016 5 a.m. PDT",1372,1394,1685,313
BANC,"3/20/2016 6 a.m. PDT",1390,1426,1699,309
BANC,"3/20/2016 7 a.m. PDT",1467,1483,1781,314
BANC,"3/20/2016 8 a.m. PDT",1494,1526,1807,313
BANC,"3/20/2016 9 a.m. PDT",1555,1624,1821,266
BANC,"3/20/2016 10 a.m. PDT",1612,1713,1821,209
BANC,"3/20/2016 11 a.m. PDT",1650,1753,1874,224
BANC,"3/20/2016 12 p.m. PDT",1686,1770,1899,213
BANC,"3/20/2016 1 p.m. PDT",1683,1767,1869,186
BANC,"3/20/2016 2 p.m. PDT",1697,1764,1874,177
BANC,"3/20/2016 3 p.m. PDT",1725,1756,1904,179
BANC,"3/20/2016 4 p.m. PDT",1766,1765,1973,207
BANC,"3/20/2016 5 p.m. PDT",1772,1790,1961,189
BANC,"3/20/2016 6 p.m. PDT",1783,1816,2022,239
BANC,"3/20/2016 7 p.m. PDT",1811,1853,2156,345
BANC,"3/20/2016 8 p.m. PDT",1918,1983,2182,264
BANC,"3/20/2016 9 p.m. PDT",1940,2034,2150,210
BANC,"3/20/2016 10 p.m. PDT",1859,1926,2097,238
BANC,"3/20/2016 11 p.m. PDT",1749,1775,1954,205
BANC,"3/21/2016 12 a.m. PDT",1598,1600,1822,224
BANC,"3/21/2016 1 a.m. PDT",1492,1525,1765,273
BANC,"3/21/2016 2 a.m. PDT",1432,1471,1712,280
BANC,"3/21/2016 3 a.m. PDT",1402,1443,1663,261
BANC,"3/21/2016 4 a.m. PDT",1391,1435,1645,254
BANC,"3/21/2016 5 a.m. PDT",1448,1489,1754,306
BANC,"3/21/2016 6 a.m. PDT",1550,1622,1881,331
BANC,"3/21/2016 7 a.m. PDT",1711,1817,1899,188
BANC,"3/21/2016 8 a.m. PDT",1810,1943,1920,110
BANC,"3/21/2016 9 a.m. PDT",1860,1934,1956,96
BANC,"3/21/2016 10 a.m. PDT",1924,1931,2046,122
BANC,"3/21/2016 11 a.m. PDT",1937,1922,2055,118
BANC,"3/21/2016 12 p.m. PDT",1931,1907,2020,89
BANC,"3/21/2016 1 p.m. PDT",1930,1888,1992,62
BANC,"3/21/2016 2 p.m. PDT",1936,1879,2006,70
BANC,"3/21/2016 3 p.m. PDT",1930,1868,2009,79
BANC,"3/21/2016 4 p.m. PDT",1911,1859,2020,109
BANC,"3/21/2016 5 p.m. PDT",1913,1867,2018,105
BANC,"3/21/2016 6 p.m. PDT",1948,1863,2070,122
BANC,"3/21/2016 7 p.m. PDT",1976,1873,2134,158
BANC,"3/21/2016 8 p.m. PDT",2040,1999,2149,109
BANC,"3/21/2016 9 p.m. PDT",2051,2050,2177,126
BANC,"3/21/2016 10 p.m. PDT",1975,1951,2141,166
BANC,"3/21/2016 11 p.m. PDT",1807,1803,2084,277
BANC,"3/22/2016 12 a.m. PDT",1664,1639,1973,309
BANC,"3/22/2016 1 a.m. PDT",1557,1533,1966,409
BANC,"3/22/2016 2 a.m. PDT",1488,1458,1914,426
BANC,"3/22/2016 3 a.m. PDT",1466,1437,1921,455
BANC,"3/22/2016 4 a.m. PDT",1474,1435,1901,427
BANC,"3/22/2016 5 a.m. PDT",1523,1487,1932,409
BANC,"3/22/2016 6 a.m. PDT",1634,1605,1986,352
BANC,"3/22/2016 7 a.m. PDT",1859,1825,2038,179
BANC,"3/22/2016 8 a.m. PDT",1938,1972,2057,119
BANC,"3/22/2016 9 a.m. PDT",1920,1958,2034,114
BANC,"3/22/2016 10 a.m. PDT",1896,1917,1975,79
BANC,"3/22/2016 11 a.m. PDT",1878,1893,1938,60
BANC,"3/22/2016 12 p.m. PDT",1861,1868,1902,41
BANC,"3/22/2016 1 p.m. PDT",1838,1849,1873,35
BANC,"3/22/2016 2 p.m. PDT",1823,1829,2066,243
BANC,"3/22/2016 3 p.m. PDT",1812,1812,1968,156
BANC,"3/22/2016 4 p.m. PDT",1786,1800,1786,0
BANC,"3/22/2016 5 p.m. PDT",1798,1797,1836,38
BANC,"3/22/2016 6 p.m. PDT",1802,1803,1993,191
BANC,"3/22/2016 7 p.m. PDT",1872,1834,2006,134
BANC,"3/22/2016 8 p.m. PDT",1974,1976,2049,75
BANC,"3/22/2016 9 p.m. PDT",2028,2035,2091,63
BANC,"3/22/2016 10 p.m. PDT",1949,1960,1993,44
BANC,"3/22/2016 11 p.m. PDT",1824,1792,2007,183
BANC,"3/23/2016 12 a.m. PDT",1674,1636,1928,254
BANC,"3/23/2016 1 a.m. PDT",1564,1525,1694,130
BANC,"3/23/2016 2 a.m. PDT",1506,1469,1722,216
BANC,"3/23/2016 3 a.m. PDT",1466,1437,1669,203
BANC,"3/23/2016 4 a.m. PDT",1481,1437,1524,43
BANC,"3/23/2016 5 a.m. PDT",1517,1488,1702,185
BANC,"3/23/2016 6 a.m. PDT",1648,1613,1832,184
BANC,"3/23/2016 7 a.m. PDT",1843,1835,1977,134
BANC,"3/23/2016 8 a.m. PDT",1899,1943,1980,81
BANC,"3/23/2016 9 a.m. PDT",1902,1917,2004,102
BANC,"3/23/2016 10 a.m. PDT",1904,1901,1971,67
BANC,"3/23/2016 11 a.m. PDT",1874,1893,1946,72
BANC,"3/23/2016 12 p.m. PDT",1847,1878,1874,27
BANC,"3/23/2016 1 p.m. PDT",1831,1878,1936,105
BANC,"3/23/2016 2 p.m. PDT",1817,1869,1930,113
BANC,"3/23/2016 3 p.m. PDT",1793,1863,1932,139
BANC,"3/23/2016 4 p.m. PDT",1761,1859,1869,108
BANC,"3/23/2016 5 p.m. PDT",1748,1862,1900,152
BANC,"3/23/2016 6 p.m. PDT",1755,1881,1869,114
BANC,"3/23/2016 7 p.m. PDT",1791,1909,1956,165
BANC,"3/23/2016 8 p.m. PDT",1975,2024,2130,155
BANC,"3/23/2016 9 p.m. PDT",2016,2056,2084,68
BANC,"3/23/2016 10 p.m. PDT",1920,1959,2053,133
BANC,"3/23/2016 11 p.m. PDT",1772,1803,1934,162
BANC,"3/24/2016 12 a.m. PDT",1617,1640,1711,94
BANC,"3/24/2016 1 a.m. PDT",1509,1519,1619,110
BANC,"3/24/2016 2 a.m. PDT",1458,1459,1525,67
BANC,"3/24/2016 3 a.m. PDT",1431,1429,1524,93
BANC,"3/24/2016 4 a.m. PDT",1405,1425,1475,70
BANC,"3/24/2016 5 a.m. PDT",1478,1478,1505,27
BANC,"3/24/2016 6 a.m. PDT",1574,1596,1550,-24
BANC,"3/24/2016 7 a.m. PDT",1772,1792,1830,58
BANC,"3/24/2016 8 a.m. PDT",1848,1891,1857,9
BANC,"3/24/2016 9 a.m. PDT",1859,1878,1858,-1
BANC,"3/24/2016 10 a.m. PDT",1845,1856,1784,-61
BANC,"3/24/2016 11 a.m. PDT",1831,1851,1713,-118
BANC,"3/24/2016 12 p.m. PDT",1836,1840,1771,-65
BANC,"3/24/2016 1 p.m. PDT",1817,1834,1780,-37
BANC,"3/24/2016 2 p.m. PDT",1844,1827,1794,-50
BANC,"3/24/2016 3 p.m. PDT",1821,1814,1735,-86
BANC,"3/24/2016 4 p.m. PDT",1832,1801,1730,-102
BANC,"3/24/2016 5 p.m. PDT",1841,1807,1822,-19
BANC,"3/24/2016 6 p.m. PDT",1852,1829,1826,-26
BANC,"3/24/2016 7 p.m. PDT",1861,1861,1941,80
BANC,"3/24/2016 8 p.m. PDT",1945,1975,1993,48
BANC,"3/24/2016 9 p.m. PDT",1994,2016,2031,37
BANC,"3/24/2016 10 p.m. PDT",1915,1925,1995,80
BANC,"3/24/2016 11 p.m. PDT",1766,1788,1732,-34
BANC,"3/25/2016 12 a.m. PDT",1620,1632,1458,-162
BANC,"3/25/2016 1 a.m. PDT",1510,1507,1276,-234
BANC,"3/25/2016 2 a.m. PDT",1443,1439,1235,-208
BANC,"3/25/2016 3 a.m. PDT",1399,1398,1239,-160
BANC,"3/25/2016 4 a.m. PDT",1378,1388,1210,-168
BANC,"3/25/2016 5 a.m. PDT",1407,1419,1223,-184
BANC,"3/25/2016 6 a.m. PDT",1508,1512,1336,-172
BANC,"3/25/2016 7 a.m. PDT",1678,1657,1588,-90
BANC,"3/25/2016 8 a.m. PDT",1727,1707,1617,-110
BANC,"3/25/2016 9 a.m. PDT",1783,1745,1627,-156
BANC,"3/25/2016 10 a.m. PDT",1795,1796,1596,-199
BANC,"3/25/2016 11 a.m. PDT",1789,1815,1562,-227
BANC,"3/25/2016 12 p.m. PDT",1802,1820,1545,-257
BANC,"3/25/2016 1 p.m. PDT",1782,1832,1531,-251
BANC,"3/25/2016 2 p.m. PDT",1781,1839,1537,-244
BANC,"3/25/2016 3 p.m. PDT",1787,1844,1544,-243
BANC,"3/25/2016 4 p.m. PDT",1775,1851,1517,-258
BANC,"3/25/2016 5 p.m. PDT",1789,1865,1540,-249
BANC,"3/25/2016 6 p.m. PDT",1800,1865,1558,-242
BANC,"3/25/2016 7 p.m. PDT",1804,1869,1656,-148
BANC,"3/25/2016 8 p.m. PDT",1878,1942,1838,-40
BANC,"3/25/2016 9 p.m. PDT",1937,1970,1908,-29
BANC,"3/25/2016 10 p.m. PDT",1845,1880,1669,-176
BANC,"3/25/2016 11 p.m. PDT",1731,1754,1617,-114
BANC,"3/26/2016 12 a.m. PDT",1614,1626,1516,-98
BANC,"3/26/2016 1 a.m. PDT",1492,1504,1355,-137
BANC,"3/26/2016 2 a.m. PDT",1417,1430,1225,-192
BANC,"3/26/2016 3 a.m. PDT",1377,1379,1213,-164
BANC,"3/26/2016 4 a.m. PDT",1341,1352,1164,-177
BANC,"3/26/2016 5 a.m. PDT",1365,1364,1210,-155
BANC,"3/26/2016 6 a.m. PDT",1398,1397,1295,-103
BANC,"3/26/2016 7 a.m. PDT",1492,1469,1517,25
BANC,"3/26/2016 8 a.m. PDT",1537,1500,1430,-107
BANC,"3/26/2016 9 a.m. PDT",1586,1580,1379,-207
BANC,"3/26/2016 10 a.m. PDT",1561,1644,1349,-212
BANC,"3/26/2016 11 a.m. PDT",1634,1686,1348,-286
BANC,"3/26/2016 12 p.m. PDT",1598,1696,1279,-319
BANC,"3/26/2016 1 p.m. PDT",1627,1704,1350,-277
BANC,"3/26/2016 2 p.m. PDT",1613,1705,1377,-236
BANC,"3/26/2016 3 p.m. PDT",1620,1703,1388,-232
BANC,"3/26/2016 4 p.m. PDT",1614,1708,1393,-221
BANC,"3/26/2016 5 p.m. PDT",1670,1725,1436,-234
BANC,"3/26/2016 6 p.m. PDT",1692,1740,1438,-254
BANC,"3/26/2016 7 p.m. PDT",1718,1757,1591,-127
BANC,"3/26/2016 8 p.m. PDT",1839,1856,1855,16
BANC,"3/26/2016 9 p.m. PDT",1900,1894,1863,-37
BANC,"3/26/2016 10 p.m. PDT",1827,1826,1709,-118
BANC,"3/26/2016 11 p.m. PDT",1722,1718,1669,-53
BANC,"3/27/2016 12 a.m. PDT",1608,1585,1365,-243
BANC,"3/27/2016 1 a.m. PDT",1488,1470,1130,-358
BANC,"3/27/2016 2 a.m. PDT",1404,1409,1051,-353
BANC,"3/27/2016 3 a.m. PDT",1331,1374,1008,-323
BANC,"3/27/2016 4 a.m. PDT",1322,1346,989,-333
BANC,"3/27/2016 5 a.m. PDT",1324,1353,1009,-315
BANC,"3/27/2016 6 a.m. PDT",1360,1381,1040,-320
BANC,"3/27/2016 7 a.m. PDT",1412,1438,1327,-85
BANC,"3/27/2016 8 a.m. PDT",1455,1482,1405,-50
BANC,"3/27/2016 9 a.m. PDT",1530,1541,1309,-221
BANC,"3/27/2016 10 a.m. PDT",1563,1593,1288,-275
BANC,"3/27/2016 11 a.m. PDT",1583,1625,1275,-308
BANC,"3/27/2016 12 p.m. PDT",1583,1628,1276,-307
BANC,"3/27/2016 1 p.m. PDT",1569,1635,1254,-315
BANC,"3/27/2016 2 p.m. PDT",1560,1649,1236,-324
BANC,"3/27/2016 3 p.m. PDT",1552,1655,1230,-322
BANC,"3/27/2016 4 p.m. PDT",1550,1665,1224,-326
BANC,"3/27/2016 5 p.m. PDT",1570,1688,1257,-313
BANC,"3/27/2016 6 p.m. PDT",1597,1720,1297,-300
BANC,"3/27/2016 7 p.m. PDT",1650,1747,1401,-249
BANC,"3/27/2016 8 p.m. PDT",1779,1871,1759,-20
BANC,"3/27/2016 9 p.m. PDT",1843,1915,1783,-60
BANC,"3/27/2016 10 p.m. PDT",1777,1833,1596,-181
BANC,"3/27/2016 11 p.m. PDT",1639,1717,1299,-340
BANC,"3/28/2016 12 a.m. PDT",1507,1567,1136,-371
BANC,"3/28/2016 1 a.m. PDT",1409,1474,1033,-376
BANC,"3/28/2016 2 a.m. PDT",1353,1414,960,-393
BANC,"3/28/2016 3 a.m. PDT",1307,1388,943,-364
BANC,"3/28/2016 4 a.m. PDT",1316,1381,947,-369
BANC,"3/28/2016 5 a.m. PDT",1379,1431,1003,-376
BANC,"3/28/2016 6 a.m. PDT",1476,1542,1083,-393
BANC,"3/28/2016 7 a.m. PDT",1666,1740,1250,-416
BANC,"3/28/2016 8 a.m. PDT",1758,1849,1391,-367
BANC,"3/28/2016 9 a.m. PDT",1793,1857,1337,-456
BANC,"3/28/2016 10 a.m. PDT",1804,1855,1307,-497
BANC,"3/28/2016 11 a.m. PDT",1827,1853,1334,-493
BANC,"3/28/2016 12 p.m. PDT",1820,1846,1407,-413
BANC,"3/28/2016 1 p.m. PDT",1807,1837,1411,-396
BANC,"3/28/2016 2 p.m. PDT",1816,1831,1390,-426
BANC,"3/28/2016 3 p.m. PDT",1795,1820,1376,-419
BANC,"3/28/2016 4 p.m. PDT",1768,1801,1299,-469
BANC,"3/28/2016 5 p.m. PDT",1791,1808,1362,-429
BANC,"3/28/2016 6 p.m. PDT",1832,1823,1361,-471
BANC,"3/28/2016 7 p.m. PDT",1852,1829,1248,-604
BANC,"3/28/2016 8 p.m. PDT",1945,1946,1649,-296
BANC,"3/28/2016 9 p.m. PDT",2026,2006,1655,-371
BANC,"3/28/2016 10 p.m. PDT",1921,1912,1354,-567
BANC,"3/28/2016 11 p.m. PDT",1775,1778,1386,-389
BANC,"3/29/2016 12 a.m. PDT",1617,1627,1261,-356
BANC,"3/29/2016 1 a.m. PDT",1526,1527,1131,-395
BANC,"3/29/2016 2 a.m. PDT",1445,1465,1096,-349
BANC,"3/29/2016 3 a.m. PDT",1403,1440,1064,-339
BANC,"3/29/2016 4 a.m. PDT",1403,1436,1036,-367
BANC,"3/29/2016 5 a.m. PDT",1457,1491,1102,-355
BANC,"3/29/2016 6 a.m. PDT",1609,1603,1233,-376
BANC,"3/29/2016 7 a.m. PDT",1811,1784,1437,-374
BANC,"3/29/2016 8 a.m. PDT",1913,1869,1455,-458
BANC,"3/29/2016 9 a.m. PDT",1877,1859,1336,-541
BANC,"3/29/2016 10 a.m. PDT",1847,1852,1326,-521
BANC,"3/29/2016 11 a.m. PDT",1805,1835,1279,-526
BANC,"3/29/2016 12 p.m. PDT",1801,1830,1292,-509
BANC,"3/29/2016 1 p.m. PDT",1767,1811,1222,-545
BANC,"3/29/2016 2 p.m. PDT",1770,1797,1239,-531
BANC,"3/29/2016 3 p.m. PDT",1745,1783,1204,-541
BANC,"3/29/2016 4 p.m. PDT",1755,1758,1234,-521
BANC,"3/29/2016 5 p.m. PDT",1759,1761,1259,-500
BANC,"3/29/2016 6 p.m. PDT",1790,1785,1264,-526
BANC,"3/29/2016 7 p.m. PDT",1809,1826,1304,-505
BANC,"3/29/2016 8 p.m. PDT",1912,1933,1642,-270
BANC,"3/29/2016 9 p.m. PDT",1987,1995,1811,-176
BANC,"3/29/2016 10 p.m. PDT",1895,1916,1400,-495
BANC,"3/29/2016 11 p.m. PDT",1736,1762,1299,-437
BANC,"3/30/2016 12 a.m. PDT",1582,1609,1119,-463
BANC,"3/30/2016 1 a.m. PDT",1491,1505,1058,-433
BANC,"3/30/2016 2 a.m. PDT",1438,1447,1030,-408
BANC,"3/30/2016 3 a.m. PDT",1393,1408,1018,-375
BANC,"3/30/2016 4 a.m. PDT",1399,1407,974,-425
BANC,"3/30/2016 5 a.m. PDT",1458,1453,1027,-431
BANC,"3/30/2016 6 a.m. PDT",1585,1540,1257,-328
BANC,"3/30/2016 7 a.m. PDT",1788,1742,1539,-249
BANC,"3/30/2016 8 a.m. PDT",1871,1812,1803,-68
BANC,"3/30/2016 9 a.m. PDT",1853,1818,1391,-462
BANC,"3/30/2016 10 a.m. PDT",1837,1804,1449,-388
BANC,"3/30/2016 11 a.m. PDT",1814,1805,1415,-399
BANC,"3/30/2016 12 p.m. PDT",1814,1814,1495,-319
BANC,"3/30/2016 1 p.m. PDT",1782,1797,1482,-300
BANC,"3/30/2016 2 p.m. PDT",1783,1795,1517,-266
BANC,"3/30/2016 3 p.m. PDT",1811,1776,1529,-282
BANC,"3/30/2016 4 p.m. PDT",1801,1780,1528,-273
BANC,"3/30/2016 5 p.m. PDT",1797,1797,1512,-285
BANC,"3/30/2016 6 p.m. PDT",1807,1798,1475,-332
BANC,"3/30/2016 7 p.m. PDT",1838,1821,1575,-263
BANC,"3/30/2016 8 p.m. PDT",1926,1932,1792,-134
BANC,"3/30/2016 9 p.m. PDT",1993,1984,1830,-163
BANC,"3/30/2016 10 p.m. PDT",1904,1901,1728,-176
BANC,"3/30/2016 11 p.m. PDT",1738,1757,1618,-120
BANC,"3/31/2016 12 a.m. PDT",1590,1590,1414,-176
BANC,"3/31/2016 1 a.m. PDT",1495,1504,1337,-159
BANC,"3/31/2016 2 a.m. PDT",1437,1439,1281,-156
BANC,"3/31/2016 3 a.m. PDT",1393,1402,1204,-189
BANC,"3/31/2016 4 a.m. PDT",1376,1394,1187,-189
BANC,"3/31/2016 5 a.m. PDT",1410,1429,1183,-227
BANC,"3/31/2016 6 a.m. PDT",1520,1531,1297,-223
BANC,"3/31/2016 7 a.m. PDT",1705,1732,1719,14
BANC,"3/31/2016 8 a.m. PDT",1775,1856,1690,-85
BANC,"3/31/2016 9 a.m. PDT",1798,1820,1537,-261
BANC,"3/31/2016 10 a.m. PDT",1780,1805,1508,-272
BANC,"3/31/2016 11 a.m. PDT",1788,1791,1589,-199
BANC,"3/31/2016 12 p.m. PDT",1779,1797,1540,-239
BANC,"3/31/2016 1 p.m. PDT",1797,1790,1555,-242
BANC,"3/31/2016 2 p.m. PDT",1782,1796,1521,-261
BANC,"3/31/2016 3 p.m. PDT",1802,1794,1528,-274
BANC,"3/31/2016 4 p.m. PDT",1798,1801,1519,-279
BANC,"3/31/2016 5 p.m. PDT",1813,1817,1566,-246
BANC,"3/31/2016 6 p.m. PDT",1853,1820,1522,-331
BANC,"3/31/2016 7 p.m. PDT",1851,1825,1533,-318
BANC,"3/31/2016 8 p.m. PDT",1931,1929,2028,97
BANC,"3/31/2016 9 p.m. PDT",1998,1979,2069,71
BANC,"3/31/2016 10 p.m. PDT",1895,1891,1750,-145
BANC,"3/31/2016 11 p.m. PDT",1741,1754,1437,-304
BANC,"4/1/2016 12 a.m. PDT",1591,1610,1212,-379
