"BA Code","Timestamp (Hour Ending)","Demand (MWh)","Demand Forecast (MWh)","Net Generation (MWh)","Total Interchange (MWh)"
BANC,"12/1/2017 12 a.m. PST",1764,1770,1259,-505
BANC,"12/1/2017 1 a.m. PST",1653,1684,1230,-423
BANC,"12/1/2017 2 a.m. PST",1610,1625,1243,-367
BANC,"12/1/2017 3 a.m. PST",1580,1599,1270,-310
BANC,"12/1/2017 4 a.m. PST",1585,1601,1215,-370
BANC,"12/1/2017 5 a.m. PST",1645,1659,1206,-439
BANC,"12/1/2017 6 a.m. PST",1795,1793,1292,-503
BANC,"12/1/2017 7 a.m. PST",2009,2024,1288,-721
BANC,"12/1/2017 8 a.m. PST",2087,2108,1352,-735
BANC,"12/1/2017 9 a.m. PST",2059,2074,1274,-785
BANC,"12/1/2017 10 a.m. PST",2015,2046,1220,-795
BANC,"12/1/2017 11 a.m. PST",1972,1990,1217,-755
BANC,"12/1/2017 12 p.m. PST",1951,1960,1208,-743
BANC,"12/1/2017 1 p.m. PST",1896,1941,1154,-742
BANC,"12/1/2017 2 p.m. PST",1887,1920,1150,-737
BANC,"12/1/2017 3 p.m. PST",1897,1911,1173,-724
BANC,"12/1/2017 4 p.m. PST",1921,1927,1315,-606
BANC,"12/1/2017 5 p.m. PST",2021,2039,1322,-699
BANC,"12/1/2017 6 p.m. PST",2190,2237,1520,-670
BANC,"12/1/2017 7 p.m. PST",2184,2238,1511,-673
BANC,"12/1/2017 8 p.m. PST",2150,2213,1272,-878
BANC,"12/1/2017 9 p.m. PST",2121,2169,1265,-856
BANC,"12/1/2017 10 p.m. PST",2046,2081,1238,-808
BANC,"12/1/2017 11 p.m. PST",1932,1950,1203,-729
BANC,"12/2/2017 12 a.m. PST",1801,1809,1230,-571
BANC,"12/2/2017 1 a.m. PST",1696,1717,1272,-424
BANC,"12/2/2017 2 a.m. PST",1638,1645,1238,-400
BANC,"12/2/2017 3 a.m. PST",1607,1601,1218,-389
BANC,"12/2/2017 4 a.m. PST",1602,1577,1210,-392
BANC,"12/2/2017 5 a.m. PST",1623,1588,1222,-401
BANC,"12/2/2017 6 a.m. PST",1687,1642,1256,-431
BANC,"12/2/2017 7 a.m. PST",1803,1739,1182,-621
BANC,"12/2/2017 8 a.m. PST",1858,1821,1143,-715
BANC,"12/2/2017 9 a.m. PST",1912,1894,1167,-745
BANC,"12/2/2017 10 a.m. PST",1931,1937,1252,-679
BANC,"12/2/2017 11 a.m. PST",1890,1919,1136,-754
BANC,"12/2/2017 12 p.m. PST",1844,1898,1093,-751
BANC,"12/2/2017 1 p.m. PST",1827,1874,1104,-723
BANC,"12/2/2017 2 p.m. PST",1825,1842,1015,-810
BANC,"12/2/2017 3 p.m. PST",1808,1830,992,-816
BANC,"12/2/2017 4 p.m. PST",1841,1851,1111,-730
BANC,"12/2/2017 5 p.m. PST",1971,1956,1455,-516
BANC,"12/2/2017 6 p.m. PST",2105,2170,1491,-614
BANC,"12/2/2017 7 p.m. PST",2108,2178,1501,-607
BANC,"12/2/2017 8 p.m. PST",2092,2156,1326,-766
BANC,"12/2/2017 9 p.m. PST",2049,2131,1272,-777
BANC,"12/2/2017 10 p.m. PST",1980,2064,1162,-818
BANC,"12/2/2017 11 p.m. PST",1850,1959,1251,-599
BANC,"12/3/2017 12 a.m. PST",1735,1810,1248,-487
BANC,"12/3/2017 1 a.m. PST",1621,1683,1184,-437
BANC,"12/3/2017 2 a.m. PST",1559,1613,1135,-424
BANC,"12/3/2017 3 a.m. PST",1519,1579,1151,-368
BANC,"12/3/2017 4 a.m. PST",1501,1566,1109,-392
BANC,"12/3/2017 5 a.m. PST",1522,1579,1113,-409
BANC,"12/3/2017 6 a.m. PST",1579,1642,1127,-452
BANC,"12/3/2017 7 a.m. PST",1662,1744,1145,-517
BANC,"12/3/2017 8 a.m. PST",1719,1801,1144,-575
BANC,"12/3/2017 9 a.m. PST",1759,1862,1100,-659
BANC,"12/3/2017 10 a.m. PST",1768,1877,1070,-698
BANC,"12/3/2017 11 a.m. PST",1756,1849,1057,-699
BANC,"12/3/2017 12 p.m. PST",1726,1833,1044,-682
BANC,"12/3/2017 1 p.m. PST",1706,1810,1030,-676
BANC,"12/3/2017 2 p.m. PST",1708,1786,1024,-684
BANC,"12/3/2017 3 p.m. PST",1715,1788,1040,-675
BANC,"12/3/2017 4 p.m. PST",1775,1827,972,-803
BANC,"12/3/2017 5 p.m. PST",1924,1947,1092,-832
BANC,"12/3/2017 6 p.m. PST",2151,2195,1287,-864
BANC,"12/3/2017 7 p.m. PST",2183,2224,1331,-852
BANC,"12/3/2017 8 p.m. PST",2176,2219,1314,-862
BANC,"12/3/2017 9 p.m. PST",2134,2183,1356,-778
BANC,"12/3/2017 10 p.m. PST",2036,2087,1228,-808
BANC,"12/3/2017 11 p.m. PST",1876,1919,1202,-674
BANC,"12/4/2017 12 a.m. PST",1735,1788,1190,-545
BANC,"12/4/2017 1 a.m. PST",1640,1620,1165,-475
BANC,"12/4/2017 2 a.m. PST",1606,1570,1175,-431
BANC,"12/4/2017 3 a.m. PST",1587,1549,1142,-445
BANC,"12/4/2017 4 a.m. PST",1605,1562,1193,-412
BANC,"12/4/2017 5 a.m. PST",1672,1626,1205,-467
BANC,"12/4/2017 6 a.m. PST",1829,1774,1307,-522
BANC,"12/4/2017 7 a.m. PST",2058,2005,1288,-770
BANC,"12/4/2017 8 a.m. PST",2159,2099,1264,-895
BANC,"12/4/2017 9 a.m. PST",2117,2059,1230,-887
BANC,"12/4/2017 10 a.m. PST",2070,2034,1234,-836
BANC,"12/4/2017 11 a.m. PST",2016,1998,1205,-811
BANC,"12/4/2017 12 p.m. PST",1974,1960,1191,-783
BANC,"12/4/2017 1 p.m. PST",1938,1934,1186,-752
BANC,"12/4/2017 2 p.m. PST",1926,1904,1181,-745
BANC,"12/4/2017 3 p.m. PST",1905,1905,1183,-722
BANC,"12/4/2017 4 p.m. PST",1951,1940,1286,-665
BANC,"12/4/2017 5 p.m. PST",2088,2053,1280,-808
BANC,"12/4/2017 6 p.m. PST",2308,2262,1607,-701
BANC,"12/4/2017 7 p.m. PST",2345,2274,1670,-675
BANC,"12/4/2017 8 p.m. PST",2321,2273,1659,-662
BANC,"12/4/2017 9 p.m. PST",2270,2229,1486,-784
BANC,"12/4/2017 10 p.m. PST",2152,2093,1350,-802
BANC,"12/4/2017 11 p.m. PST",1980,1941,1324,-656
BANC,"12/5/2017 12 a.m. PST",1818,1791,1241,-577
BANC,"12/5/2017 1 a.m. PST",1708,1713,1189,-519
BANC,"12/5/2017 2 a.m. PST",1660,1659,1182,-478
BANC,"12/5/2017 3 a.m. PST",1626,1639,1191,-435
BANC,"12/5/2017 4 a.m. PST",1649,1653,1207,-442
BANC,"12/5/2017 5 a.m. PST",1719,1720,1214,-505
BANC,"12/5/2017 6 a.m. PST",1860,1894,1278,-582
BANC,"12/5/2017 7 a.m. PST",2104,2132,1334,-770
BANC,"12/5/2017 8 a.m. PST",2177,2224,1312,-865
BANC,"12/5/2017 9 a.m. PST",2133,2176,1145,-988
BANC,"12/5/2017 10 a.m. PST",2071,2136,1127,-944
BANC,"12/5/2017 11 a.m. PST",2018,2071,1187,-831
BANC,"12/5/2017 12 p.m. PST",1968,2027,1166,-802
BANC,"12/5/2017 1 p.m. PST",1929,1982,1135,-794
BANC,"12/5/2017 2 p.m. PST",1911,1955,1126,-785
BANC,"12/5/2017 3 p.m. PST",1911,1945,1118,-793
BANC,"12/5/2017 4 p.m. PST",1947,1965,1246,-701
BANC,"12/5/2017 5 p.m. PST",2072,2082,1465,-607
BANC,"12/5/2017 6 p.m. PST",2288,2305,1625,-663
BANC,"12/5/2017 7 p.m. PST",2339,2334,1656,-683
BANC,"12/5/2017 8 p.m. PST",2305,2327,1486,-819
BANC,"12/5/2017 9 p.m. PST",2268,2275,1476,-792
BANC,"12/5/2017 10 p.m. PST",2161,2172,1402,-759
BANC,"12/5/2017 11 p.m. PST",1992,2011,1320,-672
BANC,"12/6/2017 12 a.m. PST",1839,1826,1250,-589
BANC,"12/6/2017 1 a.m. PST",1736,1779,1167,-569
BANC,"12/6/2017 2 a.m. PST",1682,1719,1204,-478
BANC,"12/6/2017 3 a.m. PST",1664,1701,1182,-482
BANC,"12/6/2017 4 a.m. PST",1683,1718,1146,-537
BANC,"12/6/2017 5 a.m. PST",1761,1784,1135,-626
BANC,"12/6/2017 6 a.m. PST",1910,1937,1242,-668
BANC,"12/6/2017 7 a.m. PST",2137,2180,1230,-907
BANC,"12/6/2017 8 a.m. PST",2241,2263,1437,-804
BANC,"12/6/2017 9 a.m. PST",2199,2216,1296,-903
BANC,"12/6/2017 10 a.m. PST",2121,2158,1263,-858
BANC,"12/6/2017 11 a.m. PST",2037,2085,1243,-794
BANC,"12/6/2017 12 p.m. PST",1980,2032,1274,-706
BANC,"12/6/2017 1 p.m. PST",1868,1984,1244,-624
BANC,"12/6/2017 2 p.m. PST",1924,1951,1215,-709
BANC,"12/6/2017 3 p.m. PST",1911,1948,1317,-594
BANC,"12/6/2017 4 p.m. PST",1961,1964,1372,-589
BANC,"12/6/2017 5 p.m. PST",2069,2086,1409,-660
BANC,"12/6/2017 6 p.m. PST",2266,2308,1686,-580
BANC,"12/6/2017 7 p.m. PST",2307,2338,1716,-591
BANC,"12/6/2017 8 p.m. PST",2297,2323,1511,-786
BANC,"12/6/2017 9 p.m. PST",2271,2278,1471,-800
BANC,"12/6/2017 10 p.m. PST",2159,2179,1439,-720
BANC,"12/6/2017 11 p.m. PST",1987,2018,1358,-629
BANC,"12/7/2017 12 a.m. PST",1821,1837,1315,-506
BANC,"12/7/2017 1 a.m. PST",1732,1780,1297,-435
BANC,"12/7/2017 2 a.m. PST",1679,1718,1286,-393
BANC,"12/7/2017 3 a.m. PST",1664,1699,1280,-384
BANC,"12/7/2017 4 a.m. PST",1671,1717,1267,-404
BANC,"12/7/2017 5 a.m. PST",1741,1784,1248,-493
BANC,"12/7/2017 6 a.m. PST",1924,1935,1327,-597
BANC,"12/7/2017 7 a.m. PST",2156,2174,1343,-813
BANC,"12/7/2017 8 a.m. PST",2241,2262,1336,-905
BANC,"12/7/2017 9 a.m. PST",2117,2207,1286,-831
BANC,"12/7/2017 10 a.m. PST",2097,2150,1223,-874
BANC,"12/7/2017 11 a.m. PST",2048,2082,1264,-784
BANC,"12/7/2017 12 p.m. PST",1995,2027,1202,-793
BANC,"12/7/2017 1 p.m. PST",1952,1978,1233,-719
BANC,"12/7/2017 2 p.m. PST",1929,1947,1208,-721
BANC,"12/7/2017 3 p.m. PST",1929,1943,1261,-668
BANC,"12/7/2017 4 p.m. PST",1960,1962,1302,-658
BANC,"12/7/2017 5 p.m. PST",2078,2086,1311,-767
BANC,"12/7/2017 6 p.m. PST",2274,2311,1722,-552
BANC,"12/7/2017 7 p.m. PST",2288,2339,1755,-533
BANC,"12/7/2017 8 p.m. PST",2281,2324,1511,-770
BANC,"12/7/2017 9 p.m. PST",2237,2279,1444,-793
BANC,"12/7/2017 10 p.m. PST",2130,2179,1421,-709
BANC,"12/7/2017 11 p.m. PST",1968,2017,1352,-616
BANC,"12/8/2017 12 a.m. PST",1817,1836,1206,-611
BANC,"12/8/2017 1 a.m. PST",1710,1756,1148,-562
BANC,"12/8/2017 2 a.m. PST",1651,1700,1136,-515
BANC,"12/8/2017 3 a.m. PST",1636,1682,1139,-497
BANC,"12/8/2017 4 a.m. PST",1644,1701,1190,-454
BANC,"12/8/2017 5 a.m. PST",1711,1767,1210,-501
BANC,"12/8/2017 6 a.m. PST",1861,1910,1316,-545
BANC,"12/8/2017 7 a.m. PST",2103,2138,1532,-571
BANC,"12/8/2017 8 a.m. PST",2186,2232,1411,-775
BANC,"12/8/2017 9 a.m. PST",2166,2203,1359,-807
BANC,"12/8/2017 10 a.m. PST",2081,2150,1330,-751
BANC,"12/8/2017 11 a.m. PST",2037,2076,1391,-646
BANC,"12/8/2017 12 p.m. PST",1983,2019,1336,-647
BANC,"12/8/2017 1 p.m. PST",1944,1970,1348,-596
BANC,"12/8/2017 2 p.m. PST",1919,1937,1322,-597
BANC,"12/8/2017 3 p.m. PST",1907,1927,1313,-594
BANC,"12/8/2017 4 p.m. PST",1939,1943,1342,-597
BANC,"12/8/2017 5 p.m. PST",2054,2065,1387,-667
BANC,"12/8/2017 6 p.m. PST",2243,2283,1689,-554
BANC,"12/8/2017 7 p.m. PST",2241,2310,1700,-541
BANC,"12/8/2017 8 p.m. PST",2211,2288,1433,-778
BANC,"12/8/2017 9 p.m. PST",2171,2245,1355,-816
BANC,"12/8/2017 10 p.m. PST",2098,2170,1364,-734
BANC,"12/8/2017 11 p.m. PST",1972,2035,1358,-614
BANC,"12/9/2017 12 a.m. PST",1827,1883,1286,-541
BANC,"12/9/2017 1 a.m. PST",1732,1772,1308,-424
BANC,"12/9/2017 2 a.m. PST",1670,1705,1282,-388
BANC,"12/9/2017 3 a.m. PST",1643,1674,1299,-344
BANC,"12/9/2017 4 a.m. PST",1641,1675,1331,-310
BANC,"12/9/2017 5 a.m. PST",1673,1707,1349,-324
BANC,"12/9/2017 6 a.m. PST",1740,1775,1284,-456
BANC,"12/9/2017 7 a.m. PST",1874,1889,1278,-596
BANC,"12/9/2017 8 a.m. PST",1928,1961,1331,-597
BANC,"12/9/2017 9 a.m. PST",1992,2025,1429,-563
BANC,"12/9/2017 10 a.m. PST",1962,2016,1400,-562
BANC,"12/9/2017 11 a.m. PST",1917,1966,1299,-618
BANC,"12/9/2017 12 p.m. PST",1861,1911,1250,-611
BANC,"12/9/2017 1 p.m. PST",1819,1859,1195,-624
BANC,"12/9/2017 2 p.m. PST",1773,1822,1193,-580
BANC,"12/9/2017 3 p.m. PST",1773,1804,1246,-527
BANC,"12/9/2017 4 p.m. PST",1816,1819,1342,-474
BANC,"12/9/2017 5 p.m. PST",1919,1939,1406,-513
BANC,"12/9/2017 6 p.m. PST",2130,2174,1708,-422
BANC,"12/9/2017 7 p.m. PST",2143,2210,1705,-438
BANC,"12/9/2017 8 p.m. PST",2121,2191,1523,-598
BANC,"12/9/2017 9 p.m. PST",2097,2165,1436,-661
BANC,"12/9/2017 10 p.m. PST",2047,2110,1401,-646
BANC,"12/9/2017 11 p.m. PST",1938,2002,1291,-647
BANC,"12/10/2017 12 a.m. PST",1820,1870,1255,-565
BANC,"12/10/2017 1 a.m. PST",1713,1738,1375,-338
BANC,"12/10/2017 2 a.m. PST",1670,1658,1397,-273
BANC,"12/10/2017 3 a.m. PST",1640,1622,1368,-272
BANC,"12/10/2017 4 a.m. PST",1632,1611,1316,-316
BANC,"12/10/2017 5 a.m. PST",1670,1628,1387,-283
BANC,"12/10/2017 6 a.m. PST",1723,1695,1401,-322
BANC,"12/10/2017 7 a.m. PST",1832,1785,1511,-321
BANC,"12/10/2017 8 a.m. PST",1901,1868,1520,-381
BANC,"12/10/2017 9 a.m. PST",1940,1932,1491,-449
BANC,"12/10/2017 10 a.m. PST",1922,1940,1398,-524
BANC,"12/10/2017 11 a.m. PST",1874,1908,1215,-659
BANC,"12/10/2017 12 p.m. PST",1822,1863,1214,-608
BANC,"12/10/2017 1 p.m. PST",1794,1828,1182,-612
BANC,"12/10/2017 2 p.m. PST",1771,1801,1175,-596
BANC,"12/10/2017 3 p.m. PST",1767,1788,1171,-596
BANC,"12/10/2017 4 p.m. PST",1809,1814,1270,-539
BANC,"12/10/2017 5 p.m. PST",1942,1943,1435,-507
BANC,"12/10/2017 6 p.m. PST",2177,2212,1716,-461
BANC,"12/10/2017 7 p.m. PST",2212,2255,1676,-536
BANC,"12/10/2017 8 p.m. PST",2216,2246,1460,-756
BANC,"12/10/2017 9 p.m. PST",2181,2205,1455,-726
BANC,"12/10/2017 10 p.m. PST",2088,2117,1493,-595
BANC,"12/10/2017 11 p.m. PST",1935,1964,1413,-522
BANC,"12/11/2017 12 a.m. PST",1768,1820,1330,-438
BANC,"12/11/2017 1 a.m. PST",1690,1709,1293,-397
BANC,"12/11/2017 2 a.m. PST",1640,1655,1292,-348
BANC,"12/11/2017 3 a.m. PST",1623,1631,1318,-305
BANC,"12/11/2017 4 a.m. PST",1656,1649,1308,-348
BANC,"12/11/2017 5 a.m. PST",1734,1722,1357,-377
BANC,"12/11/2017 6 a.m. PST",1896,1873,1360,-536
BANC,"12/11/2017 7 a.m. PST",2138,2111,1516,-622
BANC,"12/11/2017 8 a.m. PST",2241,2204,1508,-733
BANC,"12/11/2017 9 a.m. PST",2212,2163,1424,-788
BANC,"12/11/2017 10 a.m. PST",2139,2101,1446,-693
BANC,"12/11/2017 11 a.m. PST",2072,2033,1472,-600
BANC,"12/11/2017 12 p.m. PST",2013,1981,1401,-612
BANC,"12/11/2017 1 p.m. PST",1979,1934,1398,-581
BANC,"12/11/2017 2 p.m. PST",1943,1917,1392,-551
BANC,"12/11/2017 3 p.m. PST",1933,1904,1407,-526
BANC,"12/11/2017 4 p.m. PST",1968,1931,1438,-530
BANC,"12/11/2017 5 p.m. PST",2077,2054,1567,-510
BANC,"12/11/2017 6 p.m. PST",2315,2289,1877,-438
BANC,"12/11/2017 7 p.m. PST",2347,2303,1832,-515
BANC,"12/11/2017 8 p.m. PST",2325,2298,1729,-596
BANC,"12/11/2017 9 p.m. PST",2272,2261,1521,-751
BANC,"12/11/2017 10 p.m. PST",2172,2150,1440,-732
BANC,"12/11/2017 11 p.m. PST",1993,1993,1170,-823
BANC,"12/12/2017 12 a.m. PST",1843,1832,1189,-654
BANC,"12/12/2017 1 a.m. PST",1740,1739,1325,-415
BANC,"12/12/2017 2 a.m. PST",1690,1674,1310,-380
BANC,"12/12/2017 3 a.m. PST",1680,1660,1310,-370
BANC,"12/12/2017 4 a.m. PST",1694,1672,1290,-404
BANC,"12/12/2017 5 a.m. PST",1769,1747,1245,-524
BANC,"12/12/2017 6 a.m. PST",1932,1908,1291,-641
BANC,"12/12/2017 7 a.m. PST",2179,2143,1584,-595
BANC,"12/12/2017 8 a.m. PST",2279,2236,1569,-710
BANC,"12/12/2017 9 a.m. PST",2230,2209,1485,-745
BANC,"12/12/2017 10 a.m. PST",2149,2143,1438,-711
BANC,"12/12/2017 11 a.m. PST",2067,2065,1404,-663
BANC,"12/12/2017 12 p.m. PST",2021,2006,1437,-584
BANC,"12/12/2017 1 p.m. PST",1966,1954,1385,-581
BANC,"12/12/2017 2 p.m. PST",1950,1931,1425,-525
BANC,"12/12/2017 3 p.m. PST",1945,1923,1402,-543
BANC,"12/12/2017 4 p.m. PST",1959,1943,1366,-593
BANC,"12/12/2017 5 p.m. PST",2069,2049,1294,-775
BANC,"12/12/2017 6 p.m. PST",2304,2283,1604,-700
BANC,"12/12/2017 7 p.m. PST",2331,2296,1613,-718
BANC,"12/12/2017 8 p.m. PST",2330,2301,1538,-792
BANC,"12/12/2017 9 p.m. PST",2287,2260,1597,-690
BANC,"12/12/2017 10 p.m. PST",2183,2156,1433,-750
BANC,"12/12/2017 11 p.m. PST",2016,1999,1389,-627
BANC,"12/13/2017 12 a.m. PST",1860,1832,1368,-492
BANC,"12/13/2017 1 a.m. PST",1760,1742,1300,-460
BANC,"12/13/2017 2 a.m. PST",1708,1686,1275,-433
BANC,"12/13/2017 3 a.m. PST",1694,1670,1311,-383
BANC,"12/13/2017 4 a.m. PST",1708,1683,1321,-387
BANC,"12/13/2017 5 a.m. PST",1788,1751,1353,-435
BANC,"12/13/2017 6 a.m. PST",1950,1909,1438,-512
BANC,"12/13/2017 7 a.m. PST",2201,2150,1755,-446
BANC,"12/13/2017 8 a.m. PST",2287,2254,1694,-593
BANC,"12/13/2017 9 a.m. PST",2237,2201,1479,-758
BANC,"12/13/2017 10 a.m. PST",2153,2130,1441,-712
BANC,"12/13/2017 11 a.m. PST",2088,2062,1455,-633
BANC,"12/13/2017 12 p.m. PST",2034,1998,1406,-628
BANC,"12/13/2017 1 p.m. PST",1990,1950,1367,-623
BANC,"12/13/2017 2 p.m. PST",1950,1924,1369,-581
BANC,"12/13/2017 3 p.m. PST",1939,1922,1355,-584
BANC,"12/13/2017 4 p.m. PST",1962,1936,1349,-613
BANC,"12/13/2017 5 p.m. PST",2078,2068,1420,-658
BANC,"12/13/2017 6 p.m. PST",2318,2288,1894,-424
BANC,"12/13/2017 7 p.m. PST",2339,2325,1941,-398
BANC,"12/13/2017 8 p.m. PST",2336,2313,1741,-595
BANC,"12/13/2017 9 p.m. PST",2290,2264,1548,-742
BANC,"12/13/2017 10 p.m. PST",2176,2164,1430,-746
BANC,"12/13/2017 11 p.m. PST",2006,2005,1355,-651
BANC,"12/14/2017 12 a.m. PST",1853,1816,1278,-575
BANC,"12/14/2017 1 a.m. PST",1744,1712,1218,-526
BANC,"12/14/2017 2 a.m. PST",1691,1657,1250,-441
BANC,"12/14/2017 3 a.m. PST",1676,1640,1284,-392
BANC,"12/14/2017 4 a.m. PST",1695,1659,1276,-419
BANC,"12/14/2017 5 a.m. PST",1772,1728,1279,-493
BANC,"12/14/2017 6 a.m. PST",1931,1886,1357,-574
BANC,"12/14/2017 7 a.m. PST",2166,2115,1441,-725
BANC,"12/14/2017 8 a.m. PST",2257,2215,1572,-685
BANC,"12/14/2017 9 a.m. PST",2207,2171,1420,-787
BANC,"12/14/2017 10 a.m. PST",2131,2104,1341,-790
BANC,"12/14/2017 11 a.m. PST",2055,2048,1297,-758
BANC,"12/14/2017 12 p.m. PST",1987,1990,1273,-714
BANC,"12/14/2017 1 p.m. PST",1963,1952,1281,-682
BANC,"12/14/2017 2 p.m. PST",1917,1929,1247,-670
BANC,"12/14/2017 3 p.m. PST",1922,1925,1254,-668
BANC,"12/14/2017 4 p.m. PST",1943,1947,1275,-668
BANC,"12/14/2017 5 p.m. PST",2056,2067,1373,-683
BANC,"12/14/2017 6 p.m. PST",2276,2259,1712,-564
BANC,"12/14/2017 7 p.m. PST",2304,2290,1775,-529
BANC,"12/14/2017 8 p.m. PST",2280,2288,1610,-670
BANC,"12/14/2017 9 p.m. PST",2249,2232,1525,-724
BANC,"12/14/2017 10 p.m. PST",2152,2127,1454,-698
BANC,"12/14/2017 11 p.m. PST",1978,1967,1428,-550
BANC,"12/15/2017 12 a.m. PST",1828,1805,1376,-452
BANC,"12/15/2017 1 a.m. PST",1741,1733,1290,-451
BANC,"12/15/2017 2 a.m. PST",1677,1674,1262,-415
BANC,"12/15/2017 3 a.m. PST",1661,1657,1238,-423
BANC,"12/15/2017 4 a.m. PST",1679,1673,1257,-422
BANC,"12/15/2017 5 a.m. PST",1748,1741,1278,-470
BANC,"12/15/2017 6 a.m. PST",1899,1887,1364,-535
BANC,"12/15/2017 7 a.m. PST",2145,2102,1623,-522
BANC,"12/15/2017 8 a.m. PST",2222,2204,1636,-586
BANC,"12/15/2017 9 a.m. PST",2220,2180,1545,-675
BANC,"12/15/2017 10 a.m. PST",2168,2139,1432,-736
BANC,"12/15/2017 11 a.m. PST",2106,2074,1438,-668
BANC,"12/15/2017 12 p.m. PST",2050,2020,1447,-603
BANC,"12/15/2017 1 p.m. PST",1980,1973,1381,-599
BANC,"12/15/2017 2 p.m. PST",1952,1946,1373,-579
BANC,"12/15/2017 3 p.m. PST",1957,1923,1367,-590
BANC,"12/15/2017 4 p.m. PST",1995,1946,1423,-572
BANC,"12/15/2017 5 p.m. PST",2112,2052,1517,-595
BANC,"12/15/2017 6 p.m. PST",2277,2278,1909,-368
BANC,"12/15/2017 7 p.m. PST",2252,2306,1879,-373
BANC,"12/15/2017 8 p.m. PST",2205,2277,1523,-682
BANC,"12/15/2017 9 p.m. PST",2168,2233,1432,-736
BANC,"12/15/2017 10 p.m. PST",2073,2145,1360,-713
BANC,"12/15/2017 11 p.m. PST",1959,2004,1355,-604
BANC,"12/16/2017 12 a.m. PST",1813,1848,1239,-574
BANC,"12/16/2017 1 a.m. PST",1697,1736,1262,-435
BANC,"12/16/2017 2 a.m. PST",1638,1660,1227,-411
BANC,"12/16/2017 3 a.m. PST",1598,1629,1214,-384
BANC,"12/16/2017 4 a.m. PST",1597,1618,1181,-416
BANC,"12/16/2017 5 a.m. PST",1616,1626,1190,-426
BANC,"12/16/2017 6 a.m. PST",1679,1695,1269,-410
BANC,"12/16/2017 7 a.m. PST",1788,1801,1396,-392
BANC,"12/16/2017 8 a.m. PST",1858,1891,1526,-332
BANC,"12/16/2017 9 a.m. PST",1911,1960,1452,-459
BANC,"12/16/2017 10 a.m. PST",1909,1966,1401,-508
BANC,"12/16/2017 11 a.m. PST",1890,1916,1380,-510
BANC,"12/16/2017 12 p.m. PST",1838,1876,1314,-524
BANC,"12/16/2017 1 p.m. PST",1811,1830,1267,-544
BANC,"12/16/2017 2 p.m. PST",1773,1789,1241,-532
BANC,"12/16/2017 3 p.m. PST",1763,1772,1242,-521
BANC,"12/16/2017 4 p.m. PST",1813,1801,1385,-428
BANC,"12/16/2017 5 p.m. PST",1934,1924,1418,-516
BANC,"12/16/2017 6 p.m. PST",2140,2137,1869,-271
BANC,"12/16/2017 7 p.m. PST",2156,2147,1891,-265
BANC,"12/16/2017 8 p.m. PST",2125,2122,1846,-279
BANC,"12/16/2017 9 p.m. PST",2088,2095,1618,-470
BANC,"12/16/2017 10 p.m. PST",2017,2039,1417,-600
BANC,"12/16/2017 11 p.m. PST",1917,1951,1379,-538
BANC,"12/17/2017 12 a.m. PST",1780,1833,1243,-537
BANC,"12/17/2017 1 a.m. PST",1675,1655,1242,-433
BANC,"12/17/2017 2 a.m. PST",1607,1590,1241,-366
BANC,"12/17/2017 3 a.m. PST",1562,1557,1200,-362
BANC,"12/17/2017 4 a.m. PST",1557,1550,1194,-363
BANC,"12/17/2017 5 a.m. PST",1581,1570,1234,-347
BANC,"12/17/2017 6 a.m. PST",1636,1628,1270,-366
BANC,"12/17/2017 7 a.m. PST",1728,1724,1368,-360
BANC,"12/17/2017 8 a.m. PST",1808,1798,1392,-416
BANC,"12/17/2017 9 a.m. PST",1858,1846,1364,-494
BANC,"12/17/2017 10 a.m. PST",1843,1857,1396,-447
BANC,"12/17/2017 11 a.m. PST",1814,1824,1359,-455
BANC,"12/17/2017 12 p.m. PST",1780,1798,1332,-448
BANC,"12/17/2017 1 p.m. PST",1744,1773,1311,-433
BANC,"12/17/2017 2 p.m. PST",1721,1757,1299,-422
BANC,"12/17/2017 3 p.m. PST",1742,1754,1304,-438
BANC,"12/17/2017 4 p.m. PST",1773,1788,1355,-418
BANC,"12/17/2017 5 p.m. PST",1914,1909,1580,-334
BANC,"12/17/2017 6 p.m. PST",2163,2141,1932,-231
BANC,"12/17/2017 7 p.m. PST",2191,2187,1967,-224
BANC,"12/17/2017 8 p.m. PST",2175,2174,1884,-291
BANC,"12/17/2017 9 p.m. PST",2145,2131,1854,-291
BANC,"12/17/2017 10 p.m. PST",2061,2033,1569,-492
BANC,"12/17/2017 11 p.m. PST",1913,1876,1419,-494
BANC,"12/18/2017 12 a.m. PST",1759,1713,1373,-386
BANC,"12/18/2017 1 a.m. PST",1664,1689,1312,-352
BANC,"12/18/2017 2 a.m. PST",1611,1639,1216,-395
BANC,"12/18/2017 3 a.m. PST",1591,1625,1185,-406
BANC,"12/18/2017 4 a.m. PST",1616,1653,1215,-401
BANC,"12/18/2017 5 a.m. PST",1685,1721,1269,-416
BANC,"12/18/2017 6 a.m. PST",1839,1887,1329,-510
BANC,"12/18/2017 7 a.m. PST",2074,2131,1392,-682
BANC,"12/18/2017 8 a.m. PST",2202,2233,1525,-677
BANC,"12/18/2017 9 a.m. PST",2164,2199,1462,-702
BANC,"12/18/2017 10 a.m. PST",2113,2132,1459,-654
BANC,"12/18/2017 11 a.m. PST",2054,2073,1402,-652
BANC,"12/18/2017 12 p.m. PST",1986,2019,1337,-649
BANC,"12/18/2017 1 p.m. PST",1964,1978,1325,-639
BANC,"12/18/2017 2 p.m. PST",1922,1953,1269,-653
BANC,"12/18/2017 3 p.m. PST",1937,1939,1374,-563
BANC,"12/18/2017 4 p.m. PST",1952,1973,1420,-532
BANC,"12/18/2017 5 p.m. PST",2059,2085,1555,-504
BANC,"12/18/2017 6 p.m. PST",2300,2312,1878,-422
BANC,"12/18/2017 7 p.m. PST",2320,2350,1894,-426
BANC,"12/18/2017 8 p.m. PST",2300,2331,1674,-626
BANC,"12/18/2017 9 p.m. PST",2264,2280,1496,-768
BANC,"12/18/2017 10 p.m. PST",2151,2172,1483,-668
BANC,"12/18/2017 11 p.m. PST",1989,2000,1415,-574
BANC,"12/19/2017 12 a.m. PST",1836,1841,1356,-480
BANC,"12/19/2017 1 a.m. PST",1722,1722,1302,-420
BANC,"12/19/2017 2 a.m. PST",1688,1664,1288,-400
BANC,"12/19/2017 3 a.m. PST",1664,1649,1263,-401
BANC,"12/19/2017 4 a.m. PST",1684,1657,1318,-366
BANC,"12/19/2017 5 a.m. PST",1758,1724,1331,-427
BANC,"12/19/2017 6 a.m. PST",1919,1895,1367,-552
BANC,"12/19/2017 7 a.m. PST",2128,2126,1420,-708
BANC,"12/19/2017 8 a.m. PST",2231,2239,1479,-752
BANC,"12/19/2017 9 a.m. PST",2192,2189,1558,-634
BANC,"12/19/2017 10 a.m. PST",2165,2111,1620,-545
BANC,"12/19/2017 11 a.m. PST",2119,2053,1497,-622
BANC,"12/19/2017 12 p.m. PST",2082,1993,1412,-670
BANC,"12/19/2017 1 p.m. PST",2011,1953,1329,-682
BANC,"12/19/2017 2 p.m. PST",1999,1917,1298,-701
BANC,"12/19/2017 3 p.m. PST",2002,1915,1342,-660
BANC,"12/19/2017 4 p.m. PST",2045,1933,1519,-526
BANC,"12/19/2017 5 p.m. PST",2158,2066,1652,-506
BANC,"12/19/2017 6 p.m. PST",2332,2264,1956,-376
BANC,"12/19/2017 7 p.m. PST",2337,2285,1931,-406
BANC,"12/19/2017 8 p.m. PST",2299,2280,1889,-410
BANC,"12/19/2017 9 p.m. PST",2240,2238,1647,-593
BANC,"12/19/2017 10 p.m. PST",2133,2127,1594,-539
BANC,"12/19/2017 11 p.m. PST",1969,1974,1470,-499
BANC,"12/20/2017 12 a.m. PST",1809,1809,1333,-476
BANC,"12/20/2017 1 a.m. PST",1664,1713,1304,-360
BANC,"12/20/2017 2 a.m. PST",1603,1649,1257,-346
BANC,"12/20/2017 3 a.m. PST",1581,1625,1226,-355
BANC,"12/20/2017 4 a.m. PST",1569,1633,1243,-326
BANC,"12/20/2017 5 a.m. PST",1636,1698,1324,-312
BANC,"12/20/2017 6 a.m. PST",1770,1839,1347,-423
BANC,"12/20/2017 7 a.m. PST",1986,2067,1419,-567
BANC,"12/20/2017 8 a.m. PST",2092,2175,1491,-601
BANC,"12/20/2017 9 a.m. PST",2076,2156,1456,-620
BANC,"12/20/2017 10 a.m. PST",2028,2102,1505,-523
BANC,"12/20/2017 11 a.m. PST",1999,2046,1478,-521
BANC,"12/20/2017 12 p.m. PST",1952,2000,1370,-582
BANC,"12/20/2017 1 p.m. PST",1917,1955,1305,-612
BANC,"12/20/2017 2 p.m. PST",1915,1931,1312,-603
BANC,"12/20/2017 3 p.m. PST",1903,1919,1297,-606
BANC,"12/20/2017 4 p.m. PST",1946,1941,1460,-486
BANC,"12/20/2017 5 p.m. PST",2056,2063,1509,-547
BANC,"12/20/2017 6 p.m. PST",2293,2292,1808,-485
BANC,"12/20/2017 7 p.m. PST",2340,2331,2018,-322
BANC,"12/20/2017 8 p.m. PST",2330,2309,1736,-594
BANC,"12/20/2017 9 p.m. PST",2307,2271,1625,-682
BANC,"12/20/2017 10 p.m. PST",2202,2174,1594,-608
BANC,"12/20/2017 11 p.m. PST",2053,2030,1563,-490
BANC,"12/21/2017 12 a.m. PST",1893,1861,1468,-425
BANC,"12/21/2017 1 a.m. PST",1786,1751,1279,-507
BANC,"12/21/2017 2 a.m. PST",1731,1696,1208,-523
BANC,"12/21/2017 3 a.m. PST",1707,1673,1190,-517
BANC,"12/21/2017 4 a.m. PST",1716,1688,1190,-526
BANC,"12/21/2017 5 a.m. PST",1780,1750,1268,-512
BANC,"12/21/2017 6 a.m. PST",1930,1891,1459,-471
BANC,"12/21/2017 7 a.m. PST",2144,2112,1514,-630
BANC,"12/21/2017 8 a.m. PST",2248,2210,1500,-748
BANC,"12/21/2017 9 a.m. PST",2219,2188,1581,-638
BANC,"12/21/2017 10 a.m. PST",2170,2156,1518,-652
BANC,"12/21/2017 11 a.m. PST",2113,2107,1445,-668
BANC,"12/21/2017 12 p.m. PST",2062,2047,1400,-662
BANC,"12/21/2017 1 p.m. PST",2009,1991,1349,-660
BANC,"12/21/2017 2 p.m. PST",1970,1952,1321,-649
BANC,"12/21/2017 3 p.m. PST",1962,1931,1309,-653
BANC,"12/21/2017 4 p.m. PST",1981,1953,1367,-614
BANC,"12/21/2017 5 p.m. PST",2092,2076,1529,-563
BANC,"12/21/2017 6 p.m. PST",2338,2322,1946,-392
BANC,"12/21/2017 7 p.m. PST",2366,2360,1997,-369
BANC,"12/21/2017 8 p.m. PST",2353,2337,1752,-601
BANC,"12/21/2017 9 p.m. PST",2304,2297,1628,-676
BANC,"12/21/2017 10 p.m. PST",2222,2196,1583,-639
BANC,"12/21/2017 11 p.m. PST",2082,2049,1500,-582
BANC,"12/22/2017 12 a.m. PST",1930,1883,1374,-556
BANC,"12/22/2017 1 a.m. PST",1820,1765,1240,-580
BANC,"12/22/2017 2 a.m. PST",1765,1704,1179,-586
BANC,"12/22/2017 3 a.m. PST",1734,1678,1137,-597
BANC,"12/22/2017 4 a.m. PST",1756,1698,1147,-609
BANC,"12/22/2017 5 a.m. PST",1811,1759,1202,-609
BANC,"12/22/2017 6 a.m. PST",1942,1904,1378,-564
BANC,"12/22/2017 7 a.m. PST",2124,2115,1609,-515
BANC,"12/22/2017 8 a.m. PST",2233,2224,1619,-614
BANC,"12/22/2017 9 a.m. PST",2230,2209,1593,-637
BANC,"12/22/2017 10 a.m. PST",2186,2155,1506,-680
BANC,"12/22/2017 11 a.m. PST",2123,2086,1435,-688
BANC,"12/22/2017 12 p.m. PST",2091,2021,1434,-657
BANC,"12/22/2017 1 p.m. PST",2036,1961,1343,-693
BANC,"12/22/2017 2 p.m. PST",2014,1919,1371,-643
BANC,"12/22/2017 3 p.m. PST",2012,1912,1382,-630
BANC,"12/22/2017 4 p.m. PST",2020,1932,1404,-616
BANC,"12/22/2017 5 p.m. PST",2141,2056,1533,-608
BANC,"12/22/2017 6 p.m. PST",2343,2294,1803,-540
BANC,"12/22/2017 7 p.m. PST",2322,2330,1874,-448
BANC,"12/22/2017 8 p.m. PST",2277,2307,1681,-596
BANC,"12/22/2017 9 p.m. PST",2228,2273,1525,-703
BANC,"12/22/2017 10 p.m. PST",2151,2186,1492,-659
BANC,"12/22/2017 11 p.m. PST",2024,2043,1417,-607
BANC,"12/23/2017 12 a.m. PST",1881,1881,1327,-554
BANC,"12/23/2017 1 a.m. PST",1764,1824,1180,-584
BANC,"12/23/2017 2 a.m. PST",1689,1740,1045,-644
BANC,"12/23/2017 3 a.m. PST",1650,1703,997,-653
BANC,"12/23/2017 4 a.m. PST",1637,1704,977,-660
BANC,"12/23/2017 5 a.m. PST",1655,1717,1000,-655
BANC,"12/23/2017 6 a.m. PST",1704,1777,1087,-617
BANC,"12/23/2017 7 a.m. PST",1808,1873,1208,-600
BANC,"12/23/2017 8 a.m. PST",1883,1949,1293,-590
BANC,"12/23/2017 9 a.m. PST",1965,2010,1342,-623
BANC,"12/23/2017 10 a.m. PST",1966,2006,1334,-632
BANC,"12/23/2017 11 a.m. PST",1978,1952,1341,-637
BANC,"12/23/2017 12 p.m. PST",1905,1907,1268,-637
BANC,"12/23/2017 1 p.m. PST",1875,1843,1251,-624
BANC,"12/23/2017 2 p.m. PST",1868,1794,1238,-630
BANC,"12/23/2017 3 p.m. PST",1861,1766,1230,-631
BANC,"12/23/2017 4 p.m. PST",1902,1807,1285,-617
BANC,"12/23/2017 5 p.m. PST",2013,1902,1385,-628
BANC,"12/23/2017 6 p.m. PST",2170,2155,1662,-508
BANC,"12/23/2017 7 p.m. PST",2177,2211,1751,-426
BANC,"12/23/2017 8 p.m. PST",2161,2200,1682,-479
BANC,"12/23/2017 9 p.m. PST",2126,2183,1547,-579
BANC,"12/23/2017 10 p.m. PST",2082,2130,1383,-699
BANC,"12/23/2017 11 p.m. PST",1962,2039,1277,-685
BANC,"12/24/2017 12 a.m. PST",1835,1898,1172,-663
BANC,"12/24/2017 1 a.m. PST",1699,1746,1135,-564
BANC,"12/24/2017 2 a.m. PST",1626,1673,1038,-588
BANC,"12/24/2017 3 a.m. PST",1582,1631,971,-611
BANC,"12/24/2017 4 a.m. PST",1560,1615,957,-603
BANC,"12/24/2017 5 a.m. PST",1582,1636,987,-595
BANC,"12/24/2017 6 a.m. PST",1615,1699,1005,-610
BANC,"12/24/2017 7 a.m. PST",1713,1795,1205,-508
BANC,"12/24/2017 8 a.m. PST",1798,1868,1301,-497
BANC,"12/24/2017 9 a.m. PST",1880,1908,1327,-553
BANC,"12/24/2017 10 a.m. PST",1942,1922,1423,-519
BANC,"12/24/2017 11 a.m. PST",1941,1917,1408,-533
BANC,"12/24/2017 12 p.m. PST",1918,1879,1393,-525
BANC,"12/24/2017 1 p.m. PST",1915,1833,1379,-536
BANC,"12/24/2017 2 p.m. PST",1910,1795,1384,-526
BANC,"12/24/2017 3 p.m. PST",1907,1778,1383,-524
BANC,"12/24/2017 4 p.m. PST",1898,1806,1436,-462
BANC,"12/24/2017 5 p.m. PST",1966,1915,1461,-505
BANC,"12/24/2017 6 p.m. PST",2072,2167,1574,-498
BANC,"12/24/2017 7 p.m. PST",2033,2203,1614,-419
BANC,"12/24/2017 8 p.m. PST",1994,2188,1564,-430
BANC,"12/24/2017 9 p.m. PST",1962,2149,1492,-470
BANC,"12/24/2017 10 p.m. PST",1914,2068,1358,-556
BANC,"12/24/2017 11 p.m. PST",1843,1924,1206,-637
BANC,"12/25/2017 12 a.m. PST",1732,1781,1162,-570
BANC,"12/25/2017 1 a.m. PST",1653,1720,1065,-588
BANC,"12/25/2017 2 a.m. PST",1597,1650,998,-599
BANC,"12/25/2017 3 a.m. PST",1563,1611,957,-606
BANC,"12/25/2017 4 a.m. PST",1554,1597,965,-589
BANC,"12/25/2017 5 a.m. PST",1586,1623,985,-601
BANC,"12/25/2017 6 a.m. PST",1641,1679,1072,-569
BANC,"12/25/2017 7 a.m. PST",1738,1771,1346,-392
BANC,"12/25/2017 8 a.m. PST",1814,1853,1381,-433
BANC,"12/25/2017 9 a.m. PST",1859,1894,1383,-476
BANC,"12/25/2017 10 a.m. PST",1855,1897,1392,-463
BANC,"12/25/2017 11 a.m. PST",1802,1854,1316,-486
BANC,"12/25/2017 12 p.m. PST",1742,1807,1241,-501
BANC,"12/25/2017 1 p.m. PST",1730,1758,1237,-493
BANC,"12/25/2017 2 p.m. PST",1690,1714,1213,-477
BANC,"12/25/2017 3 p.m. PST",1678,1679,1185,-493
BANC,"12/25/2017 4 p.m. PST",1719,1675,1232,-487
BANC,"12/25/2017 5 p.m. PST",1784,1745,1344,-440
BANC,"12/25/2017 6 p.m. PST",1936,1931,1711,-225
BANC,"12/25/2017 7 p.m. PST",1943,1983,1724,-219
BANC,"12/25/2017 8 p.m. PST",1950,1984,1661,-289
BANC,"12/25/2017 9 p.m. PST",1937,1991,1459,-478
BANC,"12/25/2017 10 p.m. PST",1905,1961,1414,-491
BANC,"12/25/2017 11 p.m. PST",1803,1883,1189,-614
BANC,"12/26/2017 12 a.m. PST",1699,1775,1087,-613
BANC,"12/26/2017 1 a.m. PST",1612,1665,992,-620
BANC,"12/26/2017 2 a.m. PST",1558,1613,946,-612
BANC,"12/26/2017 3 a.m. PST",1551,1587,941,-610
BANC,"12/26/2017 4 a.m. PST",1573,1596,957,-616
BANC,"12/26/2017 5 a.m. PST",1636,1653,1026,-610
BANC,"12/26/2017 6 a.m. PST",1743,1758,1163,-580
BANC,"12/26/2017 7 a.m. PST",1892,1909,1244,-648
BANC,"12/26/2017 8 a.m. PST",1983,2007,1387,-596
BANC,"12/26/2017 9 a.m. PST",2024,2032,1433,-591
BANC,"12/26/2017 10 a.m. PST",1999,2041,1394,-605
BANC,"12/26/2017 11 a.m. PST",1952,2016,1351,-601
BANC,"12/26/2017 12 p.m. PST",1926,1993,1305,-621
BANC,"12/26/2017 1 p.m. PST",1873,1942,1262,-611
BANC,"12/26/2017 2 p.m. PST",1851,1898,1234,-617
BANC,"12/26/2017 3 p.m. PST",1837,1866,1229,-608
BANC,"12/26/2017 4 p.m. PST",1862,1863,1264,-598
BANC,"12/26/2017 5 p.m. PST",1959,1980,1403,-556
BANC,"12/26/2017 6 p.m. PST",2170,2218,1668,-502
BANC,"12/26/2017 7 p.m. PST",2192,2262,1707,-485
BANC,"12/26/2017 8 p.m. PST",2162,2239,1579,-583
BANC,"12/26/2017 9 p.m. PST",2130,2202,1662,-468
BANC,"12/26/2017 10 p.m. PST",2045,2098,1453,-592
BANC,"12/26/2017 11 p.m. PST",1910,1965,1267,-643
BANC,"12/27/2017 12 a.m. PST",1773,1812,1148,-625
BANC,"12/27/2017 1 a.m. PST",1683,1683,1072,-611
BANC,"12/27/2017 2 a.m. PST",1623,1619,1010,-613
BANC,"12/27/2017 3 a.m. PST",1611,1599,976,-635
BANC,"12/27/2017 4 a.m. PST",1625,1616,1004,-621
BANC,"12/27/2017 5 a.m. PST",1691,1695,1050,-641
BANC,"12/27/2017 6 a.m. PST",1816,1819,1215,-601
BANC,"12/27/2017 7 a.m. PST",1986,1995,1602,-384
BANC,"12/27/2017 8 a.m. PST",2080,2098,1597,-483
BANC,"12/27/2017 9 a.m. PST",2092,2108,1562,-530
BANC,"12/27/2017 10 a.m. PST",2066,2101,1503,-563
BANC,"12/27/2017 11 a.m. PST",2034,2047,1428,-606
BANC,"12/27/2017 12 p.m. PST",1990,1996,1368,-622
BANC,"12/27/2017 1 p.m. PST",1950,1955,1392,-558
BANC,"12/27/2017 2 p.m. PST",1904,1910,1347,-557
BANC,"12/27/2017 3 p.m. PST",1885,1895,1354,-531
BANC,"12/27/2017 4 p.m. PST",1893,1914,1331,-562
BANC,"12/27/2017 5 p.m. PST",1978,2025,1524,-454
BANC,"12/27/2017 6 p.m. PST",2216,2242,1818,-398
BANC,"12/27/2017 7 p.m. PST",2242,2275,1860,-382
BANC,"12/27/2017 8 p.m. PST",2216,2253,1669,-547
BANC,"12/27/2017 9 p.m. PST",2176,2206,1706,-470
BANC,"12/27/2017 10 p.m. PST",2087,2116,1473,-614
BANC,"12/27/2017 11 p.m. PST",1946,1959,1285,-661
BANC,"12/28/2017 12 a.m. PST",1797,1814,1196,-601
BANC,"12/28/2017 1 a.m. PST",1705,1637,1227,-478
BANC,"12/28/2017 2 a.m. PST",1649,1600,1188,-461
BANC,"12/28/2017 3 a.m. PST",1626,1573,1141,-485
BANC,"12/28/2017 4 a.m. PST",1642,1595,1162,-480
BANC,"12/28/2017 5 a.m. PST",1710,1656,1236,-474
BANC,"12/28/2017 6 a.m. PST",1820,1778,1304,-516
BANC,"12/28/2017 7 a.m. PST",1991,1944,1412,-579
BANC,"12/28/2017 8 a.m. PST",2080,2031,1457,-623
BANC,"12/28/2017 9 a.m. PST",2094,2054,1456,-638
BANC,"12/28/2017 10 a.m. PST",2047,2048,1418,-629
BANC,"12/28/2017 11 a.m. PST",2003,2019,1393,-610
BANC,"12/28/2017 12 p.m. PST",1946,1986,1339,-607
BANC,"12/28/2017 1 p.m. PST",1907,1931,1351,-556
BANC,"12/28/2017 2 p.m. PST",1873,1892,1368,-505
BANC,"12/28/2017 3 p.m. PST",1864,1866,1362,-502
BANC,"12/28/2017 4 p.m. PST",1891,1864,1404,-487
BANC,"12/28/2017 5 p.m. PST",1986,1960,1557,-429
BANC,"12/28/2017 6 p.m. PST",2196,2209,1816,-380
BANC,"12/28/2017 7 p.m. PST",2215,2246,1826,-389
BANC,"12/28/2017 8 p.m. PST",2180,2222,1679,-501
BANC,"12/28/2017 9 p.m. PST",2144,2180,1654,-490
BANC,"12/28/2017 10 p.m. PST",2062,2090,1607,-455
BANC,"12/28/2017 11 p.m. PST",1922,1960,1447,-475
BANC,"12/29/2017 12 a.m. PST",1787,1804,1307,-480
BANC,"12/29/2017 1 a.m. PST",1692,1651,1218,-474
BANC,"12/29/2017 2 a.m. PST",1639,1613,1180,-459
BANC,"12/29/2017 3 a.m. PST",1618,1586,1169,-449
BANC,"12/29/2017 4 a.m. PST",1627,1608,1171,-456
BANC,"12/29/2017 5 a.m. PST",1677,1671,1194,-483
BANC,"12/29/2017 6 a.m. PST",1800,1792,1346,-454
BANC,"12/29/2017 7 a.m. PST",1960,1957,1327,-633
BANC,"12/29/2017 8 a.m. PST",2050,2040,1383,-667
BANC,"12/29/2017 9 a.m. PST",2073,2059,1385,-688
BANC,"12/29/2017 10 a.m. PST",2028,2057,1352,-676
BANC,"12/29/2017 11 a.m. PST",1982,2023,1345,-637
BANC,"12/29/2017 12 p.m. PST",1940,1982,1306,-634
BANC,"12/29/2017 1 p.m. PST",1893,1924,1372,-521
BANC,"12/29/2017 2 p.m. PST",1855,1882,1330,-525
BANC,"12/29/2017 3 p.m. PST",1838,1857,1322,-516
BANC,"12/29/2017 4 p.m. PST",1867,1856,1389,-478
BANC,"12/29/2017 5 p.m. PST",1948,1950,1482,-466
BANC,"12/29/2017 6 p.m. PST",2160,2197,1896,-264
BANC,"12/29/2017 7 p.m. PST",2182,2232,1910,-272
BANC,"12/29/2017 8 p.m. PST",2143,2210,1816,-327
BANC,"12/29/2017 9 p.m. PST",2105,2169,1553,-552
BANC,"12/29/2017 10 p.m. PST",2033,2084,1314,-719
BANC,"12/29/2017 11 p.m. PST",1925,1960,1275,-650
BANC,"12/30/2017 12 a.m. PST",1804,1808,1248,-556
BANC,"12/30/2017 1 a.m. PST",1706,1712,1050,-656
BANC,"12/30/2017 2 a.m. PST",1649,1649,1045,-604
BANC,"12/30/2017 3 a.m. PST",1616,1621,1024,-592
BANC,"12/30/2017 4 a.m. PST",1622,1618,1027,-595
BANC,"12/30/2017 5 a.m. PST",1646,1635,1063,-583
BANC,"12/30/2017 6 a.m. PST",1701,1695,1077,-624
BANC,"12/30/2017 7 a.m. PST",1801,1802,1330,-471
BANC,"12/30/2017 8 a.m. PST",1879,1875,1520,-359
BANC,"12/30/2017 9 a.m. PST",1933,1930,1527,-406
BANC,"12/30/2017 10 a.m. PST",1912,1928,1529,-383
BANC,"12/30/2017 11 a.m. PST",1875,1885,1417,-458
BANC,"12/30/2017 12 p.m. PST",1833,1843,1405,-428
BANC,"12/30/2017 1 p.m. PST",1779,1790,1370,-409
BANC,"12/30/2017 2 p.m. PST",1733,1755,1377,-356
BANC,"12/30/2017 3 p.m. PST",1733,1740,1387,-346
BANC,"12/30/2017 4 p.m. PST",1769,1758,1438,-331
BANC,"12/30/2017 5 p.m. PST",1857,1856,1504,-353
BANC,"12/30/2017 6 p.m. PST",2056,2088,1751,-305
BANC,"12/30/2017 7 p.m. PST",2080,2127,1864,-216
BANC,"12/30/2017 8 p.m. PST",2076,2103,1962,-114
BANC,"12/30/2017 9 p.m. PST",2040,2074,1826,-214
BANC,"12/30/2017 10 p.m. PST",1975,2012,1519,-456
BANC,"12/30/2017 11 p.m. PST",1876,1906,1331,-545
BANC,"12/31/2017 12 a.m. PST",1758,1765,1210,-548
BANC,"12/31/2017 1 a.m. PST",1673,1688,1055,-618
BANC,"12/31/2017 2 a.m. PST",1605,1628,987,-618
BANC,"12/31/2017 3 a.m. PST",1582,1594,966,-616
BANC,"12/31/2017 4 a.m. PST",1571,1580,939,-632
BANC,"12/31/2017 5 a.m. PST",1589,1588,964,-625
BANC,"12/31/2017 6 a.m. PST",1625,1641,1011,-614
BANC,"12/31/2017 7 a.m. PST",1717,1726,1231,-486
BANC,"12/31/2017 8 a.m. PST",1789,1797,1324,-465
BANC,"12/31/2017 9 a.m. PST",1834,1839,1310,-524
BANC,"12/31/2017 10 a.m. PST",1841,1869,1317,-524
BANC,"12/31/2017 11 a.m. PST",1847,1880,1253,-594
BANC,"12/31/2017 12 p.m. PST",1820,1853,1205,-615
BANC,"12/31/2017 1 p.m. PST",1808,1806,1276,-532
BANC,"12/31/2017 2 p.m. PST",1773,1778,1278,-495
BANC,"12/31/2017 3 p.m. PST",1764,1765,1197,-567
BANC,"12/31/2017 4 p.m. PST",1807,1780,1269,-538
BANC,"12/31/2017 5 p.m. PST",1900,1866,1327,-573
BANC,"12/31/2017 6 p.m. PST",2077,2117,1696,-381
BANC,"12/31/2017 7 p.m. PST",2073,2157,1732,-341
BANC,"12/31/2017 8 p.m. PST",2017,2085,1521,-496
BANC,"12/31/2017 9 p.m. PST",1950,2006,1349,-601
BANC,"12/31/2017 10 p.m. PST",1865,1893,1345,-520
BANC,"12/31/2017 11 p.m. PST",1797,1803,1249,-548
BANC,"1/1/2018 12 a.m. PST",1716,1718,1237,-479
