"BA Code","Timestamp (Hour Ending)","Demand (MWh)","Demand Forecast (MWh)","Net Generation (MWh)","Total Interchange (MWh)"
BANC,"4/1/2017 12 a.m. PDT",1633,1675,1298,-335
BANC,"4/1/2017 1 a.m. PDT",1551,1549,1261,-290
BANC,"4/1/2017 2 a.m. PDT",1467,1466,1138,-329
BANC,"4/1/2017 3 a.m. PDT",1439,1420,1138,-301
BANC,"4/1/2017 4 a.m. PDT",1424,1403,1207,-217
BANC,"4/1/2017 5 a.m. PDT",1441,1402,1189,-252
BANC,"4/1/2017 6 a.m. PDT",1491,1446,1281,-210
BANC,"4/1/2017 7 a.m. PDT",1566,1511,1399,-167
BANC,"4/1/2017 8 a.m. PDT",1589,1560,1404,-185
BANC,"4/1/2017 9 a.m. PDT",1636,1605,1408,-228
BANC,"4/1/2017 10 a.m. PDT",1674,1655,1324,-350
BANC,"4/1/2017 11 a.m. PDT",1687,1682,1317,-370
BANC,"4/1/2017 12 p.m. PDT",1675,1673,1302,-373
BANC,"4/1/2017 1 p.m. PDT",1659,1670,1269,-390
BANC,"4/1/2017 2 p.m. PDT",1666,1678,1253,-413
BANC,"4/1/2017 3 p.m. PDT",1666,1675,1285,-381
BANC,"4/1/2017 4 p.m. PDT",1694,1690,1279,-415
BANC,"4/1/2017 5 p.m. PDT",1745,1717,1221,-524
BANC,"4/1/2017 6 p.m. PDT",1794,1753,1341,-453
BANC,"4/1/2017 7 p.m. PDT",1836,1786,1454,-382
BANC,"4/1/2017 8 p.m. PDT",1909,1871,1554,-355
BANC,"4/1/2017 9 p.m. PDT",1954,1923,1612,-342
BANC,"4/1/2017 10 p.m. PDT",1904,1853,1693,-211
BANC,"4/1/2017 11 p.m. PDT",1800,1748,1614,-186
BANC,"4/2/2017 12 a.m. PDT",1669,1627,1418,-251
BANC,"4/2/2017 1 a.m. PDT",1559,1530,1324,-235
BANC,"4/2/2017 2 a.m. PDT",1480,1458,1310,-170
BANC,"4/2/2017 3 a.m. PDT",1440,1408,1314,-126
BANC,"4/2/2017 4 a.m. PDT",1422,1387,1303,-119
BANC,"4/2/2017 5 a.m. PDT",1408,1378,1302,-106
BANC,"4/2/2017 6 a.m. PDT",1449,1415,1509,60
BANC,"4/2/2017 7 a.m. PDT",1493,1451,1614,121
BANC,"4/2/2017 8 a.m. PDT",1494,1484,1560,66
BANC,"4/2/2017 9 a.m. PDT",1552,1524,1410,-142
BANC,"4/2/2017 10 a.m. PDT",1595,1581,1395,-200
BANC,"4/2/2017 11 a.m. PDT",1627,1606,1377,-250
BANC,"4/2/2017 12 p.m. PDT",1657,1655,1407,-250
BANC,"4/2/2017 1 p.m. PDT",1668,1671,1405,-263
BANC,"4/2/2017 2 p.m. PDT",1682,1690,1409,-273
BANC,"4/2/2017 3 p.m. PDT",1707,1719,1410,-297
BANC,"4/2/2017 4 p.m. PDT",1756,1736,1486,-270
BANC,"4/2/2017 5 p.m. PDT",1808,1785,1575,-233
BANC,"4/2/2017 6 p.m. PDT",1895,1818,1679,-216
BANC,"4/2/2017 7 p.m. PDT",1952,1854,1833,-119
BANC,"4/2/2017 8 p.m. PDT",2024,1942,1965,-59
BANC,"4/2/2017 9 p.m. PDT",2081,2008,1976,-105
BANC,"4/2/2017 10 p.m. PDT",1982,1919,1874,-108
BANC,"4/2/2017 11 p.m. PDT",1811,1772,1629,-182
BANC,"4/3/2017 12 a.m. PDT",1636,1603,1510,-126
BANC,"4/3/2017 1 a.m. PDT",1522,1519,1232,-290
BANC,"4/3/2017 2 a.m. PDT",1456,1447,1164,-292
BANC,"4/3/2017 3 a.m. PDT",1437,1416,1152,-285
BANC,"4/3/2017 4 a.m. PDT",1424,1413,1183,-241
BANC,"4/3/2017 5 a.m. PDT",1469,1445,1280,-189
BANC,"4/3/2017 6 a.m. PDT",1564,1566,1485,-79
BANC,"4/3/2017 7 a.m. PDT",1737,1743,1623,-114
BANC,"4/3/2017 8 a.m. PDT",1797,1819,1595,-202
BANC,"4/3/2017 9 a.m. PDT",1815,1803,1676,-139
BANC,"4/3/2017 10 a.m. PDT",1829,1814,1676,-153
BANC,"4/3/2017 11 a.m. PDT",1836,1825,1644,-192
BANC,"4/3/2017 12 p.m. PDT",1836,1832,1540,-296
BANC,"4/3/2017 1 p.m. PDT",1855,1842,1569,-286
BANC,"4/3/2017 2 p.m. PDT",1863,1857,1545,-318
BANC,"4/3/2017 3 p.m. PDT",1859,1873,1555,-304
BANC,"4/3/2017 4 p.m. PDT",1876,1886,1577,-299
BANC,"4/3/2017 5 p.m. PDT",1893,1913,1711,-182
BANC,"4/3/2017 6 p.m. PDT",1904,1927,1790,-114
BANC,"4/3/2017 7 p.m. PDT",1955,1945,1895,-60
BANC,"4/3/2017 8 p.m. PDT",2012,2010,1988,-24
BANC,"4/3/2017 9 p.m. PDT",2065,2078,2046,-19
BANC,"4/3/2017 10 p.m. PDT",1962,1970,1965,3
BANC,"4/3/2017 11 p.m. PDT",1799,1808,1672,-127
BANC,"4/4/2017 12 a.m. PDT",1646,1641,1444,-202
BANC,"4/4/2017 1 a.m. PDT",1532,1539,1235,-297
BANC,"4/4/2017 2 a.m. PDT",1473,1466,1202,-271
BANC,"4/4/2017 3 a.m. PDT",1442,1432,1194,-248
BANC,"4/4/2017 4 a.m. PDT",1433,1427,1214,-219
BANC,"4/4/2017 5 a.m. PDT",1479,1461,1209,-270
BANC,"4/4/2017 6 a.m. PDT",1577,1576,1431,-146
BANC,"4/4/2017 7 a.m. PDT",1780,1735,1639,-141
BANC,"4/4/2017 8 a.m. PDT",1838,1817,1569,-269
BANC,"4/4/2017 9 a.m. PDT",1833,1807,1576,-257
BANC,"4/4/2017 10 a.m. PDT",1833,1823,1523,-310
BANC,"4/4/2017 11 a.m. PDT",1855,1843,1509,-346
BANC,"4/4/2017 12 p.m. PDT",1849,1856,1486,-363
BANC,"4/4/2017 1 p.m. PDT",1849,1867,1484,-365
BANC,"4/4/2017 2 p.m. PDT",1874,1884,1487,-387
BANC,"4/4/2017 3 p.m. PDT",1881,1898,1523,-358
BANC,"4/4/2017 4 p.m. PDT",1982,1908,1600,-382
BANC,"4/4/2017 5 p.m. PDT",1949,1931,1582,-367
BANC,"4/4/2017 6 p.m. PDT",1982,1927,1648,-334
BANC,"4/4/2017 7 p.m. PDT",1980,1934,1850,-130
BANC,"4/4/2017 8 p.m. PDT",2063,1986,1991,-72
BANC,"4/4/2017 9 p.m. PDT",2076,2060,1966,-110
BANC,"4/4/2017 10 p.m. PDT",1986,1966,1912,-74
BANC,"4/4/2017 11 p.m. PDT",1809,1814,1666,-143
BANC,"4/5/2017 12 a.m. PDT",1645,1650,1333,-312
BANC,"4/5/2017 1 a.m. PDT",1543,1548,1160,-383
BANC,"4/5/2017 2 a.m. PDT",1482,1477,1142,-340
BANC,"4/5/2017 3 a.m. PDT",1449,1436,1104,-345
BANC,"4/5/2017 4 a.m. PDT",1456,1433,1131,-325
BANC,"4/5/2017 5 a.m. PDT",1485,1476,1079,-406
BANC,"4/5/2017 6 a.m. PDT",1586,1588,1318,-268
BANC,"4/5/2017 7 a.m. PDT",1784,1775,1802,18
BANC,"4/5/2017 8 a.m. PDT",1835,1850,1833,-2
BANC,"4/5/2017 9 a.m. PDT",1830,1830,1548,-282
BANC,"4/5/2017 10 a.m. PDT",1855,1845,1448,-407
BANC,"4/5/2017 11 a.m. PDT",1859,1855,1427,-432
BANC,"4/5/2017 12 p.m. PDT",1891,1860,1357,-534
BANC,"4/5/2017 1 p.m. PDT",1900,1870,1486,-414
BANC,"4/5/2017 2 p.m. PDT",1944,1882,1585,-359
BANC,"4/5/2017 3 p.m. PDT",1960,1893,1643,-317
BANC,"4/5/2017 4 p.m. PDT",1973,1897,1712,-261
BANC,"4/5/2017 5 p.m. PDT",1981,1906,1652,-329
BANC,"4/5/2017 6 p.m. PDT",1988,1914,1627,-361
BANC,"4/5/2017 7 p.m. PDT",1977,1957,1849,-128
BANC,"4/5/2017 8 p.m. PDT",2046,2037,1966,-80
BANC,"4/5/2017 9 p.m. PDT",2076,2109,1947,-129
BANC,"4/5/2017 10 p.m. PDT",1988,1990,1848,-140
BANC,"4/5/2017 11 p.m. PDT",1802,1821,1549,-253
BANC,"4/6/2017 12 a.m. PDT",1650,1662,1255,-395
BANC,"4/6/2017 1 a.m. PDT",1530,1532,1346,-184
BANC,"4/6/2017 2 a.m. PDT",1483,1454,1344,-139
BANC,"4/6/2017 3 a.m. PDT",1449,1432,1369,-80
BANC,"4/6/2017 4 a.m. PDT",1439,1426,1350,-89
BANC,"4/6/2017 5 a.m. PDT",1478,1457,1328,-150
BANC,"4/6/2017 6 a.m. PDT",1584,1564,1324,-260
BANC,"4/6/2017 7 a.m. PDT",1761,1729,1499,-262
BANC,"4/6/2017 8 a.m. PDT",1860,1809,1594,-266
BANC,"4/6/2017 9 a.m. PDT",1891,1805,1605,-286
BANC,"4/6/2017 10 a.m. PDT",1931,1816,1641,-290
BANC,"4/6/2017 11 a.m. PDT",1940,1835,1648,-292
BANC,"4/6/2017 12 p.m. PDT",1967,1846,1643,-324
BANC,"4/6/2017 1 p.m. PDT",1921,1845,1482,-439
BANC,"4/6/2017 2 p.m. PDT",1933,1849,1505,-428
BANC,"4/6/2017 3 p.m. PDT",1930,1864,1509,-421
BANC,"4/6/2017 4 p.m. PDT",1921,1863,1565,-356
BANC,"4/6/2017 5 p.m. PDT",1928,1870,1456,-472
BANC,"4/6/2017 6 p.m. PDT",1960,1889,1497,-463
BANC,"4/6/2017 7 p.m. PDT",2074,1890,1813,-261
BANC,"4/6/2017 8 p.m. PDT",2084,1964,1925,-159
BANC,"4/6/2017 9 p.m. PDT",2105,2039,1963,-142
BANC,"4/6/2017 10 p.m. PDT",2007,1946,1745,-262
BANC,"4/6/2017 11 p.m. PDT",1852,1800,1536,-316
BANC,"4/7/2017 12 a.m. PDT",1710,1637,1402,-308
BANC,"4/7/2017 1 a.m. PDT",1602,1546,1454,-148
BANC,"4/7/2017 2 a.m. PDT",1546,1503,1475,-71
BANC,"4/7/2017 3 a.m. PDT",1518,1469,1496,-22
BANC,"4/7/2017 4 a.m. PDT",1516,1462,1463,-53
BANC,"4/7/2017 5 a.m. PDT",1559,1491,1389,-170
BANC,"4/7/2017 6 a.m. PDT",1676,1596,1446,-230
BANC,"4/7/2017 7 a.m. PDT",1853,1770,1475,-378
BANC,"4/7/2017 8 a.m. PDT",1943,1862,1533,-410
BANC,"4/7/2017 9 a.m. PDT",1986,1883,1741,-245
BANC,"4/7/2017 10 a.m. PDT",2025,1896,1743,-282
BANC,"4/7/2017 11 a.m. PDT",2037,1921,1658,-379
BANC,"4/7/2017 12 p.m. PDT",2013,1930,1623,-390
BANC,"4/7/2017 1 p.m. PDT",2008,1918,1525,-483
BANC,"4/7/2017 2 p.m. PDT",1989,1909,1531,-458
BANC,"4/7/2017 3 p.m. PDT",1975,1897,1543,-432
BANC,"4/7/2017 4 p.m. PDT",1949,1889,1476,-473
BANC,"4/7/2017 5 p.m. PDT",1963,1895,1564,-399
BANC,"4/7/2017 6 p.m. PDT",1961,1905,1591,-370
BANC,"4/7/2017 7 p.m. PDT",1947,1911,1616,-331
BANC,"4/7/2017 8 p.m. PDT",2021,1985,1824,-197
BANC,"4/7/2017 9 p.m. PDT",2069,2047,1949,-120
BANC,"4/7/2017 10 p.m. PDT",2008,1967,1855,-153
BANC,"4/7/2017 11 p.m. PDT",1888,1824,1713,-175
BANC,"4/8/2017 12 a.m. PDT",1785,1674,1574,-211
BANC,"4/8/2017 1 a.m. PDT",1673,1561,1508,-165
BANC,"4/8/2017 2 a.m. PDT",1594,1479,1449,-145
BANC,"4/8/2017 3 a.m. PDT",1538,1429,1394,-144
BANC,"4/8/2017 4 a.m. PDT",1535,1415,1415,-120
BANC,"4/8/2017 5 a.m. PDT",1535,1410,1505,-30
BANC,"4/8/2017 6 a.m. PDT",1602,1452,1624,22
BANC,"4/8/2017 7 a.m. PDT",1643,1506,1561,-82
BANC,"4/8/2017 8 a.m. PDT",1680,1553,1472,-208
BANC,"4/8/2017 9 a.m. PDT",1752,1637,1541,-211
BANC,"4/8/2017 10 a.m. PDT",1799,1712,1516,-283
BANC,"4/8/2017 11 a.m. PDT",1922,1760,1573,-349
BANC,"4/8/2017 12 p.m. PDT",1952,1771,1599,-353
BANC,"4/8/2017 1 p.m. PDT",1885,1773,1486,-399
BANC,"4/8/2017 2 p.m. PDT",1806,1764,1347,-459
BANC,"4/8/2017 3 p.m. PDT",1756,1749,1296,-460
BANC,"4/8/2017 4 p.m. PDT",1704,1763,1318,-386
BANC,"4/8/2017 5 p.m. PDT",1694,1769,1435,-259
BANC,"4/8/2017 6 p.m. PDT",1745,1790,1598,-147
BANC,"4/8/2017 7 p.m. PDT",1804,1815,1825,21
BANC,"4/8/2017 8 p.m. PDT",1889,1876,1947,58
BANC,"4/8/2017 9 p.m. PDT",2012,1941,1951,-61
BANC,"4/8/2017 10 p.m. PDT",1966,1868,1788,-178
BANC,"4/8/2017 11 p.m. PDT",1875,1759,1753,-122
BANC,"4/9/2017 12 a.m. PDT",1733,1631,1609,-124
BANC,"4/9/2017 1 a.m. PDT",1641,1472,1601,-40
BANC,"4/9/2017 2 a.m. PDT",1579,1404,1601,22
BANC,"4/9/2017 3 a.m. PDT",1546,1363,1449,-97
BANC,"4/9/2017 4 a.m. PDT",1543,1347,1450,-93
BANC,"4/9/2017 5 a.m. PDT",1565,1356,1579,14
BANC,"4/9/2017 6 a.m. PDT",1623,1395,1685,62
BANC,"4/9/2017 7 a.m. PDT",1652,1441,1642,-10
BANC,"4/9/2017 8 a.m. PDT",1682,1467,1593,-89
BANC,"4/9/2017 9 a.m. PDT",1712,1525,1630,-82
BANC,"4/9/2017 10 a.m. PDT",1719,1576,1506,-213
BANC,"4/9/2017 11 a.m. PDT",1681,1611,1412,-269
BANC,"4/9/2017 12 p.m. PDT",1656,1611,1358,-298
BANC,"4/9/2017 1 p.m. PDT",1619,1599,1333,-286
BANC,"4/9/2017 2 p.m. PDT",1596,1586,1306,-290
BANC,"4/9/2017 3 p.m. PDT",1578,1572,1357,-221
BANC,"4/9/2017 4 p.m. PDT",1583,1586,1367,-216
BANC,"4/9/2017 5 p.m. PDT",1616,1595,1539,-77
BANC,"4/9/2017 6 p.m. PDT",1696,1634,1694,-2
BANC,"4/9/2017 7 p.m. PDT",1788,1684,2011,223
BANC,"4/9/2017 8 p.m. PDT",1890,1786,2035,145
BANC,"4/9/2017 9 p.m. PDT",1973,1892,2033,60
BANC,"4/9/2017 10 p.m. PDT",1911,1812,1911,0
BANC,"4/9/2017 11 p.m. PDT",1807,1681,1512,-295
BANC,"4/10/2017 12 a.m. PDT",1664,1528,1298,-366
BANC,"4/10/2017 1 a.m. PDT",1577,1513,1113,-464
BANC,"4/10/2017 2 a.m. PDT",1518,1454,1099,-419
BANC,"4/10/2017 3 a.m. PDT",1509,1432,1074,-435
BANC,"4/10/2017 4 a.m. PDT",1527,1432,1085,-442
BANC,"4/10/2017 5 a.m. PDT",1582,1458,1109,-473
BANC,"4/10/2017 6 a.m. PDT",1691,1581,1211,-480
BANC,"4/10/2017 7 a.m. PDT",1853,1773,1307,-546
BANC,"4/10/2017 8 a.m. PDT",1908,1837,1386,-522
BANC,"4/10/2017 9 a.m. PDT",1905,1843,1417,-488
BANC,"4/10/2017 10 a.m. PDT",1890,1827,1418,-472
BANC,"4/10/2017 11 a.m. PDT",1870,1820,1320,-550
BANC,"4/10/2017 12 p.m. PDT",1846,1817,1347,-499
BANC,"4/10/2017 1 p.m. PDT",1835,1826,1325,-510
BANC,"4/10/2017 2 p.m. PDT",1847,1820,1346,-501
BANC,"4/10/2017 3 p.m. PDT",1836,1822,1336,-500
BANC,"4/10/2017 4 p.m. PDT",1838,1819,1383,-455
BANC,"4/10/2017 5 p.m. PDT",1873,1822,1398,-475
BANC,"4/10/2017 6 p.m. PDT",1897,1834,1474,-423
BANC,"4/10/2017 7 p.m. PDT",1930,1873,1619,-311
BANC,"4/10/2017 8 p.m. PDT",1972,1953,1570,-402
BANC,"4/10/2017 9 p.m. PDT",2048,2017,1568,-480
BANC,"4/10/2017 10 p.m. PDT",1972,1914,1522,-450
BANC,"4/10/2017 11 p.m. PDT",1821,1766,1457,-364
BANC,"4/11/2017 12 a.m. PDT",1687,1621,1231,-456
BANC,"4/11/2017 1 a.m. PDT",1588,1543,1085,-503
BANC,"4/11/2017 2 a.m. PDT",1517,1480,1025,-492
BANC,"4/11/2017 3 a.m. PDT",1489,1440,1022,-467
BANC,"4/11/2017 4 a.m. PDT",1470,1431,1016,-454
BANC,"4/11/2017 5 a.m. PDT",1518,1470,1073,-445
BANC,"4/11/2017 6 a.m. PDT",1622,1570,1337,-285
BANC,"4/11/2017 7 a.m. PDT",1758,1741,1375,-383
BANC,"4/11/2017 8 a.m. PDT",1826,1813,1370,-456
BANC,"4/11/2017 9 a.m. PDT",1886,1835,1429,-457
BANC,"4/11/2017 10 a.m. PDT",1944,1854,1406,-538
BANC,"4/11/2017 11 a.m. PDT",1939,1849,1391,-548
BANC,"4/11/2017 12 p.m. PDT",1932,1837,1337,-595
BANC,"4/11/2017 1 p.m. PDT",1941,1835,1326,-615
BANC,"4/11/2017 2 p.m. PDT",1903,1822,1328,-575
BANC,"4/11/2017 3 p.m. PDT",1899,1819,1296,-603
BANC,"4/11/2017 4 p.m. PDT",1900,1820,1331,-569
BANC,"4/11/2017 5 p.m. PDT",1915,1828,1371,-544
BANC,"4/11/2017 6 p.m. PDT",1918,1843,1508,-410
BANC,"4/11/2017 7 p.m. PDT",1939,1868,1571,-368
BANC,"4/11/2017 8 p.m. PDT",2005,1947,1494,-511
BANC,"4/11/2017 9 p.m. PDT",2031,2029,1490,-541
BANC,"4/11/2017 10 p.m. PDT",1957,1920,1453,-504
BANC,"4/11/2017 11 p.m. PDT",1811,1779,1525,-286
BANC,"4/12/2017 12 a.m. PDT",1664,1615,1238,-426
BANC,"4/12/2017 1 a.m. PDT",1566,1564,1182,-384
BANC,"4/12/2017 2 a.m. PDT",1504,1498,1174,-330
BANC,"4/12/2017 3 a.m. PDT",1477,1469,1158,-319
BANC,"4/12/2017 4 a.m. PDT",1474,1457,1166,-308
BANC,"4/12/2017 5 a.m. PDT",1504,1476,1157,-347
BANC,"4/12/2017 6 a.m. PDT",1597,1578,1218,-379
BANC,"4/12/2017 7 a.m. PDT",1773,1732,1449,-324
BANC,"4/12/2017 8 a.m. PDT",1818,1820,1461,-357
BANC,"4/12/2017 9 a.m. PDT",1849,1835,1379,-470
BANC,"4/12/2017 10 a.m. PDT",1893,1863,1408,-485
BANC,"4/12/2017 11 a.m. PDT",1906,1859,1419,-487
BANC,"4/12/2017 12 p.m. PDT",1920,1860,1362,-558
BANC,"4/12/2017 1 p.m. PDT",1915,1843,1427,-488
BANC,"4/12/2017 2 p.m. PDT",1900,1835,1420,-480
BANC,"4/12/2017 3 p.m. PDT",1873,1838,1429,-444
BANC,"4/12/2017 4 p.m. PDT",1852,1834,1350,-502
BANC,"4/12/2017 5 p.m. PDT",1865,1861,1387,-478
BANC,"4/12/2017 6 p.m. PDT",1919,1873,1357,-562
BANC,"4/12/2017 7 p.m. PDT",1951,1907,1595,-356
BANC,"4/12/2017 8 p.m. PDT",2013,1983,1660,-353
BANC,"4/12/2017 9 p.m. PDT",2051,2043,1700,-351
BANC,"4/12/2017 10 p.m. PDT",1966,1954,1589,-377
BANC,"4/12/2017 11 p.m. PDT",1800,1814,1507,-293
BANC,"4/13/2017 12 a.m. PDT",1655,1671,1501,-154
BANC,"4/13/2017 1 a.m. PDT",1558,1577,1492,-66
BANC,"4/13/2017 2 a.m. PDT",1494,1490,1412,-82
BANC,"4/13/2017 3 a.m. PDT",1465,1461,1415,-50
BANC,"4/13/2017 4 a.m. PDT",1457,1455,1418,-39
BANC,"4/13/2017 5 a.m. PDT",1501,1488,1428,-73
BANC,"4/13/2017 6 a.m. PDT",1595,1598,1485,-110
BANC,"4/13/2017 7 a.m. PDT",1750,1747,1521,-229
BANC,"4/13/2017 8 a.m. PDT",1817,1850,1445,-372
BANC,"4/13/2017 9 a.m. PDT",1872,1873,1498,-374
BANC,"4/13/2017 10 a.m. PDT",1840,1898,1532,-308
BANC,"4/13/2017 11 a.m. PDT",1850,1906,1529,-321
BANC,"4/13/2017 12 p.m. PDT",1931,1914,1554,-377
BANC,"4/13/2017 1 p.m. PDT",1889,1897,1511,-378
BANC,"4/13/2017 2 p.m. PDT",1859,1894,1420,-439
BANC,"4/13/2017 3 p.m. PDT",1831,1882,1412,-419
BANC,"4/13/2017 4 p.m. PDT",1800,1861,1296,-504
BANC,"4/13/2017 5 p.m. PDT",1793,1863,1367,-426
BANC,"4/13/2017 6 p.m. PDT",1835,1871,1432,-403
BANC,"4/13/2017 7 p.m. PDT",1865,1887,1570,-295
BANC,"4/13/2017 8 p.m. PDT",1920,1956,1663,-257
BANC,"4/13/2017 9 p.m. PDT",2021,2013,1748,-273
BANC,"4/13/2017 10 p.m. PDT",1979,1950,1575,-404
BANC,"4/13/2017 11 p.m. PDT",1862,1825,1556,-306
BANC,"4/14/2017 12 a.m. PDT",1714,1682,1373,-341
BANC,"4/14/2017 1 a.m. PDT",1607,1590,1409,-198
BANC,"4/14/2017 2 a.m. PDT",1550,1523,1402,-148
BANC,"4/14/2017 3 a.m. PDT",1535,1501,1347,-188
BANC,"4/14/2017 4 a.m. PDT",1536,1496,1434,-102
BANC,"4/14/2017 5 a.m. PDT",1590,1553,1452,-138
BANC,"4/14/2017 6 a.m. PDT",1691,1673,1440,-251
BANC,"4/14/2017 7 a.m. PDT",1818,1822,1477,-341
BANC,"4/14/2017 8 a.m. PDT",1855,1894,1524,-331
BANC,"4/14/2017 9 a.m. PDT",1873,1912,1460,-413
BANC,"4/14/2017 10 a.m. PDT",1858,1900,1494,-364
BANC,"4/14/2017 11 a.m. PDT",1829,1894,1611,-218
BANC,"4/14/2017 12 p.m. PDT",1801,1868,1485,-316
BANC,"4/14/2017 1 p.m. PDT",1775,1849,1461,-314
BANC,"4/14/2017 2 p.m. PDT",1748,1835,1431,-317
BANC,"4/14/2017 3 p.m. PDT",1724,1813,1403,-321
BANC,"4/14/2017 4 p.m. PDT",1723,1808,1399,-324
BANC,"4/14/2017 5 p.m. PDT",1736,1812,1386,-350
BANC,"4/14/2017 6 p.m. PDT",1768,1830,1609,-159
BANC,"4/14/2017 7 p.m. PDT",1802,1856,1606,-196
BANC,"4/14/2017 8 p.m. PDT",1891,1953,1563,-328
BANC,"4/14/2017 9 p.m. PDT",1992,2026,1617,-375
BANC,"4/14/2017 10 p.m. PDT",1945,1946,1621,-324
BANC,"4/14/2017 11 p.m. PDT",1844,1821,1629,-215
BANC,"4/15/2017 12 a.m. PDT",1734,1677,1540,-194
BANC,"4/15/2017 1 a.m. PDT",1609,1605,1415,-194
BANC,"4/15/2017 2 a.m. PDT",1552,1534,1414,-138
BANC,"4/15/2017 3 a.m. PDT",1527,1499,1451,-76
BANC,"4/15/2017 4 a.m. PDT",1507,1479,1433,-74
BANC,"4/15/2017 5 a.m. PDT",1529,1511,1395,-134
BANC,"4/15/2017 6 a.m. PDT",1572,1571,1380,-192
BANC,"4/15/2017 7 a.m. PDT",1632,1635,1398,-234
BANC,"4/15/2017 8 a.m. PDT",1651,1692,1416,-235
BANC,"4/15/2017 9 a.m. PDT",1693,1738,1455,-238
BANC,"4/15/2017 10 a.m. PDT",1710,1761,1529,-181
BANC,"4/15/2017 11 a.m. PDT",1692,1754,1485,-207
BANC,"4/15/2017 12 p.m. PDT",1666,1740,1336,-330
BANC,"4/15/2017 1 p.m. PDT",1650,1717,1416,-234
BANC,"4/15/2017 2 p.m. PDT",1617,1704,1399,-218
BANC,"4/15/2017 3 p.m. PDT",1621,1698,1414,-207
BANC,"4/15/2017 4 p.m. PDT",1629,1677,1441,-188
BANC,"4/15/2017 5 p.m. PDT",1671,1691,1478,-193
BANC,"4/15/2017 6 p.m. PDT",1720,1734,1561,-159
BANC,"4/15/2017 7 p.m. PDT",1762,1770,1616,-146
BANC,"4/15/2017 8 p.m. PDT",1854,1862,1589,-265
BANC,"4/15/2017 9 p.m. PDT",1926,1932,1624,-302
BANC,"4/15/2017 10 p.m. PDT",1886,1841,1633,-253
BANC,"4/15/2017 11 p.m. PDT",1792,1770,1643,-149
BANC,"4/16/2017 12 a.m. PDT",1670,1628,1566,-104
BANC,"4/16/2017 1 a.m. PDT",1561,1566,1454,-107
BANC,"4/16/2017 2 a.m. PDT",1497,1498,1450,-47
BANC,"4/16/2017 3 a.m. PDT",1453,1454,1419,-34
BANC,"4/16/2017 4 a.m. PDT",1446,1435,1400,-46
BANC,"4/16/2017 5 a.m. PDT",1445,1424,1434,-11
BANC,"4/16/2017 6 a.m. PDT",1486,1463,1506,20
BANC,"4/16/2017 7 a.m. PDT",1521,1491,1523,2
BANC,"4/16/2017 8 a.m. PDT",1527,1537,1489,-38
BANC,"4/16/2017 9 a.m. PDT",1582,1603,1486,-96
BANC,"4/16/2017 10 a.m. PDT",1643,1669,1463,-180
BANC,"4/16/2017 11 a.m. PDT",1706,1703,1540,-166
BANC,"4/16/2017 12 p.m. PDT",1754,1710,1610,-144
BANC,"4/16/2017 1 p.m. PDT",1740,1701,1544,-196
BANC,"4/16/2017 2 p.m. PDT",1756,1709,1529,-227
BANC,"4/16/2017 3 p.m. PDT",1780,1691,1564,-216
BANC,"4/16/2017 4 p.m. PDT",1777,1691,1598,-179
BANC,"4/16/2017 5 p.m. PDT",1789,1718,1510,-279
BANC,"4/16/2017 6 p.m. PDT",1820,1754,1609,-211
BANC,"4/16/2017 7 p.m. PDT",1869,1769,1666,-203
BANC,"4/16/2017 8 p.m. PDT",1935,1867,1647,-288
BANC,"4/16/2017 9 p.m. PDT",1993,1988,1722,-271
BANC,"4/16/2017 10 p.m. PDT",1931,1897,1651,-280
BANC,"4/16/2017 11 p.m. PDT",1792,1766,1452,-340
BANC,"4/17/2017 12 a.m. PDT",1648,1620,1412,-236
BANC,"4/17/2017 1 a.m. PDT",1552,1555,1381,-171
BANC,"4/17/2017 2 a.m. PDT",1524,1485,1473,-51
BANC,"4/17/2017 3 a.m. PDT",1494,1459,1472,-22
BANC,"4/17/2017 4 a.m. PDT",1499,1448,1517,18
BANC,"4/17/2017 5 a.m. PDT",1530,1494,1474,-56
BANC,"4/17/2017 6 a.m. PDT",1638,1608,1563,-75
BANC,"4/17/2017 7 a.m. PDT",1813,1755,1569,-244
BANC,"4/17/2017 8 a.m. PDT",1892,1836,1625,-267
BANC,"4/17/2017 9 a.m. PDT",1964,1839,1669,-295
BANC,"4/17/2017 10 a.m. PDT",1998,1833,1624,-374
BANC,"4/17/2017 11 a.m. PDT",2045,1843,1660,-385
BANC,"4/17/2017 12 p.m. PDT",2049,1858,1669,-380
BANC,"4/17/2017 1 p.m. PDT",2046,1844,1623,-423
BANC,"4/17/2017 2 p.m. PDT",2033,1855,1608,-425
BANC,"4/17/2017 3 p.m. PDT",1982,1860,1564,-418
BANC,"4/17/2017 4 p.m. PDT",1970,1853,1543,-427
BANC,"4/17/2017 5 p.m. PDT",1990,1854,1586,-404
BANC,"4/17/2017 6 p.m. PDT",2032,1868,1694,-338
BANC,"4/17/2017 7 p.m. PDT",2026,1871,1729,-297
BANC,"4/17/2017 8 p.m. PDT",2067,1962,1698,-369
BANC,"4/17/2017 9 p.m. PDT",2107,2045,1651,-456
BANC,"4/17/2017 10 p.m. PDT",2022,1940,1646,-376
BANC,"4/17/2017 11 p.m. PDT",1841,1806,1497,-344
BANC,"4/18/2017 12 a.m. PDT",1712,1651,1489,-223
BANC,"4/18/2017 1 a.m. PDT",1635,1551,1503,-132
BANC,"4/18/2017 2 a.m. PDT",1560,1505,1447,-113
BANC,"4/18/2017 3 a.m. PDT",1529,1480,1462,-67
BANC,"4/18/2017 4 a.m. PDT",1529,1474,1479,-50
BANC,"4/18/2017 5 a.m. PDT",1574,1511,1501,-73
BANC,"4/18/2017 6 a.m. PDT",1660,1613,1425,-235
BANC,"4/18/2017 7 a.m. PDT",1817,1781,1524,-293
BANC,"4/18/2017 8 a.m. PDT",1895,1867,1575,-320
BANC,"4/18/2017 9 a.m. PDT",1919,1876,1467,-452
BANC,"4/18/2017 10 a.m. PDT",1953,1877,1550,-403
BANC,"4/18/2017 11 a.m. PDT",1962,1839,1565,-397
BANC,"4/18/2017 12 p.m. PDT",1949,1848,1508,-441
BANC,"4/18/2017 1 p.m. PDT",1937,1842,1496,-441
BANC,"4/18/2017 2 p.m. PDT",1917,1844,1504,-413
BANC,"4/18/2017 3 p.m. PDT",1939,1848,1539,-400
BANC,"4/18/2017 4 p.m. PDT",1913,1859,1526,-387
BANC,"4/18/2017 5 p.m. PDT",1926,1862,1498,-428
BANC,"4/18/2017 6 p.m. PDT",1953,1871,1515,-438
BANC,"4/18/2017 7 p.m. PDT",1967,1877,1639,-328
BANC,"4/18/2017 8 p.m. PDT",1993,1948,1581,-412
BANC,"4/18/2017 9 p.m. PDT",2068,2035,1641,-427
BANC,"4/18/2017 10 p.m. PDT",1996,1936,1562,-434
BANC,"4/18/2017 11 p.m. PDT",1837,1782,1440,-397
BANC,"4/19/2017 12 a.m. PDT",1690,1640,1406,-284
BANC,"4/19/2017 1 a.m. PDT",1598,1590,1364,-234
BANC,"4/19/2017 2 a.m. PDT",1540,1529,1385,-155
BANC,"4/19/2017 3 a.m. PDT",1504,1480,1336,-168
BANC,"4/19/2017 4 a.m. PDT",1510,1475,1389,-121
BANC,"4/19/2017 5 a.m. PDT",1553,1526,1393,-160
BANC,"4/19/2017 6 a.m. PDT",1660,1619,1447,-213
BANC,"4/19/2017 7 a.m. PDT",1821,1763,1513,-308
BANC,"4/19/2017 8 a.m. PDT",1863,1821,1451,-412
BANC,"4/19/2017 9 a.m. PDT",1867,1827,1633,-234
BANC,"4/19/2017 10 a.m. PDT",1854,1834,1569,-285
BANC,"4/19/2017 11 a.m. PDT",1860,1849,1570,-290
BANC,"4/19/2017 12 p.m. PDT",1844,1842,1561,-283
BANC,"4/19/2017 1 p.m. PDT",1870,1849,1576,-294
BANC,"4/19/2017 2 p.m. PDT",1890,1858,1628,-262
BANC,"4/19/2017 3 p.m. PDT",1880,1858,1598,-282
BANC,"4/19/2017 4 p.m. PDT",1896,1860,1591,-305
BANC,"4/19/2017 5 p.m. PDT",1902,1876,1597,-305
BANC,"4/19/2017 6 p.m. PDT",1909,1884,1627,-282
BANC,"4/19/2017 7 p.m. PDT",1948,1887,1662,-286
BANC,"4/19/2017 8 p.m. PDT",2017,1958,1539,-478
BANC,"4/19/2017 9 p.m. PDT",2082,2046,1557,-525
BANC,"4/19/2017 10 p.m. PDT",1997,1960,1539,-458
BANC,"4/19/2017 11 p.m. PDT",1857,1820,1522,-335
BANC,"4/20/2017 12 a.m. PDT",1714,1680,1485,-229
BANC,"4/20/2017 1 a.m. PDT",1627,1574,1350,-277
BANC,"4/20/2017 2 a.m. PDT",1564,1509,1364,-200
BANC,"4/20/2017 3 a.m. PDT",1542,1494,1260,-282
BANC,"4/20/2017 4 a.m. PDT",1530,1482,1293,-237
BANC,"4/20/2017 5 a.m. PDT",1559,1512,1413,-146
BANC,"4/20/2017 6 a.m. PDT",1668,1605,1372,-296
BANC,"4/20/2017 7 a.m. PDT",1789,1771,1525,-264
BANC,"4/20/2017 8 a.m. PDT",1843,1835,1466,-377
BANC,"4/20/2017 9 a.m. PDT",1869,1858,1466,-403
BANC,"4/20/2017 10 a.m. PDT",1889,1880,1521,-368
BANC,"4/20/2017 11 a.m. PDT",1904,1881,1577,-327
BANC,"4/20/2017 12 p.m. PDT",1903,1886,1515,-388
BANC,"4/20/2017 1 p.m. PDT",1905,1907,1506,-399
BANC,"4/20/2017 2 p.m. PDT",1882,1892,1491,-391
BANC,"4/20/2017 3 p.m. PDT",1902,1904,1499,-403
BANC,"4/20/2017 4 p.m. PDT",1893,1908,1514,-379
BANC,"4/20/2017 5 p.m. PDT",1926,1920,1498,-428
BANC,"4/20/2017 6 p.m. PDT",1947,1930,1538,-409
BANC,"4/20/2017 7 p.m. PDT",1966,1955,1558,-408
BANC,"4/20/2017 8 p.m. PDT",1978,1984,1509,-469
BANC,"4/20/2017 9 p.m. PDT",2080,2060,1579,-501
BANC,"4/20/2017 10 p.m. PDT",1991,1985,1529,-462
BANC,"4/20/2017 11 p.m. PDT",1860,1833,1393,-467
BANC,"4/21/2017 12 a.m. PDT",1725,1677,1356,-369
BANC,"4/21/2017 1 a.m. PDT",1618,1580,1441,-177
BANC,"4/21/2017 2 a.m. PDT",1557,1527,1438,-119
BANC,"4/21/2017 3 a.m. PDT",1523,1503,1399,-124
BANC,"4/21/2017 4 a.m. PDT",1519,1489,1360,-159
BANC,"4/21/2017 5 a.m. PDT",1574,1528,1393,-181
BANC,"4/21/2017 6 a.m. PDT",1647,1637,1385,-262
BANC,"4/21/2017 7 a.m. PDT",1787,1776,1411,-376
BANC,"4/21/2017 8 a.m. PDT",1843,1846,1445,-398
BANC,"4/21/2017 9 a.m. PDT",1867,1856,1461,-406
BANC,"4/21/2017 10 a.m. PDT",1859,1881,1490,-369
BANC,"4/21/2017 11 a.m. PDT",1874,1915,1470,-404
BANC,"4/21/2017 12 p.m. PDT",1888,1934,1554,-334
BANC,"4/21/2017 1 p.m. PDT",1895,1962,1555,-340
BANC,"4/21/2017 2 p.m. PDT",1906,1979,1525,-381
BANC,"4/21/2017 3 p.m. PDT",1952,1990,1466,-486
BANC,"4/21/2017 4 p.m. PDT",1952,2011,1569,-383
BANC,"4/21/2017 5 p.m. PDT",1975,2032,1560,-415
BANC,"4/21/2017 6 p.m. PDT",2018,2035,1628,-390
BANC,"4/21/2017 7 p.m. PDT",2006,2034,1615,-391
BANC,"4/21/2017 8 p.m. PDT",2033,2058,1486,-547
BANC,"4/21/2017 9 p.m. PDT",2103,2129,1547,-556
BANC,"4/21/2017 10 p.m. PDT",2029,2038,1458,-571
BANC,"4/21/2017 11 p.m. PDT",1901,1888,1396,-505
BANC,"4/22/2017 12 a.m. PDT",1750,1733,1387,-363
BANC,"4/22/2017 1 a.m. PDT",1635,1607,1331,-304
BANC,"4/22/2017 2 a.m. PDT",1558,1540,1256,-302
BANC,"4/22/2017 3 a.m. PDT",1511,1501,1228,-283
BANC,"4/22/2017 4 a.m. PDT",1489,1469,1242,-247
BANC,"4/22/2017 5 a.m. PDT",1501,1474,1265,-236
BANC,"4/22/2017 6 a.m. PDT",1541,1512,1310,-231
BANC,"4/22/2017 7 a.m. PDT",1550,1541,1270,-280
BANC,"4/22/2017 8 a.m. PDT",1579,1578,1282,-297
BANC,"4/22/2017 9 a.m. PDT",1650,1647,1400,-250
BANC,"4/22/2017 10 a.m. PDT",1696,1705,1379,-317
BANC,"4/22/2017 11 a.m. PDT",1732,1752,1475,-257
BANC,"4/22/2017 12 p.m. PDT",1750,1771,1514,-236
BANC,"4/22/2017 1 p.m. PDT",1746,1775,1461,-285
BANC,"4/22/2017 2 p.m. PDT",1741,1775,1467,-274
BANC,"4/22/2017 3 p.m. PDT",1779,1775,1438,-341
BANC,"4/22/2017 4 p.m. PDT",1780,1804,1423,-357
BANC,"4/22/2017 5 p.m. PDT",1799,1841,1418,-381
BANC,"4/22/2017 6 p.m. PDT",1814,1864,1384,-430
BANC,"4/22/2017 7 p.m. PDT",1829,1887,1293,-536
BANC,"4/22/2017 8 p.m. PDT",1879,1932,1377,-502
BANC,"4/22/2017 9 p.m. PDT",1952,2008,1394,-558
BANC,"4/22/2017 10 p.m. PDT",1911,1941,1303,-608
BANC,"4/22/2017 11 p.m. PDT",1810,1831,1297,-513
BANC,"4/23/2017 12 a.m. PDT",1680,1696,1277,-403
BANC,"4/23/2017 1 a.m. PDT",1585,1575,1340,-245
BANC,"4/23/2017 2 a.m. PDT",1528,1514,1340,-188
BANC,"4/23/2017 3 a.m. PDT",1491,1481,1287,-204
BANC,"4/23/2017 4 a.m. PDT",1478,1452,1228,-250
BANC,"4/23/2017 5 a.m. PDT",1488,1458,1337,-151
BANC,"4/23/2017 6 a.m. PDT",1498,1503,1332,-166
BANC,"4/23/2017 7 a.m. PDT",1508,1539,1512,4
BANC,"4/23/2017 8 a.m. PDT",1512,1554,1569,57
BANC,"4/23/2017 9 a.m. PDT",1563,1623,1394,-169
BANC,"4/23/2017 10 a.m. PDT",1607,1669,1355,-252
BANC,"4/23/2017 11 a.m. PDT",1626,1699,1375,-251
BANC,"4/23/2017 12 p.m. PDT",1642,1725,1332,-310
BANC,"4/23/2017 1 p.m. PDT",1643,1720,1343,-300
BANC,"4/23/2017 2 p.m. PDT",1662,1738,1351,-311
BANC,"4/23/2017 3 p.m. PDT",1662,1730,1351,-311
BANC,"4/23/2017 4 p.m. PDT",1675,1738,1265,-410
BANC,"4/23/2017 5 p.m. PDT",1732,1771,1370,-362
BANC,"4/23/2017 6 p.m. PDT",1808,1800,1580,-228
BANC,"4/23/2017 7 p.m. PDT",1875,1844,1629,-246
BANC,"4/23/2017 8 p.m. PDT",1939,1927,1502,-437
BANC,"4/23/2017 9 p.m. PDT",2029,2050,1536,-493
BANC,"4/23/2017 10 p.m. PDT",1960,1962,1521,-439
BANC,"4/23/2017 11 p.m. PDT",1824,1807,1422,-402
BANC,"4/24/2017 12 a.m. PDT",1673,1665,1416,-257
BANC,"4/24/2017 1 a.m. PDT",1587,1566,1420,-167
BANC,"4/24/2017 2 a.m. PDT",1531,1510,1355,-176
BANC,"4/24/2017 3 a.m. PDT",1464,1486,1371,-93
BANC,"4/24/2017 4 a.m. PDT",1458,1474,1354,-104
BANC,"4/24/2017 5 a.m. PDT",1522,1511,1378,-144
BANC,"4/24/2017 6 a.m. PDT",1609,1623,1373,-236
BANC,"4/24/2017 7 a.m. PDT",1794,1778,1493,-301
BANC,"4/24/2017 8 a.m. PDT",1872,1835,1473,-399
BANC,"4/24/2017 9 a.m. PDT",1892,1850,1478,-414
BANC,"4/24/2017 10 a.m. PDT",1910,1865,1562,-348
BANC,"4/24/2017 11 a.m. PDT",1925,1882,1512,-413
BANC,"4/24/2017 12 p.m. PDT",1934,1904,1590,-344
BANC,"4/24/2017 1 p.m. PDT",1930,1906,1539,-391
BANC,"4/24/2017 2 p.m. PDT",1955,1914,1585,-370
BANC,"4/24/2017 3 p.m. PDT",1939,1916,1593,-346
BANC,"4/24/2017 4 p.m. PDT",1921,1912,1514,-407
BANC,"4/24/2017 5 p.m. PDT",1940,1927,1492,-448
BANC,"4/24/2017 6 p.m. PDT",1967,1926,1453,-514
BANC,"4/24/2017 7 p.m. PDT",1978,1942,1491,-487
BANC,"4/24/2017 8 p.m. PDT",2030,1999,1460,-570
BANC,"4/24/2017 9 p.m. PDT",2091,2076,1511,-580
BANC,"4/24/2017 10 p.m. PDT",2005,1988,1448,-557
BANC,"4/24/2017 11 p.m. PDT",1862,1838,1377,-485
BANC,"4/25/2017 12 a.m. PDT",1720,1700,1373,-347
BANC,"4/25/2017 1 a.m. PDT",1620,1645,1348,-272
BANC,"4/25/2017 2 a.m. PDT",1571,1577,1346,-225
BANC,"4/25/2017 3 a.m. PDT",1533,1547,1282,-251
BANC,"4/25/2017 4 a.m. PDT",1524,1552,1291,-233
BANC,"4/25/2017 5 a.m. PDT",1565,1581,1308,-257
BANC,"4/25/2017 6 a.m. PDT",1668,1680,1317,-351
BANC,"4/25/2017 7 a.m. PDT",1820,1816,1438,-382
BANC,"4/25/2017 8 a.m. PDT",1886,1838,1409,-477
BANC,"4/25/2017 9 a.m. PDT",1944,1881,1451,-493
BANC,"4/25/2017 10 a.m. PDT",1892,1879,1275,-617
BANC,"4/25/2017 11 a.m. PDT",1888,1890,1325,-563
BANC,"4/25/2017 12 p.m. PDT",1891,1902,1325,-566
BANC,"4/25/2017 1 p.m. PDT",1879,1903,1303,-576
BANC,"4/25/2017 2 p.m. PDT",1879,1908,1307,-572
BANC,"4/25/2017 3 p.m. PDT",1895,1905,1348,-547
BANC,"4/25/2017 4 p.m. PDT",1899,1900,1364,-535
BANC,"4/25/2017 5 p.m. PDT",1906,1907,1367,-539
BANC,"4/25/2017 6 p.m. PDT",1948,1912,1364,-584
BANC,"4/25/2017 7 p.m. PDT",1961,1930,1309,-652
BANC,"4/25/2017 8 p.m. PDT",2008,1995,1261,-747
BANC,"4/25/2017 9 p.m. PDT",2101,2077,1350,-751
BANC,"4/25/2017 10 p.m. PDT",2022,1992,1391,-631
BANC,"4/25/2017 11 p.m. PDT",1880,1841,1416,-464
BANC,"4/26/2017 12 a.m. PDT",1708,1694,1355,-353
BANC,"4/26/2017 1 a.m. PDT",1610,1599,1465,-145
BANC,"4/26/2017 2 a.m. PDT",1555,1541,1464,-91
BANC,"4/26/2017 3 a.m. PDT",1508,1509,1427,-81
BANC,"4/26/2017 4 a.m. PDT",1491,1493,1414,-77
BANC,"4/26/2017 5 a.m. PDT",1540,1539,1467,-73
BANC,"4/26/2017 6 a.m. PDT",1642,1645,1467,-175
BANC,"4/26/2017 7 a.m. PDT",1816,1789,1487,-329
BANC,"4/26/2017 8 a.m. PDT",1903,1838,1390,-513
BANC,"4/26/2017 9 a.m. PDT",1944,1848,1471,-473
BANC,"4/26/2017 10 a.m. PDT",1985,1864,1562,-423
BANC,"4/26/2017 11 a.m. PDT",2014,1884,1551,-463
BANC,"4/26/2017 12 p.m. PDT",2028,1886,1573,-455
BANC,"4/26/2017 1 p.m. PDT",2031,1888,1544,-487
BANC,"4/26/2017 2 p.m. PDT",2045,1883,1534,-511
BANC,"4/26/2017 3 p.m. PDT",2007,1892,1491,-516
BANC,"4/26/2017 4 p.m. PDT",2018,1911,1502,-516
BANC,"4/26/2017 5 p.m. PDT",2028,1935,1506,-522
BANC,"4/26/2017 6 p.m. PDT",2022,1925,1541,-481
BANC,"4/26/2017 7 p.m. PDT",2005,1953,1340,-665
BANC,"4/26/2017 8 p.m. PDT",2035,1993,1301,-734
BANC,"4/26/2017 9 p.m. PDT",2108,2112,1473,-635
BANC,"4/26/2017 10 p.m. PDT",2042,2008,1482,-560
BANC,"4/26/2017 11 p.m. PDT",1894,1863,1412,-482
BANC,"4/27/2017 12 a.m. PDT",1735,1716,1364,-371
BANC,"4/27/2017 1 a.m. PDT",1630,1634,1378,-252
BANC,"4/27/2017 2 a.m. PDT",1577,1568,1378,-199
BANC,"4/27/2017 3 a.m. PDT",1552,1537,1414,-138
BANC,"4/27/2017 4 a.m. PDT",1551,1527,1436,-115
BANC,"4/27/2017 5 a.m. PDT",1569,1550,1405,-164
BANC,"4/27/2017 6 a.m. PDT",1664,1651,1398,-266
BANC,"4/27/2017 7 a.m. PDT",1793,1827,1419,-374
BANC,"4/27/2017 8 a.m. PDT",1832,1873,1432,-400
BANC,"4/27/2017 9 a.m. PDT",1870,1886,1503,-367
BANC,"4/27/2017 10 a.m. PDT",1904,1894,1566,-338
BANC,"4/27/2017 11 a.m. PDT",1913,1911,1595,-318
BANC,"4/27/2017 12 p.m. PDT",1902,1905,1548,-354
BANC,"4/27/2017 1 p.m. PDT",1916,1916,1614,-302
BANC,"4/27/2017 2 p.m. PDT",1915,1930,1701,-214
BANC,"4/27/2017 3 p.m. PDT",1939,1943,1737,-202
BANC,"4/27/2017 4 p.m. PDT",1939,1948,1864,-75
BANC,"4/27/2017 5 p.m. PDT",1946,1985,1947,1
BANC,"4/27/2017 6 p.m. PDT",1990,1992,1860,-130
BANC,"4/27/2017 7 p.m. PDT",1974,1998,1895,-79
BANC,"4/27/2017 8 p.m. PDT",1999,2052,1861,-138
BANC,"4/27/2017 9 p.m. PDT",2080,2119,1803,-277
BANC,"4/27/2017 10 p.m. PDT",2012,2025,1787,-225
BANC,"4/27/2017 11 p.m. PDT",1870,1878,1767,-103
BANC,"4/28/2017 12 a.m. PDT",1700,1726,1681,-19
BANC,"4/28/2017 1 a.m. PDT",1588,1606,1454,-134
BANC,"4/28/2017 2 a.m. PDT",1521,1550,1376,-145
BANC,"4/28/2017 3 a.m. PDT",1495,1517,1380,-115
BANC,"4/28/2017 4 a.m. PDT",1477,1506,1412,-65
BANC,"4/28/2017 5 a.m. PDT",1518,1551,1365,-153
BANC,"4/28/2017 6 a.m. PDT",1606,1664,1363,-243
BANC,"4/28/2017 7 a.m. PDT",1741,1822,1568,-173
BANC,"4/28/2017 8 a.m. PDT",1812,1867,1560,-252
BANC,"4/28/2017 9 a.m. PDT",1818,1885,1329,-489
BANC,"4/28/2017 10 a.m. PDT",1826,1890,1466,-360
BANC,"4/28/2017 11 a.m. PDT",1856,1904,1560,-296
BANC,"4/28/2017 12 p.m. PDT",1850,1895,1494,-356
BANC,"4/28/2017 1 p.m. PDT",1841,1906,1411,-430
BANC,"4/28/2017 2 p.m. PDT",1853,1920,1391,-462
BANC,"4/28/2017 3 p.m. PDT",1841,1932,1339,-502
BANC,"4/28/2017 4 p.m. PDT",1847,1940,1340,-507
BANC,"4/28/2017 5 p.m. PDT",1855,1955,1371,-484
BANC,"4/28/2017 6 p.m. PDT",1884,1984,1640,-244
BANC,"4/28/2017 7 p.m. PDT",1905,1990,1796,-109
BANC,"4/28/2017 8 p.m. PDT",1925,2041,1776,-149
BANC,"4/28/2017 9 p.m. PDT",2020,2109,1788,-232
BANC,"4/28/2017 10 p.m. PDT",1972,2014,1704,-268
BANC,"4/28/2017 11 p.m. PDT",1873,1871,1580,-293
BANC,"4/29/2017 12 a.m. PDT",1719,1718,1508,-211
BANC,"4/29/2017 1 a.m. PDT",1656,1620,1333,-323
BANC,"4/29/2017 2 a.m. PDT",1563,1544,1228,-335
BANC,"4/29/2017 3 a.m. PDT",1526,1478,1194,-332
BANC,"4/29/2017 4 a.m. PDT",1503,1455,1223,-280
BANC,"4/29/2017 5 a.m. PDT",1513,1466,1264,-249
BANC,"4/29/2017 6 a.m. PDT",1544,1506,1170,-374
BANC,"4/29/2017 7 a.m. PDT",1563,1529,1344,-219
BANC,"4/29/2017 8 a.m. PDT",1590,1572,1301,-289
BANC,"4/29/2017 9 a.m. PDT",1620,1651,1122,-498
BANC,"4/29/2017 10 a.m. PDT",1664,1712,1272,-392
BANC,"4/29/2017 11 a.m. PDT",1693,1765,1154,-539
BANC,"4/29/2017 12 p.m. PDT",1704,1779,1127,-577
BANC,"4/29/2017 1 p.m. PDT",1711,1788,1103,-608
BANC,"4/29/2017 2 p.m. PDT",1720,1795,1125,-595
BANC,"4/29/2017 3 p.m. PDT",1740,1817,1178,-562
BANC,"4/29/2017 4 p.m. PDT",1792,1853,1202,-590
BANC,"4/29/2017 5 p.m. PDT",1849,1895,1086,-763
BANC,"4/29/2017 6 p.m. PDT",1920,1936,1281,-639
BANC,"4/29/2017 7 p.m. PDT",1974,1955,1440,-534
BANC,"4/29/2017 8 p.m. PDT",1984,1980,1393,-591
BANC,"4/29/2017 9 p.m. PDT",2054,2066,1447,-607
BANC,"4/29/2017 10 p.m. PDT",2005,1987,1420,-585
BANC,"4/29/2017 11 p.m. PDT",1895,1874,1396,-499
BANC,"4/30/2017 12 a.m. PDT",1754,1735,1316,-438
BANC,"4/30/2017 1 a.m. PDT",1623,1631,1100,-523
BANC,"4/30/2017 2 a.m. PDT",1551,1557,1020,-531
BANC,"4/30/2017 3 a.m. PDT",1492,1481,1042,-450
BANC,"4/30/2017 4 a.m. PDT",1470,1458,1042,-428
BANC,"4/30/2017 5 a.m. PDT",1470,1459,1053,-417
BANC,"4/30/2017 6 a.m. PDT",1498,1485,1160,-338
BANC,"4/30/2017 7 a.m. PDT",1486,1477,1307,-179
BANC,"4/30/2017 8 a.m. PDT",1526,1514,1196,-330
BANC,"4/30/2017 9 a.m. PDT",1580,1603,978,-602
BANC,"4/30/2017 10 a.m. PDT",1660,1682,1047,-613
BANC,"4/30/2017 11 a.m. PDT",1701,1753,1038,-663
BANC,"4/30/2017 12 p.m. PDT",1739,1808,1095,-644
BANC,"4/30/2017 1 p.m. PDT",1778,1855,1110,-668
BANC,"4/30/2017 2 p.m. PDT",1824,1900,1064,-760
BANC,"4/30/2017 3 p.m. PDT",1865,1961,1197,-668
BANC,"4/30/2017 4 p.m. PDT",1940,2044,1182,-758
BANC,"4/30/2017 5 p.m. PDT",2030,2128,1235,-795
BANC,"4/30/2017 6 p.m. PDT",2137,2197,1337,-800
BANC,"4/30/2017 7 p.m. PDT",2178,2217,1539,-639
BANC,"4/30/2017 8 p.m. PDT",2205,2217,1567,-638
BANC,"4/30/2017 9 p.m. PDT",2254,2279,1616,-638
BANC,"4/30/2017 10 p.m. PDT",2189,2173,1565,-624
BANC,"4/30/2017 11 p.m. PDT",2005,1982,1292,-713
BANC,"5/1/2017 12 a.m. PDT",1825,1797,1225,-600
