"BA Code","Timestamp (Hour Ending)","Demand (MWh)","Demand Forecast (MWh)","Net Generation (MWh)","Total Interchange (MWh)"
BANC,"3/1/2018 12 a.m. PST",1686,1727,932,-754
BANC,"3/1/2018 1 a.m. PST",1595,1624,848,-747
BANC,"3/1/2018 2 a.m. PST",1555,1579,830,-725
BANC,"3/1/2018 3 a.m. PST",1539,1560,876,-663
BANC,"3/1/2018 4 a.m. PST",1558,1573,885,-673
BANC,"3/1/2018 5 a.m. PST",1611,1632,892,-719
BANC,"3/1/2018 6 a.m. PST",1764,1784,988,-776
BANC,"3/1/2018 7 a.m. PST",1975,1998,1315,-660
BANC,"3/1/2018 8 a.m. PST",2068,2080,1218,-850
BANC,"3/1/2018 9 a.m. PST",2090,2062,1153,-937
BANC,"3/1/2018 10 a.m. PST",2132,2028,1172,-960
BANC,"3/1/2018 11 a.m. PST",2130,2001,1175,-955
BANC,"3/1/2018 12 p.m. PST",2126,1962,1217,-909
BANC,"3/1/2018 1 p.m. PST",2112,1943,1204,-908
BANC,"3/1/2018 2 p.m. PST",2107,1914,1189,-918
BANC,"3/1/2018 3 p.m. PST",2023,1904,1103,-920
BANC,"3/1/2018 4 p.m. PST",1965,1921,1042,-923
BANC,"3/1/2018 5 p.m. PST",1990,1957,1086,-904
BANC,"3/1/2018 6 p.m. PST",2113,2041,1312,-801
BANC,"3/1/2018 7 p.m. PST",2223,2214,1514,-709
BANC,"3/1/2018 8 p.m. PST",2227,2216,1492,-735
BANC,"3/1/2018 9 p.m. PST",2150,2171,1241,-909
BANC,"3/1/2018 10 p.m. PST",2052,2061,1112,-940
BANC,"3/1/2018 11 p.m. PST",1889,1899,1009,-880
BANC,"3/2/2018 12 a.m. PST",1750,1771,930,-820
BANC,"3/2/2018 1 a.m. PST",1663,1675,940,-723
BANC,"3/2/2018 2 a.m. PST",1618,1629,905,-713
BANC,"3/2/2018 3 a.m. PST",1587,1619,876,-711
BANC,"3/2/2018 4 a.m. PST",1596,1630,892,-704
BANC,"3/2/2018 5 a.m. PST",1661,1693,954,-707
BANC,"3/2/2018 6 a.m. PST",1816,1838,1050,-766
BANC,"3/2/2018 7 a.m. PST",2039,2046,1091,-948
BANC,"3/2/2018 8 a.m. PST",2096,2112,1030,-1066
BANC,"3/2/2018 9 a.m. PST",2054,2095,1047,-1007
BANC,"3/2/2018 10 a.m. PST",2060,2054,1070,-990
BANC,"3/2/2018 11 a.m. PST",2027,2010,1065,-962
BANC,"3/2/2018 12 p.m. PST",2007,1983,994,-1013
BANC,"3/2/2018 1 p.m. PST",2003,1945,989,-1014
BANC,"3/2/2018 2 p.m. PST",1986,1932,962,-1024
BANC,"3/2/2018 3 p.m. PST",1965,1923,916,-1049
BANC,"3/2/2018 4 p.m. PST",2000,1938,979,-1021
BANC,"3/2/2018 5 p.m. PST",2095,1952,1072,-1023
BANC,"3/2/2018 6 p.m. PST",2163,2028,1290,-873
BANC,"3/2/2018 7 p.m. PST",2232,2193,1370,-862
BANC,"3/2/2018 8 p.m. PST",2201,2198,1306,-895
BANC,"3/2/2018 9 p.m. PST",2160,2154,1216,-944
BANC,"3/2/2018 10 p.m. PST",2059,2067,1075,-984
BANC,"3/2/2018 11 p.m. PST",1913,1934,1102,-811
BANC,"3/3/2018 12 a.m. PST",1778,1816,923,-855
BANC,"3/3/2018 1 a.m. PST",1678,1719,991,-687
BANC,"3/3/2018 2 a.m. PST",1621,1664,939,-682
BANC,"3/3/2018 3 a.m. PST",1591,1640,911,-680
BANC,"3/3/2018 4 a.m. PST",1600,1633,922,-678
BANC,"3/3/2018 5 a.m. PST",1619,1650,952,-667
BANC,"3/3/2018 6 a.m. PST",1684,1723,1031,-653
BANC,"3/3/2018 7 a.m. PST",1779,1815,1147,-632
BANC,"3/3/2018 8 a.m. PST",1804,1879,1095,-709
BANC,"3/3/2018 9 a.m. PST",1841,1934,1117,-724
BANC,"3/3/2018 10 a.m. PST",1849,1921,1097,-752
BANC,"3/3/2018 11 a.m. PST",1842,1883,1158,-684
BANC,"3/3/2018 12 p.m. PST",1798,1868,1051,-747
BANC,"3/3/2018 1 p.m. PST",1760,1833,974,-786
BANC,"3/3/2018 2 p.m. PST",1763,1810,970,-793
BANC,"3/3/2018 3 p.m. PST",1830,1783,1097,-733
BANC,"3/3/2018 4 p.m. PST",1837,1787,1163,-674
BANC,"3/3/2018 5 p.m. PST",1871,1804,1105,-766
BANC,"3/3/2018 6 p.m. PST",1971,1887,1198,-773
BANC,"3/3/2018 7 p.m. PST",2083,2059,1424,-659
BANC,"3/3/2018 8 p.m. PST",2068,2076,1374,-694
BANC,"3/3/2018 9 p.m. PST",2036,2056,1334,-702
BANC,"3/3/2018 10 p.m. PST",1964,1994,1275,-689
BANC,"3/3/2018 11 p.m. PST",1858,1891,1124,-734
BANC,"3/4/2018 12 a.m. PST",1743,1749,1091,-652
BANC,"3/4/2018 1 a.m. PST",1654,1658,1004,-650
BANC,"3/4/2018 2 a.m. PST",1605,1610,985,-620
BANC,"3/4/2018 3 a.m. PST",1584,1589,914,-670
BANC,"3/4/2018 4 a.m. PST",1583,1595,915,-668
BANC,"3/4/2018 5 a.m. PST",1604,1620,919,-685
BANC,"3/4/2018 6 a.m. PST",1670,1722,992,-678
BANC,"3/4/2018 7 a.m. PST",1742,1783,1109,-633
BANC,"3/4/2018 8 a.m. PST",1801,1817,1085,-716
BANC,"3/4/2018 9 a.m. PST",1799,1853,1022,-777
BANC,"3/4/2018 10 a.m. PST",1793,1854,998,-795
BANC,"3/4/2018 11 a.m. PST",1781,1833,986,-795
BANC,"3/4/2018 12 p.m. PST",1741,1791,930,-811
BANC,"3/4/2018 1 p.m. PST",1686,1753,888,-798
BANC,"3/4/2018 2 p.m. PST",1647,1727,837,-810
BANC,"3/4/2018 3 p.m. PST",1638,1690,852,-786
BANC,"3/4/2018 4 p.m. PST",1641,1726,860,-781
BANC,"3/4/2018 5 p.m. PST",1721,1781,912,-809
BANC,"3/4/2018 6 p.m. PST",1852,1896,1056,-796
BANC,"3/4/2018 7 p.m. PST",2032,2077,1331,-701
BANC,"3/4/2018 8 p.m. PST",2088,2138,1449,-639
BANC,"3/4/2018 9 p.m. PST",2063,2096,1412,-651
BANC,"3/4/2018 10 p.m. PST",1977,2015,1353,-624
BANC,"3/4/2018 11 p.m. PST",1842,1865,1139,-703
BANC,"3/5/2018 12 a.m. PST",1707,1749,1000,-707
BANC,"3/5/2018 1 a.m. PST",1639,1626,918,-721
BANC,"3/5/2018 2 a.m. PST",1605,1591,923,-682
BANC,"3/5/2018 3 a.m. PST",1607,1577,931,-676
BANC,"3/5/2018 4 a.m. PST",1643,1598,947,-696
BANC,"3/5/2018 5 a.m. PST",1738,1664,1003,-735
BANC,"3/5/2018 6 a.m. PST",1898,1819,1150,-748
BANC,"3/5/2018 7 a.m. PST",2124,2037,1290,-834
BANC,"3/5/2018 8 a.m. PST",2162,2095,1196,-966
BANC,"3/5/2018 9 a.m. PST",2083,2062,1064,-1019
BANC,"3/5/2018 10 a.m. PST",1996,2038,1037,-959
BANC,"3/5/2018 11 a.m. PST",1926,2007,1003,-923
BANC,"3/5/2018 12 p.m. PST",1867,1945,986,-881
BANC,"3/5/2018 1 p.m. PST",1809,1906,1046,-763
BANC,"3/5/2018 2 p.m. PST",1777,1871,1030,-747
BANC,"3/5/2018 3 p.m. PST",1761,1855,1042,-719
BANC,"3/5/2018 4 p.m. PST",1766,1855,1016,-750
BANC,"3/5/2018 5 p.m. PST",1830,1881,1061,-769
BANC,"3/5/2018 6 p.m. PST",1955,2000,1211,-744
BANC,"3/5/2018 7 p.m. PST",2107,2168,1474,-633
BANC,"3/5/2018 8 p.m. PST",2143,2180,1485,-658
BANC,"3/5/2018 9 p.m. PST",2120,2131,1407,-713
BANC,"3/5/2018 10 p.m. PST",2011,2025,1284,-727
BANC,"3/5/2018 11 p.m. PST",1863,1864,1131,-732
BANC,"3/6/2018 12 a.m. PST",1731,1728,1028,-703
BANC,"3/6/2018 1 a.m. PST",1650,1631,922,-728
BANC,"3/6/2018 2 a.m. PST",1603,1585,891,-712
BANC,"3/6/2018 3 a.m. PST",1594,1571,871,-723
BANC,"3/6/2018 4 a.m. PST",1613,1588,867,-746
BANC,"3/6/2018 5 a.m. PST",1693,1655,894,-799
BANC,"3/6/2018 6 a.m. PST",1848,1808,1075,-773
BANC,"3/6/2018 7 a.m. PST",2056,2030,1224,-832
BANC,"3/6/2018 8 a.m. PST",2092,2079,1086,-1006
BANC,"3/6/2018 9 a.m. PST",2056,2029,1106,-950
BANC,"3/6/2018 10 a.m. PST",2004,1969,1108,-896
BANC,"3/6/2018 11 a.m. PST",1901,1910,1072,-829
BANC,"3/6/2018 12 p.m. PST",1831,1869,1059,-772
BANC,"3/6/2018 1 p.m. PST",1782,1826,1058,-724
BANC,"3/6/2018 2 p.m. PST",1756,1806,1049,-707
BANC,"3/6/2018 3 p.m. PST",1766,1793,1055,-711
BANC,"3/6/2018 4 p.m. PST",1763,1795,1054,-709
BANC,"3/6/2018 5 p.m. PST",1821,1831,1104,-717
BANC,"3/6/2018 6 p.m. PST",1928,1910,1242,-686
BANC,"3/6/2018 7 p.m. PST",2085,2092,1478,-607
BANC,"3/6/2018 8 p.m. PST",2093,2112,1492,-601
BANC,"3/6/2018 9 p.m. PST",2048,2077,1430,-618
BANC,"3/6/2018 10 p.m. PST",1945,1971,1206,-739
BANC,"3/6/2018 11 p.m. PST",1799,1828,1035,-764
BANC,"3/7/2018 12 a.m. PST",1658,1701,923,-735
BANC,"3/7/2018 1 a.m. PST",1604,1626,880,-724
BANC,"3/7/2018 2 a.m. PST",1543,1580,867,-676
BANC,"3/7/2018 3 a.m. PST",1530,1568,840,-690
BANC,"3/7/2018 4 a.m. PST",1532,1573,840,-692
BANC,"3/7/2018 5 a.m. PST",1599,1635,895,-704
BANC,"3/7/2018 6 a.m. PST",1743,1773,1065,-678
BANC,"3/7/2018 7 a.m. PST",1947,1987,1152,-795
BANC,"3/7/2018 8 a.m. PST",2014,2035,1207,-807
BANC,"3/7/2018 9 a.m. PST",2033,1980,1210,-823
BANC,"3/7/2018 10 a.m. PST",1984,1933,1219,-765
BANC,"3/7/2018 11 a.m. PST",1919,1892,1237,-682
BANC,"3/7/2018 12 p.m. PST",1878,1846,1118,-760
BANC,"3/7/2018 1 p.m. PST",1837,1824,1121,-716
BANC,"3/7/2018 2 p.m. PST",1800,1809,1080,-720
BANC,"3/7/2018 3 p.m. PST",1806,1809,1083,-723
BANC,"3/7/2018 4 p.m. PST",1817,1808,1093,-724
BANC,"3/7/2018 5 p.m. PST",1867,1844,1083,-784
BANC,"3/7/2018 6 p.m. PST",1954,1952,1192,-762
BANC,"3/7/2018 7 p.m. PST",2076,2105,1456,-620
BANC,"3/7/2018 8 p.m. PST",2079,2122,1437,-642
BANC,"3/7/2018 9 p.m. PST",2022,2067,1311,-711
BANC,"3/7/2018 10 p.m. PST",1905,1944,1238,-667
BANC,"3/7/2018 11 p.m. PST",1766,1796,1039,-727
BANC,"3/8/2018 12 a.m. PST",1617,1662,918,-699
BANC,"3/8/2018 1 a.m. PST",1545,1563,826,-719
BANC,"3/8/2018 2 a.m. PST",1480,1511,782,-698
BANC,"3/8/2018 3 a.m. PST",1454,1489,746,-708
BANC,"3/8/2018 4 a.m. PST",1462,1498,759,-703
BANC,"3/8/2018 5 a.m. PST",1517,1547,796,-721
BANC,"3/8/2018 6 a.m. PST",1648,1683,917,-731
BANC,"3/8/2018 7 a.m. PST",1834,1885,934,-900
BANC,"3/8/2018 8 a.m. PST",1907,1959,975,-932
BANC,"3/8/2018 9 a.m. PST",1873,1934,921,-952
BANC,"3/8/2018 10 a.m. PST",1844,1905,875,-969
BANC,"3/8/2018 11 a.m. PST",1834,1880,925,-909
BANC,"3/8/2018 12 p.m. PST",1813,1857,938,-875
BANC,"3/8/2018 1 p.m. PST",1815,1841,942,-873
BANC,"3/8/2018 2 p.m. PST",1808,1817,949,-859
BANC,"3/8/2018 3 p.m. PST",1817,1810,965,-852
BANC,"3/8/2018 4 p.m. PST",1827,1802,997,-830
BANC,"3/8/2018 5 p.m. PST",1868,1825,1001,-867
BANC,"3/8/2018 6 p.m. PST",1923,1915,1222,-701
BANC,"3/8/2018 7 p.m. PST",2067,2030,1355,-712
BANC,"3/8/2018 8 p.m. PST",2064,2060,1315,-749
BANC,"3/8/2018 9 p.m. PST",2023,2033,1277,-746
BANC,"3/8/2018 10 p.m. PST",1908,1929,1050,-858
BANC,"3/8/2018 11 p.m. PST",1761,1776,988,-773
BANC,"3/9/2018 12 a.m. PST",1633,1644,922,-711
BANC,"3/9/2018 1 a.m. PST",1534,1551,792,-742
BANC,"3/9/2018 2 a.m. PST",1484,1506,714,-770
BANC,"3/9/2018 3 a.m. PST",1465,1487,699,-766
BANC,"3/9/2018 4 a.m. PST",1466,1490,697,-769
BANC,"3/9/2018 5 a.m. PST",1520,1543,775,-745
BANC,"3/9/2018 6 a.m. PST",1650,1666,948,-702
BANC,"3/9/2018 7 a.m. PST",1834,1857,993,-841
BANC,"3/9/2018 8 a.m. PST",1864,1929,946,-918
BANC,"3/9/2018 9 a.m. PST",1828,1906,908,-920
BANC,"3/9/2018 10 a.m. PST",1813,1894,879,-934
BANC,"3/9/2018 11 a.m. PST",1811,1871,951,-860
BANC,"3/9/2018 12 p.m. PST",1805,1850,961,-844
BANC,"3/9/2018 1 p.m. PST",1781,1828,942,-839
BANC,"3/9/2018 2 p.m. PST",1801,1816,955,-846
BANC,"3/9/2018 3 p.m. PST",1808,1807,957,-851
BANC,"3/9/2018 4 p.m. PST",1810,1808,932,-878
BANC,"3/9/2018 5 p.m. PST",1835,1853,1028,-807
BANC,"3/9/2018 6 p.m. PST",1897,1914,1250,-647
BANC,"3/9/2018 7 p.m. PST",1996,2028,1516,-480
BANC,"3/9/2018 8 p.m. PST",1978,2048,1526,-452
BANC,"3/9/2018 9 p.m. PST",1938,2003,1315,-623
BANC,"3/9/2018 10 p.m. PST",1851,1908,1069,-782
BANC,"3/9/2018 11 p.m. PST",1742,1779,1068,-674
BANC,"3/10/2018 12 a.m. PST",1616,1669,861,-755
BANC,"3/10/2018 1 a.m. PST",1526,1569,588,-938
BANC,"3/10/2018 2 a.m. PST",1462,1520,523,-939
BANC,"3/10/2018 3 a.m. PST",1426,1489,506,-920
BANC,"3/10/2018 4 a.m. PST",1411,1476,510,-901
BANC,"3/10/2018 5 a.m. PST",1437,1486,548,-889
BANC,"3/10/2018 6 a.m. PST",1489,1543,556,-933
BANC,"3/10/2018 7 a.m. PST",1562,1613,655,-907
BANC,"3/10/2018 8 a.m. PST",1618,1665,697,-921
BANC,"3/10/2018 9 a.m. PST",1716,1725,778,-938
BANC,"3/10/2018 10 a.m. PST",1786,1743,878,-908
BANC,"3/10/2018 11 a.m. PST",1788,1722,843,-945
BANC,"3/10/2018 12 p.m. PST",1796,1715,851,-945
BANC,"3/10/2018 1 p.m. PST",1770,1712,839,-931
BANC,"3/10/2018 2 p.m. PST",1739,1707,806,-933
BANC,"3/10/2018 3 p.m. PST",1721,1678,776,-945
BANC,"3/10/2018 4 p.m. PST",1732,1690,771,-961
BANC,"3/10/2018 5 p.m. PST",1740,1720,752,-988
BANC,"3/10/2018 6 p.m. PST",1798,1774,835,-963
BANC,"3/10/2018 7 p.m. PST",1910,1926,1199,-711
BANC,"3/10/2018 8 p.m. PST",1912,1934,1246,-666
BANC,"3/10/2018 9 p.m. PST",1890,1913,1147,-743
BANC,"3/10/2018 10 p.m. PST",1826,1852,969,-857
BANC,"3/10/2018 11 p.m. PST",1732,1737,796,-936
BANC,"3/11/2018 12 a.m. PST",1619,1638,624,-995
BANC,"3/11/2018 1 a.m. PST",1530,1540,696,-834
BANC,"3/11/2018 3 a.m. PDT",1483,1477,680,-803
BANC,"3/11/2018 4 a.m. PDT",1463,1452,666,-797
BANC,"3/11/2018 5 a.m. PDT",1467,1457,664,-803
BANC,"3/11/2018 6 a.m. PDT",1500,1500,692,-808
BANC,"3/11/2018 7 a.m. PDT",1572,1570,707,-865
BANC,"3/11/2018 8 a.m. PDT",1608,1606,765,-843
BANC,"3/11/2018 9 a.m. PDT",1645,1654,751,-894
BANC,"3/11/2018 10 a.m. PDT",1652,1694,730,-922
BANC,"3/11/2018 11 a.m. PDT",1633,1724,713,-920
BANC,"3/11/2018 12 p.m. PDT",1620,1725,715,-905
BANC,"3/11/2018 1 p.m. PDT",1601,1709,711,-890
BANC,"3/11/2018 2 p.m. PDT",1587,1694,698,-889
BANC,"3/11/2018 3 p.m. PDT",1573,1684,693,-880
BANC,"3/11/2018 4 p.m. PDT",1578,1677,692,-886
BANC,"3/11/2018 5 p.m. PDT",1614,1695,757,-857
BANC,"3/11/2018 6 p.m. PDT",1685,1762,862,-823
BANC,"3/11/2018 7 p.m. PDT",1783,1843,1237,-546
BANC,"3/11/2018 8 p.m. PDT",1930,1968,1524,-406
BANC,"3/11/2018 9 p.m. PDT",1939,1979,1254,-685
BANC,"3/11/2018 10 p.m. PDT",1858,1908,1065,-793
BANC,"3/11/2018 11 p.m. PDT",1722,1780,955,-767
BANC,"3/12/2018 12 a.m. PDT",1578,1641,882,-696
BANC,"3/12/2018 1 a.m. PDT",1483,1512,814,-669
BANC,"3/12/2018 2 a.m. PDT",1417,1452,796,-621
BANC,"3/12/2018 3 a.m. PDT",1384,1424,804,-580
BANC,"3/12/2018 4 a.m. PDT",1385,1419,804,-581
BANC,"3/12/2018 5 a.m. PDT",1441,1457,832,-609
BANC,"3/12/2018 6 a.m. PDT",1555,1573,910,-645
BANC,"3/12/2018 7 a.m. PDT",1756,1770,1187,-569
BANC,"3/12/2018 8 a.m. PDT",1879,1863,1264,-615
BANC,"3/12/2018 9 a.m. PDT",1858,1860,1128,-730
BANC,"3/12/2018 10 a.m. PDT",1815,1869,1072,-743
BANC,"3/12/2018 11 a.m. PDT",1824,1886,1070,-754
BANC,"3/12/2018 12 p.m. PDT",1811,1886,1072,-739
BANC,"3/12/2018 1 p.m. PDT",1807,1876,1073,-734
BANC,"3/12/2018 2 p.m. PDT",1818,1866,1100,-718
BANC,"3/12/2018 3 p.m. PDT",1820,1868,1200,-620
BANC,"3/12/2018 4 p.m. PDT",1868,1859,1216,-652
BANC,"3/12/2018 5 p.m. PDT",1904,1862,1242,-662
BANC,"3/12/2018 6 p.m. PDT",1911,1915,1310,-601
BANC,"3/12/2018 7 p.m. PDT",1957,1997,1435,-522
BANC,"3/12/2018 8 p.m. PDT",2053,2032,1654,-399
BANC,"3/12/2018 9 p.m. PDT",2026,2021,1360,-666
BANC,"3/12/2018 10 p.m. PDT",1932,1938,1271,-661
BANC,"3/12/2018 11 p.m. PDT",1784,1799,1016,-768
BANC,"3/13/2018 12 a.m. PDT",1641,1660,931,-710
BANC,"3/13/2018 1 a.m. PDT",1534,1549,935,-599
BANC,"3/13/2018 2 a.m. PDT",1463,1491,848,-615
BANC,"3/13/2018 3 a.m. PDT",1424,1454,812,-612
BANC,"3/13/2018 4 a.m. PDT",1419,1445,785,-634
BANC,"3/13/2018 5 a.m. PDT",1462,1488,831,-631
BANC,"3/13/2018 6 a.m. PDT",1561,1599,915,-646
BANC,"3/13/2018 7 a.m. PDT",1747,1804,899,-848
BANC,"3/13/2018 8 a.m. PDT",1859,1917,880,-979
BANC,"3/13/2018 9 a.m. PDT",1899,1910,812,-1087
BANC,"3/13/2018 10 a.m. PDT",1939,1918,1018,-921
BANC,"3/13/2018 11 a.m. PDT",1965,1939,1005,-960
BANC,"3/13/2018 12 p.m. PDT",1948,1922,1122,-826
BANC,"3/13/2018 1 p.m. PDT",1928,1902,1161,-767
BANC,"3/13/2018 2 p.m. PDT",1911,1873,1151,-760
BANC,"3/13/2018 3 p.m. PDT",1896,1852,1152,-744
BANC,"3/13/2018 4 p.m. PDT",1863,1822,1130,-733
BANC,"3/13/2018 5 p.m. PDT",1890,1828,1136,-754
BANC,"3/13/2018 6 p.m. PDT",1949,1884,1186,-763
BANC,"3/13/2018 7 p.m. PDT",1998,1936,1352,-646
BANC,"3/13/2018 8 p.m. PDT",2059,2059,1467,-592
BANC,"3/13/2018 9 p.m. PDT",2048,2088,1188,-860
BANC,"3/13/2018 10 p.m. PDT",1959,2014,1204,-755
BANC,"3/13/2018 11 p.m. PDT",1798,1851,1120,-678
BANC,"3/14/2018 12 a.m. PDT",1646,1699,1050,-596
BANC,"3/14/2018 1 a.m. PDT",1562,1575,928,-634
BANC,"3/14/2018 2 a.m. PDT",1501,1547,876,-625
BANC,"3/14/2018 3 a.m. PDT",1474,1537,816,-658
BANC,"3/14/2018 4 a.m. PDT",1467,1575,809,-658
BANC,"3/14/2018 5 a.m. PDT",1516,1681,858,-658
BANC,"3/14/2018 6 a.m. PDT",1638,1866,973,-665
BANC,"3/14/2018 7 a.m. PDT",1846,1989,1133,-713
BANC,"3/14/2018 8 a.m. PDT",1989,2029,1281,-708
BANC,"3/14/2018 9 a.m. PDT",1955,2025,1103,-852
BANC,"3/14/2018 10 a.m. PDT",1950,2007,1116,-834
BANC,"3/14/2018 11 a.m. PDT",1964,1994,1235,-729
BANC,"3/14/2018 12 p.m. PDT",1960,1967,1250,-710
BANC,"3/14/2018 1 p.m. PDT",1948,1934,1260,-688
BANC,"3/14/2018 2 p.m. PDT",1939,1901,1232,-707
BANC,"3/14/2018 3 p.m. PDT",1853,1912,1169,-684
BANC,"3/14/2018 4 p.m. PDT",1793,1922,970,-823
BANC,"3/14/2018 5 p.m. PDT",1833,1973,1050,-783
BANC,"3/14/2018 6 p.m. PDT",1859,2110,1095,-764
BANC,"3/14/2018 7 p.m. PDT",1932,2141,1233,-699
BANC,"3/14/2018 8 p.m. PDT",2057,2141,1536,-521
BANC,"3/14/2018 9 p.m. PDT",2058,2066,1535,-523
BANC,"3/14/2018 10 p.m. PDT",1972,1930,1270,-702
BANC,"3/14/2018 11 p.m. PDT",1837,1777,1204,-633
BANC,"3/15/2018 12 a.m. PDT",1693,1626,1064,-629
BANC,"3/15/2018 1 a.m. PDT",1585,1609,902,-683
BANC,"3/15/2018 2 a.m. PDT",1538,1558,889,-649
BANC,"3/15/2018 3 a.m. PDT",1509,1513,880,-629
BANC,"3/15/2018 4 a.m. PDT",1527,1525,870,-657
BANC,"3/15/2018 5 a.m. PDT",1581,1575,958,-623
BANC,"3/15/2018 6 a.m. PDT",1703,1700,982,-721
BANC,"3/15/2018 7 a.m. PDT",1942,1933,1124,-818
BANC,"3/15/2018 8 a.m. PDT",2064,2054,1271,-793
BANC,"3/15/2018 9 a.m. PDT",2022,2048,1192,-830
BANC,"3/15/2018 10 a.m. PDT",2019,2002,1214,-805
BANC,"3/15/2018 11 a.m. PDT",2051,1976,1251,-800
BANC,"3/15/2018 12 p.m. PDT",2021,1930,1220,-801
BANC,"3/15/2018 1 p.m. PDT",2005,1966,1160,-845
BANC,"3/15/2018 2 p.m. PDT",1999,1957,1121,-878
BANC,"3/15/2018 3 p.m. PDT",2008,1971,1101,-907
BANC,"3/15/2018 4 p.m. PDT",2014,1959,1203,-811
BANC,"3/15/2018 5 p.m. PDT",2045,1979,1094,-951
BANC,"3/15/2018 6 p.m. PDT",2068,2069,1207,-861
BANC,"3/15/2018 7 p.m. PDT",2102,2096,1260,-842
BANC,"3/15/2018 8 p.m. PDT",2186,2191,1699,-487
BANC,"3/15/2018 9 p.m. PDT",2168,2183,1696,-472
BANC,"3/15/2018 10 p.m. PDT",2070,2064,1267,-803
BANC,"3/15/2018 11 p.m. PDT",1899,1899,1051,-848
BANC,"3/16/2018 12 a.m. PDT",1743,1736,949,-794
BANC,"3/16/2018 1 a.m. PDT",1643,1619,885,-758
BANC,"3/16/2018 2 a.m. PDT",1582,1565,841,-741
BANC,"3/16/2018 3 a.m. PDT",1551,1533,834,-717
BANC,"3/16/2018 4 a.m. PDT",1538,1536,808,-730
BANC,"3/16/2018 5 a.m. PDT",1583,1585,850,-733
BANC,"3/16/2018 6 a.m. PDT",1709,1672,945,-764
BANC,"3/16/2018 7 a.m. PDT",1926,1896,1237,-689
BANC,"3/16/2018 8 a.m. PDT",2036,2039,1330,-706
BANC,"3/16/2018 9 a.m. PDT",2043,2043,1197,-846
BANC,"3/16/2018 10 a.m. PDT",2052,2014,1257,-795
BANC,"3/16/2018 11 a.m. PDT",2032,2002,1230,-802
BANC,"3/16/2018 12 p.m. PDT",1992,1942,1242,-750
BANC,"3/16/2018 1 p.m. PDT",1913,1924,1140,-773
BANC,"3/16/2018 2 p.m. PDT",1879,1905,1066,-813
BANC,"3/16/2018 3 p.m. PDT",1843,1904,1031,-812
BANC,"3/16/2018 4 p.m. PDT",1797,1900,1065,-732
BANC,"3/16/2018 5 p.m. PDT",1803,1929,1041,-762
BANC,"3/16/2018 6 p.m. PDT",1826,1985,1098,-728
BANC,"3/16/2018 7 p.m. PDT",1897,2026,1296,-601
BANC,"3/16/2018 8 p.m. PDT",2025,2123,1597,-428
BANC,"3/16/2018 9 p.m. PDT",2060,2126,1619,-441
BANC,"3/16/2018 10 p.m. PDT",1998,2032,1316,-682
BANC,"3/16/2018 11 p.m. PDT",1893,1909,1303,-590
BANC,"3/17/2018 12 a.m. PDT",1761,1775,1128,-633
BANC,"3/17/2018 1 a.m. PDT",1655,1633,933,-722
BANC,"3/17/2018 2 a.m. PDT",1599,1562,870,-729
BANC,"3/17/2018 3 a.m. PDT",1562,1508,845,-717
BANC,"3/17/2018 4 a.m. PDT",1551,1506,816,-735
BANC,"3/17/2018 5 a.m. PDT",1573,1518,837,-736
BANC,"3/17/2018 6 a.m. PDT",1624,1589,861,-763
BANC,"3/17/2018 7 a.m. PDT",1723,1698,835,-888
BANC,"3/17/2018 8 a.m. PDT",1797,1744,881,-916
BANC,"3/17/2018 9 a.m. PDT",1826,1779,862,-964
BANC,"3/17/2018 10 a.m. PDT",1849,1848,821,-1028
BANC,"3/17/2018 11 a.m. PDT",1837,1853,830,-1007
BANC,"3/17/2018 12 p.m. PDT",1798,1811,776,-1022
BANC,"3/17/2018 1 p.m. PDT",1748,1781,744,-1004
BANC,"3/17/2018 2 p.m. PDT",1716,1726,739,-977
BANC,"3/17/2018 3 p.m. PDT",1708,1709,734,-974
BANC,"3/17/2018 4 p.m. PDT",1730,1700,766,-964
BANC,"3/17/2018 5 p.m. PDT",1759,1736,846,-913
BANC,"3/17/2018 6 p.m. PDT",1774,1764,859,-915
BANC,"3/17/2018 7 p.m. PDT",1812,1842,1015,-797
BANC,"3/17/2018 8 p.m. PDT",1939,1957,1300,-639
BANC,"3/17/2018 9 p.m. PDT",1998,1996,1300,-698
BANC,"3/17/2018 10 p.m. PDT",1953,1926,1077,-876
BANC,"3/17/2018 11 p.m. PDT",1868,1829,1079,-789
BANC,"3/18/2018 12 a.m. PDT",1748,1706,896,-852
BANC,"3/18/2018 1 a.m. PDT",1668,1579,854,-814
BANC,"3/18/2018 2 a.m. PDT",1623,1512,843,-780
BANC,"3/18/2018 3 a.m. PDT",1597,1474,826,-771
BANC,"3/18/2018 4 a.m. PDT",1589,1458,770,-819
BANC,"3/18/2018 5 a.m. PDT",1614,1471,759,-855
BANC,"3/18/2018 6 a.m. PDT",1672,1523,843,-829
BANC,"3/18/2018 7 a.m. PDT",1767,1600,940,-827
BANC,"3/18/2018 8 a.m. PDT",1831,1661,1013,-818
BANC,"3/18/2018 9 a.m. PDT",1838,1712,987,-851
BANC,"3/18/2018 10 a.m. PDT",1788,1761,892,-896
BANC,"3/18/2018 11 a.m. PDT",1759,1755,883,-876
BANC,"3/18/2018 12 p.m. PDT",1727,1736,888,-839
BANC,"3/18/2018 1 p.m. PDT",1689,1709,858,-831
BANC,"3/18/2018 2 p.m. PDT",1639,1669,770,-869
BANC,"3/18/2018 3 p.m. PDT",1632,1667,754,-878
BANC,"3/18/2018 4 p.m. PDT",1667,1660,835,-832
BANC,"3/18/2018 5 p.m. PDT",1718,1707,899,-819
BANC,"3/18/2018 6 p.m. PDT",1797,1751,1060,-737
BANC,"3/18/2018 7 p.m. PDT",1864,1807,1202,-662
BANC,"3/18/2018 8 p.m. PDT",1981,1938,1287,-694
BANC,"3/18/2018 9 p.m. PDT",2010,2003,1309,-701
BANC,"3/18/2018 10 p.m. PDT",1943,1916,1213,-730
BANC,"3/18/2018 11 p.m. PDT",1808,1785,944,-864
BANC,"3/19/2018 12 a.m. PDT",1670,1641,898,-772
BANC,"3/19/2018 1 a.m. PDT",1578,1578,732,-846
BANC,"3/19/2018 2 a.m. PDT",1543,1518,715,-828
BANC,"3/19/2018 3 a.m. PDT",1523,1490,655,-868
BANC,"3/19/2018 4 a.m. PDT",1541,1497,671,-870
BANC,"3/19/2018 5 a.m. PDT",1594,1556,743,-851
BANC,"3/19/2018 6 a.m. PDT",1738,1682,833,-905
BANC,"3/19/2018 7 a.m. PDT",1984,1917,1046,-938
BANC,"3/19/2018 8 a.m. PDT",2093,2012,1141,-952
BANC,"3/19/2018 9 a.m. PDT",2028,1985,1077,-951
BANC,"3/19/2018 10 a.m. PDT",1950,1941,1030,-920
BANC,"3/19/2018 11 a.m. PDT",1877,1899,1140,-737
BANC,"3/19/2018 12 p.m. PDT",1835,1867,1221,-614
BANC,"3/19/2018 1 p.m. PDT",1791,1847,1183,-608
BANC,"3/19/2018 2 p.m. PDT",1769,1813,1142,-627
BANC,"3/19/2018 3 p.m. PDT",1735,1801,1087,-648
BANC,"3/19/2018 4 p.m. PDT",1764,1797,1117,-647
BANC,"3/19/2018 5 p.m. PDT",1773,1813,1122,-651
BANC,"3/19/2018 6 p.m. PDT",1810,1848,1167,-643
BANC,"3/19/2018 7 p.m. PDT",1864,1921,1345,-519
BANC,"3/19/2018 8 p.m. PDT",1973,2057,1382,-591
BANC,"3/19/2018 9 p.m. PDT",2000,2089,1371,-629
BANC,"3/19/2018 10 p.m. PDT",1904,1987,1328,-576
BANC,"3/19/2018 11 p.m. PDT",1766,1836,1066,-700
BANC,"3/20/2018 12 a.m. PDT",1618,1683,929,-689
BANC,"3/20/2018 1 a.m. PDT",1523,1566,800,-723
BANC,"3/20/2018 2 a.m. PDT",1467,1503,729,-738
BANC,"3/20/2018 3 a.m. PDT",1443,1471,693,-750
BANC,"3/20/2018 4 a.m. PDT",1447,1471,707,-740
BANC,"3/20/2018 5 a.m. PDT",1489,1516,742,-747
BANC,"3/20/2018 6 a.m. PDT",1608,1621,915,-693
BANC,"3/20/2018 7 a.m. PDT",1821,1844,1296,-525
BANC,"3/20/2018 8 a.m. PDT",1938,1964,1387,-551
BANC,"3/20/2018 9 a.m. PDT",1966,1958,1312,-654
BANC,"3/20/2018 10 a.m. PDT",1976,1941,1372,-604
BANC,"3/20/2018 11 a.m. PDT",1987,1934,1446,-541
BANC,"3/20/2018 12 p.m. PDT",1999,1931,1526,-473
BANC,"3/20/2018 1 p.m. PDT",1976,1918,1520,-456
BANC,"3/20/2018 2 p.m. PDT",1969,1893,1533,-436
BANC,"3/20/2018 3 p.m. PDT",1963,1857,1518,-445
BANC,"3/20/2018 4 p.m. PDT",1946,1835,1536,-410
BANC,"3/20/2018 5 p.m. PDT",1981,1854,1580,-401
BANC,"3/20/2018 6 p.m. PDT",2015,1919,1641,-374
BANC,"3/20/2018 7 p.m. PDT",2056,1968,1778,-278
BANC,"3/20/2018 8 p.m. PDT",2097,2093,1933,-164
BANC,"3/20/2018 9 p.m. PDT",2067,2108,1796,-271
BANC,"3/20/2018 10 p.m. PDT",1963,2013,1590,-373
BANC,"3/20/2018 11 p.m. PDT",1817,1858,1201,-616
BANC,"3/21/2018 12 a.m. PDT",1679,1706,1064,-616
BANC,"3/21/2018 1 a.m. PDT",1585,1519,1249,-336
BANC,"3/21/2018 2 a.m. PDT",1526,1454,1213,-313
BANC,"3/21/2018 3 a.m. PDT",1506,1424,1149,-357
BANC,"3/21/2018 4 a.m. PDT",1487,1420,1116,-371
BANC,"3/21/2018 5 a.m. PDT",1534,1461,1128,-406
BANC,"3/21/2018 6 a.m. PDT",1641,1566,1240,-401
BANC,"3/21/2018 7 a.m. PDT",1845,1777,1585,-260
BANC,"3/21/2018 8 a.m. PDT",1957,1904,1698,-259
BANC,"3/21/2018 9 a.m. PDT",1958,1904,1631,-327
BANC,"3/21/2018 10 a.m. PDT",1983,1909,1732,-251
BANC,"3/21/2018 11 a.m. PDT",2004,1914,1749,-255
BANC,"3/21/2018 12 p.m. PDT",1997,1908,1735,-262
BANC,"3/21/2018 1 p.m. PDT",1982,1896,1608,-374
BANC,"3/21/2018 2 p.m. PDT",1960,1877,1601,-359
BANC,"3/21/2018 3 p.m. PDT",1952,1860,1628,-324
BANC,"3/21/2018 4 p.m. PDT",1907,1854,1583,-324
BANC,"3/21/2018 5 p.m. PDT",1917,1877,1564,-353
BANC,"3/21/2018 6 p.m. PDT",1945,1925,1586,-359
BANC,"3/21/2018 7 p.m. PDT",1992,1977,1780,-212
BANC,"3/21/2018 8 p.m. PDT",2066,2076,2052,-14
BANC,"3/21/2018 9 p.m. PDT",2050,2090,1996,-54
BANC,"3/21/2018 10 p.m. PDT",1950,1998,1776,-174
BANC,"3/21/2018 11 p.m. PDT",1812,1849,1587,-225
BANC,"3/22/2018 12 a.m. PDT",1661,1703,1480,-181
BANC,"3/22/2018 1 a.m. PDT",1568,1555,1267,-301
BANC,"3/22/2018 2 a.m. PDT",1502,1500,1238,-264
BANC,"3/22/2018 3 a.m. PDT",1470,1468,1171,-299
BANC,"3/22/2018 4 a.m. PDT",1465,1460,1206,-259
BANC,"3/22/2018 5 a.m. PDT",1500,1493,1203,-297
BANC,"3/22/2018 6 a.m. PDT",1603,1601,1272,-331
BANC,"3/22/2018 7 a.m. PDT",1794,1814,1608,-186
BANC,"3/22/2018 8 a.m. PDT",1912,1934,1730,-182
BANC,"3/22/2018 9 a.m. PDT",1912,1941,1629,-283
BANC,"3/22/2018 10 a.m. PDT",1944,1937,1559,-385
BANC,"3/22/2018 11 a.m. PDT",1954,1950,1722,-232
BANC,"3/22/2018 12 p.m. PDT",1938,1937,1650,-288
BANC,"3/22/2018 1 p.m. PDT",1891,1920,1557,-334
BANC,"3/22/2018 2 p.m. PDT",1821,1890,1564,-257
BANC,"3/22/2018 3 p.m. PDT",1797,1850,1469,-328
BANC,"3/22/2018 4 p.m. PDT",1781,1845,1527,-254
BANC,"3/22/2018 5 p.m. PDT",1789,1868,1507,-282
BANC,"3/22/2018 6 p.m. PDT",1816,1913,1595,-221
BANC,"3/22/2018 7 p.m. PDT",1847,1957,1704,-143
BANC,"3/22/2018 8 p.m. PDT",1972,2064,2107,135
BANC,"3/22/2018 9 p.m. PDT",2032,2084,2166,134
BANC,"3/22/2018 10 p.m. PDT",1951,2003,1773,-178
BANC,"3/22/2018 11 p.m. PDT",1830,1870,1573,-257
BANC,"3/23/2018 12 a.m. PDT",1691,1729,1423,-268
BANC,"3/23/2018 1 a.m. PDT",1601,1693,1231,-370
BANC,"3/23/2018 2 a.m. PDT",1543,1642,1108,-435
BANC,"3/23/2018 3 a.m. PDT",1529,1616,1114,-415
BANC,"3/23/2018 4 a.m. PDT",1540,1615,1131,-409
BANC,"3/23/2018 5 a.m. PDT",1602,1646,1200,-402
BANC,"3/23/2018 6 a.m. PDT",1732,1754,1326,-406
BANC,"3/23/2018 7 a.m. PDT",1952,1959,1648,-304
BANC,"3/23/2018 8 a.m. PDT",2051,2102,1870,-181
BANC,"3/23/2018 9 a.m. PDT",2023,2088,1735,-288
BANC,"3/23/2018 10 a.m. PDT",1955,2033,1714,-241
BANC,"3/23/2018 11 a.m. PDT",1898,2000,1726,-172
BANC,"3/23/2018 12 p.m. PDT",1837,1977,1595,-242
BANC,"3/23/2018 1 p.m. PDT",1811,1958,1544,-267
BANC,"3/23/2018 2 p.m. PDT",1775,1943,1486,-289
BANC,"3/23/2018 3 p.m. PDT",1744,1929,1461,-283
BANC,"3/23/2018 4 p.m. PDT",1729,1917,1437,-292
BANC,"3/23/2018 5 p.m. PDT",1753,1927,1471,-282
BANC,"3/23/2018 6 p.m. PDT",1777,1953,1565,-212
BANC,"3/23/2018 7 p.m. PDT",1816,2003,1757,-59
BANC,"3/23/2018 8 p.m. PDT",1931,2105,2103,172
BANC,"3/23/2018 9 p.m. PDT",1979,2112,1916,-63
BANC,"3/23/2018 10 p.m. PDT",1925,2047,1719,-206
BANC,"3/23/2018 11 p.m. PDT",1817,1929,1542,-275
BANC,"3/24/2018 12 a.m. PDT",1696,1781,1370,-326
BANC,"3/24/2018 1 a.m. PDT",1583,1639,1160,-423
BANC,"3/24/2018 2 a.m. PDT",1525,1582,1057,-468
BANC,"3/24/2018 3 a.m. PDT",1495,1541,1043,-452
BANC,"3/24/2018 4 a.m. PDT",1485,1522,1048,-437
BANC,"3/24/2018 5 a.m. PDT",1492,1530,1015,-477
BANC,"3/24/2018 6 a.m. PDT",1553,1596,1077,-476
BANC,"3/24/2018 7 a.m. PDT",1639,1699,1345,-294
BANC,"3/24/2018 8 a.m. PDT",1704,1754,1390,-314
BANC,"3/24/2018 9 a.m. PDT",1754,1782,1395,-359
BANC,"3/24/2018 10 a.m. PDT",1785,1825,1411,-374
BANC,"3/24/2018 11 a.m. PDT",1784,1835,1388,-396
BANC,"3/24/2018 12 p.m. PDT",1736,1817,1314,-422
BANC,"3/24/2018 1 p.m. PDT",1725,1781,1283,-442
BANC,"3/24/2018 2 p.m. PDT",1687,1746,1235,-452
BANC,"3/24/2018 3 p.m. PDT",1664,1733,1232,-432
BANC,"3/24/2018 4 p.m. PDT",1623,1730,1172,-451
BANC,"3/24/2018 5 p.m. PDT",1642,1753,1203,-439
BANC,"3/24/2018 6 p.m. PDT",1673,1790,1369,-304
BANC,"3/24/2018 7 p.m. PDT",1739,1808,1604,-135
BANC,"3/24/2018 8 p.m. PDT",1895,1918,1976,81
BANC,"3/24/2018 9 p.m. PDT",1957,1937,2089,132
BANC,"3/24/2018 10 p.m. PDT",1908,1889,1781,-127
BANC,"3/24/2018 11 p.m. PDT",1806,1802,1446,-360
BANC,"3/25/2018 12 a.m. PDT",1688,1692,1197,-491
BANC,"3/25/2018 1 a.m. PDT",1595,1619,1037,-558
BANC,"3/25/2018 2 a.m. PDT",1542,1563,983,-559
BANC,"3/25/2018 3 a.m. PDT",1517,1536,940,-577
BANC,"3/25/2018 4 a.m. PDT",1507,1526,924,-583
BANC,"3/25/2018 5 a.m. PDT",1517,1537,945,-572
BANC,"3/25/2018 6 a.m. PDT",1570,1590,1007,-563
BANC,"3/25/2018 7 a.m. PDT",1646,1679,1171,-475
BANC,"3/25/2018 8 a.m. PDT",1704,1738,1234,-470
BANC,"3/25/2018 9 a.m. PDT",1717,1788,1212,-505
BANC,"3/25/2018 10 a.m. PDT",1710,1786,1167,-543
BANC,"3/25/2018 11 a.m. PDT",1713,1767,1157,-556
BANC,"3/25/2018 12 p.m. PDT",1668,1746,1179,-489
BANC,"3/25/2018 1 p.m. PDT",1636,1719,1132,-504
BANC,"3/25/2018 2 p.m. PDT",1599,1679,1089,-510
BANC,"3/25/2018 3 p.m. PDT",1569,1667,1024,-545
BANC,"3/25/2018 4 p.m. PDT",1558,1674,1039,-519
BANC,"3/25/2018 5 p.m. PDT",1579,1704,1094,-485
BANC,"3/25/2018 6 p.m. PDT",1647,1756,1205,-442
BANC,"3/25/2018 7 p.m. PDT",1725,1814,1330,-395
BANC,"3/25/2018 8 p.m. PDT",1882,1947,1703,-179
BANC,"3/25/2018 9 p.m. PDT",1953,1990,1806,-147
BANC,"3/25/2018 10 p.m. PDT",1880,1911,1642,-238
BANC,"3/25/2018 11 p.m. PDT",1765,1779,1347,-418
BANC,"3/26/2018 12 a.m. PDT",1637,1641,1067,-570
BANC,"3/26/2018 1 a.m. PDT",1551,1548,976,-575
BANC,"3/26/2018 2 a.m. PDT",1497,1496,931,-566
BANC,"3/26/2018 3 a.m. PDT",1490,1484,922,-568
BANC,"3/26/2018 4 a.m. PDT",1500,1499,923,-577
BANC,"3/26/2018 5 a.m. PDT",1562,1544,993,-569
BANC,"3/26/2018 6 a.m. PDT",1707,1680,1115,-592
BANC,"3/26/2018 7 a.m. PDT",1915,1916,1491,-424
BANC,"3/26/2018 8 a.m. PDT",2009,2019,1546,-463
BANC,"3/26/2018 9 a.m. PDT",1982,1989,1361,-621
BANC,"3/26/2018 10 a.m. PDT",1939,1961,1349,-590
BANC,"3/26/2018 11 a.m. PDT",1899,1911,1389,-510
BANC,"3/26/2018 12 p.m. PDT",1842,1855,1336,-506
BANC,"3/26/2018 1 p.m. PDT",1807,1824,1327,-480
BANC,"3/26/2018 2 p.m. PDT",1777,1791,1298,-479
BANC,"3/26/2018 3 p.m. PDT",1733,1767,1217,-516
BANC,"3/26/2018 4 p.m. PDT",1727,1785,1276,-451
BANC,"3/26/2018 5 p.m. PDT",1752,1787,1271,-481
BANC,"3/26/2018 6 p.m. PDT",1786,1849,1292,-494
BANC,"3/26/2018 7 p.m. PDT",1855,1897,1494,-361
BANC,"3/26/2018 8 p.m. PDT",1981,2024,1907,-74
BANC,"3/26/2018 9 p.m. PDT",2030,2042,2075,45
BANC,"3/26/2018 10 p.m. PDT",1932,1943,1648,-284
BANC,"3/26/2018 11 p.m. PDT",1798,1810,1329,-469
BANC,"3/27/2018 12 a.m. PDT",1657,1666,1096,-561
BANC,"3/27/2018 1 a.m. PDT",1544,1544,1071,-473
BANC,"3/27/2018 2 a.m. PDT",1500,1479,1023,-477
BANC,"3/27/2018 3 a.m. PDT",1476,1447,1028,-448
BANC,"3/27/2018 4 a.m. PDT",1495,1447,1038,-457
BANC,"3/27/2018 5 a.m. PDT",1546,1482,1095,-451
BANC,"3/27/2018 6 a.m. PDT",1680,1595,1218,-462
BANC,"3/27/2018 7 a.m. PDT",1871,1787,1521,-350
BANC,"3/27/2018 8 a.m. PDT",1937,1864,1525,-412
BANC,"3/27/2018 9 a.m. PDT",1893,1869,1318,-575
BANC,"3/27/2018 10 a.m. PDT",1846,1869,1375,-471
BANC,"3/27/2018 11 a.m. PDT",1810,1843,1374,-436
BANC,"3/27/2018 12 p.m. PDT",1781,1822,1275,-506
BANC,"3/27/2018 1 p.m. PDT",1759,1821,1253,-506
BANC,"3/27/2018 2 p.m. PDT",1759,1825,1251,-508
BANC,"3/27/2018 3 p.m. PDT",1756,1838,1261,-495
BANC,"3/27/2018 4 p.m. PDT",1765,1851,1266,-499
BANC,"3/27/2018 5 p.m. PDT",1788,1865,1308,-480
BANC,"3/27/2018 6 p.m. PDT",1833,1906,1423,-410
BANC,"3/27/2018 7 p.m. PDT",1873,1926,1500,-373
BANC,"3/27/2018 8 p.m. PDT",1972,2014,1871,-101
BANC,"3/27/2018 9 p.m. PDT",1995,2064,1879,-116
BANC,"3/27/2018 10 p.m. PDT",1904,1956,1466,-438
BANC,"3/27/2018 11 p.m. PDT",1762,1798,1286,-476
BANC,"3/28/2018 12 a.m. PDT",1627,1646,1141,-486
BANC,"3/28/2018 1 a.m. PDT",1525,1550,1132,-393
BANC,"3/28/2018 2 a.m. PDT",1465,1485,1072,-393
BANC,"3/28/2018 3 a.m. PDT",1433,1453,1043,-390
BANC,"3/28/2018 4 a.m. PDT",1438,1447,1045,-393
BANC,"3/28/2018 5 a.m. PDT",1482,1487,1112,-370
BANC,"3/28/2018 6 a.m. PDT",1588,1601,1245,-343
BANC,"3/28/2018 7 a.m. PDT",1769,1786,1466,-303
BANC,"3/28/2018 8 a.m. PDT",1834,1870,1643,-191
BANC,"3/28/2018 9 a.m. PDT",1808,1863,1417,-391
BANC,"3/28/2018 10 a.m. PDT",1798,1863,1343,-455
BANC,"3/28/2018 11 a.m. PDT",1801,1853,1343,-458
BANC,"3/28/2018 12 p.m. PDT",1792,1850,1335,-457
BANC,"3/28/2018 1 p.m. PDT",1784,1843,1365,-419
BANC,"3/28/2018 2 p.m. PDT",1790,1853,1313,-477
BANC,"3/28/2018 3 p.m. PDT",1813,1859,1386,-427
BANC,"3/28/2018 4 p.m. PDT",1834,1866,1390,-444
BANC,"3/28/2018 5 p.m. PDT",1877,1889,1408,-469
BANC,"3/28/2018 6 p.m. PDT",1933,1907,1516,-417
BANC,"3/28/2018 7 p.m. PDT",1950,1918,1658,-292
BANC,"3/28/2018 8 p.m. PDT",2026,2012,1913,-113
BANC,"3/28/2018 9 p.m. PDT",2054,2063,1932,-122
BANC,"3/28/2018 10 p.m. PDT",1949,1968,1514,-435
BANC,"3/28/2018 11 p.m. PDT",1794,1808,1442,-352
BANC,"3/29/2018 12 a.m. PDT",1639,1650,1283,-356
BANC,"3/29/2018 1 a.m. PDT",1540,1530,1200,-340
BANC,"3/29/2018 2 a.m. PDT",1465,1469,1131,-334
BANC,"3/29/2018 3 a.m. PDT",1425,1438,1071,-354
BANC,"3/29/2018 4 a.m. PDT",1421,1433,1052,-369
BANC,"3/29/2018 5 a.m. PDT",1446,1471,1096,-350
BANC,"3/29/2018 6 a.m. PDT",1548,1574,1224,-324
BANC,"3/29/2018 7 a.m. PDT",1713,1751,1557,-156
BANC,"3/29/2018 8 a.m. PDT",1760,1841,1599,-161
BANC,"3/29/2018 9 a.m. PDT",1770,1852,1455,-315
BANC,"3/29/2018 10 a.m. PDT",1774,1850,1405,-369
BANC,"3/29/2018 11 a.m. PDT",1780,1857,1347,-433
BANC,"3/29/2018 12 p.m. PDT",1788,1859,1332,-456
BANC,"3/29/2018 1 p.m. PDT",1812,1863,1380,-432
BANC,"3/29/2018 2 p.m. PDT",1828,1872,1445,-383
BANC,"3/29/2018 3 p.m. PDT",1872,1881,1489,-383
BANC,"3/29/2018 4 p.m. PDT",1896,1894,1510,-386
BANC,"3/29/2018 5 p.m. PDT",1935,1915,1543,-392
BANC,"3/29/2018 6 p.m. PDT",1975,1934,1575,-400
BANC,"3/29/2018 7 p.m. PDT",1984,1947,1692,-292
BANC,"3/29/2018 8 p.m. PDT",2066,2033,1910,-156
BANC,"3/29/2018 9 p.m. PDT",2078,2071,1944,-134
BANC,"3/29/2018 10 p.m. PDT",1978,1982,1748,-230
BANC,"3/29/2018 11 p.m. PDT",1822,1828,1564,-258
BANC,"3/30/2018 12 a.m. PDT",1672,1666,1328,-344
BANC,"3/30/2018 1 a.m. PDT",1544,1517,1102,-442
BANC,"3/30/2018 2 a.m. PDT",1474,1453,1089,-385
BANC,"3/30/2018 3 a.m. PDT",1434,1420,1054,-380
BANC,"3/30/2018 4 a.m. PDT",1412,1416,1034,-378
BANC,"3/30/2018 5 a.m. PDT",1447,1448,1060,-387
BANC,"3/30/2018 6 a.m. PDT",1520,1550,1153,-367
BANC,"3/30/2018 7 a.m. PDT",1661,1725,1490,-171
BANC,"3/30/2018 8 a.m. PDT",1706,1813,1524,-182
BANC,"3/30/2018 9 a.m. PDT",1732,1822,1405,-327
BANC,"3/30/2018 10 a.m. PDT",1753,1823,1245,-508
BANC,"3/30/2018 11 a.m. PDT",1800,1834,1239,-561
BANC,"3/30/2018 12 p.m. PDT",1821,1840,1167,-654
BANC,"3/30/2018 1 p.m. PDT",1842,1844,1190,-652
BANC,"3/30/2018 2 p.m. PDT",1867,1863,1246,-621
BANC,"3/30/2018 3 p.m. PDT",1903,1874,1285,-618
BANC,"3/30/2018 4 p.m. PDT",1914,1879,1294,-620
BANC,"3/30/2018 5 p.m. PDT",1973,1896,1410,-563
BANC,"3/30/2018 6 p.m. PDT",2020,1904,1420,-600
BANC,"3/30/2018 7 p.m. PDT",2008,1899,1595,-413
BANC,"3/30/2018 8 p.m. PDT",2033,1994,1493,-540
BANC,"3/30/2018 9 p.m. PDT",2040,2046,1529,-511
BANC,"3/30/2018 10 p.m. PDT",1937,1947,1501,-436
BANC,"3/30/2018 11 p.m. PDT",1817,1813,1460,-357
BANC,"3/31/2018 12 a.m. PDT",1671,1660,1342,-329
BANC,"3/31/2018 1 a.m. PDT",1556,1530,1208,-348
BANC,"3/31/2018 2 a.m. PDT",1478,1453,1132,-346
BANC,"3/31/2018 3 a.m. PDT",1429,1412,1078,-351
BANC,"3/31/2018 4 a.m. PDT",1394,1403,1058,-336
BANC,"3/31/2018 5 a.m. PDT",1392,1406,1067,-325
BANC,"3/31/2018 6 a.m. PDT",1426,1455,1098,-328
BANC,"3/31/2018 7 a.m. PDT",1490,1538,1313,-177
BANC,"3/31/2018 8 a.m. PDT",1509,1600,1358,-151
BANC,"3/31/2018 9 a.m. PDT",1518,1644,1307,-211
BANC,"3/31/2018 10 a.m. PDT",1673,1680,1313,-360
BANC,"3/31/2018 11 a.m. PDT",1661,1705,1290,-371
BANC,"3/31/2018 12 p.m. PDT",1656,1710,1040,-616
BANC,"3/31/2018 1 p.m. PDT",1660,1702,1035,-625
BANC,"3/31/2018 2 p.m. PDT",1648,1694,1031,-617
BANC,"3/31/2018 3 p.m. PDT",1696,1700,1086,-610
BANC,"3/31/2018 4 p.m. PDT",1735,1710,1108,-627
BANC,"3/31/2018 5 p.m. PDT",1811,1736,1038,-773
BANC,"3/31/2018 6 p.m. PDT",1863,1761,1061,-802
BANC,"3/31/2018 7 p.m. PDT",1907,1796,1356,-551
BANC,"3/31/2018 8 p.m. PDT",1946,1886,1489,-457
BANC,"3/31/2018 9 p.m. PDT",1967,1958,1510,-457
BANC,"3/31/2018 10 p.m. PDT",1880,1882,1262,-618
BANC,"3/31/2018 11 p.m. PDT",1765,1763,1132,-633
BANC,"4/1/2018 12 a.m. PDT",1622,1615,856,-766
