"BA Code","Timestamp (Hour Ending)","Demand (MWh)","Demand Forecast (MWh)","Net Generation (MWh)","Total Interchange (MWh)"
BANC,"5/1/2016 12 a.m. PDT",1638,1654,1174,-464
BANC,"5/1/2016 1 a.m. PDT",1529,1509,1071,-458
BANC,"5/1/2016 2 a.m. PDT",1440,1430,995,-445
BANC,"5/1/2016 3 a.m. PDT",1404,1383,1029,-375
BANC,"5/1/2016 4 a.m. PDT",1371,1356,1008,-363
BANC,"5/1/2016 5 a.m. PDT",1354,1346,990,-364
BANC,"5/1/2016 6 a.m. PDT",1368,1367,980,-388
BANC,"5/1/2016 7 a.m. PDT",1375,1378,1321,-54
BANC,"5/1/2016 8 a.m. PDT",1407,1435,1315,-92
BANC,"5/1/2016 9 a.m. PDT",1503,1528,1164,-339
BANC,"5/1/2016 10 a.m. PDT",1582,1613,1147,-435
BANC,"5/1/2016 11 a.m. PDT",1646,1683,1165,-481
BANC,"5/1/2016 12 p.m. PDT",1716,1742,1198,-518
BANC,"5/1/2016 1 p.m. PDT",1756,1786,1137,-619
BANC,"5/1/2016 2 p.m. PDT",1829,1816,1238,-591
BANC,"5/1/2016 3 p.m. PDT",1896,1872,1281,-615
BANC,"5/1/2016 4 p.m. PDT",1987,1924,1355,-632
BANC,"5/1/2016 5 p.m. PDT",2080,2006,1494,-586
BANC,"5/1/2016 6 p.m. PDT",2172,2069,1542,-630
BANC,"5/1/2016 7 p.m. PDT",2169,2107,1468,-701
BANC,"5/1/2016 8 p.m. PDT",2131,2103,1693,-438
BANC,"5/1/2016 9 p.m. PDT",2155,2167,1711,-444
BANC,"5/1/2016 10 p.m. PDT",2062,2094,1609,-453
BANC,"5/1/2016 11 p.m. PDT",1870,1894,1485,-385
BANC,"5/2/2016 12 a.m. PDT",1675,1705,1156,-519
BANC,"5/2/2016 1 a.m. PDT",1529,1558,1126,-403
BANC,"5/2/2016 2 a.m. PDT",1440,1473,1113,-327
BANC,"5/2/2016 3 a.m. PDT",1395,1421,1010,-385
BANC,"5/2/2016 4 a.m. PDT",1382,1405,998,-384
BANC,"5/2/2016 5 a.m. PDT",1407,1435,1100,-307
BANC,"5/2/2016 6 a.m. PDT",1503,1523,1141,-362
BANC,"5/2/2016 7 a.m. PDT",1612,1649,1344,-268
BANC,"5/2/2016 8 a.m. PDT",1742,1731,1448,-294
BANC,"5/2/2016 9 a.m. PDT",1808,1779,1497,-311
BANC,"5/2/2016 10 a.m. PDT",1868,1837,1459,-409
BANC,"5/2/2016 11 a.m. PDT",1952,1913,1467,-485
BANC,"5/2/2016 12 p.m. PDT",2008,1978,1453,-555
BANC,"5/2/2016 1 p.m. PDT",2060,2049,1441,-619
BANC,"5/2/2016 2 p.m. PDT",2128,2121,1432,-696
BANC,"5/2/2016 3 p.m. PDT",2205,2191,1531,-674
BANC,"5/2/2016 4 p.m. PDT",2283,2258,1539,-744
BANC,"5/2/2016 5 p.m. PDT",2356,2319,1623,-733
BANC,"5/2/2016 6 p.m. PDT",2400,2344,1709,-691
BANC,"5/2/2016 7 p.m. PDT",2360,2310,1635,-725
BANC,"5/2/2016 8 p.m. PDT",2280,2263,1789,-491
BANC,"5/2/2016 9 p.m. PDT",2301,2290,1868,-433
BANC,"5/2/2016 10 p.m. PDT",2177,2158,1712,-465
BANC,"5/2/2016 11 p.m. PDT",1946,1943,1436,-510
BANC,"5/3/2016 12 a.m. PDT",1747,1775,1321,-426
BANC,"5/3/2016 1 a.m. PDT",1593,1571,1211,-382
BANC,"5/3/2016 2 a.m. PDT",1500,1482,1145,-355
BANC,"5/3/2016 3 a.m. PDT",1442,1426,1038,-404
BANC,"5/3/2016 4 a.m. PDT",1427,1414,1019,-408
BANC,"5/3/2016 5 a.m. PDT",1453,1437,1044,-409
BANC,"5/3/2016 6 a.m. PDT",1533,1526,1190,-343
BANC,"5/3/2016 7 a.m. PDT",1649,1644,1282,-367
BANC,"5/3/2016 8 a.m. PDT",1735,1723,1367,-368
BANC,"5/3/2016 9 a.m. PDT",1803,1773,1266,-537
BANC,"5/3/2016 10 a.m. PDT",1879,1820,1334,-545
BANC,"5/3/2016 11 a.m. PDT",1967,1893,1497,-470
BANC,"5/3/2016 12 p.m. PDT",2023,1963,1530,-493
BANC,"5/3/2016 1 p.m. PDT",2060,2031,1346,-714
BANC,"5/3/2016 2 p.m. PDT",2155,2108,1444,-711
BANC,"5/3/2016 3 p.m. PDT",2181,2179,1518,-663
BANC,"5/3/2016 4 p.m. PDT",2209,2239,1461,-755
BANC,"5/3/2016 5 p.m. PDT",2229,2309,1455,-774
BANC,"5/3/2016 6 p.m. PDT",2280,2323,1552,-728
BANC,"5/3/2016 7 p.m. PDT",2262,2285,1545,-717
BANC,"5/3/2016 8 p.m. PDT",2211,2227,1788,-423
BANC,"5/3/2016 9 p.m. PDT",2234,2268,1801,-433
BANC,"5/3/2016 10 p.m. PDT",2184,2132,1763,-421
BANC,"5/3/2016 11 p.m. PDT",1976,1917,1469,-507
BANC,"5/4/2016 12 a.m. PDT",1766,1719,1357,-409
BANC,"5/4/2016 1 a.m. PDT",1613,1540,1244,-369
BANC,"5/4/2016 2 a.m. PDT",1533,1466,1199,-334
BANC,"5/4/2016 3 a.m. PDT",1490,1420,1138,-352
BANC,"5/4/2016 4 a.m. PDT",1464,1403,1087,-377
BANC,"5/4/2016 5 a.m. PDT",1495,1423,1188,-307
BANC,"5/4/2016 6 a.m. PDT",1589,1503,1329,-260
BANC,"5/4/2016 7 a.m. PDT",1716,1616,1665,-51
BANC,"5/4/2016 8 a.m. PDT",1797,1701,1720,-77
BANC,"5/4/2016 9 a.m. PDT",1856,1743,1588,-268
BANC,"5/4/2016 10 a.m. PDT",1875,1791,1256,-619
BANC,"5/4/2016 11 a.m. PDT",1937,1836,1323,-614
BANC,"5/4/2016 12 p.m. PDT",1984,1871,1336,-648
BANC,"5/4/2016 1 p.m. PDT",2011,1895,1576,-435
BANC,"5/4/2016 2 p.m. PDT",2056,1933,1610,-446
BANC,"5/4/2016 3 p.m. PDT",2108,1953,1642,-466
BANC,"5/4/2016 4 p.m. PDT",2150,1968,1688,-462
BANC,"5/4/2016 5 p.m. PDT",2174,1989,1732,-442
BANC,"5/4/2016 6 p.m. PDT",2170,2001,1839,-331
BANC,"5/4/2016 7 p.m. PDT",2128,1971,1662,-466
BANC,"5/4/2016 8 p.m. PDT",2101,1964,1833,-268
BANC,"5/4/2016 9 p.m. PDT",2136,2037,1933,-203
BANC,"5/4/2016 10 p.m. PDT",2045,1970,1707,-338
BANC,"5/4/2016 11 p.m. PDT",1877,1808,1368,-509
BANC,"5/5/2016 12 a.m. PDT",1679,1646,1241,-438
BANC,"5/5/2016 1 a.m. PDT",1542,1543,1177,-365
BANC,"5/5/2016 2 a.m. PDT",1481,1467,1098,-383
BANC,"5/5/2016 3 a.m. PDT",1453,1420,1102,-351
BANC,"5/5/2016 4 a.m. PDT",1437,1402,1075,-362
BANC,"5/5/2016 5 a.m. PDT",1456,1428,1076,-380
BANC,"5/5/2016 6 a.m. PDT",1556,1525,1216,-340
BANC,"5/5/2016 7 a.m. PDT",1667,1644,1464,-203
BANC,"5/5/2016 8 a.m. PDT",1779,1741,1448,-331
BANC,"5/5/2016 9 a.m. PDT",1819,1777,1428,-391
BANC,"5/5/2016 10 a.m. PDT",1865,1813,1422,-443
BANC,"5/5/2016 11 a.m. PDT",1857,1854,1482,-375
BANC,"5/5/2016 12 p.m. PDT",1901,1885,1569,-332
BANC,"5/5/2016 1 p.m. PDT",1907,1908,1377,-530
BANC,"5/5/2016 2 p.m. PDT",1928,1940,1377,-551
BANC,"5/5/2016 3 p.m. PDT",1915,1964,1403,-512
BANC,"5/5/2016 4 p.m. PDT",1922,1970,1455,-467
BANC,"5/5/2016 5 p.m. PDT",1917,1987,1442,-475
BANC,"5/5/2016 6 p.m. PDT",1914,1990,1577,-337
BANC,"5/5/2016 7 p.m. PDT",1871,1964,1486,-385
BANC,"5/5/2016 8 p.m. PDT",1893,1968,1674,-219
BANC,"5/5/2016 9 p.m. PDT",1980,2056,1920,-60
BANC,"5/5/2016 10 p.m. PDT",1921,1966,1805,-116
BANC,"5/5/2016 11 p.m. PDT",1783,1799,1552,-231
BANC,"5/6/2016 12 a.m. PDT",1627,1636,1339,-288
BANC,"5/6/2016 1 a.m. PDT",1506,1526,1153,-353
BANC,"5/6/2016 2 a.m. PDT",1442,1448,1068,-374
BANC,"5/6/2016 3 a.m. PDT",1399,1411,1010,-389
BANC,"5/6/2016 4 a.m. PDT",1396,1397,1042,-354
BANC,"5/6/2016 5 a.m. PDT",1428,1428,1059,-369
BANC,"5/6/2016 6 a.m. PDT",1528,1519,1191,-337
BANC,"5/6/2016 7 a.m. PDT",1674,1649,1722,48
BANC,"5/6/2016 8 a.m. PDT",1802,1745,1812,10
BANC,"5/6/2016 9 a.m. PDT",1851,1766,1550,-301
BANC,"5/6/2016 10 a.m. PDT",1895,1797,1514,-381
BANC,"5/6/2016 11 a.m. PDT",1914,1831,1561,-353
BANC,"5/6/2016 12 p.m. PDT",1932,1851,1604,-328
BANC,"5/6/2016 1 p.m. PDT",1908,1854,1497,-411
BANC,"5/6/2016 2 p.m. PDT",1868,1837,1435,-433
BANC,"5/6/2016 3 p.m. PDT",1870,1855,1431,-439
BANC,"5/6/2016 4 p.m. PDT",1831,1880,1416,-415
BANC,"5/6/2016 5 p.m. PDT",1842,1891,1461,-381
BANC,"5/6/2016 6 p.m. PDT",1825,1898,1410,-415
BANC,"5/6/2016 7 p.m. PDT",1805,1877,1490,-315
BANC,"5/6/2016 8 p.m. PDT",1831,1895,1758,-73
BANC,"5/6/2016 9 p.m. PDT",1929,1981,1963,34
BANC,"5/6/2016 10 p.m. PDT",1881,1926,1815,-66
BANC,"5/6/2016 11 p.m. PDT",1778,1779,1632,-146
BANC,"5/7/2016 12 a.m. PDT",1619,1624,1321,-298
BANC,"5/7/2016 1 a.m. PDT",1521,1505,1274,-247
BANC,"5/7/2016 2 a.m. PDT",1458,1429,1173,-285
BANC,"5/7/2016 3 a.m. PDT",1404,1395,1078,-326
BANC,"5/7/2016 4 a.m. PDT",1392,1369,1087,-305
BANC,"5/7/2016 5 a.m. PDT",1388,1371,1091,-297
BANC,"5/7/2016 6 a.m. PDT",1410,1411,1222,-188
BANC,"5/7/2016 7 a.m. PDT",1434,1413,1306,-128
BANC,"5/7/2016 8 a.m. PDT",1516,1477,1421,-95
BANC,"5/7/2016 9 a.m. PDT",1619,1558,1423,-196
BANC,"5/7/2016 10 a.m. PDT",1672,1609,1378,-294
BANC,"5/7/2016 11 a.m. PDT",1712,1650,1433,-279
BANC,"5/7/2016 12 p.m. PDT",1770,1666,1537,-233
BANC,"5/7/2016 1 p.m. PDT",1741,1675,1504,-237
BANC,"5/7/2016 2 p.m. PDT",1736,1649,1565,-171
BANC,"5/7/2016 3 p.m. PDT",1682,1662,1465,-217
BANC,"5/7/2016 4 p.m. PDT",1672,1677,1338,-334
BANC,"5/7/2016 5 p.m. PDT",1657,1696,1424,-233
BANC,"5/7/2016 6 p.m. PDT",1651,1722,1529,-122
BANC,"5/7/2016 7 p.m. PDT",1674,1729,1592,-82
BANC,"5/7/2016 8 p.m. PDT",1738,1754,1796,58
BANC,"5/7/2016 9 p.m. PDT",1846,1852,1909,63
BANC,"5/7/2016 10 p.m. PDT",1820,1835,1807,-13
BANC,"5/7/2016 11 p.m. PDT",1740,1734,1764,24
BANC,"5/8/2016 12 a.m. PDT",1630,1608,1478,-152
BANC,"5/8/2016 1 a.m. PDT",1485,1477,1161,-324
BANC,"5/8/2016 2 a.m. PDT",1413,1400,1096,-317
BANC,"5/8/2016 3 a.m. PDT",1363,1352,997,-366
BANC,"5/8/2016 4 a.m. PDT",1335,1330,976,-359
BANC,"5/8/2016 5 a.m. PDT",1341,1321,1066,-275
BANC,"5/8/2016 6 a.m. PDT",1354,1341,1002,-352
BANC,"5/8/2016 7 a.m. PDT",1376,1344,1356,-20
BANC,"5/8/2016 8 a.m. PDT",1449,1392,1484,35
BANC,"5/8/2016 9 a.m. PDT",1511,1472,1419,-92
BANC,"5/8/2016 10 a.m. PDT",1585,1558,1501,-84
BANC,"5/8/2016 11 a.m. PDT",1625,1610,1535,-90
BANC,"5/8/2016 12 p.m. PDT",1637,1634,1551,-86
BANC,"5/8/2016 1 p.m. PDT",1635,1648,1459,-176
BANC,"5/8/2016 2 p.m. PDT",1618,1615,1392,-226
BANC,"5/8/2016 3 p.m. PDT",1647,1639,1417,-230
BANC,"5/8/2016 4 p.m. PDT",1659,1681,1406,-253
BANC,"5/8/2016 5 p.m. PDT",1694,1712,1491,-203
BANC,"5/8/2016 6 p.m. PDT",1745,1746,1561,-184
BANC,"5/8/2016 7 p.m. PDT",1766,1773,1795,29
BANC,"5/8/2016 8 p.m. PDT",1841,1797,2095,254
BANC,"5/8/2016 9 p.m. PDT",1937,1888,2175,238
BANC,"5/8/2016 10 p.m. PDT",1900,1828,2101,201
BANC,"5/8/2016 11 p.m. PDT",1770,1706,1530,-240
BANC,"5/9/2016 12 a.m. PDT",1573,1555,1236,-337
BANC,"5/9/2016 1 a.m. PDT",1483,1484,1162,-321
BANC,"5/9/2016 2 a.m. PDT",1418,1410,1091,-327
BANC,"5/9/2016 3 a.m. PDT",1387,1368,1060,-327
BANC,"5/9/2016 4 a.m. PDT",1384,1357,1087,-297
BANC,"5/9/2016 5 a.m. PDT",1411,1382,1122,-289
BANC,"5/9/2016 6 a.m. PDT",1492,1481,1141,-351
BANC,"5/9/2016 7 a.m. PDT",1613,1593,1327,-286
BANC,"5/9/2016 8 a.m. PDT",1718,1700,1468,-250
BANC,"5/9/2016 9 a.m. PDT",1755,1744,1294,-461
BANC,"5/9/2016 10 a.m. PDT",1814,1786,1324,-490
BANC,"5/9/2016 11 a.m. PDT",1860,1836,1389,-471
BANC,"5/9/2016 12 p.m. PDT",1928,1876,1496,-432
BANC,"5/9/2016 1 p.m. PDT",1943,1915,1500,-443
BANC,"5/9/2016 2 p.m. PDT",1996,1933,1540,-456
BANC,"5/9/2016 3 p.m. PDT",2022,1977,1544,-478
BANC,"5/9/2016 4 p.m. PDT",2055,2037,1519,-536
BANC,"5/9/2016 5 p.m. PDT",2118,2075,1558,-560
BANC,"5/9/2016 6 p.m. PDT",2154,2081,1602,-552
BANC,"5/9/2016 7 p.m. PDT",2136,2050,1778,-358
BANC,"5/9/2016 8 p.m. PDT",2114,2018,1858,-256
BANC,"5/9/2016 9 p.m. PDT",2165,2067,1842,-323
BANC,"5/9/2016 10 p.m. PDT",2063,1979,1729,-334
BANC,"5/9/2016 11 p.m. PDT",1867,1821,1515,-352
BANC,"5/10/2016 12 a.m. PDT",1661,1643,1238,-423
BANC,"5/10/2016 1 a.m. PDT",1536,1540,1193,-343
BANC,"5/10/2016 2 a.m. PDT",1464,1460,1131,-333
BANC,"5/10/2016 3 a.m. PDT",1406,1409,1090,-316
BANC,"5/10/2016 4 a.m. PDT",1411,1390,1097,-314
BANC,"5/10/2016 5 a.m. PDT",1424,1418,1130,-294
BANC,"5/10/2016 6 a.m. PDT",1532,1506,1233,-299
BANC,"5/10/2016 7 a.m. PDT",1666,1603,1290,-376
BANC,"5/10/2016 8 a.m. PDT",1758,1710,1535,-223
BANC,"5/10/2016 9 a.m. PDT",1810,1766,1351,-459
BANC,"5/10/2016 10 a.m. PDT",1869,1831,1479,-390
BANC,"5/10/2016 11 a.m. PDT",1927,1917,1510,-417
BANC,"5/10/2016 12 p.m. PDT",1982,1974,1546,-436
BANC,"5/10/2016 1 p.m. PDT",2050,2030,1621,-429
BANC,"5/10/2016 2 p.m. PDT",2126,2093,1684,-442
BANC,"5/10/2016 3 p.m. PDT",2190,2135,1664,-526
BANC,"5/10/2016 4 p.m. PDT",2277,2205,1668,-609
BANC,"5/10/2016 5 p.m. PDT",2335,2258,1613,-722
BANC,"5/10/2016 6 p.m. PDT",2402,2307,1810,-592
BANC,"5/10/2016 7 p.m. PDT",2384,2291,1846,-538
BANC,"5/10/2016 8 p.m. PDT",2337,2234,2118,-219
BANC,"5/10/2016 9 p.m. PDT",2345,2258,2131,-214
BANC,"5/10/2016 10 p.m. PDT",2224,2169,2011,-213
BANC,"5/10/2016 11 p.m. PDT",2011,1952,1986,-25
BANC,"5/11/2016 12 a.m. PDT",1766,1754,1536,-230
BANC,"5/11/2016 1 a.m. PDT",1608,1576,1323,-285
BANC,"5/11/2016 2 a.m. PDT",1525,1492,1236,-289
BANC,"5/11/2016 3 a.m. PDT",1475,1440,1159,-316
BANC,"5/11/2016 4 a.m. PDT",1446,1421,1187,-259
BANC,"5/11/2016 5 a.m. PDT",1473,1448,1224,-249
BANC,"5/11/2016 6 a.m. PDT",1563,1528,1278,-285
BANC,"5/11/2016 7 a.m. PDT",1660,1637,1582,-78
BANC,"5/11/2016 8 a.m. PDT",1788,1730,1575,-213
BANC,"5/11/2016 9 a.m. PDT",1857,1788,1539,-318
BANC,"5/11/2016 10 a.m. PDT",1904,1857,1568,-336
BANC,"5/11/2016 11 a.m. PDT",1976,1931,1595,-381
BANC,"5/11/2016 12 p.m. PDT",2065,1997,1623,-442
BANC,"5/11/2016 1 p.m. PDT",2148,2068,1614,-534
BANC,"5/11/2016 2 p.m. PDT",2224,2161,1643,-581
BANC,"5/11/2016 3 p.m. PDT",2350,2261,1749,-601
BANC,"5/11/2016 4 p.m. PDT",2471,2333,1828,-643
BANC,"5/11/2016 5 p.m. PDT",2585,2415,1921,-664
BANC,"5/11/2016 6 p.m. PDT",2629,2442,1957,-672
BANC,"5/11/2016 7 p.m. PDT",2593,2407,2084,-509
BANC,"5/11/2016 8 p.m. PDT",2504,2340,2104,-400
BANC,"5/11/2016 9 p.m. PDT",2455,2330,2086,-369
BANC,"5/11/2016 10 p.m. PDT",2329,2194,1980,-349
BANC,"5/11/2016 11 p.m. PDT",2086,1970,1772,-314
BANC,"5/12/2016 12 a.m. PDT",1845,1772,1439,-406
BANC,"5/12/2016 1 a.m. PDT",1665,1648,1352,-313
BANC,"5/12/2016 2 a.m. PDT",1571,1541,1340,-231
BANC,"5/12/2016 3 a.m. PDT",1496,1487,1206,-290
BANC,"5/12/2016 4 a.m. PDT",1480,1456,1227,-253
BANC,"5/12/2016 5 a.m. PDT",1490,1472,1215,-275
BANC,"5/12/2016 6 a.m. PDT",1552,1560,1260,-292
BANC,"5/12/2016 7 a.m. PDT",1662,1650,1410,-252
BANC,"5/12/2016 8 a.m. PDT",1776,1774,1515,-261
BANC,"5/12/2016 9 a.m. PDT",1848,1856,1468,-380
BANC,"5/12/2016 10 a.m. PDT",1905,1966,1474,-431
BANC,"5/12/2016 11 a.m. PDT",2006,2058,1598,-408
BANC,"5/12/2016 12 p.m. PDT",2081,2157,1648,-433
BANC,"5/12/2016 1 p.m. PDT",2196,2265,1793,-403
BANC,"5/12/2016 2 p.m. PDT",2308,2388,1725,-583
BANC,"5/12/2016 3 p.m. PDT",2475,2517,1909,-566
BANC,"5/12/2016 4 p.m. PDT",2629,2636,2044,-585
BANC,"5/12/2016 5 p.m. PDT",2773,2741,2139,-634
BANC,"5/12/2016 6 p.m. PDT",2830,2770,2166,-664
BANC,"5/12/2016 7 p.m. PDT",2776,2722,2130,-646
BANC,"5/12/2016 8 p.m. PDT",2636,2599,2157,-479
BANC,"5/12/2016 9 p.m. PDT",2550,2554,2149,-401
BANC,"5/12/2016 10 p.m. PDT",2353,2390,1847,-506
BANC,"5/12/2016 11 p.m. PDT",2071,2129,1742,-329
BANC,"5/13/2016 12 a.m. PDT",1815,1881,1406,-409
BANC,"5/13/2016 1 a.m. PDT",1654,1600,1387,-267
BANC,"5/13/2016 2 a.m. PDT",1548,1518,1290,-258
BANC,"5/13/2016 3 a.m. PDT",1486,1458,1173,-313
BANC,"5/13/2016 4 a.m. PDT",1454,1432,1140,-314
BANC,"5/13/2016 5 a.m. PDT",1472,1459,1206,-266
BANC,"5/13/2016 6 a.m. PDT",1559,1535,1351,-208
BANC,"5/13/2016 7 a.m. PDT",1650,1630,1527,-123
BANC,"5/13/2016 8 a.m. PDT",1747,1728,1582,-165
BANC,"5/13/2016 9 a.m. PDT",1803,1785,1514,-289
BANC,"5/13/2016 10 a.m. PDT",1852,1842,1524,-328
BANC,"5/13/2016 11 a.m. PDT",1928,1908,1666,-262
BANC,"5/13/2016 12 p.m. PDT",1991,1967,1704,-287
BANC,"5/13/2016 1 p.m. PDT",2039,2022,1753,-286
BANC,"5/13/2016 2 p.m. PDT",2120,2089,1847,-273
BANC,"5/13/2016 3 p.m. PDT",2163,2143,1884,-279
BANC,"5/13/2016 4 p.m. PDT",2198,2189,1884,-314
BANC,"5/13/2016 5 p.m. PDT",2219,2233,1833,-386
BANC,"5/13/2016 6 p.m. PDT",2227,2264,1954,-273
BANC,"5/13/2016 7 p.m. PDT",2132,2234,1913,-219
BANC,"5/13/2016 8 p.m. PDT",2027,2184,1877,-150
BANC,"5/13/2016 9 p.m. PDT",2037,2201,1913,-124
BANC,"5/13/2016 10 p.m. PDT",1988,2111,1805,-183
BANC,"5/13/2016 11 p.m. PDT",1843,1918,1576,-267
BANC,"5/14/2016 12 a.m. PDT",1679,1715,1411,-268
BANC,"5/14/2016 1 a.m. PDT",1563,1520,1363,-200
BANC,"5/14/2016 2 a.m. PDT",1480,1440,1319,-161
BANC,"5/14/2016 3 a.m. PDT",1426,1386,1162,-264
BANC,"5/14/2016 4 a.m. PDT",1397,1358,1197,-200
BANC,"5/14/2016 5 a.m. PDT",1397,1361,1172,-225
BANC,"5/14/2016 6 a.m. PDT",1418,1388,1137,-281
BANC,"5/14/2016 7 a.m. PDT",1428,1405,1353,-75
BANC,"5/14/2016 8 a.m. PDT",1488,1470,1371,-117
BANC,"5/14/2016 9 a.m. PDT",1560,1570,1373,-187
BANC,"5/14/2016 10 a.m. PDT",1635,1650,1519,-116
BANC,"5/14/2016 11 a.m. PDT",1681,1699,1448,-233
BANC,"5/14/2016 12 p.m. PDT",1730,1737,1475,-255
BANC,"5/14/2016 1 p.m. PDT",1743,1762,1414,-329
BANC,"5/14/2016 2 p.m. PDT",1755,1772,1418,-337
BANC,"5/14/2016 3 p.m. PDT",1803,1793,1484,-319
BANC,"5/14/2016 4 p.m. PDT",1828,1821,1606,-222
BANC,"5/14/2016 5 p.m. PDT",1872,1849,1651,-221
BANC,"5/14/2016 6 p.m. PDT",1923,1880,1644,-279
BANC,"5/14/2016 7 p.m. PDT",1937,1878,1794,-143
BANC,"5/14/2016 8 p.m. PDT",1918,1866,1800,-118
BANC,"5/14/2016 9 p.m. PDT",1929,1920,1865,-64
BANC,"5/14/2016 10 p.m. PDT",1912,1883,1697,-215
BANC,"5/14/2016 11 p.m. PDT",1798,1756,1508,-290
BANC,"5/15/2016 12 a.m. PDT",1661,1605,1368,-293
BANC,"5/15/2016 1 a.m. PDT",1538,1494,1196,-342
BANC,"5/15/2016 2 a.m. PDT",1450,1409,1149,-301
BANC,"5/15/2016 3 a.m. PDT",1397,1362,1089,-308
BANC,"5/15/2016 4 a.m. PDT",1362,1333,1080,-282
BANC,"5/15/2016 5 a.m. PDT",1360,1329,1094,-266
BANC,"5/15/2016 6 a.m. PDT",1369,1349,1057,-312
BANC,"5/15/2016 7 a.m. PDT",1351,1332,1227,-124
BANC,"5/15/2016 8 a.m. PDT",1432,1408,1347,-85
BANC,"5/15/2016 9 a.m. PDT",1508,1507,1365,-143
BANC,"5/15/2016 10 a.m. PDT",1606,1584,1458,-148
BANC,"5/15/2016 11 a.m. PDT",1638,1643,1465,-173
BANC,"5/15/2016 12 p.m. PDT",1709,1673,1470,-239
BANC,"5/15/2016 1 p.m. PDT",1773,1700,1536,-237
BANC,"5/15/2016 2 p.m. PDT",1809,1722,1543,-266
BANC,"5/15/2016 3 p.m. PDT",1851,1756,1603,-248
BANC,"5/15/2016 4 p.m. PDT",1950,1806,1629,-321
BANC,"5/15/2016 5 p.m. PDT",2044,1873,1625,-419
BANC,"5/15/2016 6 p.m. PDT",2156,1935,1664,-492
BANC,"5/15/2016 7 p.m. PDT",2161,1951,1633,-528
BANC,"5/15/2016 8 p.m. PDT",2100,1937,1875,-225
BANC,"5/15/2016 9 p.m. PDT",2145,2027,1877,-268
BANC,"5/15/2016 10 p.m. PDT",2094,1975,1866,-228
BANC,"5/15/2016 11 p.m. PDT",1894,1810,1616,-278
BANC,"5/16/2016 12 a.m. PDT",1703,1632,1365,-338
BANC,"5/16/2016 1 a.m. PDT",1574,1519,1215,-359
BANC,"5/16/2016 2 a.m. PDT",1484,1444,1152,-332
BANC,"5/16/2016 3 a.m. PDT",1436,1404,1112,-324
BANC,"5/16/2016 4 a.m. PDT",1408,1388,1070,-338
BANC,"5/16/2016 5 a.m. PDT",1429,1409,1096,-333
BANC,"5/16/2016 6 a.m. PDT",1519,1507,1201,-318
BANC,"5/16/2016 7 a.m. PDT",1635,1613,1467,-168
BANC,"5/16/2016 8 a.m. PDT",1760,1715,1579,-181
BANC,"5/16/2016 9 a.m. PDT",1846,1785,1590,-256
BANC,"5/16/2016 10 a.m. PDT",1909,1837,1590,-319
BANC,"5/16/2016 11 a.m. PDT",1996,1911,1593,-403
BANC,"5/16/2016 12 p.m. PDT",2067,1953,1650,-417
BANC,"5/16/2016 1 p.m. PDT",2142,2024,1639,-503
BANC,"5/16/2016 2 p.m. PDT",2215,2095,1634,-581
BANC,"5/16/2016 3 p.m. PDT",2283,2161,1601,-682
BANC,"5/16/2016 4 p.m. PDT",2366,2231,1583,-783
BANC,"5/16/2016 5 p.m. PDT",2447,2297,1588,-859
BANC,"5/16/2016 6 p.m. PDT",2484,2348,1718,-766
BANC,"5/16/2016 7 p.m. PDT",2465,2328,1778,-687
BANC,"5/16/2016 8 p.m. PDT",2382,2295,1761,-621
BANC,"5/16/2016 9 p.m. PDT",2380,2300,1867,-513
BANC,"5/16/2016 10 p.m. PDT",2296,2196,1838,-458
BANC,"5/16/2016 11 p.m. PDT",2063,1989,1689,-374
BANC,"5/17/2016 12 a.m. PDT",1822,1775,1345,-477
BANC,"5/17/2016 1 a.m. PDT",1661,1618,1245,-416
BANC,"5/17/2016 2 a.m. PDT",1566,1515,1175,-391
BANC,"5/17/2016 3 a.m. PDT",1496,1463,1150,-346
BANC,"5/17/2016 4 a.m. PDT",1466,1434,1111,-355
BANC,"5/17/2016 5 a.m. PDT",1500,1456,1161,-339
BANC,"5/17/2016 6 a.m. PDT",1589,1535,1253,-336
BANC,"5/17/2016 7 a.m. PDT",1718,1638,1478,-240
BANC,"5/17/2016 8 a.m. PDT",1846,1743,1601,-245
BANC,"5/17/2016 9 a.m. PDT",1942,1816,1569,-373
BANC,"5/17/2016 10 a.m. PDT",2057,1889,1589,-468
BANC,"5/17/2016 11 a.m. PDT",2203,1993,1655,-548
BANC,"5/17/2016 12 p.m. PDT",2275,2066,1676,-599
BANC,"5/17/2016 1 p.m. PDT",2414,2181,1694,-720
BANC,"5/17/2016 2 p.m. PDT",2518,2290,1633,-885
BANC,"5/17/2016 3 p.m. PDT",2653,2436,1760,-893
BANC,"5/17/2016 4 p.m. PDT",2782,2573,1896,-886
BANC,"5/17/2016 5 p.m. PDT",2837,2692,1904,-933
BANC,"5/17/2016 6 p.m. PDT",2869,2755,1973,-896
BANC,"5/17/2016 7 p.m. PDT",2830,2723,1904,-926
BANC,"5/17/2016 8 p.m. PDT",2790,2595,1911,-879
BANC,"5/17/2016 9 p.m. PDT",2724,2512,1898,-826
BANC,"5/17/2016 10 p.m. PDT",2587,2332,1801,-786
BANC,"5/17/2016 11 p.m. PDT",2288,2057,1832,-456
BANC,"5/18/2016 12 a.m. PDT",2025,1824,1490,-535
BANC,"5/18/2016 1 a.m. PDT",1798,1714,1310,-488
BANC,"5/18/2016 2 a.m. PDT",1652,1594,1214,-438
BANC,"5/18/2016 3 a.m. PDT",1597,1527,1242,-355
BANC,"5/18/2016 4 a.m. PDT",1531,1487,1177,-354
BANC,"5/18/2016 5 a.m. PDT",1545,1503,1187,-358
BANC,"5/18/2016 6 a.m. PDT",1642,1587,1308,-334
BANC,"5/18/2016 7 a.m. PDT",1747,1680,1582,-165
BANC,"5/18/2016 8 a.m. PDT",1899,1814,1659,-240
BANC,"5/18/2016 9 a.m. PDT",2015,1919,1582,-433
BANC,"5/18/2016 10 a.m. PDT",2135,2036,1596,-539
BANC,"5/18/2016 11 a.m. PDT",2284,2167,1666,-618
BANC,"5/18/2016 12 p.m. PDT",2454,2296,1735,-719
BANC,"5/18/2016 1 p.m. PDT",2618,2435,1753,-865
BANC,"5/18/2016 2 p.m. PDT",2824,2597,1789,-1035
BANC,"5/18/2016 3 p.m. PDT",3008,2766,1810,-1198
BANC,"5/18/2016 4 p.m. PDT",3139,2907,1802,-1337
BANC,"5/18/2016 5 p.m. PDT",3233,3023,1818,-1415
BANC,"5/18/2016 6 p.m. PDT",3280,3053,1883,-1397
BANC,"5/18/2016 7 p.m. PDT",3232,2989,1927,-1305
BANC,"5/18/2016 8 p.m. PDT",3102,2858,1996,-1106
BANC,"5/18/2016 9 p.m. PDT",2930,2763,2030,-900
BANC,"5/18/2016 10 p.m. PDT",2719,2565,1938,-781
BANC,"5/18/2016 11 p.m. PDT",2375,2255,1767,-608
BANC,"5/19/2016 12 a.m. PDT",2062,1970,1573,-489
BANC,"5/19/2016 1 a.m. PDT",1843,1646,1280,-563
BANC,"5/19/2016 2 a.m. PDT",1696,1550,1210,-486
BANC,"5/19/2016 3 a.m. PDT",1619,1491,1158,-461
BANC,"5/19/2016 4 a.m. PDT",1560,1458,1119,-441
BANC,"5/19/2016 5 a.m. PDT",1553,1475,1124,-429
BANC,"5/19/2016 6 a.m. PDT",1628,1549,1147,-481
BANC,"5/19/2016 7 a.m. PDT",1706,1647,1274,-432
BANC,"5/19/2016 8 a.m. PDT",1814,1733,1392,-422
BANC,"5/19/2016 9 a.m. PDT",1858,1817,1352,-506
BANC,"5/19/2016 10 a.m. PDT",1915,1890,1371,-544
BANC,"5/19/2016 11 a.m. PDT",2006,1971,1454,-552
BANC,"5/19/2016 12 p.m. PDT",2081,2053,1545,-536
BANC,"5/19/2016 1 p.m. PDT",2167,2133,1589,-578
BANC,"5/19/2016 2 p.m. PDT",2240,2233,1710,-530
BANC,"5/19/2016 3 p.m. PDT",2320,2347,1860,-460
BANC,"5/19/2016 4 p.m. PDT",2347,2449,1864,-483
BANC,"5/19/2016 5 p.m. PDT",2379,2541,1785,-594
BANC,"5/19/2016 6 p.m. PDT",2371,2580,1623,-748
BANC,"5/19/2016 7 p.m. PDT",2244,2531,1541,-703
BANC,"5/19/2016 8 p.m. PDT",2140,2430,1608,-532
BANC,"5/19/2016 9 p.m. PDT",2139,2363,1660,-479
BANC,"5/19/2016 10 p.m. PDT",2041,2242,1622,-419
BANC,"5/19/2016 11 p.m. PDT",1864,2014,1506,-358
BANC,"5/20/2016 12 a.m. PDT",1686,1797,1301,-385
BANC,"5/20/2016 1 a.m. PDT",1546,1530,1235,-311
BANC,"5/20/2016 2 a.m. PDT",1482,1453,1197,-285
BANC,"5/20/2016 3 a.m. PDT",1445,1419,1161,-284
BANC,"5/20/2016 4 a.m. PDT",1421,1399,1136,-285
BANC,"5/20/2016 5 a.m. PDT",1441,1421,1156,-285
BANC,"5/20/2016 6 a.m. PDT",1513,1510,1241,-272
BANC,"5/20/2016 7 a.m. PDT",1606,1629,1535,-71
BANC,"5/20/2016 8 a.m. PDT",1730,1726,1539,-191
BANC,"5/20/2016 9 a.m. PDT",1760,1770,1562,-198
BANC,"5/20/2016 10 a.m. PDT",1799,1795,1588,-211
BANC,"5/20/2016 11 a.m. PDT",1843,1816,1617,-226
BANC,"5/20/2016 12 p.m. PDT",1879,1868,1649,-230
BANC,"5/20/2016 1 p.m. PDT",1864,1879,1624,-240
BANC,"5/20/2016 2 p.m. PDT",1857,1904,1636,-221
BANC,"5/20/2016 3 p.m. PDT",1845,1948,1746,-99
BANC,"5/20/2016 4 p.m. PDT",1858,1973,1644,-214
BANC,"5/20/2016 5 p.m. PDT",1845,1995,1702,-143
BANC,"5/20/2016 6 p.m. PDT",1814,1996,1643,-171
BANC,"5/20/2016 7 p.m. PDT",1793,1960,1601,-192
BANC,"5/20/2016 8 p.m. PDT",1808,1929,1805,-3
BANC,"5/20/2016 9 p.m. PDT",1848,1974,1781,-67
BANC,"5/20/2016 10 p.m. PDT",1797,1907,1699,-98
BANC,"5/20/2016 11 p.m. PDT",1734,1758,1580,-154
BANC,"5/21/2016 12 a.m. PDT",1585,1591,1334,-251
BANC,"5/21/2016 1 a.m. PDT",1501,1475,1306,-195
BANC,"5/21/2016 2 a.m. PDT",1436,1404,1286,-150
BANC,"5/21/2016 3 a.m. PDT",1387,1369,1229,-158
BANC,"5/21/2016 4 a.m. PDT",1373,1338,1225,-148
BANC,"5/21/2016 5 a.m. PDT",1368,1345,1219,-149
BANC,"5/21/2016 6 a.m. PDT",1396,1367,1232,-164
BANC,"5/21/2016 7 a.m. PDT",1386,1374,1431,45
BANC,"5/21/2016 8 a.m. PDT",1453,1447,1434,-19
BANC,"5/21/2016 9 a.m. PDT",1552,1543,1428,-124
BANC,"5/21/2016 10 a.m. PDT",1612,1618,1462,-150
BANC,"5/21/2016 11 a.m. PDT",1667,1665,1499,-168
BANC,"5/21/2016 12 p.m. PDT",1676,1699,1504,-172
BANC,"5/21/2016 1 p.m. PDT",1655,1690,1464,-191
BANC,"5/21/2016 2 p.m. PDT",1655,1678,1481,-174
BANC,"5/21/2016 3 p.m. PDT",1642,1690,1587,-55
BANC,"5/21/2016 4 p.m. PDT",1617,1689,1615,-2
BANC,"5/21/2016 5 p.m. PDT",1622,1702,1486,-136
BANC,"5/21/2016 6 p.m. PDT",1654,1716,1534,-120
BANC,"5/21/2016 7 p.m. PDT",1651,1720,1558,-93
BANC,"5/21/2016 8 p.m. PDT",1670,1716,1766,96
BANC,"5/21/2016 9 p.m. PDT",1754,1785,1829,75
BANC,"5/21/2016 10 p.m. PDT",1781,1776,1901,120
BANC,"5/21/2016 11 p.m. PDT",1707,1661,1757,50
BANC,"5/22/2016 12 a.m. PDT",1572,1542,1444,-128
BANC,"5/22/2016 1 a.m. PDT",1482,1470,1254,-228
BANC,"5/22/2016 2 a.m. PDT",1412,1401,1202,-210
BANC,"5/22/2016 3 a.m. PDT",1365,1368,1179,-186
BANC,"5/22/2016 4 a.m. PDT",1333,1341,1108,-225
BANC,"5/22/2016 5 a.m. PDT",1334,1333,1155,-179
BANC,"5/22/2016 6 a.m. PDT",1340,1349,1124,-216
BANC,"5/22/2016 7 a.m. PDT",1345,1338,1207,-138
BANC,"5/22/2016 8 a.m. PDT",1406,1389,1256,-150
BANC,"5/22/2016 9 a.m. PDT",1468,1466,1295,-173
BANC,"5/22/2016 10 a.m. PDT",1536,1544,1351,-185
BANC,"5/22/2016 11 a.m. PDT",1574,1607,1383,-191
BANC,"5/22/2016 12 p.m. PDT",1586,1650,1397,-189
BANC,"5/22/2016 1 p.m. PDT",1600,1652,1414,-186
BANC,"5/22/2016 2 p.m. PDT",1610,1683,1392,-218
BANC,"5/22/2016 3 p.m. PDT",1629,1724,1425,-204
BANC,"5/22/2016 4 p.m. PDT",1640,1782,1576,-64
BANC,"5/22/2016 5 p.m. PDT",1680,1810,1591,-89
BANC,"5/22/2016 6 p.m. PDT",1734,1845,1549,-185
BANC,"5/22/2016 7 p.m. PDT",1741,1850,1618,-123
BANC,"5/22/2016 8 p.m. PDT",1772,1829,1831,59
BANC,"5/22/2016 9 p.m. PDT",1867,1884,1896,29
BANC,"5/22/2016 10 p.m. PDT",1864,1858,1893,29
BANC,"5/22/2016 11 p.m. PDT",1734,1717,1767,33
BANC,"5/23/2016 12 a.m. PDT",1572,1565,1523,-49
BANC,"5/23/2016 1 a.m. PDT",1459,1469,1142,-317
BANC,"5/23/2016 2 a.m. PDT",1394,1409,1074,-320
BANC,"5/23/2016 3 a.m. PDT",1348,1375,1020,-328
BANC,"5/23/2016 4 a.m. PDT",1332,1370,992,-340
BANC,"5/23/2016 5 a.m. PDT",1380,1392,1064,-316
BANC,"5/23/2016 6 a.m. PDT",1468,1495,1144,-324
BANC,"5/23/2016 7 a.m. PDT",1586,1608,1281,-305
BANC,"5/23/2016 8 a.m. PDT",1706,1712,1352,-354
BANC,"5/23/2016 9 a.m. PDT",1756,1760,1257,-499
BANC,"5/23/2016 10 a.m. PDT",1794,1808,1259,-535
BANC,"5/23/2016 11 a.m. PDT",1851,1827,1428,-423
BANC,"5/23/2016 12 p.m. PDT",1879,1877,1450,-429
BANC,"5/23/2016 1 p.m. PDT",1878,1891,1439,-439
BANC,"5/23/2016 2 p.m. PDT",1945,1927,1490,-455
BANC,"5/23/2016 3 p.m. PDT",1953,1961,1518,-435
BANC,"5/23/2016 4 p.m. PDT",1985,1996,1591,-394
BANC,"5/23/2016 5 p.m. PDT",2004,2018,1668,-336
BANC,"5/23/2016 6 p.m. PDT",2005,2033,1519,-486
BANC,"5/23/2016 7 p.m. PDT",1987,1990,1691,-296
BANC,"5/23/2016 8 p.m. PDT",1970,1954,1804,-166
BANC,"5/23/2016 9 p.m. PDT",2027,2046,1817,-210
BANC,"5/23/2016 10 p.m. PDT",1980,1961,1787,-193
BANC,"5/23/2016 11 p.m. PDT",1817,1788,1631,-186
BANC,"5/24/2016 12 a.m. PDT",1646,1621,1478,-168
BANC,"5/24/2016 1 a.m. PDT",1550,1508,1294,-256
BANC,"5/24/2016 2 a.m. PDT",1480,1430,1250,-230
BANC,"5/24/2016 3 a.m. PDT",1440,1391,1201,-239
BANC,"5/24/2016 4 a.m. PDT",1437,1374,1187,-250
BANC,"5/24/2016 5 a.m. PDT",1445,1398,1179,-266
BANC,"5/24/2016 6 a.m. PDT",1539,1480,1295,-244
BANC,"5/24/2016 7 a.m. PDT",1644,1593,1409,-235
BANC,"5/24/2016 8 a.m. PDT",1758,1681,1520,-238
BANC,"5/24/2016 9 a.m. PDT",1804,1713,1315,-489
BANC,"5/24/2016 10 a.m. PDT",1855,1749,1350,-505
BANC,"5/24/2016 11 a.m. PDT",1903,1816,1465,-438
BANC,"5/24/2016 12 p.m. PDT",1925,1837,1400,-525
BANC,"5/24/2016 1 p.m. PDT",1955,1871,1412,-543
BANC,"5/24/2016 2 p.m. PDT",1974,1900,1470,-504
BANC,"5/24/2016 3 p.m. PDT",1993,1923,1479,-514
BANC,"5/24/2016 4 p.m. PDT",2021,1954,1713,-308
BANC,"5/24/2016 5 p.m. PDT",2046,1980,1850,-196
BANC,"5/24/2016 6 p.m. PDT",2066,1990,1791,-275
BANC,"5/24/2016 7 p.m. PDT",2013,1958,1635,-378
BANC,"5/24/2016 8 p.m. PDT",1994,1932,1719,-275
BANC,"5/24/2016 9 p.m. PDT",2035,1996,1798,-237
BANC,"5/24/2016 10 p.m. PDT",2005,1914,1817,-188
BANC,"5/24/2016 11 p.m. PDT",1851,1728,1788,-63
BANC,"5/25/2016 12 a.m. PDT",1690,1582,1425,-265
BANC,"5/25/2016 1 a.m. PDT",1540,1515,1251,-289
BANC,"5/25/2016 2 a.m. PDT",1478,1436,1164,-314
BANC,"5/25/2016 3 a.m. PDT",1432,1396,1083,-349
BANC,"5/25/2016 4 a.m. PDT",1418,1383,1084,-334
BANC,"5/25/2016 5 a.m. PDT",1453,1412,1083,-370
BANC,"5/25/2016 6 a.m. PDT",1531,1497,1212,-319
BANC,"5/25/2016 7 a.m. PDT",1614,1621,1373,-241
BANC,"5/25/2016 8 a.m. PDT",1728,1709,1370,-358
BANC,"5/25/2016 9 a.m. PDT",1787,1744,1266,-521
BANC,"5/25/2016 10 a.m. PDT",1857,1780,1366,-491
BANC,"5/25/2016 11 a.m. PDT",1892,1828,1437,-455
BANC,"5/25/2016 12 p.m. PDT",1944,1874,1479,-465
BANC,"5/25/2016 1 p.m. PDT",1968,1905,1477,-491
BANC,"5/25/2016 2 p.m. PDT",2035,1945,1551,-484
BANC,"5/25/2016 3 p.m. PDT",2078,1978,1587,-491
BANC,"5/25/2016 4 p.m. PDT",2130,2012,1553,-577
BANC,"5/25/2016 5 p.m. PDT",2178,2039,1586,-592
BANC,"5/25/2016 6 p.m. PDT",2185,2045,1577,-608
BANC,"5/25/2016 7 p.m. PDT",2174,2031,1635,-539
BANC,"5/25/2016 8 p.m. PDT",2124,2021,1797,-327
BANC,"5/25/2016 9 p.m. PDT",2118,2069,1822,-296
BANC,"5/25/2016 10 p.m. PDT",2097,2004,1834,-263
BANC,"5/25/2016 11 p.m. PDT",1911,1813,1673,-238
BANC,"5/26/2016 12 a.m. PDT",1732,1662,1405,-327
BANC,"5/26/2016 1 a.m. PDT",1586,1544,1230,-356
BANC,"5/26/2016 2 a.m. PDT",1495,1452,1050,-445
BANC,"5/26/2016 3 a.m. PDT",1438,1406,1032,-406
BANC,"5/26/2016 4 a.m. PDT",1421,1386,1014,-407
BANC,"5/26/2016 5 a.m. PDT",1465,1420,1051,-414
BANC,"5/26/2016 6 a.m. PDT",1526,1495,1220,-306
BANC,"5/26/2016 7 a.m. PDT",1639,1605,1335,-304
BANC,"5/26/2016 8 a.m. PDT",1736,1699,1340,-396
BANC,"5/26/2016 9 a.m. PDT",1807,1757,1346,-461
BANC,"5/26/2016 10 a.m. PDT",1867,1823,1390,-477
BANC,"5/26/2016 11 a.m. PDT",1926,1900,1492,-434
BANC,"5/26/2016 12 p.m. PDT",2009,1969,1564,-445
BANC,"5/26/2016 1 p.m. PDT",2019,2035,1528,-491
BANC,"5/26/2016 2 p.m. PDT",2108,2114,1699,-409
BANC,"5/26/2016 3 p.m. PDT",2184,2174,1745,-439
BANC,"5/26/2016 4 p.m. PDT",2317,2252,1851,-466
BANC,"5/26/2016 5 p.m. PDT",2428,2322,1894,-534
BANC,"5/26/2016 6 p.m. PDT",2449,2373,1713,-736
BANC,"5/26/2016 7 p.m. PDT",2448,2375,1843,-605
BANC,"5/26/2016 8 p.m. PDT",2361,2304,1883,-478
BANC,"5/26/2016 9 p.m. PDT",2313,2299,1916,-397
BANC,"5/26/2016 10 p.m. PDT",2235,2210,1882,-353
BANC,"5/26/2016 11 p.m. PDT",2019,1987,1503,-516
BANC,"5/27/2016 12 a.m. PDT",1802,1770,1269,-533
BANC,"5/27/2016 1 a.m. PDT",1638,1618,1219,-419
BANC,"5/27/2016 2 a.m. PDT",1532,1511,1121,-411
BANC,"5/27/2016 3 a.m. PDT",1491,1460,1055,-436
BANC,"5/27/2016 4 a.m. PDT",1448,1430,1007,-441
BANC,"5/27/2016 5 a.m. PDT",1472,1454,1040,-432
BANC,"5/27/2016 6 a.m. PDT",1522,1527,1157,-365
BANC,"5/27/2016 7 a.m. PDT",1614,1627,1150,-464
BANC,"5/27/2016 8 a.m. PDT",1730,1735,1379,-351
BANC,"5/27/2016 9 a.m. PDT",1815,1812,1337,-478
BANC,"5/27/2016 10 a.m. PDT",1894,1909,1374,-520
BANC,"5/27/2016 11 a.m. PDT",1992,2000,1406,-586
BANC,"5/27/2016 12 p.m. PDT",2073,2086,1397,-676
BANC,"5/27/2016 1 p.m. PDT",2149,2185,1466,-683
BANC,"5/27/2016 2 p.m. PDT",2285,2308,1617,-668
BANC,"5/27/2016 3 p.m. PDT",2387,2433,1689,-698
BANC,"5/27/2016 4 p.m. PDT",2490,2558,1731,-759
BANC,"5/27/2016 5 p.m. PDT",2583,2666,1799,-784
BANC,"5/27/2016 6 p.m. PDT",2614,2698,1860,-754
BANC,"5/27/2016 7 p.m. PDT",2566,2648,1842,-724
BANC,"5/27/2016 8 p.m. PDT",2455,2534,1959,-496
BANC,"5/27/2016 9 p.m. PDT",2390,2467,2156,-234
BANC,"5/27/2016 10 p.m. PDT",2312,2325,2139,-173
BANC,"5/27/2016 11 p.m. PDT",2126,2082,1861,-265
BANC,"5/28/2016 12 a.m. PDT",1905,1838,1523,-382
BANC,"5/28/2016 1 a.m. PDT",1720,1694,1424,-296
BANC,"5/28/2016 2 a.m. PDT",1605,1572,1228,-377
BANC,"5/28/2016 3 a.m. PDT",1541,1501,1276,-265
BANC,"5/28/2016 4 a.m. PDT",1484,1449,1125,-359
BANC,"5/28/2016 5 a.m. PDT",1463,1442,1099,-364
BANC,"5/28/2016 6 a.m. PDT",1452,1452,1130,-322
BANC,"5/28/2016 7 a.m. PDT",1445,1445,1245,-200
BANC,"5/28/2016 8 a.m. PDT",1525,1520,1267,-258
BANC,"5/28/2016 9 a.m. PDT",1613,1645,1207,-406
BANC,"5/28/2016 10 a.m. PDT",1708,1770,1256,-452
BANC,"5/28/2016 11 a.m. PDT",1798,1897,1303,-495
BANC,"5/28/2016 12 p.m. PDT",1901,2010,1406,-495
BANC,"5/28/2016 1 p.m. PDT",1979,2136,1509,-470
BANC,"5/28/2016 2 p.m. PDT",2112,2273,1673,-439
BANC,"5/28/2016 3 p.m. PDT",2246,2430,1830,-416
BANC,"5/28/2016 4 p.m. PDT",2393,2582,1940,-453
BANC,"5/28/2016 5 p.m. PDT",2482,2695,2001,-481
BANC,"5/28/2016 6 p.m. PDT",2545,2735,2060,-485
BANC,"5/28/2016 7 p.m. PDT",2543,2698,2053,-490
BANC,"5/28/2016 8 p.m. PDT",2487,2582,2047,-440
BANC,"5/28/2016 9 p.m. PDT",2424,2507,2199,-225
BANC,"5/28/2016 10 p.m. PDT",2338,2353,2159,-179
BANC,"5/28/2016 11 p.m. PDT",2125,2120,1951,-174
BANC,"5/29/2016 12 a.m. PDT",1899,1898,1464,-435
BANC,"5/29/2016 1 a.m. PDT",1714,1722,1413,-301
BANC,"5/29/2016 2 a.m. PDT",1593,1583,1307,-286
BANC,"5/29/2016 3 a.m. PDT",1515,1504,1193,-322
BANC,"5/29/2016 4 a.m. PDT",1467,1448,1200,-267
BANC,"5/29/2016 5 a.m. PDT",1443,1429,1154,-289
BANC,"5/29/2016 6 a.m. PDT",1430,1419,1109,-321
BANC,"5/29/2016 7 a.m. PDT",1391,1408,1116,-275
BANC,"5/29/2016 8 a.m. PDT",1464,1475,1207,-257
BANC,"5/29/2016 9 a.m. PDT",1564,1596,1244,-320
BANC,"5/29/2016 10 a.m. PDT",1696,1731,1431,-265
BANC,"5/29/2016 11 a.m. PDT",1816,1858,1549,-267
BANC,"5/29/2016 12 p.m. PDT",1975,2016,1747,-228
BANC,"5/29/2016 1 p.m. PDT",2141,2163,1890,-251
BANC,"5/29/2016 2 p.m. PDT",2297,2339,1952,-345
BANC,"5/29/2016 3 p.m. PDT",2469,2524,2097,-372
BANC,"5/29/2016 4 p.m. PDT",2650,2701,2236,-414
BANC,"5/29/2016 5 p.m. PDT",2764,2824,2207,-557
BANC,"5/29/2016 6 p.m. PDT",2825,2890,2208,-617
BANC,"5/29/2016 7 p.m. PDT",2770,2858,2081,-689
BANC,"5/29/2016 8 p.m. PDT",2613,2724,2112,-501
BANC,"5/29/2016 9 p.m. PDT",2503,2594,2167,-337
BANC,"5/29/2016 10 p.m. PDT",2392,2430,2142,-250
BANC,"5/29/2016 11 p.m. PDT",2148,2170,1993,-155
BANC,"5/30/2016 12 a.m. PDT",1917,1923,1549,-368
BANC,"5/30/2016 1 a.m. PDT",1730,1733,1522,-208
BANC,"5/30/2016 2 a.m. PDT",1596,1596,1260,-336
BANC,"5/30/2016 3 a.m. PDT",1505,1516,1153,-352
BANC,"5/30/2016 4 a.m. PDT",1453,1465,1091,-362
BANC,"5/30/2016 5 a.m. PDT",1441,1447,1077,-364
BANC,"5/30/2016 6 a.m. PDT",1452,1441,1103,-349
BANC,"5/30/2016 7 a.m. PDT",1429,1430,1105,-324
BANC,"5/30/2016 8 a.m. PDT",1529,1513,1213,-316
BANC,"5/30/2016 9 a.m. PDT",1659,1650,1276,-383
BANC,"5/30/2016 10 a.m. PDT",1803,1811,1314,-489
BANC,"5/30/2016 11 a.m. PDT",1969,1983,1458,-511
BANC,"5/30/2016 12 p.m. PDT",2164,2166,1626,-538
BANC,"5/30/2016 1 p.m. PDT",2341,2355,1755,-586
BANC,"5/30/2016 2 p.m. PDT",2564,2547,1846,-718
BANC,"5/30/2016 3 p.m. PDT",2765,2754,2025,-740
BANC,"5/30/2016 4 p.m. PDT",2970,2938,2249,-721
BANC,"5/30/2016 5 p.m. PDT",3133,3071,2295,-838
BANC,"5/30/2016 6 p.m. PDT",3193,3156,2486,-707
BANC,"5/30/2016 7 p.m. PDT",3182,3106,2509,-673
BANC,"5/30/2016 8 p.m. PDT",3098,2949,2544,-554
BANC,"5/30/2016 9 p.m. PDT",2970,2781,2566,-404
BANC,"5/30/2016 10 p.m. PDT",2799,2614,2351,-448
BANC,"5/30/2016 11 p.m. PDT",2433,2292,2163,-270
BANC,"5/31/2016 12 a.m. PDT",2109,2000,1834,-275
BANC,"5/31/2016 1 a.m. PDT",1865,1888,1484,-381
BANC,"5/31/2016 2 a.m. PDT",1699,1738,1298,-401
BANC,"5/31/2016 3 a.m. PDT",1619,1645,1241,-378
BANC,"5/31/2016 4 a.m. PDT",1561,1605,1185,-376
BANC,"5/31/2016 5 a.m. PDT",1577,1604,1216,-361
BANC,"5/31/2016 6 a.m. PDT",1651,1658,1276,-375
BANC,"5/31/2016 7 a.m. PDT",1751,1752,1424,-327
BANC,"5/31/2016 8 a.m. PDT",1911,1898,1499,-412
BANC,"5/31/2016 9 a.m. PDT",2058,2047,1482,-576
BANC,"5/31/2016 10 a.m. PDT",2221,2224,1695,-526
BANC,"5/31/2016 11 a.m. PDT",2447,2422,1801,-646
BANC,"5/31/2016 12 p.m. PDT",2646,2644,1896,-750
BANC,"5/31/2016 1 p.m. PDT",2885,2885,1968,-917
BANC,"5/31/2016 2 p.m. PDT",3164,3143,2028,-1136
BANC,"5/31/2016 3 p.m. PDT",3402,3375,2201,-1201
BANC,"5/31/2016 4 p.m. PDT",3620,3589,2339,-1281
BANC,"5/31/2016 5 p.m. PDT",3790,3726,2397,-1393
BANC,"5/31/2016 6 p.m. PDT",3844,3781,2491,-1353
BANC,"5/31/2016 7 p.m. PDT",3762,3707,2428,-1334
BANC,"5/31/2016 8 p.m. PDT",3612,3528,2547,-1065
BANC,"5/31/2016 9 p.m. PDT",3406,3310,2462,-944
BANC,"5/31/2016 10 p.m. PDT",3137,3080,2224,-913
BANC,"5/31/2016 11 p.m. PDT",2717,2696,1999,-718
BANC,"6/1/2016 12 a.m. PDT",2330,2335,1738,-592
