"BA Code","Timestamp (Hour Ending)","Demand (MWh)","Demand Forecast (MWh)","Net Generation (MWh)","Total Interchange (MWh)"
BANC,"9/1/2022 12 a.m. PDT",2263,2321,1720,-543
BANC,"9/1/2022 1 a.m. PDT",2044,2078,1542,-502
BANC,"9/1/2022 2 a.m. PDT",1898,1924,1486,-412
BANC,"9/1/2022 3 a.m. PDT",1781,1805,1505,-276
BANC,"9/1/2022 4 a.m. PDT",1731,1744,1499,-232
BANC,"9/1/2022 5 a.m. PDT",1726,1740,1508,-218
BANC,"9/1/2022 6 a.m. PDT",1778,1798,1515,-263
BANC,"9/1/2022 7 a.m. PDT",1895,1912,1529,-366
BANC,"9/1/2022 8 a.m. PDT",1989,1999,1590,-399
BANC,"9/1/2022 9 a.m. PDT",2085,2127,1554,-531
BANC,"9/1/2022 10 a.m. PDT",2219,2266,1284,-935
BANC,"9/1/2022 11 a.m. PDT",2405,2448,1321,-1084
BANC,"9/1/2022 12 p.m. PDT",2654,2691,1353,-1301
BANC,"9/1/2022 1 p.m. PDT",2988,3005,1498,-1490
BANC,"9/1/2022 2 p.m. PDT",3324,3315,1683,-1641
BANC,"9/1/2022 3 p.m. PDT",3687,3641,1810,-1877
BANC,"9/1/2022 4 p.m. PDT",4049,3930,2107,-1942
BANC,"9/1/2022 5 p.m. PDT",4157,4122,2325,-1832
BANC,"9/1/2022 6 p.m. PDT",4172,4145,2470,-1702
BANC,"9/1/2022 7 p.m. PDT",4045,4037,2797,-1248
BANC,"9/1/2022 8 p.m. PDT",3807,3813,2742,-1065
BANC,"9/1/2022 9 p.m. PDT",3596,3570,2447,-1149
BANC,"9/1/2022 10 p.m. PDT",3290,3265,2251,-1039
BANC,"9/1/2022 11 p.m. PDT",2904,2893,2100,-804
BANC,"9/2/2022 12 a.m. PDT",2550,2536,1974,-576
BANC,"9/2/2022 1 a.m. PDT",2275,2271,1832,-443
BANC,"9/2/2022 2 a.m. PDT",2100,2086,1787,-313
BANC,"9/2/2022 3 a.m. PDT",1961,1956,1590,-371
BANC,"9/2/2022 4 a.m. PDT",1879,1872,1505,-374
BANC,"9/2/2022 5 a.m. PDT",1849,1844,1496,-353
BANC,"9/2/2022 6 a.m. PDT",1899,1884,1514,-385
BANC,"9/2/2022 7 a.m. PDT",2010,1967,1541,-469
BANC,"9/2/2022 8 a.m. PDT",2091,2039,1497,-594
BANC,"9/2/2022 9 a.m. PDT",2204,2186,1445,-759
BANC,"9/2/2022 10 a.m. PDT",2364,2339,1626,-738
BANC,"9/2/2022 11 a.m. PDT",2587,2555,1756,-831
BANC,"9/2/2022 12 p.m. PDT",2839,2801,1798,-1041
BANC,"9/2/2022 1 p.m. PDT",3164,3107,2102,-1062
BANC,"9/2/2022 2 p.m. PDT",3509,3402,2237,-1272
BANC,"9/2/2022 3 p.m. PDT",3793,3670,2285,-1508
BANC,"9/2/2022 4 p.m. PDT",4012,3903,2230,-1782
BANC,"9/2/2022 5 p.m. PDT",4111,4050,2293,-1818
BANC,"9/2/2022 6 p.m. PDT",4066,4024,2563,-1503
BANC,"9/2/2022 7 p.m. PDT",3902,3884,2585,-1317
BANC,"9/2/2022 8 p.m. PDT",3588,3649,2571,-1017
BANC,"9/2/2022 9 p.m. PDT",3366,3433,2525,-841
BANC,"9/2/2022 10 p.m. PDT",3079,3143,2198,-881
BANC,"9/2/2022 11 p.m. PDT",2759,2820,1908,-851
BANC,"9/3/2022 12 a.m. PDT",2445,2512,1737,-708
BANC,"9/3/2022 1 a.m. PDT",2232,2236,1484,-748
BANC,"9/3/2022 2 a.m. PDT",2043,2042,1422,-621
BANC,"9/3/2022 3 a.m. PDT",1910,1924,1357,-553
BANC,"9/3/2022 4 a.m. PDT",1814,1825,1337,-477
BANC,"9/3/2022 5 a.m. PDT",1759,1769,1324,-435
BANC,"9/3/2022 6 a.m. PDT",1750,1750,1311,-439
BANC,"9/3/2022 7 a.m. PDT",1767,1752,1301,-466
BANC,"9/3/2022 8 a.m. PDT",1812,1793,1323,-489
BANC,"9/3/2022 9 a.m. PDT",1913,1942,1359,-554
BANC,"9/3/2022 10 a.m. PDT",2078,2110,1452,-626
BANC,"9/3/2022 11 a.m. PDT",2268,2342,1486,-782
BANC,"9/3/2022 12 p.m. PDT",2505,2568,1506,-999
BANC,"9/3/2022 1 p.m. PDT",2791,2855,1529,-1262
BANC,"9/3/2022 2 p.m. PDT",3079,3161,1600,-1479
BANC,"9/3/2022 3 p.m. PDT",3435,3448,1756,-1679
BANC,"9/3/2022 4 p.m. PDT",3622,3707,1770,-1852
BANC,"9/3/2022 5 p.m. PDT",3765,3878,1715,-2050
BANC,"9/3/2022 6 p.m. PDT",3809,3910,2097,-1712
BANC,"9/3/2022 7 p.m. PDT",3703,3832,2354,-1349
BANC,"9/3/2022 8 p.m. PDT",3462,3617,2233,-1229
BANC,"9/3/2022 9 p.m. PDT",3229,3391,2063,-1166
BANC,"9/3/2022 10 p.m. PDT",2953,3127,1638,-1315
BANC,"9/3/2022 11 p.m. PDT",2643,2821,1542,-1101
BANC,"9/4/2022 12 a.m. PDT",2371,2529,1456,-915
BANC,"9/4/2022 1 a.m. PDT",2161,2248,1487,-674
BANC,"9/4/2022 2 a.m. PDT",1996,2039,1396,-600
BANC,"9/4/2022 3 a.m. PDT",1875,1911,1301,-574
BANC,"9/4/2022 4 a.m. PDT",1780,1819,1259,-521
BANC,"9/4/2022 5 a.m. PDT",1730,1773,1251,-479
BANC,"9/4/2022 6 a.m. PDT",1705,1756,1199,-506
BANC,"9/4/2022 7 a.m. PDT",1709,1762,1114,-595
BANC,"9/4/2022 8 a.m. PDT",1738,1773,1200,-538
BANC,"9/4/2022 9 a.m. PDT",1877,1923,1288,-589
BANC,"9/4/2022 10 a.m. PDT",2052,2119,1424,-628
BANC,"9/4/2022 11 a.m. PDT",2268,2366,1456,-812
BANC,"9/4/2022 12 p.m. PDT",2555,2649,1501,-1054
BANC,"9/4/2022 1 p.m. PDT",2888,2972,1551,-1337
BANC,"9/4/2022 2 p.m. PDT",3208,3303,1670,-1538
BANC,"9/4/2022 3 p.m. PDT",3517,3623,1722,-1795
BANC,"9/4/2022 4 p.m. PDT",3744,3906,1769,-1975
BANC,"9/4/2022 5 p.m. PDT",3910,4100,1865,-2045
BANC,"9/4/2022 6 p.m. PDT",3953,4148,2343,-1610
BANC,"9/4/2022 7 p.m. PDT",3878,4066,2688,-1190
BANC,"9/4/2022 8 p.m. PDT",3633,3867,2626,-1007
BANC,"9/4/2022 9 p.m. PDT",3411,3637,2294,-1117
BANC,"9/4/2022 10 p.m. PDT",3163,3349,2049,-1114
BANC,"9/4/2022 11 p.m. PDT",2860,2985,1848,-1012
BANC,"9/5/2022 12 a.m. PDT",2565,2651,1638,-927
BANC,"9/5/2022 1 a.m. PDT",2340,2391,1621,-719
BANC,"9/5/2022 2 a.m. PDT",2170,2200,1570,-600
BANC,"9/5/2022 3 a.m. PDT",2033,2071,1521,-512
BANC,"9/5/2022 4 a.m. PDT",1939,1971,1392,-547
BANC,"9/5/2022 5 a.m. PDT",1894,1924,1388,-506
BANC,"9/5/2022 6 a.m. PDT",1899,1917,1415,-484
BANC,"9/5/2022 7 a.m. PDT",1922,1960,1411,-511
BANC,"9/5/2022 8 a.m. PDT",1960,1988,1368,-592
BANC,"9/5/2022 9 a.m. PDT",2117,2113,1407,-710
BANC,"9/5/2022 10 a.m. PDT",2375,2331,1468,-907
BANC,"9/5/2022 11 a.m. PDT",2710,2610,1742,-968
BANC,"9/5/2022 12 p.m. PDT",3069,2933,1829,-1240
BANC,"9/5/2022 1 p.m. PDT",3435,3271,2054,-1381
BANC,"9/5/2022 2 p.m. PDT",3795,3588,2142,-1653
BANC,"9/5/2022 3 p.m. PDT",4073,3860,2171,-1902
BANC,"9/5/2022 4 p.m. PDT",4280,4088,2338,-1942
BANC,"9/5/2022 5 p.m. PDT",4460,4238,2517,-1943
BANC,"9/5/2022 6 p.m. PDT",4466,4253,2595,-1871
BANC,"9/5/2022 7 p.m. PDT",4358,4148,2999,-1359
BANC,"9/5/2022 8 p.m. PDT",4067,3990,3030,-1037
BANC,"9/5/2022 9 p.m. PDT",3834,3819,2805,-1029
BANC,"9/5/2022 10 p.m. PDT",3648,3543,2359,-1289
BANC,"9/5/2022 11 p.m. PDT",3295,3189,2143,-1152
BANC,"9/6/2022 12 a.m. PDT",2970,2858,1955,-1015
BANC,"9/6/2022 1 a.m. PDT",2734,2663,1841,-893
BANC,"9/6/2022 2 a.m. PDT",2517,2456,1708,-809
BANC,"9/6/2022 3 a.m. PDT",2356,2298,1649,-707
BANC,"9/6/2022 4 a.m. PDT",2249,2172,1646,-603
BANC,"9/6/2022 5 a.m. PDT",2213,2120,1659,-554
BANC,"9/6/2022 6 a.m. PDT",2242,2165,1612,-630
BANC,"9/6/2022 7 a.m. PDT",2364,2266,1772,-592
BANC,"9/6/2022 8 a.m. PDT",2517,2380,1827,-690
BANC,"9/6/2022 9 a.m. PDT",2733,2572,1843,-890
BANC,"9/6/2022 10 a.m. PDT",3048,2827,1927,-1121
BANC,"9/6/2022 11 a.m. PDT",3409,3152,2043,-1366
BANC,"9/6/2022 12 p.m. PDT",3798,3593,2250,-1548
BANC,"9/6/2022 1 p.m. PDT",4170,3984,2455,-1715
BANC,"9/6/2022 2 p.m. PDT",4487,4365,2538,-1949
BANC,"9/6/2022 3 p.m. PDT",4699,4662,2693,-2006
BANC,"9/6/2022 4 p.m. PDT",4880,4901,2775,-2105
BANC,"9/6/2022 5 p.m. PDT",4882,5046,2859,-2023
BANC,"9/6/2022 6 p.m. PDT",4797,4994,3056,-1741
BANC,"9/6/2022 7 p.m. PDT",4494,4825,3082,-1412
BANC,"9/6/2022 8 p.m. PDT",4292,4586,2952,-1340
BANC,"9/6/2022 9 p.m. PDT",4092,4299,2712,-1380
BANC,"9/6/2022 10 p.m. PDT",3839,3891,2618,-1221
BANC,"9/6/2022 11 p.m. PDT",3502,3426,2432,-1070
BANC,"9/7/2022 12 a.m. PDT",3147,3006,1988,-1159
BANC,"9/7/2022 1 a.m. PDT",2886,2783,1680,-1206
BANC,"9/7/2022 2 a.m. PDT",2645,2568,1553,-1092
BANC,"9/7/2022 3 a.m. PDT",2473,2419,1479,-994
BANC,"9/7/2022 4 a.m. PDT",2360,2298,1388,-972
BANC,"9/7/2022 5 a.m. PDT",2313,2235,1417,-896
BANC,"9/7/2022 6 a.m. PDT",2342,2258,1498,-844
BANC,"9/7/2022 7 a.m. PDT",2462,2337,1555,-907
BANC,"9/7/2022 8 a.m. PDT",2567,2413,1569,-998
BANC,"9/7/2022 9 a.m. PDT",2760,2561,1509,-1251
BANC,"9/7/2022 10 a.m. PDT",2971,2775,1698,-1273
BANC,"9/7/2022 11 a.m. PDT",3240,3055,1875,-1365
BANC,"9/7/2022 12 p.m. PDT",3535,3371,2010,-1525
BANC,"9/7/2022 1 p.m. PDT",3816,3737,2113,-1703
BANC,"9/7/2022 2 p.m. PDT",4089,4070,2272,-1817
BANC,"9/7/2022 3 p.m. PDT",4293,4369,2389,-1904
BANC,"9/7/2022 4 p.m. PDT",4463,4580,2421,-2042
BANC,"9/7/2022 5 p.m. PDT",4488,4687,2590,-1898
BANC,"9/7/2022 6 p.m. PDT",4434,4634,2850,-1584
BANC,"9/7/2022 7 p.m. PDT",4257,4464,3087,-1170
BANC,"9/7/2022 8 p.m. PDT",4016,4281,2899,-1117
BANC,"9/7/2022 9 p.m. PDT",3816,4018,2623,-1193
BANC,"9/7/2022 10 p.m. PDT",3566,3668,2336,-1230
BANC,"9/7/2022 11 p.m. PDT",3187,3248,2077,-1110
BANC,"9/8/2022 12 a.m. PDT",2865,2873,1837,-1028
BANC,"9/8/2022 1 a.m. PDT",2590,2579,1879,-711
BANC,"9/8/2022 2 a.m. PDT",2390,2382,1807,-583
BANC,"9/8/2022 3 a.m. PDT",2223,2249,1883,-340
BANC,"9/8/2022 4 a.m. PDT",2134,2153,1801,-333
BANC,"9/8/2022 5 a.m. PDT",2103,2117,1786,-317
BANC,"9/8/2022 6 a.m. PDT",2151,2174,1767,-384
BANC,"9/8/2022 7 a.m. PDT",2292,2283,1820,-472
BANC,"9/8/2022 8 a.m. PDT",2386,2381,1851,-535
BANC,"9/8/2022 9 a.m. PDT",2540,2546,1788,-752
BANC,"9/8/2022 10 a.m. PDT",2777,2767,1743,-1034
BANC,"9/8/2022 11 a.m. PDT",3083,3068,1978,-1105
BANC,"9/8/2022 12 p.m. PDT",3434,3421,2091,-1343
BANC,"9/8/2022 1 p.m. PDT",3818,3802,2240,-1578
BANC,"9/8/2022 2 p.m. PDT",4171,4175,2404,-1767
BANC,"9/8/2022 3 p.m. PDT",4424,4486,2556,-1868
BANC,"9/8/2022 4 p.m. PDT",4611,4752,2651,-1960
BANC,"9/8/2022 5 p.m. PDT",4655,4882,2702,-1953
BANC,"9/8/2022 6 p.m. PDT",4596,4818,2837,-1759
BANC,"9/8/2022 7 p.m. PDT",4446,4644,2977,-1469
BANC,"9/8/2022 8 p.m. PDT",4197,4430,2844,-1353
BANC,"9/8/2022 9 p.m. PDT",4028,4155,2581,-1447
BANC,"9/8/2022 10 p.m. PDT",3736,3782,2303,-1433
BANC,"9/8/2022 11 p.m. PDT",3363,3340,2261,-1102
BANC,"9/9/2022 12 a.m. PDT",3024,2954,2088,-936
BANC,"9/9/2022 1 a.m. PDT",2776,2695,1876,-900
BANC,"9/9/2022 2 a.m. PDT",2548,2496,1814,-734
BANC,"9/9/2022 3 a.m. PDT",2382,2346,1812,-570
BANC,"9/9/2022 4 a.m. PDT",2261,2220,1600,-661
BANC,"9/9/2022 5 a.m. PDT",2221,2175,1601,-620
BANC,"9/9/2022 6 a.m. PDT",2231,2219,1604,-627
BANC,"9/9/2022 7 a.m. PDT",2341,2322,1595,-746
BANC,"9/9/2022 8 a.m. PDT",2413,2416,1618,-795
BANC,"9/9/2022 9 a.m. PDT",2526,2593,1725,-801
BANC,"9/9/2022 10 a.m. PDT",2682,2822,1756,-926
BANC,"9/9/2022 11 a.m. PDT",2884,3113,1781,-1103
BANC,"9/9/2022 12 p.m. PDT",3138,3454,1858,-1280
BANC,"9/9/2022 1 p.m. PDT",3419,3809,2036,-1383
BANC,"9/9/2022 2 p.m. PDT",3741,4145,2204,-1537
BANC,"9/9/2022 3 p.m. PDT",4005,4437,2332,-1673
BANC,"9/9/2022 4 p.m. PDT",4219,4652,2257,-1962
BANC,"9/9/2022 5 p.m. PDT",4333,4735,2449,-1884
BANC,"9/9/2022 6 p.m. PDT",4300,4654,2616,-1684
BANC,"9/9/2022 7 p.m. PDT",4064,4439,2553,-1511
BANC,"9/9/2022 8 p.m. PDT",3825,4187,2201,-1624
BANC,"9/9/2022 9 p.m. PDT",3629,3919,1774,-1855
BANC,"9/9/2022 10 p.m. PDT",3335,3587,1640,-1695
BANC,"9/9/2022 11 p.m. PDT",3005,3192,1661,-1344
BANC,"9/10/2022 12 a.m. PDT",2704,2834,1502,-1202
BANC,"9/10/2022 1 a.m. PDT",2464,2408,1400,-1064
BANC,"9/10/2022 2 a.m. PDT",2259,2203,1161,-1098
BANC,"9/10/2022 3 a.m. PDT",2091,2065,1030,-1061
BANC,"9/10/2022 4 a.m. PDT",1982,1953,1061,-921
BANC,"9/10/2022 5 a.m. PDT",1915,1888,1038,-877
BANC,"9/10/2022 6 a.m. PDT",1896,1866,1108,-788
BANC,"9/10/2022 7 a.m. PDT",1917,1880,1028,-889
BANC,"9/10/2022 8 a.m. PDT",1929,1920,1142,-787
BANC,"9/10/2022 9 a.m. PDT",2039,2019,1326,-713
BANC,"9/10/2022 10 a.m. PDT",2176,2157,1309,-867
BANC,"9/10/2022 11 a.m. PDT",2307,2319,1184,-1123
BANC,"9/10/2022 12 p.m. PDT",2434,2505,1110,-1324
BANC,"9/10/2022 1 p.m. PDT",2619,2692,1204,-1415
BANC,"9/10/2022 2 p.m. PDT",2774,2871,1278,-1496
BANC,"9/10/2022 3 p.m. PDT",2813,3022,1408,-1405
BANC,"9/10/2022 4 p.m. PDT",2815,3152,1373,-1442
BANC,"9/10/2022 5 p.m. PDT",2861,3238,1467,-1394
BANC,"9/10/2022 6 p.m. PDT",2782,3227,1676,-1106
BANC,"9/10/2022 7 p.m. PDT",2668,3107,1777,-891
BANC,"9/10/2022 8 p.m. PDT",2593,2965,1815,-778
BANC,"9/10/2022 9 p.m. PDT",2508,2800,1541,-967
BANC,"9/10/2022 10 p.m. PDT",2386,2607,1576,-810
BANC,"9/10/2022 11 p.m. PDT",2229,2386,1582,-647
BANC,"9/11/2022 12 a.m. PDT",2085,2184,1426,-659
BANC,"9/11/2022 1 a.m. PDT",1974,1939,1271,-703
BANC,"9/11/2022 2 a.m. PDT",1865,1832,1278,-587
BANC,"9/11/2022 3 a.m. PDT",1772,1742,1232,-540
BANC,"9/11/2022 4 a.m. PDT",1700,1676,1228,-472
BANC,"9/11/2022 5 a.m. PDT",1675,1640,1192,-483
BANC,"9/11/2022 6 a.m. PDT",1680,1647,1220,-460
BANC,"9/11/2022 7 a.m. PDT",1700,1660,1151,-549
BANC,"9/11/2022 8 a.m. PDT",1737,1690,1097,-640
BANC,"9/11/2022 9 a.m. PDT",1836,1805,1214,-622
BANC,"9/11/2022 10 a.m. PDT",1977,1918,1247,-730
BANC,"9/11/2022 11 a.m. PDT",2136,2073,1208,-928
BANC,"9/11/2022 12 p.m. PDT",2304,2224,1317,-987
BANC,"9/11/2022 1 p.m. PDT",2506,2395,1429,-1077
BANC,"9/11/2022 2 p.m. PDT",2734,2594,1575,-1159
BANC,"9/11/2022 3 p.m. PDT",2947,2766,1591,-1356
BANC,"9/11/2022 4 p.m. PDT",3092,2948,1700,-1392
BANC,"9/11/2022 5 p.m. PDT",3175,3108,1749,-1426
BANC,"9/11/2022 6 p.m. PDT",3173,3177,2026,-1147
BANC,"9/11/2022 7 p.m. PDT",3057,3142,2196,-861
BANC,"9/11/2022 8 p.m. PDT",2912,2997,2200,-712
BANC,"9/11/2022 9 p.m. PDT",2778,2843,1935,-843
BANC,"9/11/2022 10 p.m. PDT",2561,2644,1559,-1002
BANC,"9/11/2022 11 p.m. PDT",2307,2396,1333,-974
BANC,"9/12/2022 12 a.m. PDT",2082,2163,1331,-751
BANC,"9/12/2022 1 a.m. PDT",1953,1960,1103,-850
BANC,"9/12/2022 2 a.m. PDT",1843,1861,1159,-684
BANC,"9/12/2022 3 a.m. PDT",1775,1783,1012,-763
BANC,"9/12/2022 4 a.m. PDT",1736,1738,1011,-725
BANC,"9/12/2022 5 a.m. PDT",1765,1752,1055,-710
BANC,"9/12/2022 6 a.m. PDT",1842,1831,1259,-583
BANC,"9/12/2022 7 a.m. PDT",1997,1970,1542,-455
BANC,"9/12/2022 8 a.m. PDT",2098,2057,1434,-664
BANC,"9/12/2022 9 a.m. PDT",2159,2172,1292,-867
BANC,"9/12/2022 10 a.m. PDT",2225,2279,1322,-903
BANC,"9/12/2022 11 a.m. PDT",2350,2410,1207,-1143
BANC,"9/12/2022 12 p.m. PDT",2497,2564,1297,-1200
BANC,"9/12/2022 1 p.m. PDT",2630,2744,1520,-1110
BANC,"9/12/2022 2 p.m. PDT",2788,2927,1735,-1053
BANC,"9/12/2022 3 p.m. PDT",2998,3088,1747,-1251
BANC,"9/12/2022 4 p.m. PDT",3197,3241,1842,-1355
BANC,"9/12/2022 5 p.m. PDT",3334,3363,1964,-1370
BANC,"9/12/2022 6 p.m. PDT",3334,3372,2262,-1072
BANC,"9/12/2022 7 p.m. PDT",3147,3281,2192,-955
BANC,"9/12/2022 8 p.m. PDT",2966,3128,2085,-881
BANC,"9/12/2022 9 p.m. PDT",2795,2964,1795,-1000
BANC,"9/12/2022 10 p.m. PDT",2548,2721,1655,-893
BANC,"9/12/2022 11 p.m. PDT",2274,2440,1483,-791
BANC,"9/13/2022 12 a.m. PDT",2053,2200,1250,-803
BANC,"9/13/2022 1 a.m. PDT",1912,1922,932,-980
BANC,"9/13/2022 2 a.m. PDT",1809,1810,921,-888
BANC,"9/13/2022 3 a.m. PDT",1728,1737,841,-887
BANC,"9/13/2022 4 a.m. PDT",1681,1694,838,-843
BANC,"9/13/2022 5 a.m. PDT",1693,1702,882,-811
BANC,"9/13/2022 6 a.m. PDT",1764,1787,852,-912
BANC,"9/13/2022 7 a.m. PDT",1890,1911,878,-1012
BANC,"9/13/2022 8 a.m. PDT",1944,1966,1079,-865
BANC,"9/13/2022 9 a.m. PDT",2005,2016,1051,-954
BANC,"9/13/2022 10 a.m. PDT",2034,2076,1004,-1030
BANC,"9/13/2022 11 a.m. PDT",2085,2134,1000,-1085
BANC,"9/13/2022 12 p.m. PDT",2149,2208,1037,-1112
BANC,"9/13/2022 1 p.m. PDT",2228,2292,1044,-1184
BANC,"9/13/2022 2 p.m. PDT",2350,2391,1186,-1164
BANC,"9/13/2022 3 p.m. PDT",2448,2505,1202,-1246
BANC,"9/13/2022 4 p.m. PDT",2570,2607,1198,-1372
BANC,"9/13/2022 5 p.m. PDT",2643,2687,1305,-1338
BANC,"9/13/2022 6 p.m. PDT",2599,2659,1598,-1001
BANC,"9/13/2022 7 p.m. PDT",2472,2573,1792,-680
BANC,"9/13/2022 8 p.m. PDT",2367,2500,1660,-707
BANC,"9/13/2022 9 p.m. PDT",2281,2401,1363,-918
BANC,"9/13/2022 10 p.m. PDT",2157,2215,1254,-903
BANC,"9/13/2022 11 p.m. PDT",1983,2020,1106,-877
BANC,"9/14/2022 12 a.m. PDT",1817,1843,996,-821
BANC,"9/14/2022 1 a.m. PDT",1720,1713,933,-787
BANC,"9/14/2022 2 a.m. PDT",1642,1640,947,-695
BANC,"9/14/2022 3 a.m. PDT",1581,1591,950,-631
BANC,"9/14/2022 4 a.m. PDT",1567,1564,951,-616
BANC,"9/14/2022 5 a.m. PDT",1580,1584,1034,-546
BANC,"9/14/2022 6 a.m. PDT",1650,1661,1111,-539
BANC,"9/14/2022 7 a.m. PDT",1770,1784,1332,-438
BANC,"9/14/2022 8 a.m. PDT",1841,1849,1262,-579
BANC,"9/14/2022 9 a.m. PDT",1902,1890,869,-1033
BANC,"9/14/2022 10 a.m. PDT",1943,1936,908,-1035
BANC,"9/14/2022 11 a.m. PDT",1979,1968,907,-1072
BANC,"9/14/2022 12 p.m. PDT",2020,2009,935,-1085
BANC,"9/14/2022 1 p.m. PDT",2062,2060,1004,-1058
BANC,"9/14/2022 2 p.m. PDT",2156,2144,1041,-1115
BANC,"9/14/2022 3 p.m. PDT",2237,2243,1075,-1162
BANC,"9/14/2022 4 p.m. PDT",2358,2342,1025,-1333
BANC,"9/14/2022 5 p.m. PDT",2436,2424,1078,-1358
BANC,"9/14/2022 6 p.m. PDT",2446,2436,1522,-924
BANC,"9/14/2022 7 p.m. PDT",2358,2399,1878,-480
BANC,"9/14/2022 8 p.m. PDT",2307,2378,1886,-421
BANC,"9/14/2022 9 p.m. PDT",2244,2309,1485,-759
BANC,"9/14/2022 10 p.m. PDT",2116,2151,1413,-703
BANC,"9/14/2022 11 p.m. PDT",1957,1975,1481,-476
BANC,"9/15/2022 12 a.m. PDT",1799,1803,1277,-522
BANC,"9/15/2022 1 a.m. PDT",1703,1699,1274,-429
BANC,"9/15/2022 2 a.m. PDT",1637,1625,1134,-503
BANC,"9/15/2022 3 a.m. PDT",1580,1580,1199,-381
BANC,"9/15/2022 4 a.m. PDT",1553,1555,1160,-393
BANC,"9/15/2022 5 a.m. PDT",1581,1572,1180,-401
BANC,"9/15/2022 6 a.m. PDT",1640,1640,1305,-335
BANC,"9/15/2022 7 a.m. PDT",1771,1767,1424,-347
BANC,"9/15/2022 8 a.m. PDT",1837,1827,1331,-506
BANC,"9/15/2022 9 a.m. PDT",1899,1879,988,-911
BANC,"9/15/2022 10 a.m. PDT",1935,1920,1030,-905
BANC,"9/15/2022 11 a.m. PDT",1964,1965,1071,-893
BANC,"9/15/2022 12 p.m. PDT",2072,2019,1259,-813
BANC,"9/15/2022 1 p.m. PDT",2054,2092,1259,-795
BANC,"9/15/2022 2 p.m. PDT",2135,2171,1164,-971
BANC,"9/15/2022 3 p.m. PDT",2212,2275,1146,-1066
BANC,"9/15/2022 4 p.m. PDT",2317,2364,1287,-1030
BANC,"9/15/2022 5 p.m. PDT",2392,2426,1326,-1066
BANC,"9/15/2022 6 p.m. PDT",2411,2417,1527,-884
BANC,"9/15/2022 7 p.m. PDT",2355,2362,1830,-525
BANC,"9/15/2022 8 p.m. PDT",2311,2335,1610,-701
BANC,"9/15/2022 9 p.m. PDT",2228,2270,1332,-896
BANC,"9/15/2022 10 p.m. PDT",2098,2104,1263,-835
BANC,"9/15/2022 11 p.m. PDT",1929,1923,992,-937
BANC,"9/16/2022 12 a.m. PDT",1779,1762,948,-831
BANC,"9/16/2022 1 a.m. PDT",1690,1679,988,-702
BANC,"9/16/2022 2 a.m. PDT",1606,1611,855,-751
BANC,"9/16/2022 3 a.m. PDT",1562,1562,780,-782
BANC,"9/16/2022 4 a.m. PDT",1527,1540,744,-783
BANC,"9/16/2022 5 a.m. PDT",1547,1557,792,-755
BANC,"9/16/2022 6 a.m. PDT",1617,1638,912,-705
BANC,"9/16/2022 7 a.m. PDT",1743,1764,993,-750
BANC,"9/16/2022 8 a.m. PDT",1811,1825,904,-907
BANC,"9/16/2022 9 a.m. PDT",1869,1866,679,-1190
BANC,"9/16/2022 10 a.m. PDT",1907,1911,747,-1160
BANC,"9/16/2022 11 a.m. PDT",1935,1950,771,-1164
BANC,"9/16/2022 12 p.m. PDT",1991,2003,807,-1184
BANC,"9/16/2022 1 p.m. PDT",2069,2077,855,-1214
BANC,"9/16/2022 2 p.m. PDT",2162,2164,936,-1226
BANC,"9/16/2022 3 p.m. PDT",2285,2285,1049,-1236
BANC,"9/16/2022 4 p.m. PDT",2426,2410,1136,-1290
BANC,"9/16/2022 5 p.m. PDT",2537,2514,1229,-1308
BANC,"9/16/2022 6 p.m. PDT",2572,2523,1433,-1139
BANC,"9/16/2022 7 p.m. PDT",2489,2463,1615,-874
BANC,"9/16/2022 8 p.m. PDT",2409,2419,1577,-832
BANC,"9/16/2022 9 p.m. PDT",2300,2339,1278,-1022
BANC,"9/16/2022 10 p.m. PDT",2165,2174,1177,-988
BANC,"9/16/2022 11 p.m. PDT",1986,2007,1258,-728
BANC,"9/17/2022 12 a.m. PDT",1836,1842,1117,-719
BANC,"9/17/2022 1 a.m. PDT",1717,1696,1124,-593
BANC,"9/17/2022 2 a.m. PDT",1635,1624,1202,-433
BANC,"9/17/2022 3 a.m. PDT",1559,1564,994,-565
BANC,"9/17/2022 4 a.m. PDT",1513,1521,812,-701
BANC,"9/17/2022 5 a.m. PDT",1506,1508,833,-673
BANC,"9/17/2022 6 a.m. PDT",1509,1520,1085,-424
BANC,"9/17/2022 7 a.m. PDT",1554,1554,1066,-488
BANC,"9/17/2022 8 a.m. PDT",1586,1581,946,-640
BANC,"9/17/2022 9 a.m. PDT",1651,1646,939,-712
BANC,"9/17/2022 10 a.m. PDT",1704,1721,1030,-674
BANC,"9/17/2022 11 a.m. PDT",1742,1765,900,-842
BANC,"9/17/2022 12 p.m. PDT",1774,1803,910,-864
BANC,"9/17/2022 1 p.m. PDT",1809,1851,908,-901
BANC,"9/17/2022 2 p.m. PDT",1916,1909,950,-966
BANC,"9/17/2022 3 p.m. PDT",1947,1995,918,-1029
BANC,"9/17/2022 4 p.m. PDT",2012,2078,914,-1098
BANC,"9/17/2022 5 p.m. PDT",2037,2154,1018,-1019
BANC,"9/17/2022 6 p.m. PDT",2026,2135,1399,-627
BANC,"9/17/2022 7 p.m. PDT",1971,2087,1613,-358
BANC,"9/17/2022 8 p.m. PDT",1974,2072,1561,-413
BANC,"9/17/2022 9 p.m. PDT",1924,2012,1206,-718
BANC,"9/17/2022 10 p.m. PDT",1855,1904,1202,-653
BANC,"9/17/2022 11 p.m. PDT",1753,1787,1293,-460
BANC,"9/18/2022 12 a.m. PDT",1652,1662,1141,-511
BANC,"9/18/2022 1 a.m. PDT",1586,1603,925,-661
BANC,"9/18/2022 2 a.m. PDT",1526,1527,858,-668
BANC,"9/18/2022 3 a.m. PDT",1484,1487,834,-650
BANC,"9/18/2022 4 a.m. PDT",1464,1454,814,-650
BANC,"9/18/2022 5 a.m. PDT",1458,1439,811,-647
BANC,"9/18/2022 6 a.m. PDT",1472,1450,789,-683
BANC,"9/18/2022 7 a.m. PDT",1510,1466,828,-682
BANC,"9/18/2022 8 a.m. PDT",1536,1493,984,-552
BANC,"9/18/2022 9 a.m. PDT",1609,1581,770,-839
BANC,"9/18/2022 10 a.m. PDT",1656,1647,809,-847
BANC,"9/18/2022 11 a.m. PDT",1708,1683,845,-863
BANC,"9/18/2022 12 p.m. PDT",1749,1698,816,-933
BANC,"9/18/2022 1 p.m. PDT",1777,1720,978,-799
BANC,"9/18/2022 2 p.m. PDT",1813,1752,979,-834
BANC,"9/18/2022 3 p.m. PDT",1770,1784,1132,-638
BANC,"9/18/2022 4 p.m. PDT",2797,1825,2165,-632
BANC,"9/18/2022 5 p.m. PDT",1850,1867,1097,-753
BANC,"9/18/2022 6 p.m. PDT",1870,1892,1119,-751
BANC,"9/18/2022 7 p.m. PDT",1882,1899,1453,-429
BANC,"9/18/2022 8 p.m. PDT",1918,1929,1453,-465
BANC,"9/18/2022 9 p.m. PDT",1907,1928,1259,-648
BANC,"9/18/2022 10 p.m. PDT",1834,1838,1247,-587
BANC,"9/18/2022 11 p.m. PDT",1726,1727,1093,-633
BANC,"9/19/2022 12 a.m. PDT",1618,1603,914,-704
BANC,"9/19/2022 1 a.m. PDT",1550,1552,932,-618
BANC,"9/19/2022 2 a.m. PDT",1498,1496,954,-544
BANC,"9/19/2022 3 a.m. PDT",1465,1474,943,-522
BANC,"9/19/2022 4 a.m. PDT",1460,1464,942,-518
BANC,"9/19/2022 5 a.m. PDT",1506,1491,972,-534
BANC,"9/19/2022 6 a.m. PDT",1582,1575,1086,-496
BANC,"9/19/2022 7 a.m. PDT",1714,1717,1299,-415
BANC,"9/19/2022 8 a.m. PDT",1816,1795,1242,-574
BANC,"9/19/2022 9 a.m. PDT",1849,1851,1091,-758
BANC,"9/19/2022 10 a.m. PDT",1899,1899,1195,-704
BANC,"9/19/2022 11 a.m. PDT",1935,1938,1110,-825
BANC,"9/19/2022 12 p.m. PDT",1953,1971,1114,-839
BANC,"9/19/2022 1 p.m. PDT",1988,1995,1207,-781
BANC,"9/19/2022 2 p.m. PDT",2032,2032,1262,-770
BANC,"9/19/2022 3 p.m. PDT",2056,2056,1227,-829
BANC,"9/19/2022 4 p.m. PDT",2081,2088,1315,-766
BANC,"9/19/2022 5 p.m. PDT",2079,2081,1212,-867
BANC,"9/19/2022 6 p.m. PDT",2065,2037,1485,-580
BANC,"9/19/2022 7 p.m. PDT",2064,2025,1827,-237
BANC,"9/19/2022 8 p.m. PDT",2090,2076,1848,-242
BANC,"9/19/2022 9 p.m. PDT",2029,2041,1531,-498
BANC,"9/19/2022 10 p.m. PDT",1951,1920,1487,-464
BANC,"9/19/2022 11 p.m. PDT",1811,1789,1406,-405
BANC,"9/20/2022 12 a.m. PDT",1684,1643,1019,-665
BANC,"9/20/2022 1 a.m. PDT",1617,1601,989,-628
BANC,"9/20/2022 2 a.m. PDT",1571,1555,1009,-562
BANC,"9/20/2022 3 a.m. PDT",1515,1519,950,-565
BANC,"9/20/2022 4 a.m. PDT",1506,1497,949,-557
BANC,"9/20/2022 5 a.m. PDT",1532,1527,1085,-447
BANC,"9/20/2022 6 a.m. PDT",1602,1610,1098,-504
BANC,"9/20/2022 7 a.m. PDT",1736,1750,1136,-600
BANC,"9/20/2022 8 a.m. PDT",1798,1822,1066,-732
BANC,"9/20/2022 9 a.m. PDT",1854,1864,759,-1095
BANC,"9/20/2022 10 a.m. PDT",1886,1901,801,-1085
BANC,"9/20/2022 11 a.m. PDT",1911,1942,796,-1115
BANC,"9/20/2022 12 p.m. PDT",1922,1961,817,-1105
BANC,"9/20/2022 1 p.m. PDT",1959,1996,929,-1030
BANC,"9/20/2022 2 p.m. PDT",1985,2043,925,-1060
BANC,"9/20/2022 3 p.m. PDT",1999,2067,897,-1102
BANC,"9/20/2022 4 p.m. PDT",2086,2115,1116,-970
BANC,"9/20/2022 5 p.m. PDT",2143,2141,1174,-969
BANC,"9/20/2022 6 p.m. PDT",2187,2130,1409,-778
BANC,"9/20/2022 7 p.m. PDT",2187,2126,1874,-313
BANC,"9/20/2022 8 p.m. PDT",2185,2161,1898,-287
BANC,"9/20/2022 9 p.m. PDT",2134,2137,1525,-609
BANC,"9/20/2022 10 p.m. PDT",2017,2009,1545,-472
BANC,"9/20/2022 11 p.m. PDT",1858,1848,1535,-323
BANC,"9/21/2022 12 a.m. PDT",1712,1716,1375,-337
BANC,"9/21/2022 1 a.m. PDT",1627,1617,1379,-248
BANC,"9/21/2022 2 a.m. PDT",1566,1555,1344,-222
BANC,"9/21/2022 3 a.m. PDT",1522,1516,1273,-249
BANC,"9/21/2022 4 a.m. PDT",1497,1501,1282,-215
BANC,"9/21/2022 5 a.m. PDT",1525,1527,1361,-164
BANC,"9/21/2022 6 a.m. PDT",1602,1600,1399,-203
BANC,"9/21/2022 7 a.m. PDT",1742,1747,1464,-278
BANC,"9/21/2022 8 a.m. PDT",1822,1825,1373,-449
BANC,"9/21/2022 9 a.m. PDT",1892,1859,1234,-658
BANC,"9/21/2022 10 a.m. PDT",1931,1895,1169,-762
BANC,"9/21/2022 11 a.m. PDT",1932,1918,1105,-827
BANC,"9/21/2022 12 p.m. PDT",1979,1947,1058,-921
BANC,"9/21/2022 1 p.m. PDT",2031,1972,1224,-807
BANC,"9/21/2022 2 p.m. PDT",1928,2019,1051,-877
BANC,"9/21/2022 3 p.m. PDT",1956,2068,1077,-879
BANC,"9/21/2022 4 p.m. PDT",2029,2146,1374,-655
BANC,"9/21/2022 5 p.m. PDT",2079,2183,1353,-726
BANC,"9/21/2022 6 p.m. PDT",2129,2190,1423,-706
BANC,"9/21/2022 7 p.m. PDT",2133,2128,1807,-326
BANC,"9/21/2022 8 p.m. PDT",2142,2136,1796,-346
BANC,"9/21/2022 9 p.m. PDT",2106,2121,1465,-641
BANC,"9/21/2022 10 p.m. PDT",1991,1998,1292,-699
BANC,"9/21/2022 11 p.m. PDT",1835,1837,1203,-632
BANC,"9/22/2022 12 a.m. PDT",1708,1689,845,-863
BANC,"9/22/2022 1 a.m. PDT",1644,1605,907,-737
BANC,"9/22/2022 2 a.m. PDT",1573,1552,874,-699
BANC,"9/22/2022 3 a.m. PDT",1505,1510,864,-641
BANC,"9/22/2022 4 a.m. PDT",1508,1487,920,-588
BANC,"9/22/2022 5 a.m. PDT",1536,1512,926,-610
BANC,"9/22/2022 6 a.m. PDT",1612,1594,1001,-611
BANC,"9/22/2022 7 a.m. PDT",1722,1728,1066,-656
BANC,"9/22/2022 8 a.m. PDT",1800,1788,971,-829
BANC,"9/22/2022 9 a.m. PDT",1826,1836,891,-935
BANC,"9/22/2022 10 a.m. PDT",1850,1874,970,-880
BANC,"9/22/2022 11 a.m. PDT",1880,1919,1001,-879
BANC,"9/22/2022 12 p.m. PDT",1909,1952,1036,-873
BANC,"9/22/2022 1 p.m. PDT",1951,2009,1064,-887
BANC,"9/22/2022 2 p.m. PDT",2019,2092,1114,-905
BANC,"9/22/2022 3 p.m. PDT",2093,2194,1139,-954
BANC,"9/22/2022 4 p.m. PDT",2198,2322,1043,-1155
BANC,"9/22/2022 5 p.m. PDT",2297,2410,1139,-1158
BANC,"9/22/2022 6 p.m. PDT",2337,2400,1395,-942
BANC,"9/22/2022 7 p.m. PDT",2321,2327,1534,-787
BANC,"9/22/2022 8 p.m. PDT",2289,2290,1640,-649
BANC,"9/22/2022 9 p.m. PDT",2224,2235,1452,-772
BANC,"9/22/2022 10 p.m. PDT",2092,2085,1436,-656
BANC,"9/22/2022 11 p.m. PDT",1917,1896,1358,-559
BANC,"9/23/2022 12 a.m. PDT",1764,1733,1165,-599
BANC,"9/23/2022 1 a.m. PDT",1682,1664,916,-766
BANC,"9/23/2022 2 a.m. PDT",1591,1594,873,-718
BANC,"9/23/2022 3 a.m. PDT",1521,1546,788,-733
BANC,"9/23/2022 4 a.m. PDT",1351,1511,734,-617
BANC,"9/23/2022 5 a.m. PDT",1378,1530,753,-625
BANC,"9/23/2022 6 a.m. PDT",1446,1608,889,-557
BANC,"9/23/2022 7 a.m. PDT",1578,1730,851,-727
BANC,"9/23/2022 8 a.m. PDT",1633,1788,795,-838
BANC,"9/23/2022 9 a.m. PDT",1754,1843,834,-920
BANC,"9/23/2022 10 a.m. PDT",1905,1897,965,-940
BANC,"9/23/2022 11 a.m. PDT",1956,1948,978,-978
BANC,"9/23/2022 12 p.m. PDT",2038,2003,1051,-987
BANC,"9/23/2022 1 p.m. PDT",2126,2089,1064,-1062
BANC,"9/23/2022 2 p.m. PDT",2331,2215,1132,-1199
BANC,"9/23/2022 3 p.m. PDT",2472,2360,1164,-1308
BANC,"9/23/2022 4 p.m. PDT",2654,2526,1386,-1268
BANC,"9/23/2022 5 p.m. PDT",2713,2656,1444,-1269
BANC,"9/23/2022 6 p.m. PDT",2748,2692,1564,-1184
BANC,"9/23/2022 7 p.m. PDT",2656,2591,1939,-717
BANC,"9/23/2022 8 p.m. PDT",2537,2516,1869,-668
BANC,"9/23/2022 9 p.m. PDT",2417,2419,1535,-882
BANC,"9/23/2022 10 p.m. PDT",2246,2252,1613,-633
BANC,"9/23/2022 11 p.m. PDT",2070,2051,1469,-601
BANC,"9/24/2022 12 a.m. PDT",1905,1865,1399,-506
BANC,"9/24/2022 1 a.m. PDT",1774,1773,1037,-737
BANC,"9/24/2022 2 a.m. PDT",1687,1673,938,-749
BANC,"9/24/2022 3 a.m. PDT",1596,1605,1032,-564
BANC,"9/24/2022 4 a.m. PDT",1554,1551,1075,-479
BANC,"9/24/2022 5 a.m. PDT",1530,1531,1112,-418
BANC,"9/24/2022 6 a.m. PDT",1548,1538,1170,-378
BANC,"9/24/2022 7 a.m. PDT",1577,1569,1115,-462
BANC,"9/24/2022 8 a.m. PDT",1601,1605,930,-671
BANC,"9/24/2022 9 a.m. PDT",1678,1686,921,-757
BANC,"9/24/2022 10 a.m. PDT",1765,1790,1053,-712
BANC,"9/24/2022 11 a.m. PDT",1849,1893,1049,-800
BANC,"9/24/2022 12 p.m. PDT",1963,2005,1076,-887
BANC,"9/24/2022 1 p.m. PDT",2114,2157,1060,-1054
BANC,"9/24/2022 2 p.m. PDT",2328,2348,1108,-1220
BANC,"9/24/2022 3 p.m. PDT",2557,2536,1152,-1405
BANC,"9/24/2022 4 p.m. PDT",2764,2742,1543,-1221
BANC,"9/24/2022 5 p.m. PDT",2896,2899,1687,-1209
BANC,"9/24/2022 6 p.m. PDT",2952,2940,1710,-1242
BANC,"9/24/2022 7 p.m. PDT",2845,2828,1931,-914
BANC,"9/24/2022 8 p.m. PDT",2671,2721,1920,-751
BANC,"9/24/2022 9 p.m. PDT",2482,2576,1694,-788
BANC,"9/24/2022 10 p.m. PDT",2300,2370,1619,-681
BANC,"9/24/2022 11 p.m. PDT",2102,2139,1537,-565
BANC,"9/25/2022 12 a.m. PDT",1929,1959,1469,-460
BANC,"9/25/2022 1 a.m. PDT",1798,1827,1438,-360
BANC,"9/25/2022 2 a.m. PDT",1682,1724,1391,-291
BANC,"9/25/2022 3 a.m. PDT",1603,1638,1312,-291
BANC,"9/25/2022 4 a.m. PDT",1546,1576,1130,-416
BANC,"9/25/2022 5 a.m. PDT",1526,1543,1020,-506
BANC,"9/25/2022 6 a.m. PDT",1533,1546,964,-569
BANC,"9/25/2022 7 a.m. PDT",1548,1565,972,-576
BANC,"9/25/2022 8 a.m. PDT",1580,1582,920,-660
BANC,"9/25/2022 9 a.m. PDT",1651,1670,877,-774
BANC,"9/25/2022 10 a.m. PDT",1749,1784,1002,-747
BANC,"9/25/2022 11 a.m. PDT",1854,1907,1035,-819
BANC,"9/25/2022 12 p.m. PDT",2003,2053,1074,-929
BANC,"9/25/2022 1 p.m. PDT",2192,2245,1089,-1103
BANC,"9/25/2022 2 p.m. PDT",2431,2476,1143,-1288
BANC,"9/25/2022 3 p.m. PDT",2687,2690,1276,-1411
BANC,"9/25/2022 4 p.m. PDT",2989,2923,1712,-1277
BANC,"9/25/2022 5 p.m. PDT",3098,3093,1649,-1449
BANC,"9/25/2022 6 p.m. PDT",3171,3136,1781,-1390
BANC,"9/25/2022 7 p.m. PDT",3063,3040,1867,-1196
BANC,"9/25/2022 8 p.m. PDT",2904,2907,1861,-1043
BANC,"9/25/2022 9 p.m. PDT",2713,2736,1631,-1082
BANC,"9/25/2022 10 p.m. PDT",2477,2515,1566,-911
BANC,"9/25/2022 11 p.m. PDT",2209,2251,1391,-818
BANC,"9/26/2022 12 a.m. PDT",1981,2029,1224,-757
BANC,"9/26/2022 1 a.m. PDT",1824,1842,1015,-809
BANC,"9/26/2022 2 a.m. PDT",1708,1735,1002,-706
BANC,"9/26/2022 3 a.m. PDT",1627,1664,958,-669
BANC,"9/26/2022 4 a.m. PDT",1583,1618,940,-643
BANC,"9/26/2022 5 a.m. PDT",1609,1630,991,-618
BANC,"9/26/2022 6 a.m. PDT",1674,1702,1043,-631
BANC,"9/26/2022 7 a.m. PDT",1804,1845,1065,-739
BANC,"9/26/2022 8 a.m. PDT",1882,1918,1015,-867
BANC,"9/26/2022 9 a.m. PDT",1927,1995,932,-995
BANC,"9/26/2022 10 a.m. PDT",2006,2091,1037,-969
BANC,"9/26/2022 11 a.m. PDT",2063,2212,1037,-1026
BANC,"9/26/2022 12 p.m. PDT",2203,2349,1132,-1071
BANC,"9/26/2022 1 p.m. PDT",2383,2535,1163,-1220
BANC,"9/26/2022 2 p.m. PDT",2601,2767,1213,-1388
BANC,"9/26/2022 3 p.m. PDT",2847,2983,1425,-1422
BANC,"9/26/2022 4 p.m. PDT",3087,3204,1609,-1478
BANC,"9/26/2022 5 p.m. PDT",3257,3354,1736,-1521
BANC,"9/26/2022 6 p.m. PDT",3288,3355,1643,-1645
BANC,"9/26/2022 7 p.m. PDT",3130,3212,1875,-1255
BANC,"9/26/2022 8 p.m. PDT",2932,3033,1724,-1208
BANC,"9/26/2022 9 p.m. PDT",2713,2825,1378,-1335
BANC,"9/26/2022 10 p.m. PDT",2440,2579,1284,-1156
BANC,"9/26/2022 11 p.m. PDT",2165,2295,1330,-835
BANC,"9/27/2022 12 a.m. PDT",1935,2053,1185,-750
BANC,"9/27/2022 1 a.m. PDT",1787,1800,1265,-522
BANC,"9/27/2022 2 a.m. PDT",1681,1685,1175,-506
BANC,"9/27/2022 3 a.m. PDT",1612,1610,1180,-432
BANC,"9/27/2022 4 a.m. PDT",1565,1569,1207,-358
BANC,"9/27/2022 5 a.m. PDT",1582,1584,1259,-323
BANC,"9/27/2022 6 a.m. PDT",1641,1658,1341,-300
BANC,"9/27/2022 7 a.m. PDT",1770,1804,1297,-473
BANC,"9/27/2022 8 a.m. PDT",1837,1866,1222,-615
BANC,"9/27/2022 9 a.m. PDT",1861,1907,1111,-750
BANC,"9/27/2022 10 a.m. PDT",1885,1951,1135,-750
BANC,"9/27/2022 11 a.m. PDT",1929,2010,1180,-749
BANC,"9/27/2022 12 p.m. PDT",1979,2087,1210,-769
BANC,"9/27/2022 1 p.m. PDT",2076,2199,1290,-786
BANC,"9/27/2022 2 p.m. PDT",2198,2365,1436,-762
BANC,"9/27/2022 3 p.m. PDT",2357,2546,1374,-983
BANC,"9/27/2022 4 p.m. PDT",2518,2724,1447,-1071
BANC,"9/27/2022 5 p.m. PDT",2641,2876,1446,-1195
BANC,"9/27/2022 6 p.m. PDT",2669,2895,1368,-1301
BANC,"9/27/2022 7 p.m. PDT",2571,2782,1625,-946
BANC,"9/27/2022 8 p.m. PDT",2470,2664,1719,-751
BANC,"9/27/2022 9 p.m. PDT",2328,2508,1395,-933
BANC,"9/27/2022 10 p.m. PDT",2168,2305,1265,-903
BANC,"9/27/2022 11 p.m. PDT",1959,2072,1258,-701
BANC,"9/28/2022 12 a.m. PDT",1785,1876,1160,-625
BANC,"9/28/2022 1 a.m. PDT",1692,1699,993,-699
BANC,"9/28/2022 2 a.m. PDT",1609,1620,931,-678
BANC,"9/28/2022 3 a.m. PDT",1555,1569,922,-633
BANC,"9/28/2022 4 a.m. PDT",1520,1542,916,-604
BANC,"9/28/2022 5 a.m. PDT",1546,1556,945,-601
BANC,"9/28/2022 6 a.m. PDT",1618,1626,975,-643
BANC,"9/28/2022 7 a.m. PDT",1769,1762,984,-785
BANC,"9/28/2022 8 a.m. PDT",1826,1823,1028,-798
BANC,"9/28/2022 9 a.m. PDT",1874,1868,850,-1024
BANC,"9/28/2022 10 a.m. PDT",1908,1898,915,-993
BANC,"9/28/2022 11 a.m. PDT",1947,1941,957,-990
BANC,"9/28/2022 12 p.m. PDT",2026,2002,1014,-1012
BANC,"9/28/2022 1 p.m. PDT",2100,2097,1072,-1028
BANC,"9/28/2022 2 p.m. PDT",2233,2247,1106,-1127
BANC,"9/28/2022 3 p.m. PDT",2388,2424,1118,-1270
BANC,"9/28/2022 4 p.m. PDT",2558,2608,1366,-1192
BANC,"9/28/2022 5 p.m. PDT",2679,2770,1355,-1324
BANC,"9/28/2022 6 p.m. PDT",2722,2796,1321,-1401
BANC,"9/28/2022 7 p.m. PDT",2619,2725,1492,-1127
BANC,"9/28/2022 8 p.m. PDT",2526,2639,1510,-1016
BANC,"9/28/2022 9 p.m. PDT",2399,2497,1218,-1181
BANC,"9/28/2022 10 p.m. PDT",2228,2295,1183,-1045
BANC,"9/28/2022 11 p.m. PDT",2031,2067,1283,-748
BANC,"9/29/2022 12 a.m. PDT",1856,1868,1177,-679
BANC,"9/29/2022 1 a.m. PDT",1749,1731,1030,-719
BANC,"9/29/2022 2 a.m. PDT",1669,1650,964,-705
BANC,"9/29/2022 3 a.m. PDT",1603,1592,878,-725
BANC,"9/29/2022 4 a.m. PDT",1568,1559,867,-701
BANC,"9/29/2022 5 a.m. PDT",1572,1572,863,-709
BANC,"9/29/2022 6 a.m. PDT",1647,1650,935,-712
BANC,"9/29/2022 7 a.m. PDT",1774,1783,894,-880
BANC,"9/29/2022 8 a.m. PDT",1851,1844,905,-946
BANC,"9/29/2022 9 a.m. PDT",1899,1880,937,-962
BANC,"9/29/2022 10 a.m. PDT",1959,1919,929,-1030
BANC,"9/29/2022 11 a.m. PDT",2026,1963,936,-1090
BANC,"9/29/2022 12 p.m. PDT",2104,2031,977,-1127
BANC,"9/29/2022 1 p.m. PDT",2208,2129,989,-1219
BANC,"9/29/2022 2 p.m. PDT",2338,2266,1001,-1337
BANC,"9/29/2022 3 p.m. PDT",2503,2426,1051,-1452
BANC,"9/29/2022 4 p.m. PDT",2671,2590,1210,-1461
BANC,"9/29/2022 5 p.m. PDT",2798,2726,1275,-1523
BANC,"9/29/2022 6 p.m. PDT",2826,2750,1463,-1363
BANC,"9/29/2022 7 p.m. PDT",2698,2661,1691,-1007
BANC,"9/29/2022 8 p.m. PDT",2602,2579,1743,-859
BANC,"9/29/2022 9 p.m. PDT",2444,2458,1350,-1094
BANC,"9/29/2022 10 p.m. PDT",2269,2270,1315,-954
BANC,"9/29/2022 11 p.m. PDT",2058,2049,1228,-830
BANC,"9/30/2022 12 a.m. PDT",1867,1847,1109,-758
BANC,"9/30/2022 1 a.m. PDT",1755,1723,802,-953
BANC,"9/30/2022 2 a.m. PDT",1663,1633,748,-915
BANC,"9/30/2022 3 a.m. PDT",1592,1579,741,-851
BANC,"9/30/2022 4 a.m. PDT",1556,1545,734,-822
BANC,"9/30/2022 5 a.m. PDT",1553,1558,715,-838
BANC,"9/30/2022 6 a.m. PDT",1630,1630,803,-827
BANC,"9/30/2022 7 a.m. PDT",1770,1763,992,-778
BANC,"9/30/2022 8 a.m. PDT",1826,1824,908,-918
BANC,"9/30/2022 9 a.m. PDT",1893,1883,729,-1164
BANC,"9/30/2022 10 a.m. PDT",1949,1946,804,-1145
BANC,"9/30/2022 11 a.m. PDT",2008,2011,833,-1175
BANC,"9/30/2022 12 p.m. PDT",2076,2101,862,-1214
BANC,"9/30/2022 1 p.m. PDT",2194,2222,873,-1321
BANC,"9/30/2022 2 p.m. PDT",2344,2398,945,-1399
BANC,"9/30/2022 3 p.m. PDT",2520,2581,983,-1537
BANC,"9/30/2022 4 p.m. PDT",2708,2765,1031,-1677
BANC,"9/30/2022 5 p.m. PDT",2848,2891,1072,-1776
BANC,"9/30/2022 6 p.m. PDT",2846,2925,1266,-1580
BANC,"9/30/2022 7 p.m. PDT",2707,2797,1613,-1094
BANC,"9/30/2022 8 p.m. PDT",2560,2683,1514,-1046
BANC,"9/30/2022 9 p.m. PDT",2399,2541,1176,-1223
BANC,"9/30/2022 10 p.m. PDT",2224,2349,1147,-1077
BANC,"9/30/2022 11 p.m. PDT",2037,2125,1087,-950
BANC,"10/1/2022 12 a.m. PDT",1871,1919,980,-891
