"BA Code","Timestamp (Hour Ending)","Demand (MWh)","Demand Forecast (MWh)","Net Generation (MWh)","Total Interchange (MWh)"
BANC,"9/1/2016 12 a.m. PDT",2010,1952,1505,-505
BANC,"9/1/2016 1 a.m. PDT",1846,1757,1292,-554
BANC,"9/1/2016 2 a.m. PDT",1744,1667,1231,-513
BANC,"9/1/2016 3 a.m. PDT",1678,1611,1159,-519
BANC,"9/1/2016 4 a.m. PDT",1650,1584,1130,-520
BANC,"9/1/2016 5 a.m. PDT",1675,1604,1165,-510
BANC,"9/1/2016 6 a.m. PDT",1754,1708,1227,-527
BANC,"9/1/2016 7 a.m. PDT",1902,1871,1404,-498
BANC,"9/1/2016 8 a.m. PDT",1970,1934,1466,-504
BANC,"9/1/2016 9 a.m. PDT",2026,1990,1515,-511
BANC,"9/1/2016 10 a.m. PDT",2104,2071,1572,-532
BANC,"9/1/2016 11 a.m. PDT",2191,2163,1645,-546
BANC,"9/1/2016 12 p.m. PDT",2298,2261,1748,-550
BANC,"9/1/2016 1 p.m. PDT",2434,2371,1649,-785
BANC,"9/1/2016 2 p.m. PDT",2597,2522,1846,-751
BANC,"9/1/2016 3 p.m. PDT",2767,2680,2072,-695
BANC,"9/1/2016 4 p.m. PDT",2956,2847,2378,-578
BANC,"9/1/2016 5 p.m. PDT",3044,2973,2355,-689
BANC,"9/1/2016 6 p.m. PDT",3067,2998,2479,-588
BANC,"9/1/2016 7 p.m. PDT",2969,2881,2523,-446
BANC,"9/1/2016 8 p.m. PDT",2798,2781,2441,-357
BANC,"9/1/2016 9 p.m. PDT",2709,2678,2339,-370
BANC,"9/1/2016 10 p.m. PDT",2494,2446,2062,-432
BANC,"9/1/2016 11 p.m. PDT",2222,2173,1662,-560
BANC,"9/2/2016 12 a.m. PDT",1973,1937,1434,-539
BANC,"9/2/2016 1 a.m. PDT",1806,1750,1285,-521
BANC,"9/2/2016 2 a.m. PDT",1706,1656,1220,-486
BANC,"9/2/2016 3 a.m. PDT",1649,1600,1190,-459
BANC,"9/2/2016 4 a.m. PDT",1610,1577,1156,-454
BANC,"9/2/2016 5 a.m. PDT",1632,1596,1163,-469
BANC,"9/2/2016 6 a.m. PDT",1731,1701,1234,-497
BANC,"9/2/2016 7 a.m. PDT",1867,1860,1439,-428
BANC,"9/2/2016 8 a.m. PDT",1933,1925,1422,-511
BANC,"9/2/2016 9 a.m. PDT",2006,1983,1464,-542
BANC,"9/2/2016 10 a.m. PDT",2096,2065,1539,-557
BANC,"9/2/2016 11 a.m. PDT",2197,2156,1621,-576
BANC,"9/2/2016 12 p.m. PDT",2299,2254,1715,-584
BANC,"9/2/2016 1 p.m. PDT",2427,2361,1648,-779
BANC,"9/2/2016 2 p.m. PDT",2584,2512,1755,-829
BANC,"9/2/2016 3 p.m. PDT",2769,2658,2034,-735
BANC,"9/2/2016 4 p.m. PDT",2909,2812,2368,-541
BANC,"9/2/2016 5 p.m. PDT",3029,2934,2384,-645
BANC,"9/2/2016 6 p.m. PDT",3066,2953,2551,-515
BANC,"9/2/2016 7 p.m. PDT",2956,2829,2546,-410
BANC,"9/2/2016 8 p.m. PDT",2793,2733,2431,-362
BANC,"9/2/2016 9 p.m. PDT",2682,2636,2374,-308
BANC,"9/2/2016 10 p.m. PDT",2496,2415,2189,-307
BANC,"9/2/2016 11 p.m. PDT",2265,2153,1826,-439
BANC,"9/3/2016 12 a.m. PDT",2040,1924,1556,-484
BANC,"9/3/2016 1 a.m. PDT",1869,1773,1374,-495
BANC,"9/3/2016 2 a.m. PDT",1755,1679,1266,-489
BANC,"9/3/2016 3 a.m. PDT",1671,1619,1183,-488
BANC,"9/3/2016 4 a.m. PDT",1628,1575,1142,-486
BANC,"9/3/2016 5 a.m. PDT",1613,1566,1138,-475
BANC,"9/3/2016 6 a.m. PDT",1629,1595,1169,-460
BANC,"9/3/2016 7 a.m. PDT",1649,1608,1308,-341
BANC,"9/3/2016 8 a.m. PDT",1656,1638,1285,-371
BANC,"9/3/2016 9 a.m. PDT",1745,1739,1366,-379
BANC,"9/3/2016 10 a.m. PDT",1835,1824,1388,-447
BANC,"9/3/2016 11 a.m. PDT",1921,1914,1458,-463
BANC,"9/3/2016 12 p.m. PDT",1988,1995,1508,-480
BANC,"9/3/2016 1 p.m. PDT",2099,2078,1480,-619
BANC,"9/3/2016 2 p.m. PDT",2199,2189,1598,-601
BANC,"9/3/2016 3 p.m. PDT",2343,2327,1771,-572
BANC,"9/3/2016 4 p.m. PDT",2449,2456,2072,-377
BANC,"9/3/2016 5 p.m. PDT",2530,2579,2262,-268
BANC,"9/3/2016 6 p.m. PDT",2534,2618,2328,-206
BANC,"9/3/2016 7 p.m. PDT",2439,2562,2322,-117
BANC,"9/3/2016 8 p.m. PDT",2314,2438,2290,-24
BANC,"9/3/2016 9 p.m. PDT",2275,2399,2211,-64
BANC,"9/3/2016 10 p.m. PDT",2135,2244,1891,-244
BANC,"9/3/2016 11 p.m. PDT",1974,2032,1514,-460
BANC,"9/4/2016 12 a.m. PDT",1797,1851,1441,-356
BANC,"9/4/2016 1 a.m. PDT",1675,1734,1170,-505
BANC,"9/4/2016 2 a.m. PDT",1609,1638,1020,-589
BANC,"9/4/2016 3 a.m. PDT",1551,1562,999,-552
BANC,"9/4/2016 4 a.m. PDT",1515,1527,983,-532
BANC,"9/4/2016 5 a.m. PDT",1515,1520,1004,-511
BANC,"9/4/2016 6 a.m. PDT",1524,1534,1059,-465
BANC,"9/4/2016 7 a.m. PDT",1542,1547,1198,-344
BANC,"9/4/2016 8 a.m. PDT",1544,1569,1178,-366
BANC,"9/4/2016 9 a.m. PDT",1629,1668,1262,-367
BANC,"9/4/2016 10 a.m. PDT",1684,1763,1302,-382
BANC,"9/4/2016 11 a.m. PDT",1766,1866,1365,-401
BANC,"9/4/2016 12 p.m. PDT",1802,1951,1424,-378
BANC,"9/4/2016 1 p.m. PDT",1855,2054,1404,-451
BANC,"9/4/2016 2 p.m. PDT",1915,2180,1467,-448
BANC,"9/4/2016 3 p.m. PDT",1993,2347,1636,-357
BANC,"9/4/2016 4 p.m. PDT",2096,2515,1810,-286
BANC,"9/4/2016 5 p.m. PDT",2186,2677,1935,-251
BANC,"9/4/2016 6 p.m. PDT",2259,2758,2001,-258
BANC,"9/4/2016 7 p.m. PDT",2261,2705,2253,-8
BANC,"9/4/2016 8 p.m. PDT",2239,2591,2354,115
BANC,"9/4/2016 9 p.m. PDT",2241,2515,2264,23
BANC,"9/4/2016 10 p.m. PDT",2131,2323,2005,-126
BANC,"9/4/2016 11 p.m. PDT",1960,2067,1515,-445
BANC,"9/5/2016 12 a.m. PDT",1796,1854,1289,-507
BANC,"9/5/2016 1 a.m. PDT",1667,1708,1141,-526
BANC,"9/5/2016 2 a.m. PDT",1587,1598,1047,-540
BANC,"9/5/2016 3 a.m. PDT",1534,1531,1081,-453
BANC,"9/5/2016 4 a.m. PDT",1502,1505,1033,-469
BANC,"9/5/2016 5 a.m. PDT",1509,1500,1043,-466
BANC,"9/5/2016 6 a.m. PDT",1534,1526,1085,-449
BANC,"9/5/2016 7 a.m. PDT",1570,1558,1294,-276
BANC,"9/5/2016 8 a.m. PDT",1575,1585,1241,-334
BANC,"9/5/2016 9 a.m. PDT",1668,1685,1363,-305
BANC,"9/5/2016 10 a.m. PDT",1783,1828,1399,-384
BANC,"9/5/2016 11 a.m. PDT",1900,1946,1452,-448
BANC,"9/5/2016 12 p.m. PDT",1960,2066,1499,-461
BANC,"9/5/2016 1 p.m. PDT",2068,2179,1525,-543
BANC,"9/5/2016 2 p.m. PDT",2180,2301,1607,-573
BANC,"9/5/2016 3 p.m. PDT",2304,2442,1659,-645
BANC,"9/5/2016 4 p.m. PDT",2484,2575,1931,-553
BANC,"9/5/2016 5 p.m. PDT",2618,2717,2099,-519
BANC,"9/5/2016 6 p.m. PDT",2708,2807,2150,-558
BANC,"9/5/2016 7 p.m. PDT",2665,2766,2220,-445
BANC,"9/5/2016 8 p.m. PDT",2579,2714,2216,-363
BANC,"9/5/2016 9 p.m. PDT",2518,2689,2153,-365
BANC,"9/5/2016 10 p.m. PDT",2333,2452,2047,-286
BANC,"9/5/2016 11 p.m. PDT",2095,2176,1648,-447
BANC,"9/6/2016 12 a.m. PDT",1867,1923,1412,-455
BANC,"9/6/2016 1 a.m. PDT",1718,1751,1137,-581
BANC,"9/6/2016 2 a.m. PDT",1619,1650,1049,-570
BANC,"9/6/2016 3 a.m. PDT",1575,1593,1006,-569
BANC,"9/6/2016 4 a.m. PDT",1547,1570,1013,-534
BANC,"9/6/2016 5 a.m. PDT",1587,1600,1041,-546
BANC,"9/6/2016 6 a.m. PDT",1688,1688,1148,-540
BANC,"9/6/2016 7 a.m. PDT",1838,1850,1394,-444
BANC,"9/6/2016 8 a.m. PDT",1897,1919,1439,-458
BANC,"9/6/2016 9 a.m. PDT",1958,1989,1378,-580
BANC,"9/6/2016 10 a.m. PDT",2059,2084,1457,-602
BANC,"9/6/2016 11 a.m. PDT",2154,2180,1469,-685
BANC,"9/6/2016 12 p.m. PDT",2270,2290,1571,-699
BANC,"9/6/2016 1 p.m. PDT",2386,2416,1493,-893
BANC,"9/6/2016 2 p.m. PDT",2568,2587,1621,-947
BANC,"9/6/2016 3 p.m. PDT",2761,2762,1875,-886
BANC,"9/6/2016 4 p.m. PDT",2957,2941,1965,-992
BANC,"9/6/2016 5 p.m. PDT",3100,3091,2104,-996
BANC,"9/6/2016 6 p.m. PDT",3137,3156,2171,-966
BANC,"9/6/2016 7 p.m. PDT",3056,3070,2260,-796
BANC,"9/6/2016 8 p.m. PDT",2916,2898,2217,-699
BANC,"9/6/2016 9 p.m. PDT",2812,2781,2165,-647
BANC,"9/6/2016 10 p.m. PDT",2559,2540,1886,-673
BANC,"9/6/2016 11 p.m. PDT",2279,2245,1601,-678
BANC,"9/7/2016 12 a.m. PDT",2012,2001,1385,-627
BANC,"9/7/2016 1 a.m. PDT",1832,1793,1206,-626
BANC,"9/7/2016 2 a.m. PDT",1724,1682,1176,-548
BANC,"9/7/2016 3 a.m. PDT",1662,1611,1113,-549
BANC,"9/7/2016 4 a.m. PDT",1627,1594,1078,-549
BANC,"9/7/2016 5 a.m. PDT",1649,1609,1146,-503
BANC,"9/7/2016 6 a.m. PDT",1734,1709,1180,-554
BANC,"9/7/2016 7 a.m. PDT",1895,1872,1352,-543
BANC,"9/7/2016 8 a.m. PDT",1950,1933,1440,-510
BANC,"9/7/2016 9 a.m. PDT",2034,2020,1419,-615
BANC,"9/7/2016 10 a.m. PDT",2131,2121,1457,-674
BANC,"9/7/2016 11 a.m. PDT",2255,2255,1500,-755
BANC,"9/7/2016 12 p.m. PDT",2395,2409,1570,-825
BANC,"9/7/2016 1 p.m. PDT",2557,2595,1523,-1034
BANC,"9/7/2016 2 p.m. PDT",2784,2843,1783,-1001
BANC,"9/7/2016 3 p.m. PDT",3008,3096,1951,-1057
BANC,"9/7/2016 4 p.m. PDT",3221,3336,2238,-983
BANC,"9/7/2016 5 p.m. PDT",3402,3525,2232,-1170
BANC,"9/7/2016 6 p.m. PDT",3467,3586,2224,-1243
BANC,"9/7/2016 7 p.m. PDT",3366,3488,2361,-1005
BANC,"9/7/2016 8 p.m. PDT",3212,3313,2298,-914
BANC,"9/7/2016 9 p.m. PDT",3068,3131,2221,-847
BANC,"9/7/2016 10 p.m. PDT",2796,2826,1908,-888
BANC,"9/7/2016 11 p.m. PDT",2451,2453,1755,-696
BANC,"9/8/2016 12 a.m. PDT",2161,2156,1525,-636
BANC,"9/8/2016 1 a.m. PDT",1943,1867,1276,-667
BANC,"9/8/2016 2 a.m. PDT",1817,1752,1238,-579
BANC,"9/8/2016 3 a.m. PDT",1745,1668,1200,-545
BANC,"9/8/2016 4 a.m. PDT",1696,1643,1174,-522
BANC,"9/8/2016 5 a.m. PDT",1708,1658,1163,-545
BANC,"9/8/2016 6 a.m. PDT",1785,1748,1252,-533
BANC,"9/8/2016 7 a.m. PDT",1948,1913,1469,-479
BANC,"9/8/2016 8 a.m. PDT",2003,1963,1494,-509
BANC,"9/8/2016 9 a.m. PDT",2068,2031,1373,-695
BANC,"9/8/2016 10 a.m. PDT",2173,2136,1443,-730
BANC,"9/8/2016 11 a.m. PDT",2280,2260,1513,-767
BANC,"9/8/2016 12 p.m. PDT",2409,2406,1618,-791
BANC,"9/8/2016 1 p.m. PDT",2582,2561,1555,-1027
BANC,"9/8/2016 2 p.m. PDT",2787,2756,1758,-1029
BANC,"9/8/2016 3 p.m. PDT",3011,2955,1897,-1114
BANC,"9/8/2016 4 p.m. PDT",3207,3138,2089,-1118
BANC,"9/8/2016 5 p.m. PDT",3333,3269,2160,-1173
BANC,"9/8/2016 6 p.m. PDT",3340,3276,2222,-1118
BANC,"9/8/2016 7 p.m. PDT",3175,3127,2186,-989
BANC,"9/8/2016 8 p.m. PDT",2980,2986,2075,-905
BANC,"9/8/2016 9 p.m. PDT",2823,2851,2053,-770
BANC,"9/8/2016 10 p.m. PDT",2561,2597,1870,-691
BANC,"9/8/2016 11 p.m. PDT",2245,2316,1710,-535
BANC,"9/9/2016 12 a.m. PDT",1995,2044,1475,-520
BANC,"9/9/2016 1 a.m. PDT",1814,1816,1367,-447
BANC,"9/9/2016 2 a.m. PDT",1712,1704,1287,-425
BANC,"9/9/2016 3 a.m. PDT",1646,1643,1166,-480
BANC,"9/9/2016 4 a.m. PDT",1615,1613,1130,-485
BANC,"9/9/2016 5 a.m. PDT",1631,1635,1190,-441
BANC,"9/9/2016 6 a.m. PDT",1724,1726,1279,-445
BANC,"9/9/2016 7 a.m. PDT",1885,1886,1455,-430
BANC,"9/9/2016 8 a.m. PDT",1923,1919,1539,-384
BANC,"9/9/2016 9 a.m. PDT",1974,1990,1489,-485
BANC,"9/9/2016 10 a.m. PDT",2078,2094,1523,-555
BANC,"9/9/2016 11 a.m. PDT",2177,2204,1530,-647
BANC,"9/9/2016 12 p.m. PDT",2296,2332,1640,-656
BANC,"9/9/2016 1 p.m. PDT",2463,2470,1595,-868
BANC,"9/9/2016 2 p.m. PDT",2683,2652,1785,-898
BANC,"9/9/2016 3 p.m. PDT",2911,2851,2039,-872
BANC,"9/9/2016 4 p.m. PDT",3143,3042,2203,-940
BANC,"9/9/2016 5 p.m. PDT",3311,3183,2355,-956
BANC,"9/9/2016 6 p.m. PDT",3352,3197,2359,-993
BANC,"9/9/2016 7 p.m. PDT",3202,3072,2277,-925
BANC,"9/9/2016 8 p.m. PDT",3024,2945,2208,-816
BANC,"9/9/2016 9 p.m. PDT",2862,2809,2137,-725
BANC,"9/9/2016 10 p.m. PDT",2599,2567,1803,-796
BANC,"9/9/2016 11 p.m. PDT",2315,2282,1727,-588
BANC,"9/10/2016 12 a.m. PDT",2058,2025,1545,-513
BANC,"9/10/2016 1 a.m. PDT",1873,1829,1308,-565
BANC,"9/10/2016 2 a.m. PDT",1733,1703,1211,-522
BANC,"9/10/2016 3 a.m. PDT",1653,1619,1138,-515
BANC,"9/10/2016 4 a.m. PDT",1608,1567,1074,-534
BANC,"9/10/2016 5 a.m. PDT",1590,1562,1062,-528
BANC,"9/10/2016 6 a.m. PDT",1607,1578,1076,-531
BANC,"9/10/2016 7 a.m. PDT",1638,1616,1270,-368
BANC,"9/10/2016 8 a.m. PDT",1669,1637,1288,-381
BANC,"9/10/2016 9 a.m. PDT",1755,1744,1346,-409
BANC,"9/10/2016 10 a.m. PDT",1855,1866,1338,-517
BANC,"9/10/2016 11 a.m. PDT",1976,1995,1389,-587
BANC,"9/10/2016 12 p.m. PDT",2087,2132,1418,-669
BANC,"9/10/2016 1 p.m. PDT",2238,2278,1410,-828
BANC,"9/10/2016 2 p.m. PDT",2421,2460,1463,-958
BANC,"9/10/2016 3 p.m. PDT",2641,2675,1710,-931
BANC,"9/10/2016 4 p.m. PDT",2868,2880,1956,-912
BANC,"9/10/2016 5 p.m. PDT",3048,3044,2091,-957
BANC,"9/10/2016 6 p.m. PDT",3100,3082,2250,-850
BANC,"9/10/2016 7 p.m. PDT",3016,2982,2218,-798
BANC,"9/10/2016 8 p.m. PDT",2848,2834,2104,-744
BANC,"9/10/2016 9 p.m. PDT",2688,2688,2024,-664
BANC,"9/10/2016 10 p.m. PDT",2437,2452,1705,-732
BANC,"9/10/2016 11 p.m. PDT",2189,2190,1615,-574
BANC,"9/11/2016 12 a.m. PDT",1958,1957,1497,-461
BANC,"9/11/2016 1 a.m. PDT",1796,1730,1157,-639
BANC,"9/11/2016 2 a.m. PDT",1678,1626,1049,-629
BANC,"9/11/2016 3 a.m. PDT",1601,1555,970,-631
BANC,"9/11/2016 4 a.m. PDT",1554,1513,939,-615
BANC,"9/11/2016 5 a.m. PDT",1540,1507,943,-597
BANC,"9/11/2016 6 a.m. PDT",1554,1519,975,-579
BANC,"9/11/2016 7 a.m. PDT",1576,1546,1197,-379
BANC,"9/11/2016 8 a.m. PDT",1581,1541,1216,-365
BANC,"9/11/2016 9 a.m. PDT",1654,1650,1246,-408
BANC,"9/11/2016 10 a.m. PDT",1757,1749,1371,-386
BANC,"9/11/2016 11 a.m. PDT",1839,1850,1419,-420
BANC,"9/11/2016 12 p.m. PDT",1921,1948,1438,-483
BANC,"9/11/2016 1 p.m. PDT",2015,2051,1511,-504
BANC,"9/11/2016 2 p.m. PDT",2111,2180,1580,-531
BANC,"9/11/2016 3 p.m. PDT",2235,2345,1679,-556
BANC,"9/11/2016 4 p.m. PDT",2344,2533,1793,-551
BANC,"9/11/2016 5 p.m. PDT",2440,2672,1868,-572
BANC,"9/11/2016 6 p.m. PDT",2444,2722,2012,-432
BANC,"9/11/2016 7 p.m. PDT",2354,2646,2014,-340
BANC,"9/11/2016 8 p.m. PDT",2325,2558,2011,-314
BANC,"9/11/2016 9 p.m. PDT",2277,2475,1993,-284
BANC,"9/11/2016 10 p.m. PDT",2137,2289,1797,-340
BANC,"9/11/2016 11 p.m. PDT",1924,2050,1464,-460
BANC,"9/12/2016 12 a.m. PDT",1729,1830,1249,-480
BANC,"9/12/2016 1 a.m. PDT",1613,1691,1013,-600
BANC,"9/12/2016 2 a.m. PDT",1533,1601,951,-582
BANC,"9/12/2016 3 a.m. PDT",1499,1535,917,-582
BANC,"9/12/2016 4 a.m. PDT",1489,1520,931,-558
BANC,"9/12/2016 5 a.m. PDT",1526,1542,984,-542
BANC,"9/12/2016 6 a.m. PDT",1620,1660,1068,-552
BANC,"9/12/2016 7 a.m. PDT",1787,1832,1317,-470
BANC,"9/12/2016 8 a.m. PDT",1840,1890,1360,-480
BANC,"9/12/2016 9 a.m. PDT",1874,1952,1371,-503
BANC,"9/12/2016 10 a.m. PDT",1938,2030,1428,-510
BANC,"9/12/2016 11 a.m. PDT",1988,2107,1474,-514
BANC,"9/12/2016 12 p.m. PDT",2040,2184,1495,-545
BANC,"9/12/2016 1 p.m. PDT",2082,2274,1448,-634
BANC,"9/12/2016 2 p.m. PDT",2141,2370,1526,-615
BANC,"9/12/2016 3 p.m. PDT",2195,2470,1574,-621
BANC,"9/12/2016 4 p.m. PDT",2249,2574,1651,-598
BANC,"9/12/2016 5 p.m. PDT",2300,2643,1840,-460
BANC,"9/12/2016 6 p.m. PDT",2296,2621,1948,-348
BANC,"9/12/2016 7 p.m. PDT",2219,2525,1915,-304
BANC,"9/12/2016 8 p.m. PDT",2208,2486,1918,-290
BANC,"9/12/2016 9 p.m. PDT",2174,2424,1887,-287
BANC,"9/12/2016 10 p.m. PDT",2049,2249,1610,-439
BANC,"9/12/2016 11 p.m. PDT",1861,2011,1437,-424
BANC,"9/13/2016 12 a.m. PDT",1695,1818,1105,-590
BANC,"9/13/2016 1 a.m. PDT",1586,1597,961,-625
BANC,"9/13/2016 2 a.m. PDT",1531,1526,906,-625
BANC,"9/13/2016 3 a.m. PDT",1493,1490,872,-621
BANC,"9/13/2016 4 a.m. PDT",1481,1481,857,-624
BANC,"9/13/2016 5 a.m. PDT",1510,1507,920,-590
BANC,"9/13/2016 6 a.m. PDT",1620,1612,1039,-581
BANC,"9/13/2016 7 a.m. PDT",1782,1784,1453,-329
BANC,"9/13/2016 8 a.m. PDT",1846,1854,1520,-326
BANC,"9/13/2016 9 a.m. PDT",1868,1896,1528,-340
BANC,"9/13/2016 10 a.m. PDT",1883,1966,1542,-341
BANC,"9/13/2016 11 a.m. PDT",1936,2049,1588,-348
BANC,"9/13/2016 12 p.m. PDT",1975,2123,1630,-345
BANC,"9/13/2016 1 p.m. PDT",2015,2186,1577,-438
BANC,"9/13/2016 2 p.m. PDT",2043,2271,1600,-443
BANC,"9/13/2016 3 p.m. PDT",2073,2337,1712,-361
BANC,"9/13/2016 4 p.m. PDT",2108,2402,1800,-308
BANC,"9/13/2016 5 p.m. PDT",2147,2445,1703,-444
BANC,"9/13/2016 6 p.m. PDT",2158,2441,1868,-290
BANC,"9/13/2016 7 p.m. PDT",2128,2368,1884,-244
BANC,"9/13/2016 8 p.m. PDT",2191,2391,2074,-117
BANC,"9/13/2016 9 p.m. PDT",2197,2338,2108,-89
BANC,"9/13/2016 10 p.m. PDT",2072,2176,1855,-217
BANC,"9/13/2016 11 p.m. PDT",1896,1961,1384,-512
BANC,"9/14/2016 12 a.m. PDT",1731,1772,1131,-600
BANC,"9/14/2016 1 a.m. PDT",1609,1578,1043,-566
BANC,"9/14/2016 2 a.m. PDT",1551,1515,974,-577
BANC,"9/14/2016 3 a.m. PDT",1501,1469,935,-566
BANC,"9/14/2016 4 a.m. PDT",1501,1453,939,-562
BANC,"9/14/2016 5 a.m. PDT",1525,1488,970,-555
BANC,"9/14/2016 6 a.m. PDT",1631,1593,1135,-496
BANC,"9/14/2016 7 a.m. PDT",1793,1750,1493,-300
BANC,"9/14/2016 8 a.m. PDT",1844,1819,1532,-312
BANC,"9/14/2016 9 a.m. PDT",1886,1870,1535,-351
BANC,"9/14/2016 10 a.m. PDT",1945,1936,1559,-386
BANC,"9/14/2016 11 a.m. PDT",2005,2018,1622,-383
BANC,"9/14/2016 12 p.m. PDT",2051,2083,1672,-379
BANC,"9/14/2016 1 p.m. PDT",2108,2139,1607,-501
BANC,"9/14/2016 2 p.m. PDT",2159,2227,1658,-501
BANC,"9/14/2016 3 p.m. PDT",2233,2320,1695,-538
BANC,"9/14/2016 4 p.m. PDT",2308,2409,1754,-554
BANC,"9/14/2016 5 p.m. PDT",2371,2478,1898,-473
BANC,"9/14/2016 6 p.m. PDT",2389,2506,1977,-412
BANC,"9/14/2016 7 p.m. PDT",2362,2424,2125,-237
BANC,"9/14/2016 8 p.m. PDT",2380,2419,2191,-189
BANC,"9/14/2016 9 p.m. PDT",2343,2382,2212,-131
BANC,"9/14/2016 10 p.m. PDT",2210,2178,1999,-211
BANC,"9/14/2016 11 p.m. PDT",1986,1973,1539,-447
BANC,"9/15/2016 12 a.m. PDT",1794,1782,1268,-526
BANC,"9/15/2016 1 a.m. PDT",1654,1628,1087,-567
BANC,"9/15/2016 2 a.m. PDT",1570,1557,1001,-569
BANC,"9/15/2016 3 a.m. PDT",1540,1512,989,-551
BANC,"9/15/2016 4 a.m. PDT",1516,1498,967,-549
BANC,"9/15/2016 5 a.m. PDT",1549,1524,1014,-535
BANC,"9/15/2016 6 a.m. PDT",1635,1627,1150,-485
BANC,"9/15/2016 7 a.m. PDT",1800,1781,1491,-309
BANC,"9/15/2016 8 a.m. PDT",1840,1833,1533,-307
BANC,"9/15/2016 9 a.m. PDT",1895,1867,1541,-354
BANC,"9/15/2016 10 a.m. PDT",1957,1941,1569,-388
BANC,"9/15/2016 11 a.m. PDT",2043,2026,1594,-449
BANC,"9/15/2016 12 p.m. PDT",2111,2096,1604,-507
BANC,"9/15/2016 1 p.m. PDT",2194,2176,1622,-572
BANC,"9/15/2016 2 p.m. PDT",2304,2283,1713,-591
BANC,"9/15/2016 3 p.m. PDT",2393,2394,1707,-686
BANC,"9/15/2016 4 p.m. PDT",2506,2530,1922,-584
BANC,"9/15/2016 5 p.m. PDT",2640,2657,2028,-612
BANC,"9/15/2016 6 p.m. PDT",2680,2693,2150,-530
BANC,"9/15/2016 7 p.m. PDT",2604,2609,2141,-463
BANC,"9/15/2016 8 p.m. PDT",2554,2559,2220,-334
BANC,"9/15/2016 9 p.m. PDT",2486,2482,2169,-317
BANC,"9/15/2016 10 p.m. PDT",2287,2292,1971,-316
BANC,"9/15/2016 11 p.m. PDT",2051,2067,1568,-483
BANC,"9/16/2016 12 a.m. PDT",1846,1862,1327,-519
BANC,"9/16/2016 1 a.m. PDT",1693,1608,1109,-584
BANC,"9/16/2016 2 a.m. PDT",1613,1511,985,-628
BANC,"9/16/2016 3 a.m. PDT",1553,1463,979,-574
BANC,"9/16/2016 4 a.m. PDT",1533,1443,997,-536
BANC,"9/16/2016 5 a.m. PDT",1550,1459,974,-576
BANC,"9/16/2016 6 a.m. PDT",1640,1559,1109,-531
BANC,"9/16/2016 7 a.m. PDT",1807,1716,1394,-413
BANC,"9/16/2016 8 a.m. PDT",1842,1771,1427,-415
BANC,"9/16/2016 9 a.m. PDT",1903,1847,1399,-504
BANC,"9/16/2016 10 a.m. PDT",1979,1941,1465,-514
BANC,"9/16/2016 11 a.m. PDT",2071,2047,1538,-533
BANC,"9/16/2016 12 p.m. PDT",2154,2163,1546,-608
BANC,"9/16/2016 1 p.m. PDT",2266,2273,1477,-789
BANC,"9/16/2016 2 p.m. PDT",2404,2433,1594,-810
BANC,"9/16/2016 3 p.m. PDT",2561,2614,1694,-867
BANC,"9/16/2016 4 p.m. PDT",2726,2774,1864,-862
BANC,"9/16/2016 5 p.m. PDT",2861,2905,2005,-856
BANC,"9/16/2016 6 p.m. PDT",2894,2936,2055,-839
BANC,"9/16/2016 7 p.m. PDT",2792,2835,2078,-714
BANC,"9/16/2016 8 p.m. PDT",2682,2720,2052,-630
BANC,"9/16/2016 9 p.m. PDT",2567,2608,1925,-642
BANC,"9/16/2016 10 p.m. PDT",2382,2380,1843,-539
BANC,"9/16/2016 11 p.m. PDT",2145,2126,1550,-595
BANC,"9/17/2016 12 a.m. PDT",1933,1885,1335,-598
BANC,"9/17/2016 1 a.m. PDT",1781,1761,1196,-585
BANC,"9/17/2016 2 a.m. PDT",1662,1648,1083,-579
BANC,"9/17/2016 3 a.m. PDT",1577,1574,1032,-545
BANC,"9/17/2016 4 a.m. PDT",1549,1530,1030,-519
BANC,"9/17/2016 5 a.m. PDT",1539,1521,986,-553
BANC,"9/17/2016 6 a.m. PDT",1565,1542,1010,-555
BANC,"9/17/2016 7 a.m. PDT",1609,1584,1239,-370
BANC,"9/17/2016 8 a.m. PDT",1628,1605,1233,-395
BANC,"9/17/2016 9 a.m. PDT",1719,1701,1278,-441
BANC,"9/17/2016 10 a.m. PDT",1831,1815,1353,-478
BANC,"9/17/2016 11 a.m. PDT",1937,1933,1429,-508
BANC,"9/17/2016 12 p.m. PDT",2055,2076,1496,-559
BANC,"9/17/2016 1 p.m. PDT",2202,2231,1457,-745
BANC,"9/17/2016 2 p.m. PDT",2380,2386,1553,-827
BANC,"9/17/2016 3 p.m. PDT",2596,2596,1763,-833
BANC,"9/17/2016 4 p.m. PDT",2812,2773,1948,-864
BANC,"9/17/2016 5 p.m. PDT",2973,2905,2031,-942
BANC,"9/17/2016 6 p.m. PDT",3032,2951,2133,-899
BANC,"9/17/2016 7 p.m. PDT",2937,2872,2199,-738
BANC,"9/17/2016 8 p.m. PDT",2800,2738,2120,-680
BANC,"9/17/2016 9 p.m. PDT",2644,2599,2012,-632
BANC,"9/17/2016 10 p.m. PDT",2436,2372,1818,-618
BANC,"9/17/2016 11 p.m. PDT",2200,2132,1492,-708
BANC,"9/18/2016 12 a.m. PDT",1962,1903,1254,-707
BANC,"9/18/2016 1 a.m. PDT",1810,1761,1076,-734
BANC,"9/18/2016 2 a.m. PDT",1690,1645,1003,-687
BANC,"9/18/2016 3 a.m. PDT",1609,1571,983,-626
BANC,"9/18/2016 4 a.m. PDT",1566,1528,911,-655
BANC,"9/18/2016 5 a.m. PDT",1540,1514,894,-646
BANC,"9/18/2016 6 a.m. PDT",1550,1523,960,-590
BANC,"9/18/2016 7 a.m. PDT",1583,1552,1198,-385
BANC,"9/18/2016 8 a.m. PDT",1584,1568,1190,-394
BANC,"9/18/2016 9 a.m. PDT",1701,1666,1267,-434
BANC,"9/18/2016 10 a.m. PDT",1823,1803,1308,-515
BANC,"9/18/2016 11 a.m. PDT",1971,1949,1376,-595
BANC,"9/18/2016 12 p.m. PDT",2167,2105,1502,-665
BANC,"9/18/2016 1 p.m. PDT",2402,2304,1600,-802
BANC,"9/18/2016 2 p.m. PDT",2666,2541,1801,-865
BANC,"9/18/2016 3 p.m. PDT",2929,2790,1941,-988
BANC,"9/18/2016 4 p.m. PDT",3178,3012,2149,-1029
BANC,"9/18/2016 5 p.m. PDT",3343,3170,2226,-1117
BANC,"9/18/2016 6 p.m. PDT",3418,3219,2333,-1085
BANC,"9/18/2016 7 p.m. PDT",3310,3117,2366,-944
BANC,"9/18/2016 8 p.m. PDT",3161,2986,2224,-937
BANC,"9/18/2016 9 p.m. PDT",2964,2813,2106,-858
BANC,"9/18/2016 10 p.m. PDT",2689,2547,1925,-763
BANC,"9/18/2016 11 p.m. PDT",2380,2238,1659,-721
BANC,"9/19/2016 12 a.m. PDT",2091,1972,1337,-754
BANC,"9/19/2016 1 a.m. PDT",1898,1776,1151,-747
BANC,"9/19/2016 2 a.m. PDT",1761,1660,1045,-716
BANC,"9/19/2016 3 a.m. PDT",1684,1595,998,-686
BANC,"9/19/2016 4 a.m. PDT",1649,1562,965,-684
BANC,"9/19/2016 5 a.m. PDT",1671,1590,950,-721
BANC,"9/19/2016 6 a.m. PDT",1780,1690,1112,-668
BANC,"9/19/2016 7 a.m. PDT",1940,1854,1435,-505
BANC,"9/19/2016 8 a.m. PDT",2002,1929,1460,-542
BANC,"9/19/2016 9 a.m. PDT",2111,2007,1483,-628
BANC,"9/19/2016 10 a.m. PDT",2254,2120,1570,-684
BANC,"9/19/2016 11 a.m. PDT",2429,2248,1687,-742
BANC,"9/19/2016 12 p.m. PDT",2643,2401,1815,-828
BANC,"9/19/2016 1 p.m. PDT",2894,2580,1931,-963
BANC,"9/19/2016 2 p.m. PDT",3157,2809,2153,-1004
BANC,"9/19/2016 3 p.m. PDT",3426,3036,2344,-1082
BANC,"9/19/2016 4 p.m. PDT",3626,3245,2444,-1182
BANC,"9/19/2016 5 p.m. PDT",3753,3389,2476,-1277
BANC,"9/19/2016 6 p.m. PDT",3779,3376,2529,-1250
BANC,"9/19/2016 7 p.m. PDT",3602,3215,2538,-1064
BANC,"9/19/2016 8 p.m. PDT",3456,3070,2440,-1014
BANC,"9/19/2016 9 p.m. PDT",3256,2878,2330,-926
BANC,"9/19/2016 10 p.m. PDT",2926,2586,2098,-828
BANC,"9/19/2016 11 p.m. PDT",2554,2281,1723,-831
BANC,"9/20/2016 12 a.m. PDT",2237,2021,1407,-830
BANC,"9/20/2016 1 a.m. PDT",2017,1853,1285,-732
BANC,"9/20/2016 2 a.m. PDT",1871,1736,1165,-706
BANC,"9/20/2016 3 a.m. PDT",1774,1656,1058,-716
BANC,"9/20/2016 4 a.m. PDT",1729,1626,1011,-718
BANC,"9/20/2016 5 a.m. PDT",1732,1642,1034,-698
BANC,"9/20/2016 6 a.m. PDT",1833,1735,1142,-691
BANC,"9/20/2016 7 a.m. PDT",1984,1898,1460,-524
BANC,"9/20/2016 8 a.m. PDT",2012,1949,1513,-499
BANC,"9/20/2016 9 a.m. PDT",2086,2031,1518,-568
BANC,"9/20/2016 10 a.m. PDT",2197,2134,1563,-634
BANC,"9/20/2016 11 a.m. PDT",2324,2248,1642,-682
BANC,"9/20/2016 12 p.m. PDT",2461,2375,1697,-764
BANC,"9/20/2016 1 p.m. PDT",2600,2521,1677,-923
BANC,"9/20/2016 2 p.m. PDT",2794,2702,1778,-1016
BANC,"9/20/2016 3 p.m. PDT",2929,2892,1868,-1061
BANC,"9/20/2016 4 p.m. PDT",3100,3060,1995,-1105
BANC,"9/20/2016 5 p.m. PDT",3183,3170,2087,-1096
BANC,"9/20/2016 6 p.m. PDT",3186,3133,2191,-995
BANC,"9/20/2016 7 p.m. PDT",3015,2948,2298,-717
BANC,"9/20/2016 8 p.m. PDT",2887,2822,2264,-623
BANC,"9/20/2016 9 p.m. PDT",2722,2691,2177,-545
BANC,"9/20/2016 10 p.m. PDT",2494,2450,1872,-622
BANC,"9/20/2016 11 p.m. PDT",2205,2174,1528,-677
BANC,"9/21/2016 12 a.m. PDT",1965,1942,1257,-708
BANC,"9/21/2016 1 a.m. PDT",1794,1703,1183,-611
BANC,"9/21/2016 2 a.m. PDT",1690,1609,1115,-575
BANC,"9/21/2016 3 a.m. PDT",1623,1554,1078,-545
BANC,"9/21/2016 4 a.m. PDT",1603,1532,1050,-553
BANC,"9/21/2016 5 a.m. PDT",1629,1551,1081,-548
BANC,"9/21/2016 6 a.m. PDT",1713,1637,1157,-556
BANC,"9/21/2016 7 a.m. PDT",1887,1795,1521,-366
BANC,"9/21/2016 8 a.m. PDT",1957,1845,1581,-376
BANC,"9/21/2016 9 a.m. PDT",1983,1895,1578,-405
BANC,"9/21/2016 10 a.m. PDT",2023,1964,1600,-423
BANC,"9/21/2016 11 a.m. PDT",2054,2045,1647,-407
BANC,"9/21/2016 12 p.m. PDT",2073,2098,1603,-470
BANC,"9/21/2016 1 p.m. PDT",2109,2169,1571,-538
BANC,"9/21/2016 2 p.m. PDT",2143,2235,1614,-529
BANC,"9/21/2016 3 p.m. PDT",2226,2316,1717,-509
BANC,"9/21/2016 4 p.m. PDT",2286,2407,1734,-552
BANC,"9/21/2016 5 p.m. PDT",2353,2489,1837,-516
BANC,"9/21/2016 6 p.m. PDT",2331,2449,1881,-450
BANC,"9/21/2016 7 p.m. PDT",2250,2390,2056,-194
BANC,"9/21/2016 8 p.m. PDT",2266,2388,2126,-140
BANC,"9/21/2016 9 p.m. PDT",2228,2356,2082,-146
BANC,"9/21/2016 10 p.m. PDT",2083,2188,1814,-269
BANC,"9/21/2016 11 p.m. PDT",1903,1999,1361,-542
BANC,"9/22/2016 12 a.m. PDT",1728,1802,1193,-535
BANC,"9/22/2016 1 a.m. PDT",1611,1624,1061,-550
BANC,"9/22/2016 2 a.m. PDT",1544,1554,1009,-535
BANC,"9/22/2016 3 a.m. PDT",1497,1507,941,-556
BANC,"9/22/2016 4 a.m. PDT",1488,1499,925,-563
BANC,"9/22/2016 5 a.m. PDT",1515,1522,947,-568
BANC,"9/22/2016 6 a.m. PDT",1612,1623,1061,-551
BANC,"9/22/2016 7 a.m. PDT",1780,1782,1355,-425
BANC,"9/22/2016 8 a.m. PDT",1839,1859,1444,-395
BANC,"9/22/2016 9 a.m. PDT",1878,1893,1431,-447
BANC,"9/22/2016 10 a.m. PDT",1907,1944,1435,-472
BANC,"9/22/2016 11 a.m. PDT",1948,2002,1481,-467
BANC,"9/22/2016 12 p.m. PDT",1972,2037,1516,-456
BANC,"9/22/2016 1 p.m. PDT",1962,2095,1436,-526
BANC,"9/22/2016 2 p.m. PDT",2040,2136,1449,-591
BANC,"9/22/2016 3 p.m. PDT",2059,2194,1474,-585
BANC,"9/22/2016 4 p.m. PDT",2111,2243,1548,-563
BANC,"9/22/2016 5 p.m. PDT",2128,2292,1698,-430
BANC,"9/22/2016 6 p.m. PDT",2150,2291,1901,-249
BANC,"9/22/2016 7 p.m. PDT",2129,2254,2043,-86
BANC,"9/22/2016 8 p.m. PDT",2205,2301,2159,-46
BANC,"9/22/2016 9 p.m. PDT",2185,2270,1985,-200
BANC,"9/22/2016 10 p.m. PDT",2055,2141,1715,-340
BANC,"9/22/2016 11 p.m. PDT",1887,1954,1457,-430
BANC,"9/23/2016 12 a.m. PDT",1711,1785,1158,-553
BANC,"9/23/2016 1 a.m. PDT",1609,1620,1026,-583
BANC,"9/23/2016 2 a.m. PDT",1550,1556,961,-589
BANC,"9/23/2016 3 a.m. PDT",1514,1504,932,-582
BANC,"9/23/2016 4 a.m. PDT",1492,1490,910,-582
BANC,"9/23/2016 5 a.m. PDT",1534,1523,954,-580
BANC,"9/23/2016 6 a.m. PDT",1619,1625,1059,-560
BANC,"9/23/2016 7 a.m. PDT",1778,1798,1286,-492
BANC,"9/23/2016 8 a.m. PDT",1839,1854,1350,-489
BANC,"9/23/2016 9 a.m. PDT",1875,1904,1411,-464
BANC,"9/23/2016 10 a.m. PDT",1911,1974,1448,-463
BANC,"9/23/2016 11 a.m. PDT",1966,2059,1521,-445
BANC,"9/23/2016 12 p.m. PDT",2004,2111,1532,-472
BANC,"9/23/2016 1 p.m. PDT",2045,2178,1459,-586
BANC,"9/23/2016 2 p.m. PDT",2090,2253,1413,-677
BANC,"9/23/2016 3 p.m. PDT",2135,2334,1515,-620
BANC,"9/23/2016 4 p.m. PDT",2173,2414,1531,-642
BANC,"9/23/2016 5 p.m. PDT",2230,2502,1624,-606
BANC,"9/23/2016 6 p.m. PDT",2231,2511,1769,-462
BANC,"9/23/2016 7 p.m. PDT",2197,2443,1858,-339
BANC,"9/23/2016 8 p.m. PDT",2251,2445,1905,-346
BANC,"9/23/2016 9 p.m. PDT",2203,2383,1895,-308
BANC,"9/23/2016 10 p.m. PDT",2097,2228,1667,-430
BANC,"9/23/2016 11 p.m. PDT",1938,2009,1453,-485
BANC,"9/24/2016 12 a.m. PDT",1787,1817,1340,-447
BANC,"9/24/2016 1 a.m. PDT",1665,1715,1111,-554
BANC,"9/24/2016 2 a.m. PDT",1579,1621,1028,-551
BANC,"9/24/2016 3 a.m. PDT",1539,1556,1009,-530
BANC,"9/24/2016 4 a.m. PDT",1509,1516,999,-510
BANC,"9/24/2016 5 a.m. PDT",1512,1508,1074,-438
BANC,"9/24/2016 6 a.m. PDT",1542,1541,1108,-434
BANC,"9/24/2016 7 a.m. PDT",1599,1593,1295,-304
BANC,"9/24/2016 8 a.m. PDT",1617,1617,1286,-331
BANC,"9/24/2016 9 a.m. PDT",1706,1701,1270,-436
BANC,"9/24/2016 10 a.m. PDT",1797,1826,1281,-516
BANC,"9/24/2016 11 a.m. PDT",1861,1935,1362,-499
BANC,"9/24/2016 12 p.m. PDT",1935,2014,1369,-566
BANC,"9/24/2016 1 p.m. PDT",2002,2157,1332,-670
BANC,"9/24/2016 2 p.m. PDT",2110,2316,1337,-773
BANC,"9/24/2016 3 p.m. PDT",2256,2509,1459,-797
BANC,"9/24/2016 4 p.m. PDT",2405,2723,1624,-781
BANC,"9/24/2016 5 p.m. PDT",2536,2893,1764,-772
BANC,"9/24/2016 6 p.m. PDT",2590,2927,1899,-691
BANC,"9/24/2016 7 p.m. PDT",2550,2847,2034,-516
BANC,"9/24/2016 8 p.m. PDT",2508,2693,2190,-318
BANC,"9/24/2016 9 p.m. PDT",2409,2559,2195,-214
BANC,"9/24/2016 10 p.m. PDT",2238,2375,1720,-518
BANC,"9/24/2016 11 p.m. PDT",2050,2136,1547,-503
BANC,"9/25/2016 12 a.m. PDT",1869,1922,1343,-526
BANC,"9/25/2016 1 a.m. PDT",1734,1766,1261,-473
BANC,"9/25/2016 2 a.m. PDT",1620,1663,1121,-499
BANC,"9/25/2016 3 a.m. PDT",1572,1572,1110,-462
BANC,"9/25/2016 4 a.m. PDT",1520,1538,1074,-446
BANC,"9/25/2016 5 a.m. PDT",1514,1518,1070,-444
BANC,"9/25/2016 6 a.m. PDT",1527,1528,1080,-447
BANC,"9/25/2016 7 a.m. PDT",1565,1573,1254,-311
BANC,"9/25/2016 8 a.m. PDT",1569,1580,1252,-317
BANC,"9/25/2016 9 a.m. PDT",1669,1700,1269,-400
BANC,"9/25/2016 10 a.m. PDT",1796,1832,1300,-496
BANC,"9/25/2016 11 a.m. PDT",1902,1980,1401,-501
BANC,"9/25/2016 12 p.m. PDT",2028,2129,1469,-559
BANC,"9/25/2016 1 p.m. PDT",2185,2312,1491,-694
BANC,"9/25/2016 2 p.m. PDT",2374,2523,1662,-712
BANC,"9/25/2016 3 p.m. PDT",2605,2757,1811,-794
BANC,"9/25/2016 4 p.m. PDT",2822,2967,1853,-969
BANC,"9/25/2016 5 p.m. PDT",2988,3096,1972,-1016
BANC,"9/25/2016 6 p.m. PDT",3069,3145,2307,-762
BANC,"9/25/2016 7 p.m. PDT",2992,3038,2408,-584
BANC,"9/25/2016 8 p.m. PDT",2897,2944,2352,-545
BANC,"9/25/2016 9 p.m. PDT",2728,2760,2317,-411
BANC,"9/25/2016 10 p.m. PDT",2491,2509,1828,-663
BANC,"9/25/2016 11 p.m. PDT",2199,2222,1593,-606
BANC,"9/26/2016 12 a.m. PDT",1957,1980,1401,-556
BANC,"9/26/2016 1 a.m. PDT",1804,1794,1266,-538
BANC,"9/26/2016 2 a.m. PDT",1684,1681,1171,-513
BANC,"9/26/2016 3 a.m. PDT",1629,1612,1124,-505
BANC,"9/26/2016 4 a.m. PDT",1602,1585,1078,-524
BANC,"9/26/2016 5 a.m. PDT",1635,1610,1098,-537
BANC,"9/26/2016 6 a.m. PDT",1727,1695,1214,-513
BANC,"9/26/2016 7 a.m. PDT",1909,1853,1453,-456
BANC,"9/26/2016 8 a.m. PDT",1962,1912,1497,-465
BANC,"9/26/2016 9 a.m. PDT",2046,1992,1520,-526
BANC,"9/26/2016 10 a.m. PDT",2164,2138,1569,-595
BANC,"9/26/2016 11 a.m. PDT",2316,2268,1648,-668
BANC,"9/26/2016 12 p.m. PDT",2490,2414,1783,-707
BANC,"9/26/2016 1 p.m. PDT",2713,2622,1769,-944
BANC,"9/26/2016 2 p.m. PDT",2982,2849,1985,-997
BANC,"9/26/2016 3 p.m. PDT",3213,3072,2118,-1095
BANC,"9/26/2016 4 p.m. PDT",3423,3287,2217,-1206
BANC,"9/26/2016 5 p.m. PDT",3560,3427,2353,-1207
BANC,"9/26/2016 6 p.m. PDT",3579,3437,2494,-1085
BANC,"9/26/2016 7 p.m. PDT",3406,3279,2596,-810
BANC,"9/26/2016 8 p.m. PDT",3226,3120,2570,-656
BANC,"9/26/2016 9 p.m. PDT",2999,2948,2412,-587
BANC,"9/26/2016 10 p.m. PDT",2690,2696,1855,-835
BANC,"9/26/2016 11 p.m. PDT",2355,2354,1620,-735
BANC,"9/27/2016 12 a.m. PDT",2080,2083,1413,-667
BANC,"9/27/2016 1 a.m. PDT",1895,1872,1190,-705
BANC,"9/27/2016 2 a.m. PDT",1779,1747,1128,-651
BANC,"9/27/2016 3 a.m. PDT",1701,1663,1082,-619
BANC,"9/27/2016 4 a.m. PDT",1664,1630,1024,-640
BANC,"9/27/2016 5 a.m. PDT",1680,1652,1014,-666
BANC,"9/27/2016 6 a.m. PDT",1769,1735,1147,-622
BANC,"9/27/2016 7 a.m. PDT",1954,1893,1465,-489
BANC,"9/27/2016 8 a.m. PDT",2002,1957,1526,-476
BANC,"9/27/2016 9 a.m. PDT",2064,2053,1505,-559
BANC,"9/27/2016 10 a.m. PDT",2186,2203,1562,-624
BANC,"9/27/2016 11 a.m. PDT",2325,2353,1581,-744
BANC,"9/27/2016 12 p.m. PDT",2478,2525,1708,-770
BANC,"9/27/2016 1 p.m. PDT",2669,2741,1647,-1022
BANC,"9/27/2016 2 p.m. PDT",2924,2978,1827,-1097
BANC,"9/27/2016 3 p.m. PDT",3159,3213,1926,-1233
BANC,"9/27/2016 4 p.m. PDT",3384,3402,2222,-1162
BANC,"9/27/2016 5 p.m. PDT",3527,3516,2239,-1288
BANC,"9/27/2016 6 p.m. PDT",3537,3505,2307,-1230
BANC,"9/27/2016 7 p.m. PDT",3369,3339,2432,-937
BANC,"9/27/2016 8 p.m. PDT",3230,3184,2403,-827
BANC,"9/27/2016 9 p.m. PDT",3003,3000,2257,-746
BANC,"9/27/2016 10 p.m. PDT",2734,2722,1919,-815
BANC,"9/27/2016 11 p.m. PDT",2389,2371,1586,-803
BANC,"9/28/2016 12 a.m. PDT",2111,2091,1294,-817
BANC,"9/28/2016 1 a.m. PDT",1917,1889,1220,-697
BANC,"9/28/2016 2 a.m. PDT",1770,1745,1130,-640
BANC,"9/28/2016 3 a.m. PDT",1706,1678,1058,-648
BANC,"9/28/2016 4 a.m. PDT",1666,1641,1011,-655
BANC,"9/28/2016 5 a.m. PDT",1676,1674,1024,-652
BANC,"9/28/2016 6 a.m. PDT",1772,1774,1077,-695
BANC,"9/28/2016 7 a.m. PDT",1948,1929,1378,-570
BANC,"9/28/2016 8 a.m. PDT",1982,1985,1449,-533
BANC,"9/28/2016 9 a.m. PDT",2048,2070,1457,-591
BANC,"9/28/2016 10 a.m. PDT",2149,2190,1501,-648
BANC,"9/28/2016 11 a.m. PDT",2298,2327,1548,-750
BANC,"9/28/2016 12 p.m. PDT",2445,2458,1693,-752
BANC,"9/28/2016 1 p.m. PDT",2616,2599,1764,-852
BANC,"9/28/2016 2 p.m. PDT",2851,2774,1946,-905
BANC,"9/28/2016 3 p.m. PDT",3070,2947,2144,-926
BANC,"9/28/2016 4 p.m. PDT",3260,3101,2242,-1018
BANC,"9/28/2016 5 p.m. PDT",3399,3219,2532,-867
BANC,"9/28/2016 6 p.m. PDT",3366,3146,2545,-821
BANC,"9/28/2016 7 p.m. PDT",3208,2982,2359,-849
BANC,"9/28/2016 8 p.m. PDT",3072,2832,2315,-757
BANC,"9/28/2016 9 p.m. PDT",2859,2733,2033,-826
BANC,"9/28/2016 10 p.m. PDT",2570,2495,1787,-783
BANC,"9/28/2016 11 p.m. PDT",2246,2218,1451,-795
BANC,"9/29/2016 12 a.m. PDT",1983,1978,1275,-708
BANC,"9/29/2016 1 a.m. PDT",1801,1691,1254,-547
BANC,"9/29/2016 2 a.m. PDT",1691,1604,1154,-537
BANC,"9/29/2016 3 a.m. PDT",1622,1546,1079,-543
BANC,"9/29/2016 4 a.m. PDT",1586,1522,1033,-553
BANC,"9/29/2016 5 a.m. PDT",1605,1543,1045,-560
BANC,"9/29/2016 6 a.m. PDT",1693,1645,1145,-548
BANC,"9/29/2016 7 a.m. PDT",1856,1814,1375,-481
BANC,"9/29/2016 8 a.m. PDT",1890,1873,1438,-452
BANC,"9/29/2016 9 a.m. PDT",1925,1916,1441,-484
BANC,"9/29/2016 10 a.m. PDT",1989,1988,1483,-506
BANC,"9/29/2016 11 a.m. PDT",2073,2067,1555,-518
BANC,"9/29/2016 12 p.m. PDT",2157,2124,1619,-538
BANC,"9/29/2016 1 p.m. PDT",2259,2201,1634,-625
BANC,"9/29/2016 2 p.m. PDT",2395,2283,1783,-612
BANC,"9/29/2016 3 p.m. PDT",2516,2362,1919,-597
BANC,"9/29/2016 4 p.m. PDT",2677,2449,2039,-638
BANC,"9/29/2016 5 p.m. PDT",2753,2514,2121,-632
BANC,"9/29/2016 6 p.m. PDT",2747,2521,2188,-559
BANC,"9/29/2016 7 p.m. PDT",2598,2448,2124,-474
BANC,"9/29/2016 8 p.m. PDT",2556,2458,2158,-398
BANC,"9/29/2016 9 p.m. PDT",2435,2393,1920,-515
BANC,"9/29/2016 10 p.m. PDT",2236,2228,1808,-428
BANC,"9/29/2016 11 p.m. PDT",2009,2003,1460,-549
BANC,"9/30/2016 12 a.m. PDT",1799,1806,1260,-539
BANC,"9/30/2016 1 a.m. PDT",1685,1637,1177,-508
BANC,"9/30/2016 2 a.m. PDT",1606,1565,1117,-489
BANC,"9/30/2016 3 a.m. PDT",1550,1521,1063,-487
BANC,"9/30/2016 4 a.m. PDT",1526,1508,1048,-478
BANC,"9/30/2016 5 a.m. PDT",1557,1535,1071,-486
BANC,"9/30/2016 6 a.m. PDT",1645,1634,1126,-519
BANC,"9/30/2016 7 a.m. PDT",1806,1796,1429,-377
BANC,"9/30/2016 8 a.m. PDT",1863,1850,1465,-398
BANC,"9/30/2016 9 a.m. PDT",1890,1880,1469,-421
BANC,"9/30/2016 10 a.m. PDT",1936,1927,1498,-438
BANC,"9/30/2016 11 a.m. PDT",1979,1983,1568,-411
BANC,"9/30/2016 12 p.m. PDT",2011,2020,1590,-421
BANC,"9/30/2016 1 p.m. PDT",2052,2058,1534,-518
BANC,"9/30/2016 2 p.m. PDT",2089,2096,1617,-472
BANC,"9/30/2016 3 p.m. PDT",2124,2134,1738,-386
BANC,"9/30/2016 4 p.m. PDT",2137,2169,1777,-360
BANC,"9/30/2016 5 p.m. PDT",2150,2196,1793,-357
BANC,"9/30/2016 6 p.m. PDT",2085,2190,1916,-169
BANC,"9/30/2016 7 p.m. PDT",2061,2159,1944,-117
BANC,"9/30/2016 8 p.m. PDT",2134,2214,1965,-169
BANC,"9/30/2016 9 p.m. PDT",2069,2190,1859,-210
BANC,"9/30/2016 10 p.m. PDT",1992,2074,1675,-317
BANC,"9/30/2016 11 p.m. PDT",1860,1899,1279,-581
BANC,"10/1/2016 12 a.m. PDT",1713,1733,1126,-587
