"BA Code","Timestamp (Hour Ending)","Demand (MWh)","Demand Forecast (MWh)","Net Generation (MWh)","Total Interchange (MWh)"
BANC,"11/1/2021 12 a.m. PDT",1540,1534,1171,-369
BANC,"11/1/2021 1 a.m. PDT",1470,1488,1277,-193
BANC,"11/1/2021 2 a.m. PDT",1424,1435,1326,-98
BANC,"11/1/2021 3 a.m. PDT",1406,1415,1346,-60
BANC,"11/1/2021 4 a.m. PDT",1397,1406,1335,-62
BANC,"11/1/2021 5 a.m. PDT",1441,1446,1342,-99
BANC,"11/1/2021 6 a.m. PDT",1535,1541,1492,-43
BANC,"11/1/2021 7 a.m. PDT",1698,1717,1539,-159
BANC,"11/1/2021 8 a.m. PDT",1845,1841,1675,-170
BANC,"11/1/2021 9 a.m. PDT",1859,1863,1464,-395
BANC,"11/1/2021 10 a.m. PDT",1908,1872,1431,-477
BANC,"11/1/2021 11 a.m. PDT",1941,1875,1559,-382
BANC,"11/1/2021 12 p.m. PDT",1994,1871,1517,-477
BANC,"11/1/2021 1 p.m. PDT",2009,1867,1522,-487
BANC,"11/1/2021 2 p.m. PDT",1983,1856,1646,-337
BANC,"11/1/2021 3 p.m. PDT",1954,1853,1667,-287
BANC,"11/1/2021 4 p.m. PDT",1957,1870,1599,-358
BANC,"11/1/2021 5 p.m. PDT",1965,1898,1560,-405
BANC,"11/1/2021 6 p.m. PDT",2008,1948,1486,-522
BANC,"11/1/2021 7 p.m. PDT",2087,2030,1671,-416
BANC,"11/1/2021 8 p.m. PDT",2046,2032,1694,-352
BANC,"11/1/2021 9 p.m. PDT",1990,1974,1692,-298
BANC,"11/1/2021 10 p.m. PDT",1893,1874,1648,-245
BANC,"11/1/2021 11 p.m. PDT",1757,1746,1515,-242
BANC,"11/2/2021 12 a.m. PDT",1629,1625,1478,-151
BANC,"11/2/2021 1 a.m. PDT",1564,1527,1339,-225
BANC,"11/2/2021 2 a.m. PDT",1511,1485,1306,-205
BANC,"11/2/2021 3 a.m. PDT",1477,1458,1174,-303
BANC,"11/2/2021 4 a.m. PDT",1471,1451,1141,-330
BANC,"11/2/2021 5 a.m. PDT",1495,1485,1168,-327
BANC,"11/2/2021 6 a.m. PDT",1595,1583,1302,-293
BANC,"11/2/2021 7 a.m. PDT",1770,1763,1459,-311
BANC,"11/2/2021 8 a.m. PDT",1885,1880,1576,-309
BANC,"11/2/2021 9 a.m. PDT",1897,1877,1356,-541
BANC,"11/2/2021 10 a.m. PDT",1926,1875,1284,-642
BANC,"11/2/2021 11 a.m. PDT",1923,1861,1296,-627
BANC,"11/2/2021 12 p.m. PDT",1935,1847,1331,-604
BANC,"11/2/2021 1 p.m. PDT",1929,1830,1320,-609
BANC,"11/2/2021 2 p.m. PDT",1913,1825,1338,-575
BANC,"11/2/2021 3 p.m. PDT",1909,1831,1325,-584
BANC,"11/2/2021 4 p.m. PDT",1910,1850,1300,-610
BANC,"11/2/2021 5 p.m. PDT",1934,1881,1389,-545
BANC,"11/2/2021 6 p.m. PDT",1985,1927,1618,-367
BANC,"11/2/2021 7 p.m. PDT",2067,2001,1805,-262
BANC,"11/2/2021 8 p.m. PDT",2052,2002,1774,-278
BANC,"11/2/2021 9 p.m. PDT",1994,1948,1786,-208
BANC,"11/2/2021 10 p.m. PDT",1901,1846,1772,-129
BANC,"11/2/2021 11 p.m. PDT",1762,1722,1596,-166
BANC,"11/3/2021 12 a.m. PDT",1642,1611,1512,-130
BANC,"11/3/2021 1 a.m. PDT",1561,1522,1370,-191
BANC,"11/3/2021 2 a.m. PDT",1507,1465,1295,-212
BANC,"11/3/2021 3 a.m. PDT",1479,1439,1177,-302
BANC,"11/3/2021 4 a.m. PDT",1479,1430,1140,-339
BANC,"11/3/2021 5 a.m. PDT",1504,1462,1186,-318
BANC,"11/3/2021 6 a.m. PDT",1594,1559,1470,-124
BANC,"11/3/2021 7 a.m. PDT",1783,1742,1649,-134
BANC,"11/3/2021 8 a.m. PDT",1900,1858,1665,-235
BANC,"11/3/2021 9 a.m. PDT",1895,1859,1410,-485
BANC,"11/3/2021 10 a.m. PDT",1891,1864,1171,-720
BANC,"11/3/2021 11 a.m. PDT",1865,1859,1138,-727
BANC,"11/3/2021 12 p.m. PDT",1861,1859,1192,-669
BANC,"11/3/2021 1 p.m. PDT",1871,1855,1192,-679
BANC,"11/3/2021 2 p.m. PDT",1870,1852,1182,-688
BANC,"11/3/2021 3 p.m. PDT",1896,1857,1374,-522
BANC,"11/3/2021 4 p.m. PDT",1918,1859,1373,-545
BANC,"11/3/2021 5 p.m. PDT",1976,1902,1605,-371
BANC,"11/3/2021 6 p.m. PDT",2039,1938,1698,-341
BANC,"11/3/2021 7 p.m. PDT",2109,2015,1738,-371
BANC,"11/3/2021 8 p.m. PDT",2077,2015,1686,-391
BANC,"11/3/2021 9 p.m. PDT",2014,1967,1655,-359
BANC,"11/3/2021 10 p.m. PDT",1911,1878,1626,-285
BANC,"11/3/2021 11 p.m. PDT",1780,1739,1518,-262
BANC,"11/4/2021 12 a.m. PDT",1658,1608,1394,-264
BANC,"11/4/2021 1 a.m. PDT",1595,1543,1135,-460
BANC,"11/4/2021 2 a.m. PDT",1529,1493,1105,-424
BANC,"11/4/2021 3 a.m. PDT",1498,1466,1029,-469
BANC,"11/4/2021 4 a.m. PDT",1483,1454,1062,-421
BANC,"11/4/2021 5 a.m. PDT",1516,1480,1151,-365
BANC,"11/4/2021 6 a.m. PDT",1608,1574,1173,-435
BANC,"11/4/2021 7 a.m. PDT",1774,1749,1433,-341
BANC,"11/4/2021 8 a.m. PDT",1893,1862,1438,-455
BANC,"11/4/2021 9 a.m. PDT",1908,1873,1317,-591
BANC,"11/4/2021 10 a.m. PDT",1922,1877,1201,-721
BANC,"11/4/2021 11 a.m. PDT",1921,1881,1325,-596
BANC,"11/4/2021 12 p.m. PDT",1892,1890,1145,-747
BANC,"11/4/2021 1 p.m. PDT",1877,1888,1246,-631
BANC,"11/4/2021 2 p.m. PDT",1879,1889,1244,-635
BANC,"11/4/2021 3 p.m. PDT",1872,1885,1173,-699
BANC,"11/4/2021 4 p.m. PDT",1911,1880,1183,-728
BANC,"11/4/2021 5 p.m. PDT",1929,1893,1317,-612
BANC,"11/4/2021 6 p.m. PDT",1968,1941,1519,-449
BANC,"11/4/2021 7 p.m. PDT",2054,2011,1580,-474
BANC,"11/4/2021 8 p.m. PDT",2043,2013,1610,-433
BANC,"11/4/2021 9 p.m. PDT",2002,1961,1522,-480
BANC,"11/4/2021 10 p.m. PDT",1896,1879,1497,-399
BANC,"11/4/2021 11 p.m. PDT",1764,1747,1233,-531
BANC,"11/5/2021 12 a.m. PDT",1650,1622,1126,-524
BANC,"11/5/2021 1 a.m. PDT",1563,1571,967,-596
BANC,"11/5/2021 2 a.m. PDT",1519,1521,915,-604
BANC,"11/5/2021 3 a.m. PDT",1479,1496,907,-572
BANC,"11/5/2021 4 a.m. PDT",1476,1490,986,-490
BANC,"11/5/2021 5 a.m. PDT",1511,1524,1055,-456
BANC,"11/5/2021 6 a.m. PDT",1613,1624,1105,-508
BANC,"11/5/2021 7 a.m. PDT",1793,1808,1267,-526
BANC,"11/5/2021 8 a.m. PDT",1921,1930,1300,-621
BANC,"11/5/2021 9 a.m. PDT",1918,1936,1236,-682
BANC,"11/5/2021 10 a.m. PDT",1921,1921,1229,-692
BANC,"11/5/2021 11 a.m. PDT",1900,1907,1110,-790
BANC,"11/5/2021 12 p.m. PDT",1859,1898,1124,-735
BANC,"11/5/2021 1 p.m. PDT",1844,1887,1183,-661
BANC,"11/5/2021 2 p.m. PDT",1839,1875,1134,-705
BANC,"11/5/2021 3 p.m. PDT",1831,1871,1069,-762
BANC,"11/5/2021 4 p.m. PDT",1849,1870,1225,-624
BANC,"11/5/2021 5 p.m. PDT",1892,1894,1537,-355
BANC,"11/5/2021 6 p.m. PDT",1962,1916,1540,-422
BANC,"11/5/2021 7 p.m. PDT",2008,1984,1694,-314
BANC,"11/5/2021 8 p.m. PDT",1972,1984,1655,-317
BANC,"11/5/2021 9 p.m. PDT",1926,1932,1708,-218
BANC,"11/5/2021 10 p.m. PDT",1853,1860,1566,-287
BANC,"11/5/2021 11 p.m. PDT",1754,1764,1514,-240
BANC,"11/6/2021 12 a.m. PDT",1640,1656,1411,-229
BANC,"11/6/2021 1 a.m. PDT",1565,1537,1194,-371
BANC,"11/6/2021 2 a.m. PDT",1503,1479,1113,-390
BANC,"11/6/2021 3 a.m. PDT",1472,1447,1174,-298
BANC,"11/6/2021 4 a.m. PDT",1445,1427,1074,-371
BANC,"11/6/2021 5 a.m. PDT",1452,1425,978,-474
BANC,"11/6/2021 6 a.m. PDT",1495,1462,1133,-362
BANC,"11/6/2021 7 a.m. PDT",1562,1537,1239,-323
BANC,"11/6/2021 8 a.m. PDT",1670,1623,1260,-410
BANC,"11/6/2021 9 a.m. PDT",1719,1675,1131,-588
BANC,"11/6/2021 10 a.m. PDT",1770,1722,1165,-605
BANC,"11/6/2021 11 a.m. PDT",1809,1732,1086,-723
BANC,"11/6/2021 12 p.m. PDT",1808,1724,1066,-742
BANC,"11/6/2021 1 p.m. PDT",1798,1709,1063,-735
BANC,"11/6/2021 2 p.m. PDT",1802,1692,1043,-759
BANC,"11/6/2021 3 p.m. PDT",1747,1684,1017,-730
BANC,"11/6/2021 4 p.m. PDT",1720,1683,1020,-700
BANC,"11/6/2021 5 p.m. PDT",1755,1715,1091,-664
BANC,"11/6/2021 6 p.m. PDT",1850,1773,1273,-577
BANC,"11/6/2021 7 p.m. PDT",1940,1868,1370,-570
BANC,"11/6/2021 8 p.m. PDT",1909,1887,1274,-635
BANC,"11/6/2021 9 p.m. PDT",1864,1854,1289,-575
BANC,"11/6/2021 10 p.m. PDT",,1790,1265,-541
BANC,"11/6/2021 11 p.m. PDT",,1689,1190,-513
BANC,"11/7/2021 12 a.m. PDT",1611,1588,1014,-597
BANC,"11/7/2021 1 a.m. PDT",1547,1512,0,-525
BANC,"11/7/2021 1 a.m. PST",1495,1455,970,-525
BANC,"11/7/2021 2 a.m. PST",1450,1424,882,-568
BANC,"11/7/2021 3 a.m. PST",1437,1410,960,-477
BANC,"11/7/2021 4 a.m. PST",1438,1433,967,-471
BANC,"11/7/2021 5 a.m. PST",1461,1485,959,-502
BANC,"11/7/2021 6 a.m. PST",1524,1530,1017,-507
BANC,"11/7/2021 7 a.m. PST",1602,1574,1262,-340
BANC,"11/7/2021 8 a.m. PST",1655,1648,1215,-440
BANC,"11/7/2021 9 a.m. PST",1703,1697,1067,-636
BANC,"11/7/2021 10 a.m. PST",1691,1715,1215,-476
BANC,"11/7/2021 11 a.m. PST",1674,1713,1112,-562
BANC,"11/7/2021 12 p.m. PST",1654,1713,1104,-550
BANC,"11/7/2021 1 p.m. PST",1634,1711,1102,-532
BANC,"11/7/2021 2 p.m. PST",1645,1728,1189,-456
BANC,"11/7/2021 3 p.m. PST",1654,1778,1243,-411
BANC,"11/7/2021 4 p.m. PST",1728,1868,1277,-451
BANC,"11/7/2021 5 p.m. PST",1823,2018,1219,-604
BANC,"11/7/2021 6 p.m. PST",2008,2032,1164,-844
BANC,"11/7/2021 7 p.m. PST",2014,1986,1250,-764
BANC,"11/7/2021 8 p.m. PST",1979,1933,1307,-672
BANC,"11/7/2021 9 p.m. PST",1934,1839,1183,-751
BANC,"11/7/2021 10 p.m. PST",1845,1717,1158,-687
BANC,"11/7/2021 11 p.m. PST",1727,1602,1151,-576
BANC,"11/8/2021 12 a.m. PST",,,,-652
BANC,"11/8/2021 1 a.m. PST",1565,1529,985,-580
BANC,"11/8/2021 2 a.m. PST",1536,,1142,-394
BANC,"11/8/2021 3 a.m. PST",1515,,1158,-357
BANC,"11/8/2021 4 a.m. PST",1517,,1260,-257
BANC,"11/8/2021 5 a.m. PST",1573,,1263,-310
BANC,"11/8/2021 6 a.m. PST",1714,,1327,-387
BANC,"11/8/2021 7 a.m. PST",1914,,1364,-550
BANC,"11/8/2021 8 a.m. PST",1990,,1203,-787
BANC,"11/8/2021 9 a.m. PST",1958,,1089,-869
BANC,"11/8/2021 10 a.m. PST",1931,,1138,-793
BANC,"11/8/2021 11 a.m. PST",1888,,1188,-700
BANC,"11/8/2021 12 p.m. PST",1842,,1155,-687
BANC,"11/8/2021 1 p.m. PST",1837,,1154,-683
BANC,"11/8/2021 2 p.m. PST",1859,,1126,-733
BANC,"11/8/2021 3 p.m. PST",1888,,1146,-742
BANC,"11/8/2021 4 p.m. PST",1949,,1233,-716
BANC,"11/8/2021 5 p.m. PST",2052,,1320,-732
BANC,"11/8/2021 6 p.m. PST",2142,,1391,-751
BANC,"11/8/2021 7 p.m. PST",2113,,1626,-487
BANC,"11/8/2021 8 p.m. PST",2068,,1646,-422
BANC,"11/8/2021 9 p.m. PST",2014,,1611,-403
BANC,"11/8/2021 10 p.m. PST",1915,,1582,-333
BANC,"11/8/2021 11 p.m. PST",1778,,1500,-278
BANC,"11/9/2021 12 a.m. PST",1664,,1406,-258
BANC,"11/9/2021 1 a.m. PST",1617,1546,1145,-472
BANC,"11/9/2021 2 a.m. PST",1562,,1031,-531
BANC,"11/9/2021 3 a.m. PST",1530,,1022,-508
BANC,"11/9/2021 4 a.m. PST",1531,,1030,-501
BANC,"11/9/2021 5 a.m. PST",1563,,1128,-435
BANC,"11/9/2021 6 a.m. PST",1679,,1144,-535
BANC,"11/9/2021 7 a.m. PST",1870,,1181,-689
BANC,"11/9/2021 8 a.m. PST",1966,,1198,-768
BANC,"11/9/2021 9 a.m. PST",2004,,1141,-863
BANC,"11/9/2021 10 a.m. PST",2058,,1078,-980
BANC,"11/9/2021 11 a.m. PST",2085,,1190,-895
BANC,"11/9/2021 12 p.m. PST",2076,,1066,-1010
BANC,"11/9/2021 1 p.m. PST",2057,,1001,-1056
BANC,"11/9/2021 2 p.m. PST",1990,,1041,-949
BANC,"11/9/2021 3 p.m. PST",1974,,1165,-809
BANC,"11/9/2021 4 p.m. PST",2004,,1283,-721
BANC,"11/9/2021 5 p.m. PST",2067,,1464,-603
BANC,"11/9/2021 6 p.m. PST",2163,,1596,-567
BANC,"11/9/2021 7 p.m. PST",2142,,1669,-473
BANC,"11/9/2021 8 p.m. PST",2096,,1630,-466
BANC,"11/9/2021 9 p.m. PST",2027,,1583,-444
BANC,"11/9/2021 10 p.m. PST",1918,,1489,-429
BANC,"11/9/2021 11 p.m. PST",1775,,1382,-393
BANC,"11/10/2021 12 a.m. PST",1657,,1272,-385
BANC,"11/10/2021 1 a.m. PST",1590,1571,1075,-515
BANC,"11/10/2021 2 a.m. PST",1549,1521,961,-588
BANC,"11/10/2021 3 a.m. PST",1482,1494,953,-529
BANC,"11/10/2021 4 a.m. PST",1458,1484,904,-554
BANC,"11/10/2021 5 a.m. PST",1512,1524,949,-563
BANC,"11/10/2021 6 a.m. PST",1605,1639,1198,-407
BANC,"11/10/2021 7 a.m. PST",1784,1804,1385,-399
BANC,"11/10/2021 8 a.m. PST",1858,1891,1253,-605
BANC,"11/10/2021 9 a.m. PST",1877,1913,1050,-827
BANC,"11/10/2021 10 a.m. PST",1902,1921,1168,-734
BANC,"11/10/2021 11 a.m. PST",1913,1915,1269,-644
BANC,"11/10/2021 12 p.m. PST",1752,1914,1117,-635
BANC,"11/10/2021 1 p.m. PST",1823,1914,1162,-661
BANC,"11/10/2021 2 p.m. PST",1802,1905,1198,-604
BANC,"11/10/2021 3 p.m. PST",1805,1901,1194,-611
BANC,"11/10/2021 4 p.m. PST",1870,1910,1234,-636
BANC,"11/10/2021 5 p.m. PST",1935,1972,1464,-471
BANC,"11/10/2021 6 p.m. PST",2071,2110,1616,-455
BANC,"11/10/2021 7 p.m. PST",2054,2090,1671,-383
BANC,"11/10/2021 8 p.m. PST",2004,2033,1650,-354
BANC,"11/10/2021 9 p.m. PST",1943,1978,1483,-460
BANC,"11/10/2021 10 p.m. PST",1854,1884,1251,-603
BANC,"11/10/2021 11 p.m. PST",1737,1753,1167,-570
BANC,"11/11/2021 12 a.m. PST",1626,1639,1151,-475
BANC,"11/11/2021 1 a.m. PST",1560,1524,1162,-398
BANC,"11/11/2021 2 a.m. PST",1515,1479,1177,-338
BANC,"11/11/2021 3 a.m. PST",1474,1448,1107,-367
BANC,"11/11/2021 4 a.m. PST",1479,1445,1149,-330
BANC,"11/11/2021 5 a.m. PST",1519,1482,1167,-352
BANC,"11/11/2021 6 a.m. PST",1621,1585,1249,-372
BANC,"11/11/2021 7 a.m. PST",1748,1738,1227,-521
BANC,"11/11/2021 8 a.m. PST",1809,1822,1196,-613
BANC,"11/11/2021 9 a.m. PST",1870,1846,1281,-589
BANC,"11/11/2021 10 a.m. PST",1897,1849,1212,-685
BANC,"11/11/2021 11 a.m. PST",1893,1866,1198,-695
BANC,"11/11/2021 12 p.m. PST",1843,1874,1121,-722
BANC,"11/11/2021 1 p.m. PST",1802,1872,1200,-602
BANC,"11/11/2021 2 p.m. PST",1793,1878,1211,-582
BANC,"11/11/2021 3 p.m. PST",1811,1887,1113,-698
BANC,"11/11/2021 4 p.m. PST",1854,1913,1256,-598
BANC,"11/11/2021 5 p.m. PST",1954,2000,1477,-477
BANC,"11/11/2021 6 p.m. PST",2057,2137,1559,-498
BANC,"11/11/2021 7 p.m. PST",2059,2121,1665,-394
BANC,"11/11/2021 8 p.m. PST",2009,2056,1692,-317
BANC,"11/11/2021 9 p.m. PST",1940,1991,1618,-322
BANC,"11/11/2021 10 p.m. PST",1851,1892,1363,-488
BANC,"11/11/2021 11 p.m. PST",1722,1749,1217,-505
BANC,"11/12/2021 12 a.m. PST",1617,1631,1187,-430
BANC,"11/12/2021 1 a.m. PST",1545,1518,1077,-468
BANC,"11/12/2021 2 a.m. PST",1514,1471,974,-540
BANC,"11/12/2021 3 a.m. PST",1494,1448,962,-532
BANC,"11/12/2021 4 a.m. PST",1494,1447,963,-531
BANC,"11/12/2021 5 a.m. PST",1536,1492,1105,-431
BANC,"11/12/2021 6 a.m. PST",1659,1602,1226,-433
BANC,"11/12/2021 7 a.m. PST",1819,1745,1206,-613
BANC,"11/12/2021 8 a.m. PST",1881,1827,1096,-785
BANC,"11/12/2021 9 a.m. PST",1905,1842,1030,-875
BANC,"11/12/2021 10 a.m. PST",1899,1853,1037,-862
BANC,"11/12/2021 11 a.m. PST",1919,1870,1091,-828
BANC,"11/12/2021 12 p.m. PST",1888,1863,1073,-815
BANC,"11/12/2021 1 p.m. PST",1867,1861,1051,-816
BANC,"11/12/2021 2 p.m. PST",1860,1863,1039,-821
BANC,"11/12/2021 3 p.m. PST",1866,1883,1065,-801
BANC,"11/12/2021 4 p.m. PST",1902,1912,1289,-613
BANC,"11/12/2021 5 p.m. PST",1980,1958,1423,-557
BANC,"11/12/2021 6 p.m. PST",2076,2079,1545,-531
BANC,"11/12/2021 7 p.m. PST",2044,2046,1502,-542
BANC,"11/12/2021 8 p.m. PST",1990,1981,1527,-463
BANC,"11/12/2021 9 p.m. PST",1922,1899,1482,-440
BANC,"11/12/2021 10 p.m. PST",1859,1813,1269,-590
BANC,"11/12/2021 11 p.m. PST",1750,1711,1125,-625
BANC,"11/13/2021 12 a.m. PST",1651,1606,1104,-547
BANC,"11/13/2021 1 a.m. PST",1579,1546,1045,-534
BANC,"11/13/2021 2 a.m. PST",1529,1482,1041,-488
BANC,"11/13/2021 3 a.m. PST",1492,1450,1116,-376
BANC,"11/13/2021 4 a.m. PST",1466,1436,1085,-381
BANC,"11/13/2021 5 a.m. PST",1458,1444,1121,-337
BANC,"11/13/2021 6 a.m. PST",1498,1499,1140,-358
BANC,"11/13/2021 7 a.m. PST",1569,1554,1331,-238
BANC,"11/13/2021 8 a.m. PST",1628,1607,1454,-174
BANC,"11/13/2021 9 a.m. PST",1725,1681,1329,-396
BANC,"11/13/2021 10 a.m. PST",1798,1723,1308,-490
BANC,"11/13/2021 11 a.m. PST",1826,1732,1218,-608
BANC,"11/13/2021 12 p.m. PST",1891,1726,1173,-718
BANC,"11/13/2021 1 p.m. PST",1866,1715,1072,-794
BANC,"11/13/2021 2 p.m. PST",1779,1701,1007,-772
BANC,"11/13/2021 3 p.m. PST",1745,1722,932,-813
BANC,"11/13/2021 4 p.m. PST",1774,1742,1117,-657
BANC,"11/13/2021 5 p.m. PST",1861,1812,1321,-540
BANC,"11/13/2021 6 p.m. PST",1976,1950,1210,-766
BANC,"11/13/2021 7 p.m. PST",1962,1938,1272,-690
BANC,"11/13/2021 8 p.m. PST",1912,1877,1339,-573
BANC,"11/13/2021 9 p.m. PST",1869,1823,1304,-565
BANC,"11/13/2021 10 p.m. PST",1804,1751,1206,-598
BANC,"11/13/2021 11 p.m. PST",1720,1661,1100,-620
BANC,"11/14/2021 12 a.m. PST",1634,1568,970,-664
BANC,"11/14/2021 1 a.m. PST",1558,1531,958,-600
BANC,"11/14/2021 2 a.m. PST",1503,1481,957,-546
BANC,"11/14/2021 3 a.m. PST",1476,1449,932,-544
BANC,"11/14/2021 4 a.m. PST",1465,1433,944,-521
BANC,"11/14/2021 5 a.m. PST",1470,1440,927,-543
BANC,"11/14/2021 6 a.m. PST",1502,1485,923,-579
BANC,"11/14/2021 7 a.m. PST",1553,1540,1034,-519
BANC,"11/14/2021 8 a.m. PST",1610,1547,966,-644
BANC,"11/14/2021 9 a.m. PST",1692,1618,866,-826
BANC,"11/14/2021 10 a.m. PST",1765,1661,918,-847
BANC,"11/14/2021 11 a.m. PST",1807,1672,959,-848
BANC,"11/14/2021 12 p.m. PST",1803,1673,961,-842
BANC,"11/14/2021 1 p.m. PST",1801,1668,984,-817
BANC,"11/14/2021 2 p.m. PST",1794,1671,967,-827
BANC,"11/14/2021 3 p.m. PST",1775,1684,944,-831
BANC,"11/14/2021 4 p.m. PST",1814,1717,1085,-729
BANC,"11/14/2021 5 p.m. PST",1891,1815,1389,-502
BANC,"11/14/2021 6 p.m. PST",2028,1976,1431,-597
BANC,"11/14/2021 7 p.m. PST",2016,1976,1388,-628
BANC,"11/14/2021 8 p.m. PST",1973,1931,1500,-473
BANC,"11/14/2021 9 p.m. PST",1914,1858,1484,-430
BANC,"11/14/2021 10 p.m. PST",1831,1766,1156,-675
BANC,"11/14/2021 11 p.m. PST",1715,1646,1077,-638
BANC,"11/15/2021 12 a.m. PST",1606,1533,943,-663
BANC,"11/15/2021 1 a.m. PST",1541,1515,932,-609
BANC,"11/15/2021 2 a.m. PST",1492,1464,954,-538
BANC,"11/15/2021 3 a.m. PST",1476,1459,941,-535
BANC,"11/15/2021 4 a.m. PST",1474,1465,962,-512
BANC,"11/15/2021 5 a.m. PST",1514,1512,967,-547
BANC,"11/15/2021 6 a.m. PST",1630,1636,1101,-529
BANC,"11/15/2021 7 a.m. PST",1797,1808,1234,-563
BANC,"11/15/2021 8 a.m. PST",1905,1875,1229,-676
BANC,"11/15/2021 9 a.m. PST",1950,1888,1093,-857
BANC,"11/15/2021 10 a.m. PST",1991,1888,1185,-806
BANC,"11/15/2021 11 a.m. PST",2025,1892,1211,-814
BANC,"11/15/2021 12 p.m. PST",2016,1877,1121,-895
BANC,"11/15/2021 1 p.m. PST",2006,1867,989,-1017
BANC,"11/15/2021 2 p.m. PST",1970,1847,1081,-889
BANC,"11/15/2021 3 p.m. PST",1960,1843,1342,-618
BANC,"11/15/2021 4 p.m. PST",1933,1848,1459,-474
BANC,"11/15/2021 5 p.m. PST",2020,1934,1514,-506
BANC,"11/15/2021 6 p.m. PST",2128,2070,1502,-626
BANC,"11/15/2021 7 p.m. PST",2100,2058,1446,-654
BANC,"11/15/2021 8 p.m. PST",2055,2008,1571,-484
BANC,"11/15/2021 9 p.m. PST",1994,1948,1507,-487
BANC,"11/15/2021 10 p.m. PST",1887,1846,1262,-625
BANC,"11/15/2021 11 p.m. PST",1753,1712,1091,-662
BANC,"11/16/2021 12 a.m. PST",1640,1589,960,-680
BANC,"11/16/2021 1 a.m. PST",1566,1528,1100,-466
BANC,"11/16/2021 2 a.m. PST",1520,1477,1066,-454
BANC,"11/16/2021 3 a.m. PST",1480,1451,1025,-455
BANC,"11/16/2021 4 a.m. PST",1477,1446,1012,-465
BANC,"11/16/2021 5 a.m. PST",1511,1494,1082,-429
BANC,"11/16/2021 6 a.m. PST",1585,1611,1308,-277
BANC,"11/16/2021 7 a.m. PST",1757,1763,1565,-192
BANC,"11/16/2021 8 a.m. PST",1895,1877,1663,-232
BANC,"11/16/2021 9 a.m. PST",1946,1908,1305,-641
BANC,"11/16/2021 10 a.m. PST",14547,1922,13882,-665
BANC,"11/16/2021 11 a.m. PST",1976,1924,1169,-807
BANC,"11/16/2021 12 p.m. PST",1956,1911,1148,-808
BANC,"11/16/2021 1 p.m. PST",1925,1894,1119,-806
BANC,"11/16/2021 2 p.m. PST",1842,1886,1126,-716
BANC,"11/16/2021 3 p.m. PST",1843,1882,1173,-670
BANC,"11/16/2021 4 p.m. PST",1890,1906,1236,-654
BANC,"11/16/2021 5 p.m. PST",1971,1978,1291,-680
BANC,"11/16/2021 6 p.m. PST",2124,2127,1408,-716
BANC,"11/16/2021 7 p.m. PST",2104,2110,1431,-673
BANC,"11/16/2021 8 p.m. PST",2056,2053,1405,-651
BANC,"11/16/2021 9 p.m. PST",2001,1979,1487,-514
BANC,"11/16/2021 10 p.m. PST",1915,1873,1462,-453
BANC,"11/16/2021 11 p.m. PST",1776,1744,1357,-419
BANC,"11/17/2021 12 a.m. PST",1675,1633,1257,-418
BANC,"11/17/2021 1 a.m. PST",1557,1544,1258,-299
BANC,"11/17/2021 2 a.m. PST",1523,1507,1212,-311
BANC,"11/17/2021 3 a.m. PST",1483,1482,1170,-313
BANC,"11/17/2021 4 a.m. PST",1489,1483,1172,-317
BANC,"11/17/2021 5 a.m. PST",1531,1531,1274,-257
BANC,"11/17/2021 6 a.m. PST",1652,1652,1330,-322
BANC,"11/17/2021 7 a.m. PST",1834,1819,1462,-372
BANC,"11/17/2021 8 a.m. PST",1925,1891,1346,-579
BANC,"11/17/2021 9 a.m. PST",1959,1913,1189,-770
BANC,"11/17/2021 10 a.m. PST",1971,1921,1182,-789
BANC,"11/17/2021 11 a.m. PST",1963,1904,1173,-790
BANC,"11/17/2021 12 p.m. PST",1942,1886,1074,-868
BANC,"11/17/2021 1 p.m. PST",1921,1871,1065,-856
BANC,"11/17/2021 2 p.m. PST",1913,1860,1119,-794
BANC,"11/17/2021 3 p.m. PST",1887,1861,1119,-768
BANC,"11/17/2021 4 p.m. PST",1875,1872,1331,-544
BANC,"11/17/2021 5 p.m. PST",1944,1946,1646,-298
BANC,"11/17/2021 6 p.m. PST",2094,2082,1721,-373
BANC,"11/17/2021 7 p.m. PST",2087,2082,1752,-335
BANC,"11/17/2021 8 p.m. PST",2044,2032,1772,-272
BANC,"11/17/2021 9 p.m. PST",2002,1974,1759,-243
BANC,"11/17/2021 10 p.m. PST",1902,1881,1683,-219
BANC,"11/17/2021 11 p.m. PST",1778,1745,1304,-474
BANC,"11/18/2021 12 a.m. PST",1656,1629,1194,-462
BANC,"11/18/2021 1 a.m. PST",1602,1583,1216,-386
BANC,"11/18/2021 2 a.m. PST",1550,1533,1190,-360
BANC,"11/18/2021 3 a.m. PST",1520,1505,1169,-351
BANC,"11/18/2021 4 a.m. PST",1530,1504,1193,-337
BANC,"11/18/2021 5 a.m. PST",1577,1551,1195,-382
BANC,"11/18/2021 6 a.m. PST",1702,1672,1316,-386
BANC,"11/18/2021 7 a.m. PST",1876,1847,1480,-396
BANC,"11/18/2021 8 a.m. PST",1967,1938,1417,-550
BANC,"11/18/2021 9 a.m. PST",1970,1967,1346,-624
BANC,"11/18/2021 10 a.m. PST",1964,1980,1188,-776
BANC,"11/18/2021 11 a.m. PST",1958,1979,1146,-812
BANC,"11/18/2021 12 p.m. PST",1927,1969,1172,-755
BANC,"11/18/2021 1 p.m. PST",1908,1954,1176,-732
BANC,"11/18/2021 2 p.m. PST",1928,1931,1247,-681
BANC,"11/18/2021 3 p.m. PST",1930,1918,1218,-712
BANC,"11/18/2021 4 p.m. PST",1960,1945,1485,-475
BANC,"11/18/2021 5 p.m. PST",2030,2006,1741,-289
BANC,"11/18/2021 6 p.m. PST",2116,2130,1768,-348
BANC,"11/18/2021 7 p.m. PST",2096,2102,1847,-249
BANC,"11/18/2021 8 p.m. PST",2046,2043,1837,-209
BANC,"11/18/2021 9 p.m. PST",1991,1977,1750,-241
BANC,"11/18/2021 10 p.m. PST",1899,1878,1611,-288
BANC,"11/18/2021 11 p.m. PST",1755,1750,1429,-326
BANC,"11/19/2021 12 a.m. PST",1639,1635,1162,-477
BANC,"11/19/2021 1 a.m. PST",1572,1549,1091,-481
BANC,"11/19/2021 2 a.m. PST",1519,1498,1049,-470
BANC,"11/19/2021 3 a.m. PST",1479,1473,1026,-453
BANC,"11/19/2021 4 a.m. PST",1488,1467,911,-577
BANC,"11/19/2021 5 a.m. PST",1522,1510,935,-587
BANC,"11/19/2021 6 a.m. PST",1629,1616,1103,-526
BANC,"11/19/2021 7 a.m. PST",1806,1782,1245,-561
BANC,"11/19/2021 8 a.m. PST",1902,1880,1205,-697
BANC,"11/19/2021 9 a.m. PST",1930,1926,1074,-856
BANC,"11/19/2021 10 a.m. PST",1932,1948,1006,-926
BANC,"11/19/2021 11 a.m. PST",1906,1966,1006,-900
BANC,"11/19/2021 12 p.m. PST",1907,1966,1108,-799
BANC,"11/19/2021 1 p.m. PST",1855,1959,1157,-698
BANC,"11/19/2021 2 p.m. PST",1869,1940,1241,-628
BANC,"11/19/2021 3 p.m. PST",1872,1927,1253,-619
BANC,"11/19/2021 4 p.m. PST",1884,1934,1301,-583
BANC,"11/19/2021 5 p.m. PST",1954,1999,1593,-361
BANC,"11/19/2021 6 p.m. PST",2046,2111,1631,-415
BANC,"11/19/2021 7 p.m. PST",2015,2074,1494,-521
BANC,"11/19/2021 8 p.m. PST",1961,2007,1490,-471
BANC,"11/19/2021 9 p.m. PST",1918,1940,1459,-459
BANC,"11/19/2021 10 p.m. PST",1845,1857,1219,-626
BANC,"11/19/2021 11 p.m. PST",1753,1753,1168,-585
BANC,"11/20/2021 12 a.m. PST",1644,1649,1010,-634
BANC,"11/20/2021 1 a.m. PST",1562,1553,899,-663
BANC,"11/20/2021 2 a.m. PST",1504,1492,902,-602
BANC,"11/20/2021 3 a.m. PST",1482,1455,924,-558
BANC,"11/20/2021 4 a.m. PST",1461,1441,967,-494
BANC,"11/20/2021 5 a.m. PST",1483,1452,1076,-407
BANC,"11/20/2021 6 a.m. PST",1530,1501,1040,-490
BANC,"11/20/2021 7 a.m. PST",1618,1572,1088,-530
BANC,"11/20/2021 8 a.m. PST",1670,1634,1201,-469
BANC,"11/20/2021 9 a.m. PST",1732,1713,937,-795
BANC,"11/20/2021 10 a.m. PST",1746,1753,997,-749
BANC,"11/20/2021 11 a.m. PST",1730,1759,1036,-694
BANC,"11/20/2021 12 p.m. PST",1674,1742,1032,-642
BANC,"11/20/2021 1 p.m. PST",1655,1724,1070,-585
BANC,"11/20/2021 2 p.m. PST",1645,1703,1129,-516
BANC,"11/20/2021 3 p.m. PST",1666,1686,1107,-559
BANC,"11/20/2021 4 p.m. PST",1728,1720,1165,-563
BANC,"11/20/2021 5 p.m. PST",1809,1792,1279,-530
BANC,"11/20/2021 6 p.m. PST",1939,1943,1264,-675
BANC,"11/20/2021 7 p.m. PST",1932,1942,1205,-727
BANC,"11/20/2021 8 p.m. PST",1897,1896,1239,-658
BANC,"11/20/2021 9 p.m. PST",1860,1846,1252,-608
BANC,"11/20/2021 10 p.m. PST",1802,1781,1303,-499
BANC,"11/20/2021 11 p.m. PST",1709,1694,1216,-493
BANC,"11/21/2021 12 a.m. PST",1622,1605,1095,-527
BANC,"11/21/2021 1 a.m. PST",1554,1550,1116,-438
BANC,"11/21/2021 2 a.m. PST",1508,1497,1057,-451
BANC,"11/21/2021 3 a.m. PST",1478,1470,957,-521
BANC,"11/21/2021 4 a.m. PST",1485,1458,1027,-458
BANC,"11/21/2021 5 a.m. PST",1503,1467,1029,-474
BANC,"11/21/2021 6 a.m. PST",1550,1508,1211,-339
BANC,"11/21/2021 7 a.m. PST",1625,1581,1301,-324
BANC,"11/21/2021 8 a.m. PST",1682,1639,1291,-391
BANC,"11/21/2021 9 a.m. PST",1720,1692,1289,-431
BANC,"11/21/2021 10 a.m. PST",1713,1720,1275,-438
BANC,"11/21/2021 11 a.m. PST",1691,1715,1321,-370
BANC,"11/21/2021 12 p.m. PST",1725,1699,1315,-410
BANC,"11/21/2021 1 p.m. PST",1644,1681,1052,-592
BANC,"11/21/2021 2 p.m. PST",1644,1670,1040,-604
BANC,"11/21/2021 3 p.m. PST",1668,1675,1023,-645
BANC,"11/21/2021 4 p.m. PST",1720,1720,1147,-573
BANC,"11/21/2021 5 p.m. PST",1823,1815,1168,-655
BANC,"11/21/2021 6 p.m. PST",1973,1998,1122,-851
BANC,"11/21/2021 7 p.m. PST",1964,2014,1165,-799
BANC,"11/21/2021 8 p.m. PST",1939,1987,1266,-673
BANC,"11/21/2021 9 p.m. PST",1895,1929,1372,-523
BANC,"11/21/2021 10 p.m. PST",1820,1842,1298,-522
BANC,"11/21/2021 11 p.m. PST",1714,1719,1173,-541
BANC,"11/22/2021 12 a.m. PST",1623,1608,1109,-514
BANC,"11/22/2021 1 a.m. PST",1555,1537,1063,-492
BANC,"11/22/2021 2 a.m. PST",1513,1500,1053,-460
BANC,"11/22/2021 3 a.m. PST",1504,1488,1073,-431
BANC,"11/22/2021 4 a.m. PST",1514,1501,1036,-478
BANC,"11/22/2021 5 a.m. PST",1572,1556,1043,-529
BANC,"11/22/2021 6 a.m. PST",1698,1681,1130,-568
BANC,"11/22/2021 7 a.m. PST",1864,1868,1236,-628
BANC,"11/22/2021 8 a.m. PST",1964,1962,1131,-833
BANC,"11/22/2021 9 a.m. PST",1975,1977,1067,-908
BANC,"11/22/2021 10 a.m. PST",1938,1959,1096,-842
BANC,"11/22/2021 11 a.m. PST",1898,1934,1088,-810
BANC,"11/22/2021 12 p.m. PST",1857,1907,1097,-760
BANC,"11/22/2021 1 p.m. PST",1836,1883,1180,-656
BANC,"11/22/2021 2 p.m. PST",1830,1861,1253,-577
BANC,"11/22/2021 3 p.m. PST",1841,1851,1410,-431
BANC,"11/22/2021 4 p.m. PST",1873,1868,1400,-473
BANC,"11/22/2021 5 p.m. PST",1946,1962,1562,-384
BANC,"11/22/2021 6 p.m. PST",2079,2115,1557,-522
BANC,"11/22/2021 7 p.m. PST",2065,2116,1668,-397
BANC,"11/22/2021 8 p.m. PST",2029,2067,1665,-364
BANC,"11/22/2021 9 p.m. PST",1986,2000,1606,-380
BANC,"11/22/2021 10 p.m. PST",1896,1900,1560,-336
BANC,"11/22/2021 11 p.m. PST",1783,1769,1243,-540
BANC,"11/23/2021 12 a.m. PST",1668,1645,1160,-508
BANC,"11/23/2021 1 a.m. PST",1590,1577,1092,-498
BANC,"11/23/2021 2 a.m. PST",1542,1529,1051,-491
BANC,"11/23/2021 3 a.m. PST",1516,1507,1035,-481
BANC,"11/23/2021 4 a.m. PST",1512,1509,1011,-501
BANC,"11/23/2021 5 a.m. PST",1578,1560,976,-602
BANC,"11/23/2021 6 a.m. PST",1693,1679,999,-694
BANC,"11/23/2021 7 a.m. PST",1852,1852,1125,-727
BANC,"11/23/2021 8 a.m. PST",1943,1944,1157,-786
BANC,"11/23/2021 9 a.m. PST",1978,1958,1049,-929
BANC,"11/23/2021 10 a.m. PST",1980,1950,1024,-956
BANC,"11/23/2021 11 a.m. PST",1951,1934,1064,-887
BANC,"11/23/2021 12 p.m. PST",1879,1918,1059,-820
BANC,"11/23/2021 1 p.m. PST",1842,1896,1061,-781
BANC,"11/23/2021 2 p.m. PST",1828,1875,1082,-746
BANC,"11/23/2021 3 p.m. PST",1851,1867,1095,-756
BANC,"11/23/2021 4 p.m. PST",1874,1884,1160,-714
BANC,"11/23/2021 5 p.m. PST",1956,1971,1182,-774
BANC,"11/23/2021 6 p.m. PST",2083,2110,1158,-925
BANC,"11/23/2021 7 p.m. PST",2077,2103,1167,-910
BANC,"11/23/2021 8 p.m. PST",2031,2057,1178,-853
BANC,"11/23/2021 9 p.m. PST",1989,1990,1092,-897
BANC,"11/23/2021 10 p.m. PST",1909,1884,1146,-763
BANC,"11/23/2021 11 p.m. PST",1796,1752,1076,-720
BANC,"11/24/2021 12 a.m. PST",1675,1632,968,-707
BANC,"11/24/2021 1 a.m. PST",1600,1573,1040,-560
BANC,"11/24/2021 2 a.m. PST",1547,1527,922,-625
BANC,"11/24/2021 3 a.m. PST",1526,1502,831,-695
BANC,"11/24/2021 4 a.m. PST",1523,1502,834,-689
BANC,"11/24/2021 5 a.m. PST",1583,1560,877,-706
BANC,"11/24/2021 6 a.m. PST",1698,1669,976,-722
BANC,"11/24/2021 7 a.m. PST",1865,1838,1114,-751
BANC,"11/24/2021 8 a.m. PST",1940,1927,1106,-834
BANC,"11/24/2021 9 a.m. PST",1963,1949,1016,-947
BANC,"11/24/2021 10 a.m. PST",1926,1945,1163,-763
BANC,"11/24/2021 11 a.m. PST",1878,1931,1075,-803
BANC,"11/24/2021 12 p.m. PST",1860,1905,1072,-788
BANC,"11/24/2021 1 p.m. PST",1820,1876,1098,-722
BANC,"11/24/2021 2 p.m. PST",1813,1853,1075,-738
BANC,"11/24/2021 3 p.m. PST",1812,1845,1073,-739
BANC,"11/24/2021 4 p.m. PST",1862,1858,1135,-727
BANC,"11/24/2021 5 p.m. PST",1959,1946,1129,-830
BANC,"11/24/2021 6 p.m. PST",2073,2104,1143,-930
BANC,"11/24/2021 7 p.m. PST",2057,2112,1167,-890
BANC,"11/24/2021 8 p.m. PST",2020,2076,1198,-822
BANC,"11/24/2021 9 p.m. PST",1990,2019,1184,-806
BANC,"11/24/2021 10 p.m. PST",1918,1929,1218,-700
BANC,"11/24/2021 11 p.m. PST",1818,1806,973,-845
BANC,"11/25/2021 12 a.m. PST",1710,1683,929,-781
BANC,"11/25/2021 1 a.m. PST",1603,1584,952,-651
BANC,"11/25/2021 2 a.m. PST",1541,1530,960,-581
BANC,"11/25/2021 3 a.m. PST",1521,1501,1024,-497
BANC,"11/25/2021 4 a.m. PST",1509,1493,963,-546
BANC,"11/25/2021 5 a.m. PST",1538,1516,989,-549
BANC,"11/25/2021 6 a.m. PST",1602,1580,1110,-492
BANC,"11/25/2021 7 a.m. PST",1696,1661,1164,-532
BANC,"11/25/2021 8 a.m. PST",1770,1727,1113,-657
BANC,"11/25/2021 9 a.m. PST",1817,1791,1027,-790
BANC,"11/25/2021 10 a.m. PST",1812,1807,1076,-736
BANC,"11/25/2021 11 a.m. PST",1807,1808,1118,-689
BANC,"11/25/2021 12 p.m. PST",1775,1787,1166,-609
BANC,"11/25/2021 1 p.m. PST",1755,1748,1129,-626
BANC,"11/25/2021 2 p.m. PST",1737,1706,1112,-625
BANC,"11/25/2021 3 p.m. PST",1710,1663,1071,-639
BANC,"11/25/2021 4 p.m. PST",1695,1650,1097,-598
BANC,"11/25/2021 5 p.m. PST",1728,1691,1200,-528
BANC,"11/25/2021 6 p.m. PST",1789,1764,1051,-738
BANC,"11/25/2021 7 p.m. PST",1745,1737,1059,-686
BANC,"11/25/2021 8 p.m. PST",1733,1716,997,-736
BANC,"11/25/2021 9 p.m. PST",1733,1709,1032,-701
BANC,"11/25/2021 10 p.m. PST",1697,1690,1014,-683
BANC,"11/25/2021 11 p.m. PST",1641,1639,945,-696
BANC,"11/26/2021 12 a.m. PST",1577,1576,898,-679
BANC,"11/26/2021 1 a.m. PST",1521,1515,871,-650
BANC,"11/26/2021 2 a.m. PST",1484,1474,888,-596
BANC,"11/26/2021 3 a.m. PST",1465,1457,899,-566
BANC,"11/26/2021 4 a.m. PST",1459,1462,886,-573
BANC,"11/26/2021 5 a.m. PST",1494,1493,885,-609
BANC,"11/26/2021 6 a.m. PST",1563,1558,963,-600
BANC,"11/26/2021 7 a.m. PST",1668,1637,1013,-655
BANC,"11/26/2021 8 a.m. PST",1726,1684,1030,-696
BANC,"11/26/2021 9 a.m. PST",1731,1723,976,-755
BANC,"11/26/2021 10 a.m. PST",1711,1724,1080,-631
BANC,"11/26/2021 11 a.m. PST",1685,1723,1089,-596
BANC,"11/26/2021 12 p.m. PST",1656,1702,1085,-571
BANC,"11/26/2021 1 p.m. PST",1629,1679,1073,-556
BANC,"11/26/2021 2 p.m. PST",1620,1656,1088,-532
BANC,"11/26/2021 3 p.m. PST",1632,1653,1088,-544
BANC,"11/26/2021 4 p.m. PST",1701,1694,1164,-537
BANC,"11/26/2021 5 p.m. PST",1818,1797,1272,-546
BANC,"11/26/2021 6 p.m. PST",1917,1947,1104,-813
BANC,"11/26/2021 7 p.m. PST",1892,1936,1052,-840
BANC,"11/26/2021 8 p.m. PST",1872,1901,1067,-805
BANC,"11/26/2021 9 p.m. PST",1825,1865,1129,-696
BANC,"11/26/2021 10 p.m. PST",1778,1810,1128,-650
BANC,"11/26/2021 11 p.m. PST",1691,1724,1066,-625
BANC,"11/27/2021 12 a.m. PST",1602,1626,1026,-576
BANC,"11/27/2021 1 a.m. PST",1529,1524,874,-655
BANC,"11/27/2021 2 a.m. PST",1474,1474,829,-645
BANC,"11/27/2021 3 a.m. PST",1448,1451,858,-590
BANC,"11/27/2021 4 a.m. PST",1432,1448,834,-598
BANC,"11/27/2021 5 a.m. PST",1454,1473,857,-597
BANC,"11/27/2021 6 a.m. PST",1518,1531,1064,-454
BANC,"11/27/2021 7 a.m. PST",1596,1616,1155,-441
BANC,"11/27/2021 8 a.m. PST",1656,1672,1119,-537
BANC,"11/27/2021 9 a.m. PST",1675,1726,937,-738
BANC,"11/27/2021 10 a.m. PST",1679,1743,1088,-591
BANC,"11/27/2021 11 a.m. PST",1658,1730,1247,-411
BANC,"11/27/2021 12 p.m. PST",1643,1701,1061,-582
BANC,"11/27/2021 1 p.m. PST",1619,1674,1044,-575
BANC,"11/27/2021 2 p.m. PST",1612,1654,1059,-553
BANC,"11/27/2021 3 p.m. PST",1626,1653,1043,-583
BANC,"11/27/2021 4 p.m. PST",1671,1690,1081,-590
BANC,"11/27/2021 5 p.m. PST",1774,1768,1122,-652
BANC,"11/27/2021 6 p.m. PST",1914,1914,1096,-818
BANC,"11/27/2021 7 p.m. PST",1913,1917,1137,-776
BANC,"11/27/2021 8 p.m. PST",1874,1883,1113,-761
BANC,"11/27/2021 9 p.m. PST",1840,1842,1148,-692
BANC,"11/27/2021 10 p.m. PST",1790,1773,1163,-627
BANC,"11/27/2021 11 p.m. PST",1694,1684,957,-737
BANC,"11/28/2021 12 a.m. PST",1598,1594,838,-760
BANC,"11/28/2021 1 a.m. PST",1542,1515,809,-733
BANC,"11/28/2021 2 a.m. PST",1497,1455,838,-659
BANC,"11/28/2021 3 a.m. PST",1460,1423,869,-591
BANC,"11/28/2021 4 a.m. PST",1462,1413,873,-589
BANC,"11/28/2021 5 a.m. PST",1464,1432,874,-590
BANC,"11/28/2021 6 a.m. PST",1518,1478,962,-556
BANC,"11/28/2021 7 a.m. PST",1589,1550,1030,-559
BANC,"11/28/2021 8 a.m. PST",1643,1598,1061,-582
BANC,"11/28/2021 9 a.m. PST",1664,1655,917,-747
BANC,"11/28/2021 10 a.m. PST",1665,1679,972,-693
BANC,"11/28/2021 11 a.m. PST",1646,1678,1087,-559
BANC,"11/28/2021 12 p.m. PST",1641,1665,1093,-548
BANC,"11/28/2021 1 p.m. PST",1634,1655,1073,-561
BANC,"11/28/2021 2 p.m. PST",1637,1654,1082,-555
BANC,"11/28/2021 3 p.m. PST",1660,1660,1080,-580
BANC,"11/28/2021 4 p.m. PST",1746,1703,1091,-655
BANC,"11/28/2021 5 p.m. PST",1844,1805,1063,-781
BANC,"11/28/2021 6 p.m. PST",1994,1977,1063,-931
BANC,"11/28/2021 7 p.m. PST",2002,1985,986,-1016
BANC,"11/28/2021 8 p.m. PST",1971,1957,1068,-903
BANC,"11/28/2021 9 p.m. PST",1916,1896,996,-920
BANC,"11/28/2021 10 p.m. PST",1840,1798,996,-844
BANC,"11/28/2021 11 p.m. PST",1719,1668,886,-833
BANC,"11/29/2021 12 a.m. PST",1606,1556,855,-751
BANC,"11/29/2021 1 a.m. PST",1548,1507,747,-801
BANC,"11/29/2021 2 a.m. PST",1503,1468,751,-752
BANC,"11/29/2021 3 a.m. PST",1482,1455,771,-711
BANC,"11/29/2021 4 a.m. PST",1505,1464,817,-688
BANC,"11/29/2021 5 a.m. PST",1566,1522,874,-692
BANC,"11/29/2021 6 a.m. PST",1566,1644,874,-703
BANC,"11/29/2021 7 a.m. PST",1695,1815,997,-633
BANC,"11/29/2021 8 a.m. PST",1888,1898,1211,-677
BANC,"11/29/2021 9 a.m. PST",1994,1912,1154,-840
BANC,"11/29/2021 10 a.m. PST",1995,1891,959,-1036
BANC,"11/29/2021 11 a.m. PST",1949,1868,1015,281
BANC,"11/29/2021 12 p.m. PST",1915,1840,1072,373
BANC,"11/29/2021 1 p.m. PST",1870,1820,1046,406
BANC,"11/29/2021 2 p.m. PST",1863,1803,1057,267
BANC,"11/29/2021 3 p.m. PST",1851,1807,1036,187
BANC,"11/29/2021 4 p.m. PST",1914,1832,1049,-686
BANC,"11/29/2021 5 p.m. PST",2031,1918,1329,-702
BANC,"11/29/2021 6 p.m. PST",2174,2067,1320,-854
BANC,"11/29/2021 7 p.m. PST",2170,2065,1173,-997
BANC,"11/29/2021 8 p.m. PST",2116,2026,1229,-887
BANC,"11/29/2021 9 p.m. PST",2061,1961,1268,-793
BANC,"11/29/2021 10 p.m. PST",1966,1849,1126,-840
BANC,"11/29/2021 11 p.m. PST",1812,1708,942,-870
BANC,"11/30/2021 12 a.m. PST",1690,1588,889,-801
BANC,"11/30/2021 1 a.m. PST",1609,1599,1030,-579
BANC,"11/30/2021 2 a.m. PST",1562,1551,949,-613
BANC,"11/30/2021 3 a.m. PST",1531,1532,894,-637
BANC,"11/30/2021 4 a.m. PST",1538,1535,848,-690
BANC,"11/30/2021 5 a.m. PST",1609,1515,936,-673
BANC,"11/30/2021 6 a.m. PST",1741,1640,967,-774
BANC,"11/30/2021 7 a.m. PST",1950,1825,1174,-776
BANC,"11/30/2021 8 a.m. PST",2031,1919,1183,-848
BANC,"11/30/2021 9 a.m. PST",1987,1925,1017,-970
BANC,"11/30/2021 10 a.m. PST",1958,1908,978,-980
BANC,"11/30/2021 11 a.m. PST",1897,1878,1024,-873
BANC,"11/30/2021 12 p.m. PST",1871,1853,1039,-832
BANC,"11/30/2021 1 p.m. PST",1869,1829,1013,-856
BANC,"11/30/2021 2 p.m. PST",1880,1811,1033,-847
BANC,"11/30/2021 3 p.m. PST",1867,1801,948,-919
BANC,"11/30/2021 4 p.m. PST",1930,1832,1073,-857
BANC,"11/30/2021 5 p.m. PST",2050,1926,1205,-845
BANC,"11/30/2021 6 p.m. PST",2174,2075,1387,-787
BANC,"11/30/2021 7 p.m. PST",2155,2084,1466,-689
BANC,"11/30/2021 8 p.m. PST",2097,2042,1383,-714
BANC,"11/30/2021 9 p.m. PST",2065,1978,1281,-784
BANC,"11/30/2021 10 p.m. PST",1957,1873,1215,-742
BANC,"11/30/2021 11 p.m. PST",1815,1736,1119,-696
BANC,"12/1/2021 12 a.m. PST",1701,1610,939,-762
