"BA Code","Timestamp (Hour Ending)","Demand (MWh)","Demand Forecast (MWh)","Net Generation (MWh)","Total Interchange (MWh)"
BANC,"6/1/2022 12 a.m. PDT",1856,1776,707,-1149
BANC,"6/1/2022 1 a.m. PDT",1725,1674,754,-971
BANC,"6/1/2022 2 a.m. PDT",1617,1574,638,-979
BANC,"6/1/2022 3 a.m. PDT",1549,1527,619,-930
BANC,"6/1/2022 4 a.m. PDT",1519,1489,633,-886
BANC,"6/1/2022 5 a.m. PDT",1537,1504,644,-893
BANC,"6/1/2022 6 a.m. PDT",1595,1565,755,-840
BANC,"6/1/2022 7 a.m. PDT",1653,1626,771,-882
BANC,"6/1/2022 8 a.m. PDT",1753,1724,737,-1016
BANC,"6/1/2022 9 a.m. PDT",1835,1820,877,-958
BANC,"6/1/2022 10 a.m. PDT",1970,1907,980,-990
BANC,"6/1/2022 11 a.m. PDT",1983,2011,957,-1026
BANC,"6/1/2022 12 p.m. PDT",2126,2138,1009,-1117
BANC,"6/1/2022 1 p.m. PDT",2296,2270,1066,-1230
BANC,"6/1/2022 2 p.m. PDT",2494,2455,1125,-1369
BANC,"6/1/2022 3 p.m. PDT",2704,2643,1180,-1524
BANC,"6/1/2022 4 p.m. PDT",2901,2826,1203,-1698
BANC,"6/1/2022 5 p.m. PDT",3058,2998,1220,-1838
BANC,"6/1/2022 6 p.m. PDT",3135,3062,1300,-1835
BANC,"6/1/2022 7 p.m. PDT",3105,3066,1524,-1581
BANC,"6/1/2022 8 p.m. PDT",2956,2962,1555,-1401
BANC,"6/1/2022 9 p.m. PDT",2778,2790,1456,-1322
BANC,"6/1/2022 10 p.m. PDT",2593,2619,1239,-1354
BANC,"6/1/2022 11 p.m. PDT",2286,2342,932,-1354
BANC,"6/2/2022 12 a.m. PDT",2032,2075,680,-1352
BANC,"6/2/2022 1 a.m. PDT",1861,1826,711,-1150
BANC,"6/2/2022 2 a.m. PDT",1746,1700,686,-1060
BANC,"6/2/2022 3 a.m. PDT",1649,1623,690,-959
BANC,"6/2/2022 4 a.m. PDT",1611,1584,679,-932
BANC,"6/2/2022 5 a.m. PDT",1615,1590,682,-933
BANC,"6/2/2022 6 a.m. PDT",1676,1639,708,-968
BANC,"6/2/2022 7 a.m. PDT",1790,1700,751,-1039
BANC,"6/2/2022 8 a.m. PDT",1795,1802,679,-1116
BANC,"6/2/2022 9 a.m. PDT",1935,1903,855,-1080
BANC,"6/2/2022 10 a.m. PDT",1945,1991,854,-1091
BANC,"6/2/2022 11 a.m. PDT",1972,2095,891,-1081
BANC,"6/2/2022 12 p.m. PDT",1627,2235,950,-677
BANC,"6/2/2022 1 p.m. PDT",1611,2385,1092,-519
BANC,"6/2/2022 2 p.m. PDT",2564,2561,1101,-1463
BANC,"6/2/2022 3 p.m. PDT",2710,2734,1073,-1637
BANC,"6/2/2022 4 p.m. PDT",2782,2899,1046,-1736
BANC,"6/2/2022 5 p.m. PDT",2827,3025,1138,-1689
BANC,"6/2/2022 6 p.m. PDT",2853,3083,1250,-1603
BANC,"6/2/2022 7 p.m. PDT",2791,2988,1364,-1427
BANC,"6/2/2022 8 p.m. PDT",2663,2854,1684,-979
BANC,"6/2/2022 9 p.m. PDT",2487,2677,1597,-890
BANC,"6/2/2022 10 p.m. PDT",2344,2532,1272,-1072
BANC,"6/2/2022 11 p.m. PDT",2116,2278,945,-1171
BANC,"6/3/2022 12 a.m. PDT",1924,2030,811,-1113
BANC,"6/3/2022 1 a.m. PDT",1780,1766,707,-1073
BANC,"6/3/2022 2 a.m. PDT",1680,1654,654,-1026
BANC,"6/3/2022 3 a.m. PDT",1594,1583,664,-930
BANC,"6/3/2022 4 a.m. PDT",1566,1550,668,-898
BANC,"6/3/2022 5 a.m. PDT",1559,1559,635,-924
BANC,"6/3/2022 6 a.m. PDT",1605,1607,692,-913
BANC,"6/3/2022 7 a.m. PDT",1682,1657,832,-850
BANC,"6/3/2022 8 a.m. PDT",1757,1756,758,-999
BANC,"6/3/2022 9 a.m. PDT",1834,1847,899,-935
BANC,"6/3/2022 10 a.m. PDT",1906,1909,988,-918
BANC,"6/3/2022 11 a.m. PDT",1992,1968,1058,-934
BANC,"6/3/2022 12 p.m. PDT",2115,2041,1039,-1076
BANC,"6/3/2022 1 p.m. PDT",2292,2116,1156,-1136
BANC,"6/3/2022 2 p.m. PDT",2461,2210,1148,-1313
BANC,"6/3/2022 3 p.m. PDT",2564,2304,1112,-1452
BANC,"6/3/2022 4 p.m. PDT",2546,2401,1098,-1448
BANC,"6/3/2022 5 p.m. PDT",2514,2493,1167,-1347
BANC,"6/3/2022 6 p.m. PDT",2442,2480,1295,-1147
BANC,"6/3/2022 7 p.m. PDT",2340,2411,1542,-798
BANC,"6/3/2022 8 p.m. PDT",2225,2303,1710,-515
BANC,"6/3/2022 9 p.m. PDT",2187,2189,1747,-440
BANC,"6/3/2022 10 p.m. PDT",2130,2120,1645,-485
BANC,"6/3/2022 11 p.m. PDT",1975,1963,1159,-816
BANC,"6/4/2022 12 a.m. PDT",1814,1786,922,-892
BANC,"6/4/2022 1 a.m. PDT",1711,1658,904,-807
BANC,"6/4/2022 2 a.m. PDT",1619,1572,840,-779
BANC,"6/4/2022 3 a.m. PDT",1562,1511,840,-722
BANC,"6/4/2022 4 a.m. PDT",1519,1473,787,-732
BANC,"6/4/2022 5 a.m. PDT",1515,1456,766,-749
BANC,"6/4/2022 6 a.m. PDT",1513,1457,729,-784
BANC,"6/4/2022 7 a.m. PDT",1514,1432,647,-867
BANC,"6/4/2022 8 a.m. PDT",1546,1468,637,-909
BANC,"6/4/2022 9 a.m. PDT",1594,1556,628,-966
BANC,"6/4/2022 10 a.m. PDT",1680,1608,673,-1007
BANC,"6/4/2022 11 a.m. PDT",1745,1659,717,-1028
BANC,"6/4/2022 12 p.m. PDT",1796,1705,731,-1065
BANC,"6/4/2022 1 p.m. PDT",1825,1731,755,-1070
BANC,"6/4/2022 2 p.m. PDT",3903,1784,2841,-1062
BANC,"6/4/2022 3 p.m. PDT",1850,1837,903,-947
BANC,"6/4/2022 4 p.m. PDT",1900,1886,930,-970
BANC,"6/4/2022 5 p.m. PDT",3678,1938,2752,-926
BANC,"6/4/2022 6 p.m. PDT",1996,1952,1190,-806
BANC,"6/4/2022 7 p.m. PDT",1997,1964,1595,-402
BANC,"6/4/2022 8 p.m. PDT",1985,1945,1837,-148
BANC,"6/4/2022 9 p.m. PDT",1996,1926,1966,-30
BANC,"6/4/2022 10 p.m. PDT",1957,1912,1807,-150
BANC,"6/4/2022 11 p.m. PDT",1854,1801,1556,-298
BANC,"6/5/2022 12 a.m. PDT",1763,1648,1204,-559
BANC,"6/5/2022 1 a.m. PDT",1663,1604,1106,-557
BANC,"6/5/2022 2 a.m. PDT",1584,1545,1179,-405
BANC,"6/5/2022 3 a.m. PDT",1547,1500,1161,-386
BANC,"6/5/2022 4 a.m. PDT",1504,1467,1191,-313
BANC,"6/5/2022 5 a.m. PDT",1488,1446,1125,-363
BANC,"6/5/2022 6 a.m. PDT",1500,1434,1158,-342
BANC,"6/5/2022 7 a.m. PDT",1490,1387,1113,-377
BANC,"6/5/2022 8 a.m. PDT",1551,1423,964,-587
BANC,"6/5/2022 9 a.m. PDT",1599,1514,1009,-590
BANC,"6/5/2022 10 a.m. PDT",1673,1581,1076,-597
BANC,"6/5/2022 11 a.m. PDT",1749,1650,1151,-598
BANC,"6/5/2022 12 p.m. PDT",1801,1706,1129,-672
BANC,"6/5/2022 1 p.m. PDT",1800,1749,791,-1009
BANC,"6/5/2022 2 p.m. PDT",1860,1807,785,-1075
BANC,"6/5/2022 3 p.m. PDT",1922,1874,840,-1082
BANC,"6/5/2022 4 p.m. PDT",2047,1932,848,-1199
BANC,"6/5/2022 5 p.m. PDT",2151,2001,960,-1191
BANC,"6/5/2022 6 p.m. PDT",2189,2077,1126,-1063
BANC,"6/5/2022 7 p.m. PDT",2278,2097,1450,-828
BANC,"6/5/2022 8 p.m. PDT",2283,2076,1825,-458
BANC,"6/5/2022 9 p.m. PDT",2261,2035,1803,-458
BANC,"6/5/2022 10 p.m. PDT",2203,1994,1584,-619
BANC,"6/5/2022 11 p.m. PDT",2026,1853,1316,-710
BANC,"6/6/2022 12 a.m. PDT",1850,1687,1009,-841
BANC,"6/6/2022 1 a.m. PDT",1721,1666,966,-755
BANC,"6/6/2022 2 a.m. PDT",1616,1570,924,-692
BANC,"6/6/2022 3 a.m. PDT",1554,1513,875,-679
BANC,"6/6/2022 4 a.m. PDT",1525,1489,898,-627
BANC,"6/6/2022 5 a.m. PDT",1540,1508,928,-612
BANC,"6/6/2022 6 a.m. PDT",1587,1566,1116,-471
BANC,"6/6/2022 7 a.m. PDT",1659,1628,1029,-630
BANC,"6/6/2022 8 a.m. PDT",1813,1720,900,-913
BANC,"6/6/2022 9 a.m. PDT",1835,1804,865,-970
BANC,"6/6/2022 10 a.m. PDT",1886,1860,855,-1031
BANC,"6/6/2022 11 a.m. PDT",1983,1931,922,-1061
BANC,"6/6/2022 12 p.m. PDT",2099,2014,985,-1114
BANC,"6/6/2022 1 p.m. PDT",2205,2113,979,-1226
BANC,"6/6/2022 2 p.m. PDT",2332,2233,1010,-1322
BANC,"6/6/2022 3 p.m. PDT",2484,2360,1065,-1419
BANC,"6/6/2022 4 p.m. PDT",2634,2482,1117,-1517
BANC,"6/6/2022 5 p.m. PDT",2762,2603,1103,-1659
BANC,"6/6/2022 6 p.m. PDT",2861,2655,1348,-1513
BANC,"6/6/2022 7 p.m. PDT",2842,2645,1839,-1003
BANC,"6/6/2022 8 p.m. PDT",2733,2582,2086,-647
BANC,"6/6/2022 9 p.m. PDT",2584,2463,1997,-587
BANC,"6/6/2022 10 p.m. PDT",2433,2331,1902,-531
BANC,"6/6/2022 11 p.m. PDT",2191,2113,1608,-583
BANC,"6/7/2022 12 a.m. PDT",1961,1885,1273,-688
BANC,"6/7/2022 1 a.m. PDT",1769,1776,1241,-528
BANC,"6/7/2022 2 a.m. PDT",1684,1663,1274,-410
BANC,"6/7/2022 3 a.m. PDT",1612,1599,1244,-368
BANC,"6/7/2022 4 a.m. PDT",1561,1562,1222,-339
BANC,"6/7/2022 5 a.m. PDT",1573,1570,1186,-387
BANC,"6/7/2022 6 a.m. PDT",1618,1616,1195,-423
BANC,"6/7/2022 7 a.m. PDT",1688,1677,1070,-618
BANC,"6/7/2022 8 a.m. PDT",1801,1776,855,-946
BANC,"6/7/2022 9 a.m. PDT",1767,1855,938,-829
BANC,"6/7/2022 10 a.m. PDT",1980,1951,999,-981
BANC,"6/7/2022 11 a.m. PDT",2099,2070,939,-1160
BANC,"6/7/2022 12 p.m. PDT",2245,2222,969,-1276
BANC,"6/7/2022 1 p.m. PDT",2423,2396,1147,-1276
BANC,"6/7/2022 2 p.m. PDT",2626,2597,1359,-1267
BANC,"6/7/2022 3 p.m. PDT",2810,2797,1251,-1559
BANC,"6/7/2022 4 p.m. PDT",3001,3001,1224,-1777
BANC,"6/7/2022 5 p.m. PDT",3104,3167,1438,-1666
BANC,"6/7/2022 6 p.m. PDT",3137,3244,1615,-1522
BANC,"6/7/2022 7 p.m. PDT",3049,3178,1561,-1488
BANC,"6/7/2022 8 p.m. PDT",2892,3016,1750,-1142
BANC,"6/7/2022 9 p.m. PDT",2687,2829,1686,-1001
BANC,"6/7/2022 10 p.m. PDT",2484,2655,1321,-1163
BANC,"6/7/2022 11 p.m. PDT",2221,2375,1074,-1147
BANC,"6/8/2022 12 a.m. PDT",1996,2102,942,-1054
BANC,"6/8/2022 1 a.m. PDT",1820,1786,943,-877
BANC,"6/8/2022 2 a.m. PDT",1725,1679,1016,-709
BANC,"6/8/2022 3 a.m. PDT",1646,1610,1110,-536
BANC,"6/8/2022 4 a.m. PDT",1601,1575,1063,-538
BANC,"6/8/2022 5 a.m. PDT",1603,1573,1138,-465
BANC,"6/8/2022 6 a.m. PDT",1658,1641,1118,-540
BANC,"6/8/2022 7 a.m. PDT",1716,1700,1205,-511
BANC,"6/8/2022 8 a.m. PDT",1796,1802,871,-925
BANC,"6/8/2022 9 a.m. PDT",1874,1886,710,-1164
BANC,"6/8/2022 10 a.m. PDT",1731,1979,762,-969
BANC,"6/8/2022 11 a.m. PDT",1963,2101,814,-1149
BANC,"6/8/2022 12 p.m. PDT",2152,2257,985,-1167
BANC,"6/8/2022 1 p.m. PDT",2204,2441,1004,-1200
BANC,"6/8/2022 2 p.m. PDT",2528,2648,1029,-1499
BANC,"6/8/2022 3 p.m. PDT",2789,2867,1068,-1721
BANC,"6/8/2022 4 p.m. PDT",2964,3082,1101,-1863
BANC,"6/8/2022 5 p.m. PDT",3120,3247,1421,-1699
BANC,"6/8/2022 6 p.m. PDT",3135,3340,1603,-1532
BANC,"6/8/2022 7 p.m. PDT",3051,3290,1985,-1066
BANC,"6/8/2022 8 p.m. PDT",2889,3127,2123,-766
BANC,"6/8/2022 9 p.m. PDT",2730,2942,1992,-738
BANC,"6/8/2022 10 p.m. PDT",2571,2756,1585,-986
BANC,"6/8/2022 11 p.m. PDT",2326,2451,1346,-980
BANC,"6/9/2022 12 a.m. PDT",2082,2172,1116,-966
BANC,"6/9/2022 1 a.m. PDT",1910,1898,1264,-646
BANC,"6/9/2022 2 a.m. PDT",1787,1761,1325,-462
BANC,"6/9/2022 3 a.m. PDT",1700,1677,1064,-636
BANC,"6/9/2022 4 a.m. PDT",1648,1627,1050,-598
BANC,"6/9/2022 5 a.m. PDT",1660,1627,889,-771
BANC,"6/9/2022 6 a.m. PDT",1698,1691,906,-792
BANC,"6/9/2022 7 a.m. PDT",1770,1756,872,-898
BANC,"6/9/2022 8 a.m. PDT",1878,1877,874,-1004
BANC,"6/9/2022 9 a.m. PDT",2007,2006,894,-1113
BANC,"6/9/2022 10 a.m. PDT",2140,2146,1002,-1138
BANC,"6/9/2022 11 a.m. PDT",2303,2321,1045,-1258
BANC,"6/9/2022 12 p.m. PDT",2224,2532,1080,-1144
BANC,"6/9/2022 1 p.m. PDT",2720,2783,1151,-1569
BANC,"6/9/2022 2 p.m. PDT",2851,3052,1316,-1535
BANC,"6/9/2022 3 p.m. PDT",3087,3301,1519,-1568
BANC,"6/9/2022 4 p.m. PDT",3446,3529,1595,-1851
BANC,"6/9/2022 5 p.m. PDT",3571,3693,1536,-2035
BANC,"6/9/2022 6 p.m. PDT",3573,3747,1633,-1940
BANC,"6/9/2022 7 p.m. PDT",3505,3694,1796,-1709
BANC,"6/9/2022 8 p.m. PDT",3360,3525,2064,-1296
BANC,"6/9/2022 9 p.m. PDT",3177,3313,1678,-1499
BANC,"6/9/2022 10 p.m. PDT",2998,3092,1693,-1305
BANC,"6/9/2022 11 p.m. PDT",2709,2748,1380,-1329
BANC,"6/10/2022 12 a.m. PDT",2410,2438,1334,-1076
BANC,"6/10/2022 1 a.m. PDT",2179,2156,1191,-988
BANC,"6/10/2022 2 a.m. PDT",2007,1986,1130,-877
BANC,"6/10/2022 3 a.m. PDT",1749,1879,1173,-576
BANC,"6/10/2022 4 a.m. PDT",1813,1799,973,-840
BANC,"6/10/2022 5 a.m. PDT",1798,1784,894,-904
BANC,"6/10/2022 6 a.m. PDT",1842,1838,920,-922
BANC,"6/10/2022 7 a.m. PDT",1923,1912,1006,-917
BANC,"6/10/2022 8 a.m. PDT",2090,2065,975,-1115
BANC,"6/10/2022 9 a.m. PDT",2266,2234,1062,-1204
BANC,"6/10/2022 10 a.m. PDT",2463,2427,1100,-1363
BANC,"6/10/2022 11 a.m. PDT",2723,2669,1195,-1528
BANC,"6/10/2022 12 p.m. PDT",3003,2940,1219,-1784
BANC,"6/10/2022 1 p.m. PDT",3280,3247,1300,-1980
BANC,"6/10/2022 2 p.m. PDT",3532,3533,1480,-2052
BANC,"6/10/2022 3 p.m. PDT",3597,3763,1662,-1935
BANC,"6/10/2022 4 p.m. PDT",3885,3961,1942,-1943
BANC,"6/10/2022 5 p.m. PDT",3951,4069,1990,-1961
BANC,"6/10/2022 6 p.m. PDT",3966,4084,1831,-2135
BANC,"6/10/2022 7 p.m. PDT",3892,3977,2109,-1783
BANC,"6/10/2022 8 p.m. PDT",3751,3772,2230,-1521
BANC,"6/10/2022 9 p.m. PDT",3569,3552,1907,-1662
BANC,"6/10/2022 10 p.m. PDT",3356,3335,1549,-1807
BANC,"6/10/2022 11 p.m. PDT",3017,2988,1377,-1640
BANC,"6/11/2022 12 a.m. PDT",2699,2662,1281,-1418
BANC,"6/11/2022 1 a.m. PDT",2418,2364,1095,-1323
BANC,"6/11/2022 2 a.m. PDT",2221,2154,1069,-1152
BANC,"6/11/2022 3 a.m. PDT",1900,2015,944,-956
BANC,"6/11/2022 4 a.m. PDT",1949,1908,883,-1066
BANC,"6/11/2022 5 a.m. PDT",1887,1843,845,-1042
BANC,"6/11/2022 6 a.m. PDT",1828,1795,880,-948
BANC,"6/11/2022 7 a.m. PDT",1827,1784,828,-999
BANC,"6/11/2022 8 a.m. PDT",1902,1868,783,-1119
BANC,"6/11/2022 9 a.m. PDT",2063,2010,888,-1175
BANC,"6/11/2022 10 a.m. PDT",2281,2202,953,-1328
BANC,"6/11/2022 11 a.m. PDT",2510,2429,1014,-1496
BANC,"6/11/2022 12 p.m. PDT",2734,2692,1154,-1580
BANC,"6/11/2022 1 p.m. PDT",2958,2958,1220,-1738
BANC,"6/11/2022 2 p.m. PDT",3188,3199,1383,-1805
BANC,"6/11/2022 3 p.m. PDT",3227,3409,1410,-1817
BANC,"6/11/2022 4 p.m. PDT",3507,3583,1393,-2114
BANC,"6/11/2022 5 p.m. PDT",3607,3680,1686,-1921
BANC,"6/11/2022 6 p.m. PDT",3614,3728,1825,-1789
BANC,"6/11/2022 7 p.m. PDT",3541,3663,1965,-1576
BANC,"6/11/2022 8 p.m. PDT",3369,3499,2022,-1347
BANC,"6/11/2022 9 p.m. PDT",3139,3272,1925,-1214
BANC,"6/11/2022 10 p.m. PDT",2950,3087,1569,-1381
BANC,"6/11/2022 11 p.m. PDT",2662,2806,1337,-1325
BANC,"6/12/2022 12 a.m. PDT",2422,2494,1140,-1282
BANC,"6/12/2022 1 a.m. PDT",2205,2101,873,-1332
BANC,"6/12/2022 2 a.m. PDT",2041,1956,903,-1138
BANC,"6/12/2022 3 a.m. PDT",1903,1844,815,-1088
BANC,"6/12/2022 4 a.m. PDT",1826,1759,811,-1015
BANC,"6/12/2022 5 a.m. PDT",1752,1710,820,-932
BANC,"6/12/2022 6 a.m. PDT",1736,1672,809,-927
BANC,"6/12/2022 7 a.m. PDT",1730,1615,778,-952
BANC,"6/12/2022 8 a.m. PDT",1737,1666,732,-1005
BANC,"6/12/2022 9 a.m. PDT",1802,1768,791,-1011
BANC,"6/12/2022 10 a.m. PDT",1916,1897,836,-1080
BANC,"6/12/2022 11 a.m. PDT",2014,2031,868,-1146
BANC,"6/12/2022 12 p.m. PDT",2128,2161,920,-1208
BANC,"6/12/2022 1 p.m. PDT",2242,2277,1026,-1216
BANC,"6/12/2022 2 p.m. PDT",2362,2372,1212,-1150
BANC,"6/12/2022 3 p.m. PDT",2480,2467,1320,-1160
BANC,"6/12/2022 4 p.m. PDT",2583,2560,1281,-1302
BANC,"6/12/2022 5 p.m. PDT",2653,2617,1255,-1398
BANC,"6/12/2022 6 p.m. PDT",2668,2600,1481,-1187
BANC,"6/12/2022 7 p.m. PDT",2630,2560,1986,-644
BANC,"6/12/2022 8 p.m. PDT",2517,2461,2019,-498
BANC,"6/12/2022 9 p.m. PDT",2363,2367,1932,-431
BANC,"6/12/2022 10 p.m. PDT",2271,2296,1688,-583
BANC,"6/12/2022 11 p.m. PDT",2065,2116,1180,-885
BANC,"6/13/2022 12 a.m. PDT",1886,1898,1096,-790
BANC,"6/13/2022 1 a.m. PDT",1752,1767,864,-888
BANC,"6/13/2022 2 a.m. PDT",1648,1647,850,-798
BANC,"6/13/2022 3 a.m. PDT",1581,1584,851,-730
BANC,"6/13/2022 4 a.m. PDT",1529,1547,658,-871
BANC,"6/13/2022 5 a.m. PDT",1552,1556,750,-802
BANC,"6/13/2022 6 a.m. PDT",1608,1602,685,-923
BANC,"6/13/2022 7 a.m. PDT",1691,1650,874,-817
BANC,"6/13/2022 8 a.m. PDT",1777,1743,872,-905
BANC,"6/13/2022 9 a.m. PDT",1818,1825,914,-904
BANC,"6/13/2022 10 a.m. PDT",1873,1911,930,-943
BANC,"6/13/2022 11 a.m. PDT",1933,1992,988,-945
BANC,"6/13/2022 12 p.m. PDT",1984,2081,1098,-886
BANC,"6/13/2022 1 p.m. PDT",2031,2167,1104,-927
BANC,"6/13/2022 2 p.m. PDT",2102,2262,1195,-907
BANC,"6/13/2022 3 p.m. PDT",2181,2399,1262,-919
BANC,"6/13/2022 4 p.m. PDT",2286,2524,1309,-977
BANC,"6/13/2022 5 p.m. PDT",2381,2596,1352,-1029
BANC,"6/13/2022 6 p.m. PDT",2441,2606,1666,-775
BANC,"6/13/2022 7 p.m. PDT",2439,2540,1917,-522
BANC,"6/13/2022 8 p.m. PDT",2356,2445,1236,-1120
BANC,"6/13/2022 9 p.m. PDT",2286,2349,1085,-1201
BANC,"6/13/2022 10 p.m. PDT",2231,2261,1128,-1103
BANC,"6/13/2022 11 p.m. PDT",2061,2075,912,-1149
BANC,"6/14/2022 12 a.m. PDT",1880,1852,934,-946
BANC,"6/14/2022 1 a.m. PDT",1749,1771,906,-843
BANC,"6/14/2022 2 a.m. PDT",1642,1668,839,-803
BANC,"6/14/2022 3 a.m. PDT",1585,1614,831,-754
BANC,"6/14/2022 4 a.m. PDT",1550,1573,819,-731
BANC,"6/14/2022 5 a.m. PDT",1569,1582,967,-602
BANC,"6/14/2022 6 a.m. PDT",1627,1626,1159,-468
BANC,"6/14/2022 7 a.m. PDT",1701,1691,1204,-497
BANC,"6/14/2022 8 a.m. PDT",1808,1778,1042,-766
BANC,"6/14/2022 9 a.m. PDT",1858,1853,886,-972
BANC,"6/14/2022 10 a.m. PDT",1911,1917,1018,-893
BANC,"6/14/2022 11 a.m. PDT",1952,1994,969,-983
BANC,"6/14/2022 12 p.m. PDT",2040,2092,951,-1089
BANC,"6/14/2022 1 p.m. PDT",2139,2197,1158,-981
BANC,"6/14/2022 2 p.m. PDT",2280,2313,1248,-1032
BANC,"6/14/2022 3 p.m. PDT",2404,2457,1331,-1073
BANC,"6/14/2022 4 p.m. PDT",2617,2604,1346,-1271
BANC,"6/14/2022 5 p.m. PDT",2705,2725,1366,-1339
BANC,"6/14/2022 6 p.m. PDT",2819,2782,1587,-1232
BANC,"6/14/2022 7 p.m. PDT",2826,2763,1788,-1038
BANC,"6/14/2022 8 p.m. PDT",2699,2685,1818,-881
BANC,"6/14/2022 9 p.m. PDT",2589,2562,1772,-817
BANC,"6/14/2022 10 p.m. PDT",2463,2425,1622,-841
BANC,"6/14/2022 11 p.m. PDT",2236,2188,1453,-783
BANC,"6/15/2022 12 a.m. PDT",2011,1956,1403,-608
BANC,"6/15/2022 1 a.m. PDT",1857,1843,1318,-539
BANC,"6/15/2022 2 a.m. PDT",1726,1725,1301,-425
BANC,"6/15/2022 3 a.m. PDT",1644,1650,1291,-353
BANC,"6/15/2022 4 a.m. PDT",1600,1606,1233,-367
BANC,"6/15/2022 5 a.m. PDT",1600,1609,1159,-441
BANC,"6/15/2022 6 a.m. PDT",1643,1655,1193,-450
BANC,"6/15/2022 7 a.m. PDT",1722,1722,1265,-457
BANC,"6/15/2022 8 a.m. PDT",1849,1836,926,-923
BANC,"6/15/2022 9 a.m. PDT",1934,1928,1027,-907
BANC,"6/15/2022 10 a.m. PDT",1895,2039,965,-930
BANC,"6/15/2022 11 a.m. PDT",2032,2164,1067,-965
BANC,"6/15/2022 12 p.m. PDT",2306,2324,1124,-1182
BANC,"6/15/2022 1 p.m. PDT",2519,2512,1171,-1348
BANC,"6/15/2022 2 p.m. PDT",2767,2723,1337,-1430
BANC,"6/15/2022 3 p.m. PDT",2999,2914,1379,-1620
BANC,"6/15/2022 4 p.m. PDT",3224,3091,1375,-1849
BANC,"6/15/2022 5 p.m. PDT",3345,3233,1554,-1791
BANC,"6/15/2022 6 p.m. PDT",3336,3273,1594,-1742
BANC,"6/15/2022 7 p.m. PDT",3183,3198,1933,-1250
BANC,"6/15/2022 8 p.m. PDT",2964,3020,2101,-863
BANC,"6/15/2022 9 p.m. PDT",2729,2825,1862,-867
BANC,"6/15/2022 10 p.m. PDT",2528,2643,1436,-1092
BANC,"6/15/2022 11 p.m. PDT",2250,2367,1195,-1055
BANC,"6/16/2022 12 a.m. PDT",2005,2102,1088,-917
BANC,"6/16/2022 1 a.m. PDT",1851,1851,1094,-757
BANC,"6/16/2022 2 a.m. PDT",1724,1735,1049,-675
BANC,"6/16/2022 3 a.m. PDT",1644,1655,906,-738
BANC,"6/16/2022 4 a.m. PDT",1595,1603,867,-728
BANC,"6/16/2022 5 a.m. PDT",1597,1603,842,-755
BANC,"6/16/2022 6 a.m. PDT",1647,1653,810,-837
BANC,"6/16/2022 7 a.m. PDT",1707,1717,776,-931
BANC,"6/16/2022 8 a.m. PDT",1806,1810,828,-978
BANC,"6/16/2022 9 a.m. PDT",1869,1881,831,-1038
BANC,"6/16/2022 10 a.m. PDT",1999,1950,968,-1031
BANC,"6/16/2022 11 a.m. PDT",2034,2030,967,-1067
BANC,"6/16/2022 12 p.m. PDT",2150,2121,1038,-1112
BANC,"6/16/2022 1 p.m. PDT",2261,2217,1066,-1195
BANC,"6/16/2022 2 p.m. PDT",2405,2335,1131,-1274
BANC,"6/16/2022 3 p.m. PDT",2557,2471,1133,-1424
BANC,"6/16/2022 4 p.m. PDT",2691,2610,1121,-1570
BANC,"6/16/2022 5 p.m. PDT",2770,2707,1162,-1608
BANC,"6/16/2022 6 p.m. PDT",2721,2721,1345,-1376
BANC,"6/16/2022 7 p.m. PDT",2592,2652,1729,-863
BANC,"6/16/2022 8 p.m. PDT",2394,2531,1791,-603
BANC,"6/16/2022 9 p.m. PDT",2214,2399,1807,-407
BANC,"6/16/2022 10 p.m. PDT",2103,2278,1632,-471
BANC,"6/16/2022 11 p.m. PDT",1937,2070,1069,-868
BANC,"6/17/2022 12 a.m. PDT",1784,1852,908,-876
BANC,"6/17/2022 1 a.m. PDT",1676,1634,880,-796
BANC,"6/17/2022 2 a.m. PDT",1599,1564,876,-723
BANC,"6/17/2022 3 a.m. PDT",1534,1515,770,-764
BANC,"6/17/2022 4 a.m. PDT",1506,1489,783,-723
BANC,"6/17/2022 5 a.m. PDT",1513,1506,888,-625
BANC,"6/17/2022 6 a.m. PDT",1543,1553,846,-697
BANC,"6/17/2022 7 a.m. PDT",1594,1618,937,-657
BANC,"6/17/2022 8 a.m. PDT",1677,1711,909,-768
BANC,"6/17/2022 9 a.m. PDT",1733,1781,920,-813
BANC,"6/17/2022 10 a.m. PDT",1759,1824,914,-845
BANC,"6/17/2022 11 a.m. PDT",1792,1886,887,-905
BANC,"6/17/2022 12 p.m. PDT",1811,1916,947,-864
BANC,"6/17/2022 1 p.m. PDT",1824,1947,956,-868
BANC,"6/17/2022 2 p.m. PDT",1857,1987,991,-866
BANC,"6/17/2022 3 p.m. PDT",1873,2028,966,-907
BANC,"6/17/2022 4 p.m. PDT",1924,2081,991,-933
BANC,"6/17/2022 5 p.m. PDT",1959,2106,992,-967
BANC,"6/17/2022 6 p.m. PDT",1986,2105,1018,-968
BANC,"6/17/2022 7 p.m. PDT",1990,2059,1156,-834
BANC,"6/17/2022 8 p.m. PDT",1939,1998,1315,-624
BANC,"6/17/2022 9 p.m. PDT",1930,1982,1288,-642
BANC,"6/17/2022 10 p.m. PDT",1913,1972,1056,-857
BANC,"6/17/2022 11 p.m. PDT",1816,1875,759,-1057
BANC,"6/18/2022 12 a.m. PDT",1693,1743,837,-856
BANC,"6/18/2022 1 a.m. PDT",1603,1589,732,-871
BANC,"6/18/2022 2 a.m. PDT",1537,1511,692,-845
BANC,"6/18/2022 3 a.m. PDT",1475,1466,658,-817
BANC,"6/18/2022 4 a.m. PDT",1454,1431,636,-818
BANC,"6/18/2022 5 a.m. PDT",1453,1430,607,-846
BANC,"6/18/2022 6 a.m. PDT",1449,1433,652,-797
BANC,"6/18/2022 7 a.m. PDT",1467,1428,660,-807
BANC,"6/18/2022 8 a.m. PDT",1500,1487,697,-803
BANC,"6/18/2022 9 a.m. PDT",1534,1582,783,-751
BANC,"6/18/2022 10 a.m. PDT",1572,1647,829,-743
BANC,"6/18/2022 11 a.m. PDT",1585,1711,831,-754
BANC,"6/18/2022 12 p.m. PDT",1610,1735,859,-751
BANC,"6/18/2022 1 p.m. PDT",1610,1754,859,-775
BANC,"6/18/2022 2 p.m. PDT",1635,1781,884,-799
BANC,"6/18/2022 3 p.m. PDT",1703,1823,912,-791
BANC,"6/18/2022 4 p.m. PDT",1750,1879,912,-838
BANC,"6/18/2022 5 p.m. PDT",1822,1950,977,-845
BANC,"6/18/2022 6 p.m. PDT",1932,2015,993,-939
BANC,"6/18/2022 7 p.m. PDT",1997,2057,995,-1002
BANC,"6/18/2022 8 p.m. PDT",2020,2037,1336,-684
BANC,"6/18/2022 9 p.m. PDT",1998,2029,1751,-247
BANC,"6/18/2022 10 p.m. PDT",1957,2004,1728,-229
BANC,"6/18/2022 11 p.m. PDT",1832,1892,751,-627
BANC,"6/19/2022 12 a.m. PDT",1707,1735,696,-1019
BANC,"6/19/2022 1 a.m. PDT",1599,1600,697,-902
BANC,"6/19/2022 2 a.m. PDT",1521,1526,679,-842
BANC,"6/19/2022 3 a.m. PDT",1463,1469,704,-759
BANC,"6/19/2022 4 a.m. PDT",1432,1431,677,-755
BANC,"6/19/2022 5 a.m. PDT",1432,1415,683,-749
BANC,"6/19/2022 6 a.m. PDT",1417,1395,673,-744
BANC,"6/19/2022 7 a.m. PDT",1424,1367,669,-755
BANC,"6/19/2022 8 a.m. PDT",1438,1413,709,-729
BANC,"6/19/2022 9 a.m. PDT",1503,1511,776,-727
BANC,"6/19/2022 10 a.m. PDT",1538,1586,810,-728
BANC,"6/19/2022 11 a.m. PDT",1588,1693,814,-774
BANC,"6/19/2022 12 p.m. PDT",1622,1774,839,-783
BANC,"6/19/2022 1 p.m. PDT",1703,1857,909,-794
BANC,"6/19/2022 2 p.m. PDT",1799,1940,875,-924
BANC,"6/19/2022 3 p.m. PDT",1916,2044,955,-961
BANC,"6/19/2022 4 p.m. PDT",2052,2181,962,-1090
BANC,"6/19/2022 5 p.m. PDT",2216,2299,979,-1237
BANC,"6/19/2022 6 p.m. PDT",2356,2385,1053,-1303
BANC,"6/19/2022 7 p.m. PDT",2406,2426,1294,-1112
BANC,"6/19/2022 8 p.m. PDT",2398,2369,1451,-947
BANC,"6/19/2022 9 p.m. PDT",2291,2290,1431,-860
BANC,"6/19/2022 10 p.m. PDT",2228,2204,1158,-1070
BANC,"6/19/2022 11 p.m. PDT",2042,2015,978,-1064
BANC,"6/20/2022 12 a.m. PDT",1852,1806,788,-1064
BANC,"6/20/2022 1 a.m. PDT",1703,1687,717,-986
BANC,"6/20/2022 2 a.m. PDT",1609,1598,679,-930
BANC,"6/20/2022 3 a.m. PDT",1530,1539,683,-847
BANC,"6/20/2022 4 a.m. PDT",1506,1509,637,-869
BANC,"6/20/2022 5 a.m. PDT",1528,1519,745,-783
BANC,"6/20/2022 6 a.m. PDT",1573,1564,737,-836
BANC,"6/20/2022 7 a.m. PDT",1642,1638,702,-940
BANC,"6/20/2022 8 a.m. PDT",1754,1743,704,-1050
BANC,"6/20/2022 9 a.m. PDT",1834,1850,789,-1045
BANC,"6/20/2022 10 a.m. PDT",1929,1951,828,-1101
BANC,"6/20/2022 11 a.m. PDT",2036,2090,856,-1180
BANC,"6/20/2022 12 p.m. PDT",2234,2228,979,-1255
BANC,"6/20/2022 1 p.m. PDT",2319,2385,962,-1357
BANC,"6/20/2022 2 p.m. PDT",2499,2544,1026,-1473
BANC,"6/20/2022 3 p.m. PDT",2701,2711,1159,-1542
BANC,"6/20/2022 4 p.m. PDT",2873,2879,1362,-1511
BANC,"6/20/2022 5 p.m. PDT",3014,3022,1665,-1349
BANC,"6/20/2022 6 p.m. PDT",3092,3079,1795,-1297
BANC,"6/20/2022 7 p.m. PDT",3096,3042,1748,-1348
BANC,"6/20/2022 8 p.m. PDT",3005,2922,2004,-1001
BANC,"6/20/2022 9 p.m. PDT",2832,2764,1676,-1156
BANC,"6/20/2022 10 p.m. PDT",2669,2601,1528,-1141
BANC,"6/20/2022 11 p.m. PDT",2389,2352,1254,-1135
BANC,"6/21/2022 12 a.m. PDT",2128,2097,1018,-1110
BANC,"6/21/2022 1 a.m. PDT",1942,1930,782,-1160
BANC,"6/21/2022 2 a.m. PDT",1805,1797,713,-1092
BANC,"6/21/2022 3 a.m. PDT",1706,1709,672,-1034
BANC,"6/21/2022 4 a.m. PDT",1640,1652,663,-977
BANC,"6/21/2022 5 a.m. PDT",1644,1656,681,-963
BANC,"6/21/2022 6 a.m. PDT",1689,1694,687,-1002
BANC,"6/21/2022 7 a.m. PDT",1755,1759,708,-1047
BANC,"6/21/2022 8 a.m. PDT",1881,1873,774,-1107
BANC,"6/21/2022 9 a.m. PDT",2005,2003,887,-1118
BANC,"6/21/2022 10 a.m. PDT",2161,2149,972,-1189
BANC,"6/21/2022 11 a.m. PDT",2434,2332,1091,-1343
BANC,"6/21/2022 12 p.m. PDT",2609,2551,1031,-1578
BANC,"6/21/2022 1 p.m. PDT",2884,2798,1193,-1691
BANC,"6/21/2022 2 p.m. PDT",3155,3054,1294,-1861
BANC,"6/21/2022 3 p.m. PDT",3437,3297,1294,-2143
BANC,"6/21/2022 4 p.m. PDT",3686,3508,1363,-2323
BANC,"6/21/2022 5 p.m. PDT",3897,3657,1664,-2233
BANC,"6/21/2022 6 p.m. PDT",3942,3721,1636,-2306
BANC,"6/21/2022 7 p.m. PDT",3829,3659,1746,-2083
BANC,"6/21/2022 8 p.m. PDT",3701,3493,1715,-1986
BANC,"6/21/2022 9 p.m. PDT",3472,3264,1895,-1577
BANC,"6/21/2022 10 p.m. PDT",3237,3035,1656,-1581
BANC,"6/21/2022 11 p.m. PDT",2873,2703,1283,-1590
BANC,"6/22/2022 12 a.m. PDT",2542,2381,1158,-1384
BANC,"6/22/2022 1 a.m. PDT",2276,2251,1126,-1150
BANC,"6/22/2022 2 a.m. PDT",2084,2069,928,-1156
BANC,"6/22/2022 3 a.m. PDT",1949,1953,812,-1137
BANC,"6/22/2022 4 a.m. PDT",1847,1865,825,-1022
BANC,"6/22/2022 5 a.m. PDT",1828,1840,858,-970
BANC,"6/22/2022 6 a.m. PDT",1839,1865,884,-955
BANC,"6/22/2022 7 a.m. PDT",1916,1923,853,-1063
BANC,"6/22/2022 8 a.m. PDT",2067,2044,948,-1119
BANC,"6/22/2022 9 a.m. PDT",2233,2207,824,-1409
BANC,"6/22/2022 10 a.m. PDT",2435,2392,969,-1466
BANC,"6/22/2022 11 a.m. PDT",2663,2612,993,-1670
BANC,"6/22/2022 12 p.m. PDT",2897,2869,1010,-1887
BANC,"6/22/2022 1 p.m. PDT",3213,3131,1190,-2023
BANC,"6/22/2022 2 p.m. PDT",3336,3369,1191,-2145
BANC,"6/22/2022 3 p.m. PDT",3531,3588,1395,-2136
BANC,"6/22/2022 4 p.m. PDT",3703,3765,1527,-2176
BANC,"6/22/2022 5 p.m. PDT",3719,3841,1515,-2204
BANC,"6/22/2022 6 p.m. PDT",3609,3819,1335,-2274
BANC,"6/22/2022 7 p.m. PDT",3454,3694,1204,-2250
BANC,"6/22/2022 8 p.m. PDT",3314,3480,1214,-2100
BANC,"6/22/2022 9 p.m. PDT",3212,3268,1397,-1815
BANC,"6/22/2022 10 p.m. PDT",3051,3050,1480,-1571
BANC,"6/22/2022 11 p.m. PDT",2779,2715,1334,-1445
BANC,"6/23/2022 12 a.m. PDT",2512,2416,1301,-1211
BANC,"6/23/2022 1 a.m. PDT",2307,2261,1013,-1294
BANC,"6/23/2022 2 a.m. PDT",2123,2108,1015,-1108
BANC,"6/23/2022 3 a.m. PDT",2000,1989,1033,-967
BANC,"6/23/2022 4 a.m. PDT",1909,1908,957,-952
BANC,"6/23/2022 5 a.m. PDT",1896,1880,975,-921
BANC,"6/23/2022 6 a.m. PDT",1951,1912,961,-990
BANC,"6/23/2022 7 a.m. PDT",2040,1961,949,-1091
BANC,"6/23/2022 8 a.m. PDT",2160,2083,827,-1333
BANC,"6/23/2022 9 a.m. PDT",2312,2233,878,-1434
BANC,"6/23/2022 10 a.m. PDT",2299,2424,793,-1506
BANC,"6/23/2022 11 a.m. PDT",2501,2635,881,-1620
BANC,"6/23/2022 12 p.m. PDT",2780,2885,838,-1942
BANC,"6/23/2022 1 p.m. PDT",3057,3148,883,-2174
BANC,"6/23/2022 2 p.m. PDT",3325,3395,1001,-2324
BANC,"6/23/2022 3 p.m. PDT",4408,3609,2043,-2365
BANC,"6/23/2022 4 p.m. PDT",3915,3812,1569,-2346
BANC,"6/23/2022 5 p.m. PDT",3991,3919,1639,-2352
BANC,"6/23/2022 6 p.m. PDT",4003,3924,1783,-2220
BANC,"6/23/2022 7 p.m. PDT",3923,3797,1900,-2023
BANC,"6/23/2022 8 p.m. PDT",3756,3609,2105,-1651
BANC,"6/23/2022 9 p.m. PDT",3525,3398,2023,-1502
BANC,"6/23/2022 10 p.m. PDT",3280,3175,1613,-1667
BANC,"6/23/2022 11 p.m. PDT",2912,2837,1413,-1499
BANC,"6/24/2022 12 a.m. PDT",2555,2507,1303,-1252
BANC,"6/24/2022 1 a.m. PDT",2302,2278,1007,-1295
BANC,"6/24/2022 2 a.m. PDT",2089,2073,841,-1248
BANC,"6/24/2022 3 a.m. PDT",1937,1952,831,-1106
BANC,"6/24/2022 4 a.m. PDT",1854,1865,792,-1062
BANC,"6/24/2022 5 a.m. PDT",1822,1841,745,-1077
BANC,"6/24/2022 6 a.m. PDT",1845,1878,795,-1050
BANC,"6/24/2022 7 a.m. PDT",1903,1926,858,-1045
BANC,"6/24/2022 8 a.m. PDT",2048,2033,803,-1245
BANC,"6/24/2022 9 a.m. PDT",2260,2177,961,-1299
BANC,"6/24/2022 10 a.m. PDT",2371,2337,1002,-1369
BANC,"6/24/2022 11 a.m. PDT",2567,2535,1013,-1554
BANC,"6/24/2022 12 p.m. PDT",2851,2772,1230,-1621
BANC,"6/24/2022 1 p.m. PDT",3122,3023,1464,-1658
BANC,"6/24/2022 2 p.m. PDT",3391,3297,1520,-1871
BANC,"6/24/2022 3 p.m. PDT",3646,3546,1569,-2077
BANC,"6/24/2022 4 p.m. PDT",3833,3750,1675,-2158
BANC,"6/24/2022 5 p.m. PDT",3912,3866,1818,-2094
BANC,"6/24/2022 6 p.m. PDT",3900,3863,2050,-1850
BANC,"6/24/2022 7 p.m. PDT",3791,3737,2218,-1573
BANC,"6/24/2022 8 p.m. PDT",3623,3524,2286,-1337
BANC,"6/24/2022 9 p.m. PDT",3364,3303,2128,-1236
BANC,"6/24/2022 10 p.m. PDT",3106,3068,1677,-1429
BANC,"6/24/2022 11 p.m. PDT",2782,2747,1439,-1343
BANC,"6/25/2022 12 a.m. PDT",2461,2444,1435,-1026
BANC,"6/25/2022 1 a.m. PDT",2222,2218,1123,-1099
BANC,"6/25/2022 2 a.m. PDT",1998,2017,925,-1073
BANC,"6/25/2022 3 a.m. PDT",1851,1889,977,-874
BANC,"6/25/2022 4 a.m. PDT",1758,1800,997,-761
BANC,"6/25/2022 5 a.m. PDT",1706,1745,1023,-683
BANC,"6/25/2022 6 a.m. PDT",1678,1717,1014,-664
BANC,"6/25/2022 7 a.m. PDT",1677,1711,946,-731
BANC,"6/25/2022 8 a.m. PDT",1765,1791,865,-900
BANC,"6/25/2022 9 a.m. PDT",1877,1939,942,-935
BANC,"6/25/2022 10 a.m. PDT",2040,2112,1006,-1034
BANC,"6/25/2022 11 a.m. PDT",2237,2322,1074,-1163
BANC,"6/25/2022 12 p.m. PDT",2488,2567,1084,-1404
BANC,"6/25/2022 1 p.m. PDT",2740,2825,1068,-1672
BANC,"6/25/2022 2 p.m. PDT",3036,3095,1128,-1908
BANC,"6/25/2022 3 p.m. PDT",3298,3342,1352,-1946
BANC,"6/25/2022 4 p.m. PDT",3533,3569,1327,-2206
BANC,"6/25/2022 5 p.m. PDT",3744,3700,1388,-2356
BANC,"6/25/2022 6 p.m. PDT",3715,3727,1681,-2034
BANC,"6/25/2022 7 p.m. PDT",3645,3669,1993,-1652
BANC,"6/25/2022 8 p.m. PDT",3456,3476,2251,-1205
BANC,"6/25/2022 9 p.m. PDT",3182,3248,2126,-1056
BANC,"6/25/2022 10 p.m. PDT",2923,3022,1779,-1144
BANC,"6/25/2022 11 p.m. PDT",2610,2721,1515,-1095
BANC,"6/26/2022 12 a.m. PDT",2328,2425,1207,-1121
BANC,"6/26/2022 1 a.m. PDT",2092,2124,808,-1284
BANC,"6/26/2022 2 a.m. PDT",1911,1951,783,-1128
BANC,"6/26/2022 3 a.m. PDT",1775,1836,840,-935
BANC,"6/26/2022 4 a.m. PDT",1684,1750,843,-841
BANC,"6/26/2022 5 a.m. PDT",1635,1702,966,-669
BANC,"6/26/2022 6 a.m. PDT",1597,1663,956,-641
BANC,"6/26/2022 7 a.m. PDT",1592,1627,845,-747
BANC,"6/26/2022 8 a.m. PDT",1662,1719,775,-887
BANC,"6/26/2022 9 a.m. PDT",1771,1870,821,-950
BANC,"6/26/2022 10 a.m. PDT",1915,2039,879,-1036
BANC,"6/26/2022 11 a.m. PDT",2119,2258,990,-1129
BANC,"6/26/2022 12 p.m. PDT",2362,2507,1064,-1298
BANC,"6/26/2022 1 p.m. PDT",2640,2798,1086,-1554
BANC,"6/26/2022 2 p.m. PDT",2938,3098,1140,-1798
BANC,"6/26/2022 3 p.m. PDT",3214,3363,1444,-1770
BANC,"6/26/2022 4 p.m. PDT",3446,3608,1598,-1848
BANC,"6/26/2022 5 p.m. PDT",3620,3774,1789,-1831
BANC,"6/26/2022 6 p.m. PDT",3728,3850,2000,-1728
BANC,"6/26/2022 7 p.m. PDT",3711,3791,2066,-1645
BANC,"6/26/2022 8 p.m. PDT",3561,3618,2141,-1420
BANC,"6/26/2022 9 p.m. PDT",3301,3368,2033,-1268
BANC,"6/26/2022 10 p.m. PDT",3045,3137,1810,-1235
BANC,"6/26/2022 11 p.m. PDT",2682,2793,1445,-1237
BANC,"6/27/2022 12 a.m. PDT",2336,2443,854,-1482
BANC,"6/27/2022 1 a.m. PDT",2092,2120,862,-1230
BANC,"6/27/2022 2 a.m. PDT",1905,1938,770,-1135
BANC,"6/27/2022 3 a.m. PDT",1776,1832,819,-957
BANC,"6/27/2022 4 a.m. PDT",1695,1764,818,-877
BANC,"6/27/2022 5 a.m. PDT",1693,1758,860,-833
BANC,"6/27/2022 6 a.m. PDT",1731,1806,947,-784
BANC,"6/27/2022 7 a.m. PDT",1797,1881,814,-983
BANC,"6/27/2022 8 a.m. PDT",1899,2033,792,-1107
BANC,"6/27/2022 9 a.m. PDT",2018,2193,901,-1117
BANC,"6/27/2022 10 a.m. PDT",2139,2374,985,-1154
BANC,"6/27/2022 11 a.m. PDT",2321,2575,1063,-1258
BANC,"6/27/2022 12 p.m. PDT",2541,2819,1124,-1417
BANC,"6/27/2022 1 p.m. PDT",2793,3090,1224,-1569
BANC,"6/27/2022 2 p.m. PDT",3111,3368,1417,-1694
BANC,"6/27/2022 3 p.m. PDT",3407,3624,1517,-1890
BANC,"6/27/2022 4 p.m. PDT",3686,3849,1648,-2038
BANC,"6/27/2022 5 p.m. PDT",3850,4004,2024,-1826
BANC,"6/27/2022 6 p.m. PDT",3914,4015,2146,-1768
BANC,"6/27/2022 7 p.m. PDT",3852,3920,2103,-1749
BANC,"6/27/2022 8 p.m. PDT",3707,3718,2168,-1539
BANC,"6/27/2022 9 p.m. PDT",3429,3459,2050,-1379
BANC,"6/27/2022 10 p.m. PDT",3141,3204,1961,-1180
BANC,"6/27/2022 11 p.m. PDT",2764,2843,1511,-1253
BANC,"6/28/2022 12 a.m. PDT",2410,2501,1336,-1074
BANC,"6/28/2022 1 a.m. PDT",2160,2175,990,-1170
BANC,"6/28/2022 2 a.m. PDT",1971,1994,1009,-962
BANC,"6/28/2022 3 a.m. PDT",1830,1880,954,-876
BANC,"6/28/2022 4 a.m. PDT",1745,1800,1000,-745
BANC,"6/28/2022 5 a.m. PDT",1733,1780,983,-750
BANC,"6/28/2022 6 a.m. PDT",1759,1844,1032,-727
BANC,"6/28/2022 7 a.m. PDT",1825,1896,971,-854
BANC,"6/28/2022 8 a.m. PDT",1946,2010,913,-1033
BANC,"6/28/2022 9 a.m. PDT",2144,2162,1015,-1129
BANC,"6/28/2022 10 a.m. PDT",2208,2328,1008,-1200
BANC,"6/28/2022 11 a.m. PDT",2414,2523,1074,-1340
BANC,"6/28/2022 12 p.m. PDT",2642,2756,1113,-1529
BANC,"6/28/2022 1 p.m. PDT",2919,3005,1188,-1731
BANC,"6/28/2022 2 p.m. PDT",3218,3270,1262,-1956
BANC,"6/28/2022 3 p.m. PDT",3499,3510,1386,-2113
BANC,"6/28/2022 4 p.m. PDT",3686,3716,1394,-2292
BANC,"6/28/2022 5 p.m. PDT",3843,3848,1815,-2028
BANC,"6/28/2022 6 p.m. PDT",3834,3875,1871,-1963
BANC,"6/28/2022 7 p.m. PDT",3722,3768,1985,-1737
BANC,"6/28/2022 8 p.m. PDT",3487,3566,1999,-1488
BANC,"6/28/2022 9 p.m. PDT",3188,3339,1846,-1342
BANC,"6/28/2022 10 p.m. PDT",2935,3099,1695,-1240
BANC,"6/28/2022 11 p.m. PDT",2569,2765,1408,-1161
BANC,"6/29/2022 12 a.m. PDT",2271,2441,1037,-1234
BANC,"6/29/2022 1 a.m. PDT",2016,2044,965,-1051
BANC,"6/29/2022 2 a.m. PDT",1860,1880,929,-931
BANC,"6/29/2022 3 a.m. PDT",1747,1771,936,-811
BANC,"6/29/2022 4 a.m. PDT",1685,1705,989,-696
BANC,"6/29/2022 5 a.m. PDT",1675,1686,969,-706
BANC,"6/29/2022 6 a.m. PDT",1709,1721,1035,-674
BANC,"6/29/2022 7 a.m. PDT",1780,1782,969,-811
BANC,"6/29/2022 8 a.m. PDT",1891,1907,925,-966
BANC,"6/29/2022 9 a.m. PDT",1998,2003,895,-1103
BANC,"6/29/2022 10 a.m. PDT",1855,2110,999,-856
BANC,"6/29/2022 11 a.m. PDT",2220,2245,1048,-1172
BANC,"6/29/2022 12 p.m. PDT",2378,2422,1085,-1293
BANC,"6/29/2022 1 p.m. PDT",2600,2634,1130,-1470
BANC,"6/29/2022 2 p.m. PDT",2829,2861,1243,-1586
BANC,"6/29/2022 3 p.m. PDT",3088,3083,1282,-1806
BANC,"6/29/2022 4 p.m. PDT",3266,3282,1262,-2004
BANC,"6/29/2022 5 p.m. PDT",3410,3424,1670,-1740
BANC,"6/29/2022 6 p.m. PDT",3420,3478,1653,-1767
BANC,"6/29/2022 7 p.m. PDT",3322,3382,1598,-1724
BANC,"6/29/2022 8 p.m. PDT",3081,3198,1527,-1554
BANC,"6/29/2022 9 p.m. PDT",2807,2987,1429,-1378
BANC,"6/29/2022 10 p.m. PDT",2583,2767,1477,-1106
BANC,"6/29/2022 11 p.m. PDT",2276,2469,1151,-1125
BANC,"6/30/2022 12 a.m. PDT",2005,2181,1003,-1002
BANC,"6/30/2022 1 a.m. PDT",1846,1832,1085,-761
BANC,"6/30/2022 2 a.m. PDT",1714,1705,974,-740
BANC,"6/30/2022 3 a.m. PDT",1621,1622,933,-688
BANC,"6/30/2022 4 a.m. PDT",1577,1576,911,-666
BANC,"6/30/2022 5 a.m. PDT",1574,1588,922,-652
BANC,"6/30/2022 6 a.m. PDT",1621,1640,926,-695
BANC,"6/30/2022 7 a.m. PDT",1679,1709,873,-806
BANC,"6/30/2022 8 a.m. PDT",1766,1832,808,-958
BANC,"6/30/2022 9 a.m. PDT",1843,1923,910,-933
BANC,"6/30/2022 10 a.m. PDT",1864,1999,928,-936
BANC,"6/30/2022 11 a.m. PDT",1942,2092,1006,-936
BANC,"6/30/2022 12 p.m. PDT",2003,2218,997,-1006
BANC,"6/30/2022 1 p.m. PDT",2161,2373,1011,-1150
BANC,"6/30/2022 2 p.m. PDT",2308,2549,1065,-1243
BANC,"6/30/2022 3 p.m. PDT",2479,2732,1081,-1398
BANC,"6/30/2022 4 p.m. PDT",2673,2924,1421,-1252
BANC,"6/30/2022 5 p.m. PDT",2808,3077,1465,-1343
BANC,"6/30/2022 6 p.m. PDT",2904,3162,1565,-1339
BANC,"6/30/2022 7 p.m. PDT",2892,3092,1612,-1280
BANC,"6/30/2022 8 p.m. PDT",2754,2935,1619,-1135
BANC,"6/30/2022 9 p.m. PDT",2543,2747,1731,-812
BANC,"6/30/2022 10 p.m. PDT",2380,2568,1610,-770
BANC,"6/30/2022 11 p.m. PDT",2149,2295,1247,-902
BANC,"7/1/2022 12 a.m. PDT",1928,2041,1013,-915
