"BA Code","Timestamp (Hour Ending)","Demand (MWh)","Demand Forecast (MWh)","Net Generation (MWh)","Total Interchange (MWh)"
BANC,"4/1/2018 12 a.m. PDT",1622,1615,856,-766
BANC,"4/1/2018 1 a.m. PDT",1498,1523,897,-601
BANC,"4/1/2018 2 a.m. PDT",1421,1442,781,-640
BANC,"4/1/2018 3 a.m. PDT",1369,1392,788,-581
BANC,"4/1/2018 4 a.m. PDT",1350,1370,674,-676
BANC,"4/1/2018 5 a.m. PDT",1350,1363,716,-634
BANC,"4/1/2018 6 a.m. PDT",1378,1393,756,-622
BANC,"4/1/2018 7 a.m. PDT",1437,1441,1016,-421
BANC,"4/1/2018 8 a.m. PDT",1463,1485,1007,-456
BANC,"4/1/2018 9 a.m. PDT",1511,1564,987,-524
BANC,"4/1/2018 10 a.m. PDT",1545,1614,961,-584
BANC,"4/1/2018 11 a.m. PDT",1551,1638,842,-709
BANC,"4/1/2018 12 p.m. PDT",1551,1653,842,-709
BANC,"4/1/2018 1 p.m. PDT",1561,1651,940,-621
BANC,"4/1/2018 2 p.m. PDT",1549,1665,852,-697
BANC,"4/1/2018 3 p.m. PDT",1576,1675,920,-656
BANC,"4/1/2018 4 p.m. PDT",1613,1695,956,-657
BANC,"4/1/2018 5 p.m. PDT",1664,1733,1007,-657
BANC,"4/1/2018 6 p.m. PDT",1729,1761,1012,-717
BANC,"4/1/2018 7 p.m. PDT",1806,1783,1438,-368
BANC,"4/1/2018 8 p.m. PDT",1865,1877,1509,-356
BANC,"4/1/2018 9 p.m. PDT",1925,1976,1521,-404
BANC,"4/1/2018 10 p.m. PDT",1846,1918,1285,-561
BANC,"4/1/2018 11 p.m. PDT",1708,1768,1189,-519
BANC,"4/2/2018 12 a.m. PDT",1560,1613,897,-663
BANC,"4/2/2018 1 a.m. PDT",1450,1490,773,-677
BANC,"4/2/2018 2 a.m. PDT",1395,1437,626,-769
BANC,"4/2/2018 3 a.m. PDT",1354,1403,608,-746
BANC,"4/2/2018 4 a.m. PDT",1356,1401,645,-711
BANC,"4/2/2018 5 a.m. PDT",1402,1439,704,-698
BANC,"4/2/2018 6 a.m. PDT",1497,1541,890,-607
BANC,"4/2/2018 7 a.m. PDT",1662,1725,984,-678
BANC,"4/2/2018 8 a.m. PDT",1710,1808,996,-714
BANC,"4/2/2018 9 a.m. PDT",1728,1836,742,-986
BANC,"4/2/2018 10 a.m. PDT",1749,1855,701,-1048
BANC,"4/2/2018 11 a.m. PDT",1771,1875,731,-1040
BANC,"4/2/2018 12 p.m. PDT",1789,1882,717,-1072
BANC,"4/2/2018 1 p.m. PDT",1811,1878,749,-1062
BANC,"4/2/2018 2 p.m. PDT",1826,1878,797,-1029
BANC,"4/2/2018 3 p.m. PDT",1842,1880,785,-1057
BANC,"4/2/2018 4 p.m. PDT",1874,1886,801,-1073
BANC,"4/2/2018 5 p.m. PDT",1895,1896,856,-1039
BANC,"4/2/2018 6 p.m. PDT",1934,1898,949,-985
BANC,"4/2/2018 7 p.m. PDT",1959,1912,1122,-837
BANC,"4/2/2018 8 p.m. PDT",2001,2005,1335,-666
BANC,"4/2/2018 9 p.m. PDT",2028,2075,1388,-640
BANC,"4/2/2018 10 p.m. PDT",1913,1970,1190,-723
BANC,"4/2/2018 11 p.m. PDT",1744,1767,991,-753
BANC,"4/3/2018 12 a.m. PDT",1588,1626,863,-725
BANC,"4/3/2018 1 a.m. PDT",1479,1514,666,-813
BANC,"4/3/2018 2 a.m. PDT",1409,1440,569,-840
BANC,"4/3/2018 3 a.m. PDT",1383,1417,522,-861
BANC,"4/3/2018 4 a.m. PDT",1378,1413,502,-876
BANC,"4/3/2018 5 a.m. PDT",1417,1456,557,-860
BANC,"4/3/2018 6 a.m. PDT",1532,1568,756,-776
BANC,"4/3/2018 7 a.m. PDT",1707,1770,1086,-621
BANC,"4/3/2018 8 a.m. PDT",1773,1861,1093,-680
BANC,"4/3/2018 9 a.m. PDT",1771,1856,923,-848
BANC,"4/3/2018 10 a.m. PDT",1767,1859,896,-871
BANC,"4/3/2018 11 a.m. PDT",1771,1856,830,-941
BANC,"4/3/2018 12 p.m. PDT",1772,1858,809,-963
BANC,"4/3/2018 1 p.m. PDT",1774,1860,846,-928
BANC,"4/3/2018 2 p.m. PDT",1819,1873,852,-967
BANC,"4/3/2018 3 p.m. PDT",1824,1879,854,-970
BANC,"4/3/2018 4 p.m. PDT",1861,1887,912,-949
BANC,"4/3/2018 5 p.m. PDT",1894,1917,998,-896
BANC,"4/3/2018 6 p.m. PDT",1929,1929,1013,-916
BANC,"4/3/2018 7 p.m. PDT",1945,1932,1023,-922
BANC,"4/3/2018 8 p.m. PDT",2002,2000,1287,-715
BANC,"4/3/2018 9 p.m. PDT",2023,2095,1364,-659
BANC,"4/3/2018 10 p.m. PDT",1913,2004,1091,-822
BANC,"4/3/2018 11 p.m. PDT",1753,1831,798,-955
BANC,"4/4/2018 12 a.m. PDT",1603,1665,755,-848
BANC,"4/4/2018 1 a.m. PDT",1481,1515,624,-857
BANC,"4/4/2018 2 a.m. PDT",1422,1447,556,-866
BANC,"4/4/2018 3 a.m. PDT",1379,1409,506,-873
BANC,"4/4/2018 4 a.m. PDT",1374,1405,559,-815
BANC,"4/4/2018 5 a.m. PDT",1404,1438,591,-813
BANC,"4/4/2018 6 a.m. PDT",1506,1543,702,-804
BANC,"4/4/2018 7 a.m. PDT",1677,1723,1018,-659
BANC,"4/4/2018 8 a.m. PDT",1751,1803,923,-828
BANC,"4/4/2018 9 a.m. PDT",1756,1798,851,-905
BANC,"4/4/2018 10 a.m. PDT",1756,1810,904,-852
BANC,"4/4/2018 11 a.m. PDT",1779,1811,907,-872
BANC,"4/4/2018 12 p.m. PDT",1799,1816,919,-880
BANC,"4/4/2018 1 p.m. PDT",1787,1826,916,-871
BANC,"4/4/2018 2 p.m. PDT",1826,1844,976,-850
BANC,"4/4/2018 3 p.m. PDT",1826,1858,962,-864
BANC,"4/4/2018 4 p.m. PDT",1858,1872,987,-871
BANC,"4/4/2018 5 p.m. PDT",1879,1885,1072,-807
BANC,"4/4/2018 6 p.m. PDT",1885,1902,930,-955
BANC,"4/4/2018 7 p.m. PDT",1886,1927,938,-948
BANC,"4/4/2018 8 p.m. PDT",1950,1992,1259,-691
BANC,"4/4/2018 9 p.m. PDT",1957,2042,1297,-660
BANC,"4/4/2018 10 p.m. PDT",1864,1945,1029,-835
BANC,"4/4/2018 11 p.m. PDT",1702,1779,846,-856
BANC,"4/5/2018 12 a.m. PDT",1569,1630,717,-852
BANC,"4/5/2018 1 a.m. PDT",1456,1535,725,-731
BANC,"4/5/2018 2 a.m. PDT",1391,1459,756,-635
BANC,"4/5/2018 3 a.m. PDT",1369,1431,735,-634
BANC,"4/5/2018 4 a.m. PDT",1356,1424,763,-593
BANC,"4/5/2018 5 a.m. PDT",1391,1460,762,-629
BANC,"4/5/2018 6 a.m. PDT",1499,1561,813,-686
BANC,"4/5/2018 7 a.m. PDT",1673,1730,1187,-486
BANC,"4/5/2018 8 a.m. PDT",1753,1813,1142,-611
BANC,"4/5/2018 9 a.m. PDT",1777,1816,994,-783
BANC,"4/5/2018 10 a.m. PDT",1796,1851,1010,-786
BANC,"4/5/2018 11 a.m. PDT",1776,1863,987,-789
BANC,"4/5/2018 12 p.m. PDT",1811,1870,1157,-654
BANC,"4/5/2018 1 p.m. PDT",1787,1849,1049,-738
BANC,"4/5/2018 2 p.m. PDT",1801,1843,995,-806
BANC,"4/5/2018 3 p.m. PDT",1814,1828,897,-917
BANC,"4/5/2018 4 p.m. PDT",1821,1811,883,-938
BANC,"4/5/2018 5 p.m. PDT",1834,1827,793,-1041
BANC,"4/5/2018 6 p.m. PDT",1856,1849,849,-1007
BANC,"4/5/2018 7 p.m. PDT",1892,1870,1077,-815
BANC,"4/5/2018 8 p.m. PDT",1971,1947,1360,-611
BANC,"4/5/2018 9 p.m. PDT",1969,2013,1316,-653
BANC,"4/5/2018 10 p.m. PDT",1872,1920,1140,-732
BANC,"4/5/2018 11 p.m. PDT",1724,1778,1016,-708
BANC,"4/6/2018 12 a.m. PDT",1586,1623,956,-630
BANC,"4/6/2018 1 a.m. PDT",1500,1539,902,-598
BANC,"4/6/2018 2 a.m. PDT",1435,1471,905,-530
BANC,"4/6/2018 3 a.m. PDT",1412,1436,874,-538
BANC,"4/6/2018 4 a.m. PDT",1401,1430,863,-538
BANC,"4/6/2018 5 a.m. PDT",1443,1462,850,-593
BANC,"4/6/2018 6 a.m. PDT",1532,1567,927,-605
BANC,"4/6/2018 7 a.m. PDT",1694,1741,1004,-690
BANC,"4/6/2018 8 a.m. PDT",1784,1843,1091,-693
BANC,"4/6/2018 9 a.m. PDT",1836,1859,961,-875
BANC,"4/6/2018 10 a.m. PDT",1897,1916,865,-1032
BANC,"4/6/2018 11 a.m. PDT",1958,1932,968,-990
BANC,"4/6/2018 12 p.m. PDT",1959,1942,950,-1009
BANC,"4/6/2018 1 p.m. PDT",1950,1917,876,-1074
BANC,"4/6/2018 2 p.m. PDT",1912,1890,890,-1022
BANC,"4/6/2018 3 p.m. PDT",1898,1846,913,-985
BANC,"4/6/2018 4 p.m. PDT",1876,1807,942,-934
BANC,"4/6/2018 5 p.m. PDT",1871,1814,985,-886
BANC,"4/6/2018 6 p.m. PDT",1881,1844,1042,-839
BANC,"4/6/2018 7 p.m. PDT",1884,1867,1118,-766
BANC,"4/6/2018 8 p.m. PDT",1926,1933,1333,-593
BANC,"4/6/2018 9 p.m. PDT",1931,1975,1329,-602
BANC,"4/6/2018 10 p.m. PDT",1865,1896,1099,-766
BANC,"4/6/2018 11 p.m. PDT",1746,1775,991,-755
BANC,"4/7/2018 12 a.m. PDT",1622,1636,932,-690
BANC,"4/7/2018 1 a.m. PDT",1515,1536,908,-607
BANC,"4/7/2018 2 a.m. PDT",1454,1457,885,-569
BANC,"4/7/2018 3 a.m. PDT",1420,1408,791,-629
BANC,"4/7/2018 4 a.m. PDT",1405,1396,808,-597
BANC,"4/7/2018 5 a.m. PDT",1402,1413,809,-593
BANC,"4/7/2018 6 a.m. PDT",1441,1449,910,-531
BANC,"4/7/2018 7 a.m. PDT",1500,1523,985,-515
BANC,"4/7/2018 8 a.m. PDT",1530,1581,829,-701
BANC,"4/7/2018 9 a.m. PDT",1607,1636,854,-753
BANC,"4/7/2018 10 a.m. PDT",1666,1700,873,-793
BANC,"4/7/2018 11 a.m. PDT",1671,1752,889,-782
BANC,"4/7/2018 12 p.m. PDT",1637,1727,827,-810
BANC,"4/7/2018 1 p.m. PDT",1629,1706,882,-747
BANC,"4/7/2018 2 p.m. PDT",1614,1692,907,-707
BANC,"4/7/2018 3 p.m. PDT",1595,1672,1008,-587
BANC,"4/7/2018 4 p.m. PDT",1585,1652,958,-627
BANC,"4/7/2018 5 p.m. PDT",1601,1614,949,-652
BANC,"4/7/2018 6 p.m. PDT",1648,1651,1030,-618
BANC,"4/7/2018 7 p.m. PDT",1677,1702,1185,-492
BANC,"4/7/2018 8 p.m. PDT",1755,1780,1398,-357
BANC,"4/7/2018 9 p.m. PDT",1836,1873,1455,-381
BANC,"4/7/2018 10 p.m. PDT",1769,1815,1211,-558
BANC,"4/7/2018 11 p.m. PDT",1676,1704,1060,-616
BANC,"4/8/2018 12 a.m. PDT",1561,1587,868,-693
BANC,"4/8/2018 1 a.m. PDT",1487,1505,901,-586
BANC,"4/8/2018 2 a.m. PDT",1417,1425,824,-593
BANC,"4/8/2018 3 a.m. PDT",1387,1387,827,-560
BANC,"4/8/2018 4 a.m. PDT",1372,1368,825,-547
BANC,"4/8/2018 5 a.m. PDT",1379,1373,819,-560
BANC,"4/8/2018 6 a.m. PDT",1413,1407,844,-569
BANC,"4/8/2018 7 a.m. PDT",1469,1441,973,-496
BANC,"4/8/2018 8 a.m. PDT",1479,1486,957,-522
BANC,"4/8/2018 9 a.m. PDT",1520,1551,972,-548
BANC,"4/8/2018 10 a.m. PDT",1537,1605,950,-587
BANC,"4/8/2018 11 a.m. PDT",1555,1632,851,-704
BANC,"4/8/2018 12 p.m. PDT",1548,1647,798,-750
BANC,"4/8/2018 1 p.m. PDT",1531,1646,798,-733
BANC,"4/8/2018 2 p.m. PDT",1531,1641,813,-718
BANC,"4/8/2018 3 p.m. PDT",1518,1646,832,-686
BANC,"4/8/2018 4 p.m. PDT",1544,1657,874,-670
BANC,"4/8/2018 5 p.m. PDT",1581,1679,887,-694
BANC,"4/8/2018 6 p.m. PDT",1647,1725,1043,-604
BANC,"4/8/2018 7 p.m. PDT",1723,1763,1221,-502
BANC,"4/8/2018 8 p.m. PDT",1823,1835,1502,-321
BANC,"4/8/2018 9 p.m. PDT",1892,1953,1489,-403
BANC,"4/8/2018 10 p.m. PDT",1819,1871,1280,-539
BANC,"4/8/2018 11 p.m. PDT",1684,1731,965,-719
BANC,"4/9/2018 12 a.m. PDT",1548,1573,899,-649
BANC,"4/9/2018 1 a.m. PDT",1448,1481,896,-552
BANC,"4/9/2018 2 a.m. PDT",1397,1410,924,-473
BANC,"4/9/2018 3 a.m. PDT",1370,1383,926,-444
BANC,"4/9/2018 4 a.m. PDT",1384,1383,904,-480
BANC,"4/9/2018 5 a.m. PDT",1433,1426,972,-461
BANC,"4/9/2018 6 a.m. PDT",1538,1542,1001,-537
BANC,"4/9/2018 7 a.m. PDT",1722,1718,1418,-304
BANC,"4/9/2018 8 a.m. PDT",1773,1808,1475,-298
BANC,"4/9/2018 9 a.m. PDT",1765,1806,1235,-530
BANC,"4/9/2018 10 a.m. PDT",1779,1804,1247,-532
BANC,"4/9/2018 11 a.m. PDT",1776,1806,1234,-542
BANC,"4/9/2018 12 p.m. PDT",1788,1806,1266,-522
BANC,"4/9/2018 1 p.m. PDT",1774,1796,1259,-515
BANC,"4/9/2018 2 p.m. PDT",1784,1802,1258,-526
BANC,"4/9/2018 3 p.m. PDT",1805,1808,1316,-489
BANC,"4/9/2018 4 p.m. PDT",1847,1808,1257,-590
BANC,"4/9/2018 5 p.m. PDT",1894,1822,1319,-575
BANC,"4/9/2018 6 p.m. PDT",1935,1841,1392,-543
BANC,"4/9/2018 7 p.m. PDT",1935,1852,1445,-490
BANC,"4/9/2018 8 p.m. PDT",1984,1898,1784,-200
BANC,"4/9/2018 9 p.m. PDT",2033,1992,1825,-208
BANC,"4/9/2018 10 p.m. PDT",1916,1920,1615,-301
BANC,"4/9/2018 11 p.m. PDT",1759,1779,1358,-401
BANC,"4/10/2018 12 a.m. PDT",1610,1635,1242,-368
BANC,"4/10/2018 1 a.m. PDT",1516,1520,1215,-301
BANC,"4/10/2018 2 a.m. PDT",1447,1459,1153,-294
BANC,"4/10/2018 3 a.m. PDT",1415,1434,1130,-285
BANC,"4/10/2018 4 a.m. PDT",1408,1431,1141,-267
BANC,"4/10/2018 5 a.m. PDT",1428,1469,1148,-280
BANC,"4/10/2018 6 a.m. PDT",1540,1576,1257,-283
BANC,"4/10/2018 7 a.m. PDT",1683,1737,1206,-477
BANC,"4/10/2018 8 a.m. PDT",1742,1830,1105,-637
BANC,"4/10/2018 9 a.m. PDT",1764,1861,1088,-676
BANC,"4/10/2018 10 a.m. PDT",1793,1877,1168,-625
BANC,"4/10/2018 11 a.m. PDT",1829,1875,1203,-626
BANC,"4/10/2018 12 p.m. PDT",1812,1869,1187,-625
BANC,"4/10/2018 1 p.m. PDT",1835,1860,1163,-672
BANC,"4/10/2018 2 p.m. PDT",1838,1849,1340,-498
BANC,"4/10/2018 3 p.m. PDT",1841,1849,1323,-518
BANC,"4/10/2018 4 p.m. PDT",1850,1846,1342,-508
BANC,"4/10/2018 5 p.m. PDT",1866,1849,1373,-493
BANC,"4/10/2018 6 p.m. PDT",1874,1860,1333,-541
BANC,"4/10/2018 7 p.m. PDT",1852,1866,1301,-551
BANC,"4/10/2018 8 p.m. PDT",1897,1926,1536,-361
BANC,"4/10/2018 9 p.m. PDT",1977,2004,1659,-318
BANC,"4/10/2018 10 p.m. PDT",1863,1919,1382,-481
BANC,"4/10/2018 11 p.m. PDT",1717,1777,1237,-480
BANC,"4/11/2018 12 a.m. PDT",1572,1630,1093,-479
BANC,"4/11/2018 1 a.m. PDT",1440,1498,1075,-365
BANC,"4/11/2018 2 a.m. PDT",1381,1433,1071,-310
BANC,"4/11/2018 3 a.m. PDT",1362,1403,1074,-288
BANC,"4/11/2018 4 a.m. PDT",1356,1399,1084,-272
BANC,"4/11/2018 5 a.m. PDT",1395,1435,1118,-277
BANC,"4/11/2018 6 a.m. PDT",1498,1547,1139,-359
BANC,"4/11/2018 7 a.m. PDT",1684,1700,1395,-289
BANC,"4/11/2018 8 a.m. PDT",1757,1768,1397,-360
BANC,"4/11/2018 9 a.m. PDT",1768,1819,1172,-596
BANC,"4/11/2018 10 a.m. PDT",1779,1814,1207,-572
BANC,"4/11/2018 11 a.m. PDT",1771,1819,1168,-603
BANC,"4/11/2018 12 p.m. PDT",1773,1813,1187,-586
BANC,"4/11/2018 1 p.m. PDT",1781,1815,1184,-597
BANC,"4/11/2018 2 p.m. PDT",1750,1809,1146,-604
BANC,"4/11/2018 3 p.m. PDT",1768,1795,1250,-518
BANC,"4/11/2018 4 p.m. PDT",1728,1791,1229,-499
BANC,"4/11/2018 5 p.m. PDT",1741,1804,1209,-532
BANC,"4/11/2018 6 p.m. PDT",1813,1819,1324,-489
BANC,"4/11/2018 7 p.m. PDT",1843,1830,1452,-391
BANC,"4/11/2018 8 p.m. PDT",1918,1885,1652,-266
BANC,"4/11/2018 9 p.m. PDT",1944,1968,1648,-296
BANC,"4/11/2018 10 p.m. PDT",1849,1896,1412,-437
BANC,"4/11/2018 11 p.m. PDT",1700,1751,1244,-456
BANC,"4/12/2018 12 a.m. PDT",1563,1608,1096,-467
BANC,"4/12/2018 1 a.m. PDT",1471,1484,1083,-388
BANC,"4/12/2018 2 a.m. PDT",1415,1438,1062,-353
BANC,"4/12/2018 3 a.m. PDT",1395,1405,1058,-337
BANC,"4/12/2018 4 a.m. PDT",1398,1403,1064,-334
BANC,"4/12/2018 5 a.m. PDT",1455,1451,1100,-355
BANC,"4/12/2018 6 a.m. PDT",1583,1568,1145,-438
BANC,"4/12/2018 7 a.m. PDT",1775,1749,1377,-398
BANC,"4/12/2018 8 a.m. PDT",1845,1807,1476,-369
BANC,"4/12/2018 9 a.m. PDT",1825,1821,1321,-504
BANC,"4/12/2018 10 a.m. PDT",1790,1817,1251,-539
BANC,"4/12/2018 11 a.m. PDT",1757,1816,1229,-528
BANC,"4/12/2018 12 p.m. PDT",1721,1804,1225,-496
BANC,"4/12/2018 1 p.m. PDT",1690,1795,1209,-481
BANC,"4/12/2018 2 p.m. PDT",1664,1778,1181,-483
BANC,"4/12/2018 3 p.m. PDT",1673,1759,1238,-435
BANC,"4/12/2018 4 p.m. PDT",1662,1749,1260,-402
BANC,"4/12/2018 5 p.m. PDT",1674,1768,1203,-471
BANC,"4/12/2018 6 p.m. PDT",1716,1785,1347,-369
BANC,"4/12/2018 7 p.m. PDT",1775,1798,1449,-326
BANC,"4/12/2018 8 p.m. PDT",1841,1870,1505,-336
BANC,"4/12/2018 9 p.m. PDT",1938,1963,1544,-394
BANC,"4/12/2018 10 p.m. PDT",1858,1877,1421,-437
BANC,"4/12/2018 11 p.m. PDT",1722,1727,1259,-463
BANC,"4/13/2018 12 a.m. PDT",1573,1575,1216,-357
BANC,"4/13/2018 1 a.m. PDT",1489,1486,1278,-211
BANC,"4/13/2018 2 a.m. PDT",1432,1424,1226,-206
BANC,"4/13/2018 3 a.m. PDT",1411,1397,1195,-216
BANC,"4/13/2018 4 a.m. PDT",1415,1395,1193,-222
BANC,"4/13/2018 5 a.m. PDT",1467,1442,1191,-276
BANC,"4/13/2018 6 a.m. PDT",1594,1566,1345,-249
BANC,"4/13/2018 7 a.m. PDT",1782,1739,1477,-305
BANC,"4/13/2018 8 a.m. PDT",1836,1814,1473,-363
BANC,"4/13/2018 9 a.m. PDT",1822,1818,1313,-509
BANC,"4/13/2018 10 a.m. PDT",1785,1802,1283,-502
BANC,"4/13/2018 11 a.m. PDT",1743,1787,1214,-529
BANC,"4/13/2018 12 p.m. PDT",1714,1773,1213,-501
BANC,"4/13/2018 1 p.m. PDT",1687,1761,1163,-524
BANC,"4/13/2018 2 p.m. PDT",1676,1759,1178,-498
BANC,"4/13/2018 3 p.m. PDT",1663,1756,1268,-395
BANC,"4/13/2018 4 p.m. PDT",1685,1751,1477,-208
BANC,"4/13/2018 5 p.m. PDT",1695,1751,1320,-375
BANC,"4/13/2018 6 p.m. PDT",1740,1769,1327,-413
BANC,"4/13/2018 7 p.m. PDT",1759,1770,1439,-320
BANC,"4/13/2018 8 p.m. PDT",1822,1833,1533,-289
BANC,"4/13/2018 9 p.m. PDT",1889,1926,1527,-362
BANC,"4/13/2018 10 p.m. PDT",1823,1854,1455,-368
BANC,"4/13/2018 11 p.m. PDT",1706,1718,1318,-388
BANC,"4/14/2018 12 a.m. PDT",1581,1571,1243,-338
BANC,"4/14/2018 1 a.m. PDT",1475,1512,1220,-255
BANC,"4/14/2018 2 a.m. PDT",1414,1431,1207,-207
BANC,"4/14/2018 3 a.m. PDT",1381,1386,1208,-173
BANC,"4/14/2018 4 a.m. PDT",1365,1362,1178,-187
BANC,"4/14/2018 5 a.m. PDT",1377,1365,1212,-165
BANC,"4/14/2018 6 a.m. PDT",1422,1399,1230,-192
BANC,"4/14/2018 7 a.m. PDT",1473,1439,1251,-222
BANC,"4/14/2018 8 a.m. PDT",1486,1479,1265,-221
BANC,"4/14/2018 9 a.m. PDT",1529,1528,1370,-159
BANC,"4/14/2018 10 a.m. PDT",1566,1587,1351,-215
BANC,"4/14/2018 11 a.m. PDT",1568,1628,1240,-328
BANC,"4/14/2018 12 p.m. PDT",1545,1656,1211,-334
BANC,"4/14/2018 1 p.m. PDT",1556,1643,1129,-427
BANC,"4/14/2018 2 p.m. PDT",1551,1644,1162,-389
BANC,"4/14/2018 3 p.m. PDT",1568,1657,1180,-388
BANC,"4/14/2018 4 p.m. PDT",1584,1675,1196,-388
BANC,"4/14/2018 5 p.m. PDT",1632,1718,1260,-372
BANC,"4/14/2018 6 p.m. PDT",1688,1741,1399,-289
BANC,"4/14/2018 7 p.m. PDT",1725,1743,1587,-138
BANC,"4/14/2018 8 p.m. PDT",1758,1781,1651,-107
BANC,"4/14/2018 9 p.m. PDT",1833,1865,1697,-136
BANC,"4/14/2018 10 p.m. PDT",1749,1812,1603,-146
BANC,"4/14/2018 11 p.m. PDT",1627,1693,1405,-222
BANC,"4/15/2018 12 a.m. PDT",1508,1557,1348,-160
BANC,"4/15/2018 1 a.m. PDT",1437,1463,1196,-241
BANC,"4/15/2018 2 a.m. PDT",1373,1391,1202,-171
BANC,"4/15/2018 3 a.m. PDT",1333,1358,1150,-183
BANC,"4/15/2018 4 a.m. PDT",1309,1343,1123,-186
BANC,"4/15/2018 5 a.m. PDT",1307,1347,1126,-181
BANC,"4/15/2018 6 a.m. PDT",1341,1379,1216,-125
BANC,"4/15/2018 7 a.m. PDT",1360,1407,1228,-132
BANC,"4/15/2018 8 a.m. PDT",1400,1450,1126,-274
BANC,"4/15/2018 9 a.m. PDT",1462,1517,1095,-367
BANC,"4/15/2018 10 a.m. PDT",1518,1583,1048,-470
BANC,"4/15/2018 11 a.m. PDT",1557,1615,1080,-477
BANC,"4/15/2018 12 p.m. PDT",1545,1632,1044,-501
BANC,"4/15/2018 1 p.m. PDT",1543,1638,1111,-432
BANC,"4/15/2018 2 p.m. PDT",1542,1625,1134,-408
BANC,"4/15/2018 3 p.m. PDT",1556,1623,1174,-382
BANC,"4/15/2018 4 p.m. PDT",1591,1628,1211,-380
BANC,"4/15/2018 5 p.m. PDT",1669,1660,1336,-333
BANC,"4/15/2018 6 p.m. PDT",1705,1712,1448,-257
BANC,"4/15/2018 7 p.m. PDT",1745,1750,1658,-87
BANC,"4/15/2018 8 p.m. PDT",1813,1810,1683,-130
BANC,"4/15/2018 9 p.m. PDT",1856,1917,1560,-296
BANC,"4/15/2018 10 p.m. PDT",1779,1841,1576,-203
BANC,"4/15/2018 11 p.m. PDT",1643,1704,1369,-274
BANC,"4/16/2018 12 a.m. PDT",1524,1551,1266,-258
BANC,"4/16/2018 1 a.m. PDT",1443,1442,893,-550
BANC,"4/16/2018 2 a.m. PDT",1410,1388,785,-625
BANC,"4/16/2018 3 a.m. PDT",1385,1364,704,-681
BANC,"4/16/2018 4 a.m. PDT",1388,1368,641,-747
BANC,"4/16/2018 5 a.m. PDT",1443,1407,703,-740
BANC,"4/16/2018 6 a.m. PDT",1554,1520,865,-689
BANC,"4/16/2018 7 a.m. PDT",1755,1701,1252,-503
BANC,"4/16/2018 8 a.m. PDT",1826,1793,1232,-594
BANC,"4/16/2018 9 a.m. PDT",1816,1807,1016,-800
BANC,"4/16/2018 10 a.m. PDT",1846,1805,1030,-816
BANC,"4/16/2018 11 a.m. PDT",1908,1802,1155,-753
BANC,"4/16/2018 12 p.m. PDT",1913,1812,1140,-773
BANC,"4/16/2018 1 p.m. PDT",1854,1805,1079,-775
BANC,"4/16/2018 2 p.m. PDT",1822,1773,1071,-751
BANC,"4/16/2018 3 p.m. PDT",1812,1779,1050,-762
BANC,"4/16/2018 4 p.m. PDT",1833,1737,1069,-764
BANC,"4/16/2018 5 p.m. PDT",1845,1755,1134,-711
BANC,"4/16/2018 6 p.m. PDT",1881,1814,1110,-771
BANC,"4/16/2018 7 p.m. PDT",1918,1845,1333,-585
BANC,"4/16/2018 8 p.m. PDT",1962,1917,1399,-563
BANC,"4/16/2018 9 p.m. PDT",2002,1965,1414,-588
BANC,"4/16/2018 10 p.m. PDT",1913,1873,1273,-640
BANC,"4/16/2018 11 p.m. PDT",1762,1727,1189,-573
BANC,"4/17/2018 12 a.m. PDT",1617,1586,947,-670
BANC,"4/17/2018 1 a.m. PDT",1540,1528,888,-652
BANC,"4/17/2018 2 a.m. PDT",1492,1476,842,-650
BANC,"4/17/2018 3 a.m. PDT",1473,1459,806,-667
BANC,"4/17/2018 4 a.m. PDT",1481,1463,822,-659
BANC,"4/17/2018 5 a.m. PDT",1534,1512,876,-658
BANC,"4/17/2018 6 a.m. PDT",1677,1636,1105,-572
BANC,"4/17/2018 7 a.m. PDT",1855,1823,1328,-527
BANC,"4/17/2018 8 a.m. PDT",1938,1892,1286,-652
BANC,"4/17/2018 9 a.m. PDT",1900,1887,1018,-882
BANC,"4/17/2018 10 a.m. PDT",1848,1847,990,-858
BANC,"4/17/2018 11 a.m. PDT",1798,1820,901,-897
BANC,"4/17/2018 12 p.m. PDT",1726,1807,884,-842
BANC,"4/17/2018 1 p.m. PDT",1716,1791,780,-936
BANC,"4/17/2018 2 p.m. PDT",1703,1779,823,-880
BANC,"4/17/2018 3 p.m. PDT",1678,1770,876,-802
BANC,"4/17/2018 4 p.m. PDT",1688,1768,840,-848
BANC,"4/17/2018 5 p.m. PDT",1690,1776,786,-904
BANC,"4/17/2018 6 p.m. PDT",1740,1806,908,-832
BANC,"4/17/2018 7 p.m. PDT",1773,1849,1265,-508
BANC,"4/17/2018 8 p.m. PDT",1849,1908,1502,-347
BANC,"4/17/2018 9 p.m. PDT",1942,2001,1523,-419
BANC,"4/17/2018 10 p.m. PDT",1863,1920,1301,-562
BANC,"4/17/2018 11 p.m. PDT",1716,1772,1063,-653
BANC,"4/18/2018 12 a.m. PDT",1576,1622,951,-625
BANC,"4/18/2018 1 a.m. PDT",1465,1487,854,-611
BANC,"4/18/2018 2 a.m. PDT",1413,1428,825,-588
BANC,"4/18/2018 3 a.m. PDT",1393,1405,813,-580
BANC,"4/18/2018 4 a.m. PDT",1389,1406,814,-575
BANC,"4/18/2018 5 a.m. PDT",1429,1452,837,-592
BANC,"4/18/2018 6 a.m. PDT",1549,1569,995,-554
BANC,"4/18/2018 7 a.m. PDT",1744,1760,1126,-618
BANC,"4/18/2018 8 a.m. PDT",1820,1822,1134,-686
BANC,"4/18/2018 9 a.m. PDT",1847,1804,892,-955
BANC,"4/18/2018 10 a.m. PDT",1838,1768,869,-969
BANC,"4/18/2018 11 a.m. PDT",1857,1755,895,-962
BANC,"4/18/2018 12 p.m. PDT",1850,1733,829,-1021
BANC,"4/18/2018 1 p.m. PDT",1805,1723,792,-1013
BANC,"4/18/2018 2 p.m. PDT",1766,1712,753,-1013
BANC,"4/18/2018 3 p.m. PDT",1737,1710,773,-964
BANC,"4/18/2018 4 p.m. PDT",1733,1704,892,-841
BANC,"4/18/2018 5 p.m. PDT",1756,1717,876,-880
BANC,"4/18/2018 6 p.m. PDT",1733,1755,838,-895
BANC,"4/18/2018 7 p.m. PDT",1748,1793,978,-770
BANC,"4/18/2018 8 p.m. PDT",1820,1855,1183,-637
BANC,"4/18/2018 9 p.m. PDT",1916,1937,1237,-679
BANC,"4/18/2018 10 p.m. PDT",1845,1861,1047,-798
BANC,"4/18/2018 11 p.m. PDT",1705,1731,929,-776
BANC,"4/19/2018 12 a.m. PDT",1568,1590,892,-676
BANC,"4/19/2018 1 a.m. PDT",1479,1473,739,-740
BANC,"4/19/2018 2 a.m. PDT",1428,1415,719,-709
BANC,"4/19/2018 3 a.m. PDT",1418,1385,696,-722
BANC,"4/19/2018 4 a.m. PDT",1418,1390,677,-741
BANC,"4/19/2018 5 a.m. PDT",1474,1427,673,-801
BANC,"4/19/2018 6 a.m. PDT",1610,1552,816,-794
BANC,"4/19/2018 7 a.m. PDT",1794,1736,1079,-715
BANC,"4/19/2018 8 a.m. PDT",1852,1798,1091,-761
BANC,"4/19/2018 9 a.m. PDT",1822,1798,930,-892
BANC,"4/19/2018 10 a.m. PDT",1782,1765,971,-811
BANC,"4/19/2018 11 a.m. PDT",1746,1759,996,-750
BANC,"4/19/2018 12 p.m. PDT",1715,1739,962,-753
BANC,"4/19/2018 1 p.m. PDT",1710,1717,1020,-690
BANC,"4/19/2018 2 p.m. PDT",1694,1710,1006,-688
BANC,"4/19/2018 3 p.m. PDT",1683,1699,1013,-670
BANC,"4/19/2018 4 p.m. PDT",1694,1700,1139,-555
BANC,"4/19/2018 5 p.m. PDT",1721,1713,1181,-540
BANC,"4/19/2018 6 p.m. PDT",1756,1732,1141,-615
BANC,"4/19/2018 7 p.m. PDT",1772,1738,1255,-517
BANC,"4/19/2018 8 p.m. PDT",1821,1790,1429,-392
BANC,"4/19/2018 9 p.m. PDT",1911,1867,1419,-492
BANC,"4/19/2018 10 p.m. PDT",1821,1798,1072,-749
BANC,"4/19/2018 11 p.m. PDT",1688,1681,879,-809
BANC,"4/20/2018 12 a.m. PDT",1534,1542,762,-772
BANC,"4/20/2018 1 a.m. PDT",1452,1459,773,-679
BANC,"4/20/2018 2 a.m. PDT",1391,1405,713,-678
BANC,"4/20/2018 3 a.m. PDT",1366,1382,698,-668
BANC,"4/20/2018 4 a.m. PDT",1366,1377,693,-673
BANC,"4/20/2018 5 a.m. PDT",1402,1415,758,-644
BANC,"4/20/2018 6 a.m. PDT",1521,1532,1130,-391
BANC,"4/20/2018 7 a.m. PDT",1686,1680,1293,-393
BANC,"4/20/2018 8 a.m. PDT",1744,1756,1326,-418
BANC,"4/20/2018 9 a.m. PDT",1741,1769,1155,-586
BANC,"4/20/2018 10 a.m. PDT",1737,1784,1130,-607
BANC,"4/20/2018 11 a.m. PDT",1736,1782,1127,-609
BANC,"4/20/2018 12 p.m. PDT",1730,1791,1109,-621
BANC,"4/20/2018 1 p.m. PDT",1726,1797,1222,-504
BANC,"4/20/2018 2 p.m. PDT",1751,1811,1233,-518
BANC,"4/20/2018 3 p.m. PDT",1768,1826,1246,-522
BANC,"4/20/2018 4 p.m. PDT",1792,1856,1279,-513
BANC,"4/20/2018 5 p.m. PDT",1828,1872,1342,-486
BANC,"4/20/2018 6 p.m. PDT",1866,1867,1367,-499
BANC,"4/20/2018 7 p.m. PDT",1859,1831,1473,-386
BANC,"4/20/2018 8 p.m. PDT",1874,1857,1621,-253
BANC,"4/20/2018 9 p.m. PDT",1927,1954,1701,-226
BANC,"4/20/2018 10 p.m. PDT",1838,1880,1439,-399
BANC,"4/20/2018 11 p.m. PDT",1709,1747,1036,-673
BANC,"4/21/2018 12 a.m. PDT",1568,1570,873,-695
BANC,"4/21/2018 1 a.m. PDT",1474,1492,760,-714
BANC,"4/21/2018 2 a.m. PDT",1397,1425,736,-661
BANC,"4/21/2018 3 a.m. PDT",1352,1385,685,-667
BANC,"4/21/2018 4 a.m. PDT",1334,1363,685,-649
BANC,"4/21/2018 5 a.m. PDT",1343,1371,665,-678
BANC,"4/21/2018 6 a.m. PDT",1386,1410,977,-409
BANC,"4/21/2018 7 a.m. PDT",1404,1440,1111,-293
BANC,"4/21/2018 8 a.m. PDT",1441,1487,943,-498
BANC,"4/21/2018 9 a.m. PDT",1514,1543,911,-603
BANC,"4/21/2018 10 a.m. PDT",1551,1600,958,-593
BANC,"4/21/2018 11 a.m. PDT",1589,1634,978,-611
BANC,"4/21/2018 12 p.m. PDT",1608,1653,1010,-598
BANC,"4/21/2018 1 p.m. PDT",1619,1659,1012,-607
BANC,"4/21/2018 2 p.m. PDT",1626,1673,1053,-573
BANC,"4/21/2018 3 p.m. PDT",1662,1702,977,-685
BANC,"4/21/2018 4 p.m. PDT",1719,1747,984,-735
BANC,"4/21/2018 5 p.m. PDT",1787,1768,1042,-745
BANC,"4/21/2018 6 p.m. PDT",1868,1795,1264,-604
BANC,"4/21/2018 7 p.m. PDT",1910,1817,1419,-491
BANC,"4/21/2018 8 p.m. PDT",1930,1839,1570,-360
BANC,"4/21/2018 9 p.m. PDT",1968,1942,1539,-429
BANC,"4/21/2018 10 p.m. PDT",1884,1875,1297,-587
BANC,"4/21/2018 11 p.m. PDT",1745,1744,1145,-600
BANC,"4/22/2018 12 a.m. PDT",1603,1615,774,-829
BANC,"4/22/2018 1 a.m. PDT",1480,1490,749,-731
BANC,"4/22/2018 2 a.m. PDT",1396,1417,661,-735
BANC,"4/22/2018 3 a.m. PDT",1349,1364,739,-610
BANC,"4/22/2018 4 a.m. PDT",1321,1341,614,-707
BANC,"4/22/2018 5 a.m. PDT",1317,1337,609,-708
BANC,"4/22/2018 6 a.m. PDT",1339,1358,810,-529
BANC,"4/22/2018 7 a.m. PDT",1340,1369,770,-570
BANC,"4/22/2018 8 a.m. PDT",1373,1409,725,-648
BANC,"4/22/2018 9 a.m. PDT",1445,1479,785,-660
BANC,"4/22/2018 10 a.m. PDT",1515,1548,773,-742
BANC,"4/22/2018 11 a.m. PDT",1571,1604,767,-804
BANC,"4/22/2018 12 p.m. PDT",1620,1645,814,-806
BANC,"4/22/2018 1 p.m. PDT",1670,1679,848,-822
BANC,"4/22/2018 2 p.m. PDT",1728,1715,915,-813
BANC,"4/22/2018 3 p.m. PDT",1784,1761,959,-825
BANC,"4/22/2018 4 p.m. PDT",1839,1833,981,-858
BANC,"4/22/2018 5 p.m. PDT",1965,1923,1037,-928
BANC,"4/22/2018 6 p.m. PDT",2051,1989,1161,-890
BANC,"4/22/2018 7 p.m. PDT",2103,2008,1348,-755
BANC,"4/22/2018 8 p.m. PDT",2108,2020,1472,-636
BANC,"4/22/2018 9 p.m. PDT",2137,2086,1534,-603
BANC,"4/22/2018 10 p.m. PDT",2024,1987,1337,-687
BANC,"4/22/2018 11 p.m. PDT",1834,1806,1189,-645
BANC,"4/23/2018 12 a.m. PDT",1642,1628,851,-791
BANC,"4/23/2018 1 a.m. PDT",1513,1502,816,-697
BANC,"4/23/2018 2 a.m. PDT",1430,1432,767,-663
BANC,"4/23/2018 3 a.m. PDT",1381,1389,734,-647
BANC,"4/23/2018 4 a.m. PDT",1369,1375,742,-627
BANC,"4/23/2018 5 a.m. PDT",1400,1408,759,-641
BANC,"4/23/2018 6 a.m. PDT",1493,1507,904,-589
BANC,"4/23/2018 7 a.m. PDT",1621,1641,1003,-618
BANC,"4/23/2018 8 a.m. PDT",1699,1732,1044,-655
BANC,"4/23/2018 9 a.m. PDT",1742,1770,942,-800
BANC,"4/23/2018 10 a.m. PDT",1782,1817,919,-863
BANC,"4/23/2018 11 a.m. PDT",1860,1870,871,-989
BANC,"4/23/2018 12 p.m. PDT",1840,1917,952,-888
BANC,"4/23/2018 1 p.m. PDT",1961,1970,1014,-947
BANC,"4/23/2018 2 p.m. PDT",2021,2039,1015,-1006
BANC,"4/23/2018 3 p.m. PDT",2102,2084,1027,-1075
BANC,"4/23/2018 4 p.m. PDT",2181,2134,1127,-1054
BANC,"4/23/2018 5 p.m. PDT",2277,2210,1130,-1147
BANC,"4/23/2018 6 p.m. PDT",2339,2254,1180,-1159
BANC,"4/23/2018 7 p.m. PDT",2342,2222,1456,-886
BANC,"4/23/2018 8 p.m. PDT",2289,2201,1549,-740
BANC,"4/23/2018 9 p.m. PDT",2266,2200,1548,-718
BANC,"4/23/2018 10 p.m. PDT",2098,2116,1287,-811
BANC,"4/23/2018 11 p.m. PDT",1879,1869,1075,-804
BANC,"4/24/2018 12 a.m. PDT",1665,1699,950,-715
BANC,"4/24/2018 1 a.m. PDT",1533,1547,800,-733
BANC,"4/24/2018 2 a.m. PDT",1440,1467,762,-678
BANC,"4/24/2018 3 a.m. PDT",1392,1421,786,-606
BANC,"4/24/2018 4 a.m. PDT",1375,1404,790,-585
BANC,"4/24/2018 5 a.m. PDT",1399,1432,855,-544
BANC,"4/24/2018 6 a.m. PDT",1497,1526,911,-586
BANC,"4/24/2018 7 a.m. PDT",1623,1657,1082,-541
BANC,"4/24/2018 8 a.m. PDT",1697,1745,1027,-670
BANC,"4/24/2018 9 a.m. PDT",1724,1777,873,-851
BANC,"4/24/2018 10 a.m. PDT",1775,1834,796,-979
BANC,"4/24/2018 11 a.m. PDT",1835,1892,935,-900
BANC,"4/24/2018 12 p.m. PDT",1893,1953,1008,-885
BANC,"4/24/2018 1 p.m. PDT",1961,2010,1047,-914
BANC,"4/24/2018 2 p.m. PDT",2048,2091,1143,-905
BANC,"4/24/2018 3 p.m. PDT",2134,2165,1098,-1036
BANC,"4/24/2018 4 p.m. PDT",2225,2235,1122,-1103
BANC,"4/24/2018 5 p.m. PDT",2295,2303,1193,-1102
BANC,"4/24/2018 6 p.m. PDT",2344,2333,1189,-1155
BANC,"4/24/2018 7 p.m. PDT",2291,2296,1248,-1043
BANC,"4/24/2018 8 p.m. PDT",2197,2262,1380,-817
BANC,"4/24/2018 9 p.m. PDT",2169,2293,1357,-812
BANC,"4/24/2018 10 p.m. PDT",2026,2156,1276,-750
BANC,"4/24/2018 11 p.m. PDT",1807,1932,881,-926
BANC,"4/25/2018 12 a.m. PDT",1627,1725,876,-751
BANC,"4/25/2018 1 a.m. PDT",1506,1557,838,-668
BANC,"4/25/2018 2 a.m. PDT",1433,1478,849,-584
BANC,"4/25/2018 3 a.m. PDT",1386,1427,805,-581
BANC,"4/25/2018 4 a.m. PDT",1372,1413,816,-556
BANC,"4/25/2018 5 a.m. PDT",1393,1440,850,-543
BANC,"4/25/2018 6 a.m. PDT",1500,1533,994,-506
BANC,"4/25/2018 7 a.m. PDT",1618,1665,1075,-543
BANC,"4/25/2018 8 a.m. PDT",1693,1746,924,-769
BANC,"4/25/2018 9 a.m. PDT",1706,1779,848,-858
BANC,"4/25/2018 10 a.m. PDT",1746,1828,884,-862
BANC,"4/25/2018 11 a.m. PDT",1778,1885,810,-968
BANC,"4/25/2018 12 p.m. PDT",1831,1938,922,-909
BANC,"4/25/2018 1 p.m. PDT",1882,2001,1021,-861
BANC,"4/25/2018 2 p.m. PDT",1954,2072,1051,-903
BANC,"4/25/2018 3 p.m. PDT",2037,2140,1034,-1003
BANC,"4/25/2018 4 p.m. PDT",2103,2187,1117,-986
BANC,"4/25/2018 5 p.m. PDT",2207,2264,1263,-944
BANC,"4/25/2018 6 p.m. PDT",2253,2287,1225,-1028
BANC,"4/25/2018 7 p.m. PDT",2215,2256,1292,-923
BANC,"4/25/2018 8 p.m. PDT",2145,2228,1382,-763
BANC,"4/25/2018 9 p.m. PDT",2127,2252,1427,-700
BANC,"4/25/2018 10 p.m. PDT",1999,2120,1145,-854
BANC,"4/25/2018 11 p.m. PDT",1773,1901,904,-869
BANC,"4/26/2018 12 a.m. PDT",1608,1695,879,-729
BANC,"4/26/2018 1 a.m. PDT",1484,1509,846,-638
BANC,"4/26/2018 2 a.m. PDT",1417,1434,807,-610
BANC,"4/26/2018 3 a.m. PDT",1368,1390,827,-541
BANC,"4/26/2018 4 a.m. PDT",1356,1384,838,-518
BANC,"4/26/2018 5 a.m. PDT",1391,1412,841,-550
BANC,"4/26/2018 6 a.m. PDT",1483,1514,1127,-356
BANC,"4/26/2018 7 a.m. PDT",1613,1652,1189,-424
BANC,"4/26/2018 8 a.m. PDT",1701,1731,1246,-455
BANC,"4/26/2018 9 a.m. PDT",1709,1753,1001,-708
BANC,"4/26/2018 10 a.m. PDT",1726,1788,1051,-675
BANC,"4/26/2018 11 a.m. PDT",1741,1822,1035,-706
BANC,"4/26/2018 12 p.m. PDT",1772,1848,1046,-726
BANC,"4/26/2018 1 p.m. PDT",1784,1868,1072,-712
BANC,"4/26/2018 2 p.m. PDT",1833,1896,1129,-704
BANC,"4/26/2018 3 p.m. PDT",1860,1925,1135,-725
BANC,"4/26/2018 4 p.m. PDT",1916,1952,1175,-741
BANC,"4/26/2018 5 p.m. PDT",1956,1986,1232,-724
BANC,"4/26/2018 6 p.m. PDT",1980,2010,1265,-715
BANC,"4/26/2018 7 p.m. PDT",1948,1991,1313,-635
BANC,"4/26/2018 8 p.m. PDT",1923,2010,1471,-452
BANC,"4/26/2018 9 p.m. PDT",1973,2075,1472,-501
BANC,"4/26/2018 10 p.m. PDT",1872,1970,1242,-630
BANC,"4/26/2018 11 p.m. PDT",1711,1784,974,-737
BANC,"4/27/2018 12 a.m. PDT",1565,1629,955,-610
BANC,"4/27/2018 1 a.m. PDT",1459,1505,836,-623
BANC,"4/27/2018 2 a.m. PDT",1393,1438,801,-592
BANC,"4/27/2018 3 a.m. PDT",1370,1398,811,-559
BANC,"4/27/2018 4 a.m. PDT",1355,1389,779,-576
BANC,"4/27/2018 5 a.m. PDT",1388,1421,800,-588
BANC,"4/27/2018 6 a.m. PDT",1477,1524,1141,-336
BANC,"4/27/2018 7 a.m. PDT",1609,1656,1191,-418
BANC,"4/27/2018 8 a.m. PDT",1668,1740,1151,-517
BANC,"4/27/2018 9 a.m. PDT",1715,1764,1005,-710
BANC,"4/27/2018 10 a.m. PDT",1736,1780,1004,-732
BANC,"4/27/2018 11 a.m. PDT",1746,1809,979,-767
BANC,"4/27/2018 12 p.m. PDT",1739,1816,959,-780
BANC,"4/27/2018 1 p.m. PDT",1733,1827,970,-763
BANC,"4/27/2018 2 p.m. PDT",1739,1833,991,-748
BANC,"4/27/2018 3 p.m. PDT",1749,1846,1066,-683
BANC,"4/27/2018 4 p.m. PDT",1757,1843,1058,-699
BANC,"4/27/2018 5 p.m. PDT",1772,1853,945,-827
BANC,"4/27/2018 6 p.m. PDT",1787,1854,1143,-644
BANC,"4/27/2018 7 p.m. PDT",1776,1846,1323,-453
BANC,"4/27/2018 8 p.m. PDT",1798,1867,1492,-306
BANC,"4/27/2018 9 p.m. PDT",1876,1954,1520,-356
BANC,"4/27/2018 10 p.m. PDT",1816,1876,1371,-445
BANC,"4/27/2018 11 p.m. PDT",1709,1738,1273,-436
BANC,"4/28/2018 12 a.m. PDT",1579,1595,992,-587
BANC,"4/28/2018 1 a.m. PDT",1474,1516,913,-561
BANC,"4/28/2018 2 a.m. PDT",1415,1443,930,-485
BANC,"4/28/2018 3 a.m. PDT",1369,1391,932,-437
BANC,"4/28/2018 4 a.m. PDT",1361,1364,886,-475
BANC,"4/28/2018 5 a.m. PDT",1359,1378,874,-485
BANC,"4/28/2018 6 a.m. PDT",1399,1421,1099,-300
BANC,"4/28/2018 7 a.m. PDT",1436,1442,1174,-262
BANC,"4/28/2018 8 a.m. PDT",1457,1498,994,-463
BANC,"4/28/2018 9 a.m. PDT",1523,1569,1085,-438
BANC,"4/28/2018 10 a.m. PDT",1558,1596,1064,-494
BANC,"4/28/2018 11 a.m. PDT",1577,1640,1089,-488
BANC,"4/28/2018 12 p.m. PDT",1612,1653,1063,-549
BANC,"4/28/2018 1 p.m. PDT",1606,1648,1006,-600
BANC,"4/28/2018 2 p.m. PDT",1588,1636,955,-633
BANC,"4/28/2018 3 p.m. PDT",1570,1650,966,-604
BANC,"4/28/2018 4 p.m. PDT",1558,1619,945,-613
BANC,"4/28/2018 5 p.m. PDT",1573,1567,924,-649
BANC,"4/28/2018 6 p.m. PDT",1603,1597,1010,-593
BANC,"4/28/2018 7 p.m. PDT",1645,1641,1287,-358
BANC,"4/28/2018 8 p.m. PDT",1697,1677,1464,-233
BANC,"4/28/2018 9 p.m. PDT",1793,1812,1497,-296
BANC,"4/28/2018 10 p.m. PDT",1756,1783,1357,-399
BANC,"4/28/2018 11 p.m. PDT",1661,1691,1211,-450
BANC,"4/29/2018 12 a.m. PDT",1536,1561,914,-622
BANC,"4/29/2018 1 a.m. PDT",1447,1455,934,-513
BANC,"4/29/2018 2 a.m. PDT",1382,1395,829,-553
BANC,"4/29/2018 3 a.m. PDT",1342,1364,783,-559
BANC,"4/29/2018 4 a.m. PDT",1327,1341,783,-544
BANC,"4/29/2018 5 a.m. PDT",1340,1345,797,-543
BANC,"4/29/2018 6 a.m. PDT",1377,1370,899,-478
BANC,"4/29/2018 7 a.m. PDT",1384,1385,1028,-356
BANC,"4/29/2018 8 a.m. PDT",1410,1428,944,-466
BANC,"4/29/2018 9 a.m. PDT",1461,1478,949,-512
BANC,"4/29/2018 10 a.m. PDT",1500,1508,951,-549
BANC,"4/29/2018 11 a.m. PDT",1541,1525,992,-549
BANC,"4/29/2018 12 p.m. PDT",1556,1535,1008,-548
BANC,"4/29/2018 1 p.m. PDT",1552,1537,1041,-511
BANC,"4/29/2018 2 p.m. PDT",1556,1537,1047,-509
BANC,"4/29/2018 3 p.m. PDT",1561,1539,1020,-541
BANC,"4/29/2018 4 p.m. PDT",1584,1567,1009,-575
BANC,"4/29/2018 5 p.m. PDT",1614,1602,995,-619
BANC,"4/29/2018 6 p.m. PDT",1666,1659,1241,-425
BANC,"4/29/2018 7 p.m. PDT",1694,1711,1512,-182
BANC,"4/29/2018 8 p.m. PDT",1763,1789,1605,-158
BANC,"4/29/2018 9 p.m. PDT",1868,1864,1523,-345
BANC,"4/29/2018 10 p.m. PDT",1805,1792,1489,-316
BANC,"4/29/2018 11 p.m. PDT",1671,1661,1242,-429
BANC,"4/30/2018 12 a.m. PDT",1524,1508,893,-631
BANC,"4/30/2018 1 a.m. PDT",1428,1409,791,-637
BANC,"4/30/2018 2 a.m. PDT",1367,1355,759,-608
BANC,"4/30/2018 3 a.m. PDT",1350,1318,759,-591
BANC,"4/30/2018 4 a.m. PDT",1341,1319,774,-567
BANC,"4/30/2018 5 a.m. PDT",1387,1359,753,-634
BANC,"4/30/2018 6 a.m. PDT",1486,1460,993,-493
BANC,"4/30/2018 7 a.m. PDT",1626,1619,1290,-336
BANC,"4/30/2018 8 a.m. PDT",1700,1705,1226,-474
BANC,"4/30/2018 9 a.m. PDT",1724,1714,982,-742
BANC,"4/30/2018 10 a.m. PDT",1742,1721,1059,-683
BANC,"4/30/2018 11 a.m. PDT",1761,1739,1094,-667
BANC,"4/30/2018 12 p.m. PDT",1741,1757,1063,-678
BANC,"4/30/2018 1 p.m. PDT",1737,1750,1025,-712
BANC,"4/30/2018 2 p.m. PDT",1727,1752,1024,-703
BANC,"4/30/2018 3 p.m. PDT",1750,1763,1078,-672
BANC,"4/30/2018 4 p.m. PDT",1772,1791,1079,-693
BANC,"4/30/2018 5 p.m. PDT",1781,1830,1071,-710
BANC,"4/30/2018 6 p.m. PDT",1821,1863,1243,-578
BANC,"4/30/2018 7 p.m. PDT",1836,1870,1517,-319
BANC,"4/30/2018 8 p.m. PDT",1857,1910,1597,-260
BANC,"4/30/2018 9 p.m. PDT",1936,1964,1656,-280
BANC,"4/30/2018 10 p.m. PDT",1854,1861,1629,-225
BANC,"4/30/2018 11 p.m. PDT",1702,1713,1274,-428
BANC,"5/1/2018 12 a.m. PDT",1544,1551,1039,-505
