"BA Code","Timestamp (Hour Ending)","Demand (MWh)","Demand Forecast (MWh)","Net Generation (MWh)","Total Interchange (MWh)"
BANC,"10/1/2015 12 a.m. PDT",1632,1734,1114,-518
BANC,"10/1/2015 1 a.m. PDT",1524,1582,1064,-460
BANC,"10/1/2015 2 a.m. PDT",1471,1491,1032,-439
BANC,"10/1/2015 3 a.m. PDT",1420,1451,1034,-386
BANC,"10/1/2015 4 a.m. PDT",1414,1425,1030,-384
BANC,"10/1/2015 5 a.m. PDT",1451,1444,1060,-391
BANC,"10/1/2015 6 a.m. PDT",1538,1560,1134,-404
BANC,"10/1/2015 7 a.m. PDT",1757,1732,1226,-531
BANC,"10/1/2015 8 a.m. PDT",1853,1798,1248,-605
BANC,"10/1/2015 9 a.m. PDT",1870,1840,1252,-618
BANC,"10/1/2015 10 a.m. PDT",1908,1883,1246,-662
BANC,"10/1/2015 11 a.m. PDT",1963,1950,1321,-642
BANC,"10/1/2015 12 p.m. PDT",1977,2004,1365,-612
BANC,"10/1/2015 1 p.m. PDT",2002,2056,1355,-647
BANC,"10/1/2015 2 p.m. PDT",2001,2112,1397,-604
BANC,"10/1/2015 3 p.m. PDT",1979,2170,1515,-464
BANC,"10/1/2015 4 p.m. PDT",2010,2212,1538,-472
BANC,"10/1/2015 5 p.m. PDT",2053,2239,1545,-508
BANC,"10/1/2015 6 p.m. PDT",2054,2235,1600,-454
BANC,"10/1/2015 7 p.m. PDT",2059,2186,1617,-442
BANC,"10/1/2015 8 p.m. PDT",2162,2252,1687,-475
BANC,"10/1/2015 9 p.m. PDT",2111,2201,1632,-479
BANC,"10/1/2015 10 p.m. PDT",1990,2048,1381,-609
BANC,"10/1/2015 11 p.m. PDT",1829,1865,1237,-592
BANC,"10/2/2015 12 a.m. PDT",1645,1687,1133,-512
BANC,"10/2/2015 1 a.m. PDT",1528,1584,995,-533
BANC,"10/2/2015 2 a.m. PDT",1452,1504,924,-528
BANC,"10/2/2015 3 a.m. PDT",1408,1451,892,-516
BANC,"10/2/2015 4 a.m. PDT",1393,1431,878,-515
BANC,"10/2/2015 5 a.m. PDT",1425,1457,905,-520
BANC,"10/2/2015 6 a.m. PDT",1514,1555,986,-528
BANC,"10/2/2015 7 a.m. PDT",1697,1740,1009,-688
BANC,"10/2/2015 8 a.m. PDT",1753,1804,1030,-723
BANC,"10/2/2015 9 a.m. PDT",1788,1831,1058,-730
BANC,"10/2/2015 10 a.m. PDT",1857,1902,1102,-755
BANC,"10/2/2015 11 a.m. PDT",1935,1980,1171,-764
BANC,"10/2/2015 12 p.m. PDT",2000,2057,1250,-750
BANC,"10/2/2015 1 p.m. PDT",2052,2123,1256,-796
BANC,"10/2/2015 2 p.m. PDT",2136,2207,1372,-764
BANC,"10/2/2015 3 p.m. PDT",2219,2298,1477,-742
BANC,"10/2/2015 4 p.m. PDT",2317,2386,1528,-789
BANC,"10/2/2015 5 p.m. PDT",2388,2440,1610,-778
BANC,"10/2/2015 6 p.m. PDT",2400,2426,1628,-772
BANC,"10/2/2015 7 p.m. PDT",2328,2372,1547,-781
BANC,"10/2/2015 8 p.m. PDT",2333,2361,1595,-738
BANC,"10/2/2015 9 p.m. PDT",2237,2249,1538,-699
BANC,"10/2/2015 10 p.m. PDT",2087,2090,1500,-587
BANC,"10/2/2015 11 p.m. PDT",1911,1894,1266,-645
BANC,"10/3/2015 12 a.m. PDT",1738,1713,1150,-588
BANC,"10/3/2015 1 a.m. PDT",1597,1568,1041,-556
BANC,"10/3/2015 2 a.m. PDT",1499,1480,947,-552
BANC,"10/3/2015 3 a.m. PDT",1444,1417,958,-486
BANC,"10/3/2015 4 a.m. PDT",1401,1383,924,-477
BANC,"10/3/2015 5 a.m. PDT",1395,1391,929,-466
BANC,"10/3/2015 6 a.m. PDT",1425,1431,976,-449
BANC,"10/3/2015 7 a.m. PDT",1495,1504,914,-581
BANC,"10/3/2015 8 a.m. PDT",1506,1529,959,-547
BANC,"10/3/2015 9 a.m. PDT",1577,1603,1024,-553
BANC,"10/3/2015 10 a.m. PDT",1667,1692,1073,-594
BANC,"10/3/2015 11 a.m. PDT",1742,1784,1152,-590
BANC,"10/3/2015 12 p.m. PDT",1798,1848,1129,-669
BANC,"10/3/2015 1 p.m. PDT",1850,1918,1203,-647
BANC,"10/3/2015 2 p.m. PDT",1908,1983,1317,-591
BANC,"10/3/2015 3 p.m. PDT",2005,2059,1470,-535
BANC,"10/3/2015 4 p.m. PDT",2086,2133,1547,-539
BANC,"10/3/2015 5 p.m. PDT",2157,2188,1598,-559
BANC,"10/3/2015 6 p.m. PDT",2122,2205,1530,-592
BANC,"10/3/2015 7 p.m. PDT",2031,2187,1514,-517
BANC,"10/3/2015 8 p.m. PDT",2030,2196,1613,-417
BANC,"10/3/2015 9 p.m. PDT",1961,2126,1586,-375
BANC,"10/3/2015 10 p.m. PDT",1869,1998,1453,-416
BANC,"10/3/2015 11 p.m. PDT",1756,1831,1272,-484
BANC,"10/4/2015 12 a.m. PDT",1595,1658,1097,-498
BANC,"10/4/2015 1 a.m. PDT",1488,1502,1035,-453
BANC,"10/4/2015 2 a.m. PDT",1411,1423,977,-434
BANC,"10/4/2015 3 a.m. PDT",1373,1383,957,-416
BANC,"10/4/2015 4 a.m. PDT",1342,1348,930,-412
BANC,"10/4/2015 5 a.m. PDT",1335,1341,925,-410
BANC,"10/4/2015 6 a.m. PDT",1357,1370,936,-421
BANC,"10/4/2015 7 a.m. PDT",1410,1426,962,-448
BANC,"10/4/2015 8 a.m. PDT",1417,1434,939,-478
BANC,"10/4/2015 9 a.m. PDT",1473,1524,979,-494
BANC,"10/4/2015 10 a.m. PDT",1550,1627,1022,-528
BANC,"10/4/2015 11 a.m. PDT",1601,1719,1023,-578
BANC,"10/4/2015 12 p.m. PDT",1658,1794,1079,-579
BANC,"10/4/2015 1 p.m. PDT",1691,1866,1149,-542
BANC,"10/4/2015 2 p.m. PDT",1741,1926,1267,-474
BANC,"10/4/2015 3 p.m. PDT",1793,1994,1360,-433
BANC,"10/4/2015 4 p.m. PDT",1880,2071,1429,-451
BANC,"10/4/2015 5 p.m. PDT",1945,2116,1462,-483
BANC,"10/4/2015 6 p.m. PDT",1999,2145,1511,-488
BANC,"10/4/2015 7 p.m. PDT",2044,2148,1593,-451
BANC,"10/4/2015 8 p.m. PDT",2114,2199,1637,-477
BANC,"10/4/2015 9 p.m. PDT",2039,2117,1624,-415
BANC,"10/4/2015 10 p.m. PDT",1942,1947,1492,-450
BANC,"10/4/2015 11 p.m. PDT",1744,1771,1234,-510
BANC,"10/5/2015 12 a.m. PDT",1590,1602,1062,-528
BANC,"10/5/2015 1 a.m. PDT",1473,1474,1021,-452
BANC,"10/5/2015 2 a.m. PDT",1395,1398,987,-408
BANC,"10/5/2015 3 a.m. PDT",1357,1359,934,-423
BANC,"10/5/2015 4 a.m. PDT",1345,1358,921,-424
BANC,"10/5/2015 5 a.m. PDT",1386,1392,965,-421
BANC,"10/5/2015 6 a.m. PDT",1492,1492,1097,-395
BANC,"10/5/2015 7 a.m. PDT",1686,1676,1070,-616
BANC,"10/5/2015 8 a.m. PDT",1740,1760,1086,-654
BANC,"10/5/2015 9 a.m. PDT",1790,1793,1120,-670
BANC,"10/5/2015 10 a.m. PDT",1846,1857,1187,-659
BANC,"10/5/2015 11 a.m. PDT",1923,1920,1284,-639
BANC,"10/5/2015 12 p.m. PDT",1986,1971,1382,-604
BANC,"10/5/2015 1 p.m. PDT",2035,2002,1422,-613
BANC,"10/5/2015 2 p.m. PDT",2110,2061,1526,-584
BANC,"10/5/2015 3 p.m. PDT",2171,2106,1424,-747
BANC,"10/5/2015 4 p.m. PDT",2233,2156,1487,-746
BANC,"10/5/2015 5 p.m. PDT",2279,2186,1564,-715
BANC,"10/5/2015 6 p.m. PDT",2300,2173,1656,-644
BANC,"10/5/2015 7 p.m. PDT",2259,2121,1622,-637
BANC,"10/5/2015 8 p.m. PDT",2301,2178,1629,-672
BANC,"10/5/2015 9 p.m. PDT",2210,2108,1563,-647
BANC,"10/5/2015 10 p.m. PDT",2061,1966,1398,-663
BANC,"10/5/2015 11 p.m. PDT",1867,1775,1377,-490
BANC,"10/6/2015 12 a.m. PDT",1673,1599,1178,-495
BANC,"10/6/2015 1 a.m. PDT",1563,1503,1092,-471
BANC,"10/6/2015 2 a.m. PDT",1481,1439,1043,-438
BANC,"10/6/2015 3 a.m. PDT",1438,1395,988,-450
BANC,"10/6/2015 4 a.m. PDT",1417,1372,971,-446
BANC,"10/6/2015 5 a.m. PDT",1452,1411,1007,-445
BANC,"10/6/2015 6 a.m. PDT",1557,1499,1090,-467
BANC,"10/6/2015 7 a.m. PDT",1742,1676,1105,-637
BANC,"10/6/2015 8 a.m. PDT",1803,1734,1131,-672
BANC,"10/6/2015 9 a.m. PDT",1831,1765,1098,-733
BANC,"10/6/2015 10 a.m. PDT",1893,1832,1175,-718
BANC,"10/6/2015 11 a.m. PDT",1982,1897,1238,-744
BANC,"10/6/2015 12 p.m. PDT",2027,1939,1255,-772
BANC,"10/6/2015 1 p.m. PDT",2107,1998,1261,-846
BANC,"10/6/2015 2 p.m. PDT",2185,2049,1369,-816
BANC,"10/6/2015 3 p.m. PDT",2272,2106,1484,-788
BANC,"10/6/2015 4 p.m. PDT",2337,2173,1548,-789
BANC,"10/6/2015 5 p.m. PDT",2407,2212,1556,-851
BANC,"10/6/2015 6 p.m. PDT",2404,2206,1585,-819
BANC,"10/6/2015 7 p.m. PDT",2357,2164,1556,-801
BANC,"10/6/2015 8 p.m. PDT",2381,2204,1575,-806
BANC,"10/6/2015 9 p.m. PDT",2260,2114,1525,-735
BANC,"10/6/2015 10 p.m. PDT",2108,1968,1376,-732
BANC,"10/6/2015 11 p.m. PDT",1914,1775,1245,-669
BANC,"10/7/2015 12 a.m. PDT",1721,1597,1163,-558
BANC,"10/7/2015 1 a.m. PDT",1579,1589,1123,-456
BANC,"10/7/2015 2 a.m. PDT",1501,1507,1040,-461
BANC,"10/7/2015 3 a.m. PDT",1453,1454,991,-462
BANC,"10/7/2015 4 a.m. PDT",1438,1439,959,-479
BANC,"10/7/2015 5 a.m. PDT",1461,1457,997,-464
BANC,"10/7/2015 6 a.m. PDT",1576,1555,1081,-495
BANC,"10/7/2015 7 a.m. PDT",1744,1732,1068,-676
BANC,"10/7/2015 8 a.m. PDT",1806,1804,1132,-674
BANC,"10/7/2015 9 a.m. PDT",1821,1835,1125,-696
BANC,"10/7/2015 10 a.m. PDT",1886,1901,1189,-697
BANC,"10/7/2015 11 a.m. PDT",1963,1971,1249,-714
BANC,"10/7/2015 12 p.m. PDT",2050,2042,1313,-737
BANC,"10/7/2015 1 p.m. PDT",2123,2102,1363,-760
BANC,"10/7/2015 2 p.m. PDT",2242,2167,1493,-749
BANC,"10/7/2015 3 p.m. PDT",2358,2232,1617,-741
BANC,"10/7/2015 4 p.m. PDT",2444,2292,1690,-754
BANC,"10/7/2015 5 p.m. PDT",2480,2347,1749,-731
BANC,"10/7/2015 6 p.m. PDT",2470,2331,1720,-750
BANC,"10/7/2015 7 p.m. PDT",2439,2303,1693,-746
BANC,"10/7/2015 8 p.m. PDT",2490,2351,1653,-837
BANC,"10/7/2015 9 p.m. PDT",2405,2253,1602,-803
BANC,"10/7/2015 10 p.m. PDT",2224,2105,1465,-759
BANC,"10/7/2015 11 p.m. PDT",2024,1908,1397,-627
BANC,"10/8/2015 12 a.m. PDT",1806,1724,1217,-589
BANC,"10/8/2015 1 a.m. PDT",1645,1596,1093,-552
BANC,"10/8/2015 2 a.m. PDT",1562,1508,1053,-509
BANC,"10/8/2015 3 a.m. PDT",1503,1467,1039,-464
BANC,"10/8/2015 4 a.m. PDT",1475,1449,998,-477
BANC,"10/8/2015 5 a.m. PDT",1504,1473,1004,-500
BANC,"10/8/2015 6 a.m. PDT",1612,1569,1099,-513
BANC,"10/8/2015 7 a.m. PDT",1807,1733,1228,-579
BANC,"10/8/2015 8 a.m. PDT",1870,1795,1262,-608
BANC,"10/8/2015 9 a.m. PDT",1900,1837,1292,-608
BANC,"10/8/2015 10 a.m. PDT",1985,1922,1362,-623
BANC,"10/8/2015 11 a.m. PDT",2066,1995,1290,-776
BANC,"10/8/2015 12 p.m. PDT",2172,2055,1402,-770
BANC,"10/8/2015 1 p.m. PDT",2324,2150,1422,-902
BANC,"10/8/2015 2 p.m. PDT",2455,2255,1473,-982
BANC,"10/8/2015 3 p.m. PDT",2565,2341,1458,-1107
BANC,"10/8/2015 4 p.m. PDT",2707,2447,1632,-1075
BANC,"10/8/2015 5 p.m. PDT",2752,2503,1769,-983
BANC,"10/8/2015 6 p.m. PDT",2709,2510,1680,-1029
BANC,"10/8/2015 7 p.m. PDT",2647,2447,1739,-908
BANC,"10/8/2015 8 p.m. PDT",2637,2429,1806,-831
BANC,"10/8/2015 9 p.m. PDT",2512,2299,1720,-792
BANC,"10/8/2015 10 p.m. PDT",2297,2140,1642,-655
BANC,"10/8/2015 11 p.m. PDT",2063,1933,1365,-698
BANC,"10/9/2015 12 a.m. PDT",1844,1741,1150,-694
BANC,"10/9/2015 1 a.m. PDT",1680,1647,1067,-613
BANC,"10/9/2015 2 a.m. PDT",1584,1545,1006,-578
BANC,"10/9/2015 3 a.m. PDT",1509,1490,979,-530
BANC,"10/9/2015 4 a.m. PDT",1486,1466,941,-545
BANC,"10/9/2015 5 a.m. PDT",1499,1493,932,-567
BANC,"10/9/2015 6 a.m. PDT",1604,1591,993,-611
BANC,"10/9/2015 7 a.m. PDT",1790,1769,1060,-730
BANC,"10/9/2015 8 a.m. PDT",1833,1835,1125,-708
BANC,"10/9/2015 9 a.m. PDT",1879,1884,1130,-749
BANC,"10/9/2015 10 a.m. PDT",1963,1974,1165,-798
BANC,"10/9/2015 11 a.m. PDT",2083,2064,1312,-771
BANC,"10/9/2015 12 p.m. PDT",2185,2152,1390,-795
BANC,"10/9/2015 1 p.m. PDT",2312,2251,1374,-938
BANC,"10/9/2015 2 p.m. PDT",2505,2376,1525,-980
BANC,"10/9/2015 3 p.m. PDT",2665,2501,1707,-958
BANC,"10/9/2015 4 p.m. PDT",2817,2615,1812,-1005
BANC,"10/9/2015 5 p.m. PDT",2874,2697,1890,-984
BANC,"10/9/2015 6 p.m. PDT",2810,2682,1853,-957
BANC,"10/9/2015 7 p.m. PDT",2642,2588,1808,-834
BANC,"10/9/2015 8 p.m. PDT",2547,2532,1769,-778
BANC,"10/9/2015 9 p.m. PDT",2413,2401,1630,-783
BANC,"10/9/2015 10 p.m. PDT",2232,2209,1574,-658
BANC,"10/9/2015 11 p.m. PDT",2028,1994,1393,-635
BANC,"10/10/2015 12 a.m. PDT",1825,1789,1299,-526
BANC,"10/10/2015 1 a.m. PDT",1667,1615,1095,-572
BANC,"10/10/2015 2 a.m. PDT",1557,1519,1029,-528
BANC,"10/10/2015 3 a.m. PDT",1504,1453,983,-521
BANC,"10/10/2015 4 a.m. PDT",1454,1423,963,-491
BANC,"10/10/2015 5 a.m. PDT",1448,1418,952,-496
BANC,"10/10/2015 6 a.m. PDT",1477,1450,976,-501
BANC,"10/10/2015 7 a.m. PDT",1540,1518,988,-552
BANC,"10/10/2015 8 a.m. PDT",1558,1543,1008,-550
BANC,"10/10/2015 9 a.m. PDT",1631,1638,1045,-586
BANC,"10/10/2015 10 a.m. PDT",1721,1741,1105,-616
BANC,"10/10/2015 11 a.m. PDT",1827,1839,1191,-636
BANC,"10/10/2015 12 p.m. PDT",1917,1923,1282,-635
BANC,"10/10/2015 1 p.m. PDT",2028,2009,1251,-777
BANC,"10/10/2015 2 p.m. PDT",2160,2105,1323,-837
BANC,"10/10/2015 3 p.m. PDT",2308,2221,1436,-872
BANC,"10/10/2015 4 p.m. PDT",2465,2342,1677,-788
BANC,"10/10/2015 5 p.m. PDT",2547,2412,1754,-793
BANC,"10/10/2015 6 p.m. PDT",2548,2401,1835,-713
BANC,"10/10/2015 7 p.m. PDT",2467,2350,1824,-643
BANC,"10/10/2015 8 p.m. PDT",2406,2330,1724,-682
BANC,"10/10/2015 9 p.m. PDT",2266,2209,1605,-661
BANC,"10/10/2015 10 p.m. PDT",2110,2069,1400,-710
BANC,"10/10/2015 11 p.m. PDT",1931,1896,1385,-546
BANC,"10/11/2015 12 a.m. PDT",1759,1731,1180,-579
BANC,"10/11/2015 1 a.m. PDT",1642,1586,957,-685
BANC,"10/11/2015 2 a.m. PDT",1536,1498,862,-674
BANC,"10/11/2015 3 a.m. PDT",1483,1434,822,-661
BANC,"10/11/2015 4 a.m. PDT",1423,1405,829,-594
BANC,"10/11/2015 5 a.m. PDT",1419,1400,797,-622
BANC,"10/11/2015 6 a.m. PDT",1447,1424,817,-630
BANC,"10/11/2015 7 a.m. PDT",1482,1473,846,-636
BANC,"10/11/2015 8 a.m. PDT",1491,1477,893,-598
BANC,"10/11/2015 9 a.m. PDT",1548,1582,902,-646
BANC,"10/11/2015 10 a.m. PDT",1653,1661,967,-686
BANC,"10/11/2015 11 a.m. PDT",1745,1741,1044,-701
BANC,"10/11/2015 12 p.m. PDT",1846,1817,1124,-722
BANC,"10/11/2015 1 p.m. PDT",1942,1894,1201,-741
BANC,"10/11/2015 2 p.m. PDT",2078,1982,1266,-812
BANC,"10/11/2015 3 p.m. PDT",2232,2096,1364,-868
BANC,"10/11/2015 4 p.m. PDT",2375,2207,1474,-901
BANC,"10/11/2015 5 p.m. PDT",2525,2296,1585,-940
BANC,"10/11/2015 6 p.m. PDT",2567,2359,1580,-987
BANC,"10/11/2015 7 p.m. PDT",2519,2354,1607,-912
BANC,"10/11/2015 8 p.m. PDT",2484,2394,1567,-917
BANC,"10/11/2015 9 p.m. PDT",2341,2288,1470,-871
BANC,"10/11/2015 10 p.m. PDT",2170,2128,1399,-771
BANC,"10/11/2015 11 p.m. PDT",1949,1923,1264,-685
BANC,"10/12/2015 12 a.m. PDT",1744,1720,1078,-666
BANC,"10/12/2015 1 a.m. PDT",1592,1628,921,-671
BANC,"10/12/2015 2 a.m. PDT",1503,1536,875,-628
BANC,"10/12/2015 3 a.m. PDT",1446,1472,843,-603
BANC,"10/12/2015 4 a.m. PDT",1438,1449,822,-616
BANC,"10/12/2015 5 a.m. PDT",1461,1490,850,-611
BANC,"10/12/2015 6 a.m. PDT",1563,1592,972,-591
BANC,"10/12/2015 7 a.m. PDT",1755,1778,1020,-735
BANC,"10/12/2015 8 a.m. PDT",1831,1851,1071,-760
BANC,"10/12/2015 9 a.m. PDT",1861,1914,1046,-815
BANC,"10/12/2015 10 a.m. PDT",1948,1992,1013,-935
BANC,"10/12/2015 11 a.m. PDT",2049,2100,1096,-953
BANC,"10/12/2015 12 p.m. PDT",2169,2188,1169,-1000
BANC,"10/12/2015 1 p.m. PDT",2279,2286,1165,-1114
BANC,"10/12/2015 2 p.m. PDT",2464,2417,1306,-1158
BANC,"10/12/2015 3 p.m. PDT",3658,2548,2528,-1130
BANC,"10/12/2015 4 p.m. PDT",2826,2661,1670,-1156
BANC,"10/12/2015 5 p.m. PDT",2948,2738,1778,-1170
BANC,"10/12/2015 6 p.m. PDT",2977,2722,1882,-1095
BANC,"10/12/2015 7 p.m. PDT",2851,2620,1909,-942
BANC,"10/12/2015 8 p.m. PDT",2760,2592,1775,-985
BANC,"10/12/2015 9 p.m. PDT",2567,2471,1557,-1010
BANC,"10/12/2015 10 p.m. PDT",2336,2263,1527,-809
BANC,"10/12/2015 11 p.m. PDT",2082,2037,1343,-739
BANC,"10/13/2015 12 a.m. PDT",1856,1828,1089,-767
BANC,"10/13/2015 1 a.m. PDT",1692,1709,956,-736
BANC,"10/13/2015 2 a.m. PDT",1592,1605,886,-706
BANC,"10/13/2015 3 a.m. PDT",1529,1539,836,-693
BANC,"10/13/2015 4 a.m. PDT",1508,1503,839,-669
BANC,"10/13/2015 5 a.m. PDT",1532,1536,877,-655
BANC,"10/13/2015 6 a.m. PDT",1630,1632,913,-717
BANC,"10/13/2015 7 a.m. PDT",1846,1815,1016,-830
BANC,"10/13/2015 8 a.m. PDT",1901,1880,1035,-866
BANC,"10/13/2015 9 a.m. PDT",1952,1939,1005,-947
BANC,"10/13/2015 10 a.m. PDT",2033,2040,1054,-979
BANC,"10/13/2015 11 a.m. PDT",2147,2152,1094,-1053
BANC,"10/13/2015 12 p.m. PDT",2267,2265,1145,-1122
BANC,"10/13/2015 1 p.m. PDT",2424,2409,1195,-1229
BANC,"10/13/2015 2 p.m. PDT",2638,2586,1373,-1265
BANC,"10/13/2015 3 p.m. PDT",2831,2773,1551,-1280
BANC,"10/13/2015 4 p.m. PDT",3018,2947,1746,-1272
BANC,"10/13/2015 5 p.m. PDT",3120,3057,1880,-1240
BANC,"10/13/2015 6 p.m. PDT",3116,3052,2015,-1101
BANC,"10/13/2015 7 p.m. PDT",2975,2906,1936,-1039
BANC,"10/13/2015 8 p.m. PDT",2899,2823,1845,-1054
BANC,"10/13/2015 9 p.m. PDT",2714,2655,1639,-1075
BANC,"10/13/2015 10 p.m. PDT",2482,2411,1441,-1041
BANC,"10/13/2015 11 p.m. PDT",2189,2151,1308,-881
BANC,"10/14/2015 12 a.m. PDT",1929,1919,1107,-822
BANC,"10/14/2015 1 a.m. PDT",1754,1716,966,-788
BANC,"10/14/2015 2 a.m. PDT",1642,1603,917,-725
BANC,"10/14/2015 3 a.m. PDT",1567,1537,879,-688
BANC,"10/14/2015 4 a.m. PDT",1544,1507,874,-670
BANC,"10/14/2015 5 a.m. PDT",1563,1533,882,-681
BANC,"10/14/2015 6 a.m. PDT",1668,1630,950,-718
BANC,"10/14/2015 7 a.m. PDT",1872,1811,995,-877
BANC,"10/14/2015 8 a.m. PDT",1935,1878,1019,-916
BANC,"10/14/2015 9 a.m. PDT",1953,1932,1034,-919
BANC,"10/14/2015 10 a.m. PDT",2039,2025,1052,-987
BANC,"10/14/2015 11 a.m. PDT",2143,2139,1128,-1015
BANC,"10/14/2015 12 p.m. PDT",2263,2241,1221,-1042
BANC,"10/14/2015 1 p.m. PDT",2353,2380,1280,-1073
BANC,"10/14/2015 2 p.m. PDT",2533,2590,1366,-1167
BANC,"10/14/2015 3 p.m. PDT",2719,2733,1595,-1124
BANC,"10/14/2015 4 p.m. PDT",2856,2896,1736,-1120
BANC,"10/14/2015 5 p.m. PDT",2960,3000,1786,-1174
BANC,"10/14/2015 6 p.m. PDT",2914,2988,1689,-1225
BANC,"10/14/2015 7 p.m. PDT",2811,2851,1793,-1018
BANC,"10/14/2015 8 p.m. PDT",2776,2770,1684,-1092
BANC,"10/14/2015 9 p.m. PDT",2623,2605,1623,-1000
BANC,"10/14/2015 10 p.m. PDT",2401,2367,1475,-926
BANC,"10/14/2015 11 p.m. PDT",2147,2111,1229,-918
BANC,"10/15/2015 12 a.m. PDT",1914,1878,1143,-771
BANC,"10/15/2015 1 a.m. PDT",1743,1593,1030,-713
BANC,"10/15/2015 2 a.m. PDT",1636,1495,984,-652
BANC,"10/15/2015 3 a.m. PDT",1566,1438,899,-667
BANC,"10/15/2015 4 a.m. PDT",1537,1420,877,-660
BANC,"10/15/2015 5 a.m. PDT",1562,1443,946,-616
BANC,"10/15/2015 6 a.m. PDT",1650,1535,995,-655
BANC,"10/15/2015 7 a.m. PDT",1865,1718,1047,-818
BANC,"10/15/2015 8 a.m. PDT",1938,1779,1070,-868
BANC,"10/15/2015 9 a.m. PDT",1965,1823,1106,-859
BANC,"10/15/2015 10 a.m. PDT",2062,1900,1167,-895
BANC,"10/15/2015 11 a.m. PDT",2180,1990,1258,-922
BANC,"10/15/2015 12 p.m. PDT",2291,2078,1316,-975
BANC,"10/15/2015 1 p.m. PDT",2412,2169,1421,-991
BANC,"10/15/2015 2 p.m. PDT",2497,2293,1435,-1062
BANC,"10/15/2015 3 p.m. PDT",2593,2415,1552,-1041
BANC,"10/15/2015 4 p.m. PDT",2657,2531,1668,-989
BANC,"10/15/2015 5 p.m. PDT",2675,2601,1744,-931
BANC,"10/15/2015 6 p.m. PDT",2625,2575,1726,-899
BANC,"10/15/2015 7 p.m. PDT",2584,2471,1764,-820
BANC,"10/15/2015 8 p.m. PDT",2545,2437,1638,-907
BANC,"10/15/2015 9 p.m. PDT",2414,2296,1554,-860
BANC,"10/15/2015 10 p.m. PDT",2229,2112,1395,-834
BANC,"10/15/2015 11 p.m. PDT",2008,1907,1244,-764
BANC,"10/16/2015 12 a.m. PDT",1804,1710,1140,-664
BANC,"10/16/2015 1 a.m. PDT",1660,1595,1112,-548
BANC,"10/16/2015 2 a.m. PDT",1577,1509,1026,-551
BANC,"10/16/2015 3 a.m. PDT",1515,1462,977,-538
BANC,"10/16/2015 4 a.m. PDT",1501,1437,964,-537
BANC,"10/16/2015 5 a.m. PDT",1533,1466,998,-535
BANC,"10/16/2015 6 a.m. PDT",1633,1547,1087,-546
BANC,"10/16/2015 7 a.m. PDT",1830,1723,1129,-701
BANC,"10/16/2015 8 a.m. PDT",1913,1766,1203,-710
BANC,"10/16/2015 9 a.m. PDT",1927,1798,1183,-744
BANC,"10/16/2015 10 a.m. PDT",2002,1868,1237,-765
BANC,"10/16/2015 11 a.m. PDT",2100,1946,1327,-773
BANC,"10/16/2015 12 p.m. PDT",2202,2030,1391,-811
BANC,"10/16/2015 1 p.m. PDT",2329,2106,1492,-837
BANC,"10/16/2015 2 p.m. PDT",2466,2221,1605,-861
BANC,"10/16/2015 3 p.m. PDT",2610,2329,1746,-864
BANC,"10/16/2015 4 p.m. PDT",2744,2422,1847,-897
BANC,"10/16/2015 5 p.m. PDT",2789,2456,2013,-776
BANC,"10/16/2015 6 p.m. PDT",2764,2423,2048,-716
BANC,"10/16/2015 7 p.m. PDT",2651,2374,1987,-664
BANC,"10/16/2015 8 p.m. PDT",2587,2376,1823,-764
BANC,"10/16/2015 9 p.m. PDT",2431,2275,1704,-727
BANC,"10/16/2015 10 p.m. PDT",2245,2092,1438,-807
BANC,"10/16/2015 11 p.m. PDT",2042,1920,1331,-711
BANC,"10/17/2015 12 a.m. PDT",1828,1690,1203,-625
BANC,"10/17/2015 1 a.m. PDT",1684,1600,1139,-545
BANC,"10/17/2015 2 a.m. PDT",1587,1512,1065,-522
BANC,"10/17/2015 3 a.m. PDT",1514,1452,1004,-510
BANC,"10/17/2015 4 a.m. PDT",1460,1419,962,-498
BANC,"10/17/2015 5 a.m. PDT",1460,1418,954,-506
BANC,"10/17/2015 6 a.m. PDT",1476,1444,959,-517
BANC,"10/17/2015 7 a.m. PDT",1558,1526,979,-579
BANC,"10/17/2015 8 a.m. PDT",1614,1555,1025,-589
BANC,"10/17/2015 9 a.m. PDT",1661,1634,1069,-592
BANC,"10/17/2015 10 a.m. PDT",1730,1721,1115,-615
BANC,"10/17/2015 11 a.m. PDT",1780,1799,1134,-646
BANC,"10/17/2015 12 p.m. PDT",1803,1853,1140,-663
BANC,"10/17/2015 1 p.m. PDT",1799,1906,1130,-669
BANC,"10/17/2015 2 p.m. PDT",1813,1960,1191,-622
BANC,"10/17/2015 3 p.m. PDT",1805,2052,1261,-544
BANC,"10/17/2015 4 p.m. PDT",1833,2134,1334,-499
BANC,"10/17/2015 5 p.m. PDT",1867,2194,1451,-416
BANC,"10/17/2015 6 p.m. PDT",1901,2179,1558,-343
BANC,"10/17/2015 7 p.m. PDT",1959,2119,1614,-345
BANC,"10/17/2015 8 p.m. PDT",2003,2120,1549,-454
BANC,"10/17/2015 9 p.m. PDT",1962,2038,1494,-468
BANC,"10/17/2015 10 p.m. PDT",1869,1947,1299,-570
BANC,"10/17/2015 11 p.m. PDT",1752,1822,1164,-588
BANC,"10/18/2015 12 a.m. PDT",1623,1664,1078,-545
BANC,"10/18/2015 1 a.m. PDT",1520,1527,751,-769
BANC,"10/18/2015 2 a.m. PDT",1436,1459,668,-768
BANC,"10/18/2015 3 a.m. PDT",1393,1411,627,-766
BANC,"10/18/2015 4 a.m. PDT",1365,1385,612,-753
BANC,"10/18/2015 5 a.m. PDT",1365,1376,608,-757
BANC,"10/18/2015 6 a.m. PDT",1393,1402,647,-746
BANC,"10/18/2015 7 a.m. PDT",1435,1453,703,-732
BANC,"10/18/2015 8 a.m. PDT",1456,1456,688,-768
BANC,"10/18/2015 9 a.m. PDT",1504,1528,710,-794
BANC,"10/18/2015 10 a.m. PDT",1583,1620,734,-849
BANC,"10/18/2015 11 a.m. PDT",1650,1687,738,-912
BANC,"10/18/2015 12 p.m. PDT",1695,1741,773,-922
BANC,"10/18/2015 1 p.m. PDT",1717,1778,813,-904
BANC,"10/18/2015 2 p.m. PDT",1723,1820,793,-930
BANC,"10/18/2015 3 p.m. PDT",1740,1876,870,-870
BANC,"10/18/2015 4 p.m. PDT",1781,1947,968,-813
BANC,"10/18/2015 5 p.m. PDT",1842,1998,1054,-788
BANC,"10/18/2015 6 p.m. PDT",1885,2045,1159,-726
BANC,"10/18/2015 7 p.m. PDT",1974,2078,1252,-722
BANC,"10/18/2015 8 p.m. PDT",2037,2140,1187,-850
BANC,"10/18/2015 9 p.m. PDT",1984,2064,1149,-835
BANC,"10/18/2015 10 p.m. PDT",1859,1950,963,-896
BANC,"10/18/2015 11 p.m. PDT",1698,1790,766,-932
BANC,"10/19/2015 12 a.m. PDT",1549,1613,759,-790
BANC,"10/19/2015 1 a.m. PDT",1447,1503,685,-762
BANC,"10/19/2015 2 a.m. PDT",1388,1429,624,-764
BANC,"10/19/2015 3 a.m. PDT",1343,1388,580,-763
BANC,"10/19/2015 4 a.m. PDT",1349,1376,594,-755
BANC,"10/19/2015 5 a.m. PDT",1389,1413,626,-763
BANC,"10/19/2015 6 a.m. PDT",1493,1519,728,-765
BANC,"10/19/2015 7 a.m. PDT",1689,1714,763,-926
BANC,"10/19/2015 8 a.m. PDT",1776,1809,789,-987
BANC,"10/19/2015 9 a.m. PDT",1783,1839,829,-954
BANC,"10/19/2015 10 a.m. PDT",1845,1902,843,-1002
BANC,"10/19/2015 11 a.m. PDT",1883,1982,800,-1083
BANC,"10/19/2015 12 p.m. PDT",1922,2043,841,-1081
BANC,"10/19/2015 1 p.m. PDT",1961,2098,885,-1076
BANC,"10/19/2015 2 p.m. PDT",1993,2164,952,-1041
BANC,"10/19/2015 3 p.m. PDT",2042,2212,1058,-984
BANC,"10/19/2015 4 p.m. PDT",2059,2250,1211,-848
BANC,"10/19/2015 5 p.m. PDT",2087,2281,1348,-739
BANC,"10/19/2015 6 p.m. PDT",2071,2272,1397,-674
BANC,"10/19/2015 7 p.m. PDT",2145,2263,1380,-765
BANC,"10/19/2015 8 p.m. PDT",2169,2304,1292,-877
BANC,"10/19/2015 9 p.m. PDT",2086,2212,1193,-893
BANC,"10/19/2015 10 p.m. PDT",1939,2064,986,-953
BANC,"10/19/2015 11 p.m. PDT",1765,1878,858,-907
BANC,"10/20/2015 12 a.m. PDT",1603,1693,793,-810
BANC,"10/20/2015 1 a.m. PDT",1503,1549,796,-707
BANC,"10/20/2015 2 a.m. PDT",1428,1461,731,-697
BANC,"10/20/2015 3 a.m. PDT",1403,1420,768,-635
BANC,"10/20/2015 4 a.m. PDT",1380,1408,741,-639
BANC,"10/20/2015 5 a.m. PDT",1413,1436,751,-662
BANC,"10/20/2015 6 a.m. PDT",1517,1558,827,-690
BANC,"10/20/2015 7 a.m. PDT",1716,1738,972,-744
BANC,"10/20/2015 8 a.m. PDT",1795,1819,1051,-744
BANC,"10/20/2015 9 a.m. PDT",1777,1844,1029,-748
BANC,"10/20/2015 10 a.m. PDT",1806,1913,1016,-790
BANC,"10/20/2015 11 a.m. PDT",1863,1985,1058,-805
BANC,"10/20/2015 12 p.m. PDT",1910,2063,1106,-804
BANC,"10/20/2015 1 p.m. PDT",1968,2127,1156,-812
BANC,"10/20/2015 2 p.m. PDT",2037,2210,1272,-765
BANC,"10/20/2015 3 p.m. PDT",2082,2290,1334,-748
BANC,"10/20/2015 4 p.m. PDT",2126,2357,1456,-670
BANC,"10/20/2015 5 p.m. PDT",2150,2407,1466,-684
BANC,"10/20/2015 6 p.m. PDT",2159,2388,1494,-665
BANC,"10/20/2015 7 p.m. PDT",2175,2344,1490,-685
BANC,"10/20/2015 8 p.m. PDT",2201,2364,1448,-753
BANC,"10/20/2015 9 p.m. PDT",2128,2258,1351,-777
BANC,"10/20/2015 10 p.m. PDT",1994,2104,1207,-787
BANC,"10/20/2015 11 p.m. PDT",1819,1912,1047,-772
BANC,"10/21/2015 12 a.m. PDT",1635,1725,948,-687
BANC,"10/21/2015 1 a.m. PDT",1519,1557,942,-577
BANC,"10/21/2015 2 a.m. PDT",1442,1481,854,-588
BANC,"10/21/2015 3 a.m. PDT",1396,1435,799,-597
BANC,"10/21/2015 4 a.m. PDT",1377,1415,1124,-253
BANC,"10/21/2015 5 a.m. PDT",1401,1448,1171,-230
BANC,"10/21/2015 6 a.m. PDT",1517,1550,1311,-206
BANC,"10/21/2015 7 a.m. PDT",1695,1741,1540,-155
BANC,"10/21/2015 8 a.m. PDT",1780,1814,1123,-657
BANC,"10/21/2015 9 a.m. PDT",1783,1838,983,-800
BANC,"10/21/2015 10 a.m. PDT",1823,1906,1038,-785
BANC,"10/21/2015 11 a.m. PDT",1867,1978,1076,-791
BANC,"10/21/2015 12 p.m. PDT",1917,2041,1143,-774
BANC,"10/21/2015 1 p.m. PDT",1968,2095,1189,-779
BANC,"10/21/2015 2 p.m. PDT",2006,2163,1213,-793
BANC,"10/21/2015 3 p.m. PDT",2067,2234,1305,-762
BANC,"10/21/2015 4 p.m. PDT",2119,2291,1405,-714
BANC,"10/21/2015 5 p.m. PDT",2165,2327,1500,-665
BANC,"10/21/2015 6 p.m. PDT",2161,2314,1540,-621
BANC,"10/21/2015 7 p.m. PDT",2187,2300,1663,-524
BANC,"10/21/2015 8 p.m. PDT",2185,2339,1610,-575
BANC,"10/21/2015 9 p.m. PDT",2113,2249,1487,-626
BANC,"10/21/2015 10 p.m. PDT",1969,2085,1229,-740
BANC,"10/21/2015 11 p.m. PDT",1796,1891,1153,-643
BANC,"10/22/2015 12 a.m. PDT",1634,1716,1021,-613
BANC,"10/22/2015 1 a.m. PDT",1520,1516,930,-590
BANC,"10/22/2015 2 a.m. PDT",1438,1438,903,-535
BANC,"10/22/2015 3 a.m. PDT",1410,1401,883,-527
BANC,"10/22/2015 4 a.m. PDT",1394,1391,835,-559
BANC,"10/22/2015 5 a.m. PDT",1425,1418,923,-502
BANC,"10/22/2015 6 a.m. PDT",1527,1523,973,-554
BANC,"10/22/2015 7 a.m. PDT",1725,1716,981,-744
BANC,"10/22/2015 8 a.m. PDT",1819,1801,1062,-757
BANC,"10/22/2015 9 a.m. PDT",1808,1798,1063,-745
BANC,"10/22/2015 10 a.m. PDT",1844,1850,1076,-768
BANC,"10/22/2015 11 a.m. PDT",1918,1905,1082,-836
BANC,"10/22/2015 12 p.m. PDT",1965,1959,1130,-835
BANC,"10/22/2015 1 p.m. PDT",2025,2015,1111,-914
BANC,"10/22/2015 2 p.m. PDT",2087,2085,1185,-902
BANC,"10/22/2015 3 p.m. PDT",2140,2129,1249,-891
BANC,"10/22/2015 4 p.m. PDT",2175,2170,1339,-836
BANC,"10/22/2015 5 p.m. PDT",2212,2191,1458,-754
BANC,"10/22/2015 6 p.m. PDT",2166,2211,1478,-688
BANC,"10/22/2015 7 p.m. PDT",2191,2215,1656,-535
BANC,"10/22/2015 8 p.m. PDT",2205,2253,1555,-650
BANC,"10/22/2015 9 p.m. PDT",2121,2173,1462,-659
BANC,"10/22/2015 10 p.m. PDT",1984,2041,1258,-726
BANC,"10/22/2015 11 p.m. PDT",1808,1857,1119,-689
BANC,"10/23/2015 12 a.m. PDT",1629,1674,999,-630
BANC,"10/23/2015 1 a.m. PDT",1514,1519,959,-555
BANC,"10/23/2015 2 a.m. PDT",1446,1447,897,-549
BANC,"10/23/2015 3 a.m. PDT",1397,1405,851,-546
BANC,"10/23/2015 4 a.m. PDT",1380,1389,817,-563
BANC,"10/23/2015 5 a.m. PDT",1414,1420,853,-561
BANC,"10/23/2015 6 a.m. PDT",1511,1522,969,-542
BANC,"10/23/2015 7 a.m. PDT",1690,1705,1014,-676
BANC,"10/23/2015 8 a.m. PDT",1770,1792,1074,-696
BANC,"10/23/2015 9 a.m. PDT",1786,1805,1074,-712
BANC,"10/23/2015 10 a.m. PDT",1832,1846,1115,-717
BANC,"10/23/2015 11 a.m. PDT",1882,1904,1147,-735
BANC,"10/23/2015 12 p.m. PDT",1932,1948,1221,-711
BANC,"10/23/2015 1 p.m. PDT",1981,1996,1220,-761
BANC,"10/23/2015 2 p.m. PDT",2018,2053,1254,-764
BANC,"10/23/2015 3 p.m. PDT",2047,2092,1308,-739
BANC,"10/23/2015 4 p.m. PDT",2051,2132,1374,-677
BANC,"10/23/2015 5 p.m. PDT",2043,2151,1424,-619
BANC,"10/23/2015 6 p.m. PDT",2060,2146,1464,-596
BANC,"10/23/2015 7 p.m. PDT",2098,2148,1637,-461
BANC,"10/23/2015 8 p.m. PDT",2095,2175,1584,-511
BANC,"10/23/2015 9 p.m. PDT",2027,2101,1408,-619
BANC,"10/23/2015 10 p.m. PDT",1922,1979,1310,-612
BANC,"10/23/2015 11 p.m. PDT",1772,1806,1127,-645
BANC,"10/24/2015 12 a.m. PDT",1633,1637,996,-637
BANC,"10/24/2015 1 a.m. PDT",1517,1574,956,-561
BANC,"10/24/2015 2 a.m. PDT",1437,1491,889,-548
BANC,"10/24/2015 3 a.m. PDT",1392,1435,842,-550
BANC,"10/24/2015 4 a.m. PDT",1365,1396,825,-540
BANC,"10/24/2015 5 a.m. PDT",1379,1393,868,-511
BANC,"10/24/2015 6 a.m. PDT",1407,1426,885,-522
BANC,"10/24/2015 7 a.m. PDT",1477,1490,889,-588
BANC,"10/24/2015 8 a.m. PDT",1521,1520,923,-598
BANC,"10/24/2015 9 a.m. PDT",1574,1593,936,-638
BANC,"10/24/2015 10 a.m. PDT",1655,1677,1014,-641
BANC,"10/24/2015 11 a.m. PDT",1698,1745,1002,-696
BANC,"10/24/2015 12 p.m. PDT",1732,1790,1001,-731
BANC,"10/24/2015 1 p.m. PDT",1742,1808,1003,-739
BANC,"10/24/2015 2 p.m. PDT",1771,1833,1060,-711
BANC,"10/24/2015 3 p.m. PDT",1806,1854,1085,-721
BANC,"10/24/2015 4 p.m. PDT",1854,1893,1257,-597
BANC,"10/24/2015 5 p.m. PDT",1876,1923,1351,-525
BANC,"10/24/2015 6 p.m. PDT",1895,1942,1347,-548
BANC,"10/24/2015 7 p.m. PDT",1983,2003,1510,-473
BANC,"10/24/2015 8 p.m. PDT",1981,2026,1482,-499
BANC,"10/24/2015 9 p.m. PDT",1919,1969,1369,-550
BANC,"10/24/2015 10 p.m. PDT",1842,1877,1237,-605
BANC,"10/24/2015 11 p.m. PDT",1712,1746,1068,-644
BANC,"10/25/2015 12 a.m. PDT",1581,1603,934,-647
BANC,"10/25/2015 1 a.m. PDT",1480,1462,927,-553
BANC,"10/25/2015 2 a.m. PDT",1415,1398,915,-500
BANC,"10/25/2015 3 a.m. PDT",1366,1338,844,-522
BANC,"10/25/2015 4 a.m. PDT",1345,1312,842,-503
BANC,"10/25/2015 5 a.m. PDT",1337,1316,833,-504
BANC,"10/25/2015 6 a.m. PDT",1372,1342,901,-471
BANC,"10/25/2015 7 a.m. PDT",1428,1389,961,-467
BANC,"10/25/2015 8 a.m. PDT",1479,1423,962,-517
BANC,"10/25/2015 9 a.m. PDT",1523,1510,972,-551
BANC,"10/25/2015 10 a.m. PDT",1600,1609,947,-653
BANC,"10/25/2015 11 a.m. PDT",1657,1679,975,-682
BANC,"10/25/2015 12 p.m. PDT",1675,1714,936,-739
BANC,"10/25/2015 1 p.m. PDT",1698,1753,999,-699
BANC,"10/25/2015 2 p.m. PDT",1733,1776,993,-740
BANC,"10/25/2015 3 p.m. PDT",1779,1808,1034,-745
BANC,"10/25/2015 4 p.m. PDT",1839,1852,1103,-736
BANC,"10/25/2015 5 p.m. PDT",1899,1876,1187,-712
BANC,"10/25/2015 6 p.m. PDT",1961,1919,1445,-516
BANC,"10/25/2015 7 p.m. PDT",2049,2009,1443,-606
BANC,"10/25/2015 8 p.m. PDT",2071,2065,1422,-649
BANC,"10/25/2015 9 p.m. PDT",1997,2005,1339,-658
BANC,"10/25/2015 10 p.m. PDT",1880,1882,1175,-705
BANC,"10/25/2015 11 p.m. PDT",1709,1720,986,-723
BANC,"10/26/2015 12 a.m. PDT",1560,1557,904,-656
BANC,"10/26/2015 1 a.m. PDT",1456,1445,859,-597
BANC,"10/26/2015 2 a.m. PDT",1383,1386,791,-592
BANC,"10/26/2015 3 a.m. PDT",1352,1348,770,-582
BANC,"10/26/2015 4 a.m. PDT",1347,1356,760,-587
BANC,"10/26/2015 5 a.m. PDT",1379,1379,801,-578
BANC,"10/26/2015 6 a.m. PDT",1481,1494,924,-557
BANC,"10/26/2015 7 a.m. PDT",1687,1684,971,-716
BANC,"10/26/2015 8 a.m. PDT",1779,1760,1034,-745
BANC,"10/26/2015 9 a.m. PDT",1772,1795,890,-882
BANC,"10/26/2015 10 a.m. PDT",1817,1845,929,-888
BANC,"10/26/2015 11 a.m. PDT",1869,1910,970,-899
BANC,"10/26/2015 12 p.m. PDT",1933,1946,995,-938
BANC,"10/26/2015 1 p.m. PDT",1975,1980,991,-984
BANC,"10/26/2015 2 p.m. PDT",2036,2010,1039,-997
BANC,"10/26/2015 3 p.m. PDT",2070,2040,1030,-1040
BANC,"10/26/2015 4 p.m. PDT",2109,2070,1087,-1022
BANC,"10/26/2015 5 p.m. PDT",2140,2092,1275,-865
BANC,"10/26/2015 6 p.m. PDT",2141,2086,1386,-755
BANC,"10/26/2015 7 p.m. PDT",2190,2083,1515,-675
BANC,"10/26/2015 8 p.m. PDT",2177,2155,1404,-773
BANC,"10/26/2015 9 p.m. PDT",2066,2086,1248,-818
BANC,"10/26/2015 10 p.m. PDT",1930,1946,1130,-800
BANC,"10/26/2015 11 p.m. PDT",1758,1768,1084,-674
BANC,"10/27/2015 12 a.m. PDT",1604,1613,948,-656
BANC,"10/27/2015 1 a.m. PDT",1492,1483,1010,-482
BANC,"10/27/2015 2 a.m. PDT",1415,1418,942,-473
BANC,"10/27/2015 3 a.m. PDT",1392,1370,901,-491
BANC,"10/27/2015 4 a.m. PDT",1374,1363,882,-492
BANC,"10/27/2015 5 a.m. PDT",1407,1383,956,-451
BANC,"10/27/2015 6 a.m. PDT",1526,1500,1092,-434
BANC,"10/27/2015 7 a.m. PDT",1722,1686,1146,-576
BANC,"10/27/2015 8 a.m. PDT",1834,1774,1270,-564
BANC,"10/27/2015 9 a.m. PDT",1816,1802,1155,-661
BANC,"10/27/2015 10 a.m. PDT",1861,1846,1147,-714
BANC,"10/27/2015 11 a.m. PDT",1903,1911,1144,-759
BANC,"10/27/2015 12 p.m. PDT",1934,1938,1148,-786
BANC,"10/27/2015 1 p.m. PDT",1961,1973,1146,-815
BANC,"10/27/2015 2 p.m. PDT",1954,2003,1154,-800
BANC,"10/27/2015 3 p.m. PDT",1932,2029,1139,-793
BANC,"10/27/2015 4 p.m. PDT",1926,2054,1245,-681
BANC,"10/27/2015 5 p.m. PDT",1922,2067,1310,-612
BANC,"10/27/2015 6 p.m. PDT",1957,2065,1430,-527
BANC,"10/27/2015 7 p.m. PDT",2056,2070,1673,-383
BANC,"10/27/2015 8 p.m. PDT",2063,2145,1658,-405
BANC,"10/27/2015 9 p.m. PDT",2007,2074,1496,-511
BANC,"10/27/2015 10 p.m. PDT",1893,1936,1342,-551
BANC,"10/27/2015 11 p.m. PDT",1739,1761,1284,-455
BANC,"10/28/2015 12 a.m. PDT",1585,1606,1122,-463
BANC,"10/28/2015 1 a.m. PDT",1484,1479,1037,-447
BANC,"10/28/2015 2 a.m. PDT",1419,1409,976,-443
BANC,"10/28/2015 3 a.m. PDT",1383,1373,982,-401
BANC,"10/28/2015 4 a.m. PDT",1383,1360,985,-398
BANC,"10/28/2015 5 a.m. PDT",1419,1396,1016,-403
BANC,"10/28/2015 6 a.m. PDT",1521,1494,1084,-437
BANC,"10/28/2015 7 a.m. PDT",1723,1677,1300,-423
BANC,"10/28/2015 8 a.m. PDT",1838,1746,1382,-456
BANC,"10/28/2015 9 a.m. PDT",1808,1768,1301,-507
BANC,"10/28/2015 10 a.m. PDT",1854,1821,1369,-485
BANC,"10/28/2015 11 a.m. PDT",1892,1885,1300,-592
BANC,"10/28/2015 12 p.m. PDT",1942,1927,1323,-619
BANC,"10/28/2015 1 p.m. PDT",1944,1959,1328,-616
BANC,"10/28/2015 2 p.m. PDT",1947,1984,1323,-624
BANC,"10/28/2015 3 p.m. PDT",1964,2002,1362,-602
BANC,"10/28/2015 4 p.m. PDT",1968,2010,1407,-561
BANC,"10/28/2015 5 p.m. PDT",1982,2019,1494,-488
BANC,"10/28/2015 6 p.m. PDT",2006,2007,1604,-402
BANC,"10/28/2015 7 p.m. PDT",2091,2033,1809,-282
BANC,"10/28/2015 8 p.m. PDT",2105,2083,1720,-385
BANC,"10/28/2015 9 p.m. PDT",2038,2024,1634,-404
BANC,"10/28/2015 10 p.m. PDT",1927,1897,1491,-436
BANC,"10/28/2015 11 p.m. PDT",1757,1741,1339,-418
BANC,"10/29/2015 12 a.m. PDT",1625,1586,1176,-449
BANC,"10/29/2015 1 a.m. PDT",1506,1450,988,-518
BANC,"10/29/2015 2 a.m. PDT",1443,1385,915,-528
BANC,"10/29/2015 3 a.m. PDT",1400,1350,890,-510
BANC,"10/29/2015 4 a.m. PDT",1393,1339,906,-487
BANC,"10/29/2015 5 a.m. PDT",1424,1377,904,-520
BANC,"10/29/2015 6 a.m. PDT",1527,1475,1024,-503
BANC,"10/29/2015 7 a.m. PDT",1730,1667,1211,-519
BANC,"10/29/2015 8 a.m. PDT",1831,1755,1268,-563
BANC,"10/29/2015 9 a.m. PDT",1809,1766,1160,-649
BANC,"10/29/2015 10 a.m. PDT",1818,1811,1066,-752
BANC,"10/29/2015 11 a.m. PDT",1849,1864,1082,-767
BANC,"10/29/2015 12 p.m. PDT",1876,1902,1121,-755
BANC,"10/29/2015 1 p.m. PDT",1901,1948,1128,-773
BANC,"10/29/2015 2 p.m. PDT",1917,1989,1153,-764
BANC,"10/29/2015 3 p.m. PDT",1932,2018,1181,-751
BANC,"10/29/2015 4 p.m. PDT",1945,2041,1200,-745
BANC,"10/29/2015 5 p.m. PDT",1971,2056,1414,-557
BANC,"10/29/2015 6 p.m. PDT",1990,2058,1409,-581
BANC,"10/29/2015 7 p.m. PDT",2087,2098,1543,-544
BANC,"10/29/2015 8 p.m. PDT",2097,2118,1511,-586
BANC,"10/29/2015 9 p.m. PDT",2046,2041,1466,-580
BANC,"10/29/2015 10 p.m. PDT",1921,1916,1339,-582
BANC,"10/29/2015 11 p.m. PDT",1768,1755,1224,-544
BANC,"10/30/2015 12 a.m. PDT",1619,1591,1033,-586
BANC,"10/30/2015 1 a.m. PDT",1502,1473,931,-571
BANC,"10/30/2015 2 a.m. PDT",1435,1397,856,-579
BANC,"10/30/2015 3 a.m. PDT",1402,1361,819,-583
BANC,"10/30/2015 4 a.m. PDT",1387,1349,814,-573
BANC,"10/30/2015 5 a.m. PDT",1421,1374,898,-523
BANC,"10/30/2015 6 a.m. PDT",1520,1464,948,-572
BANC,"10/30/2015 7 a.m. PDT",1716,1635,1078,-638
BANC,"10/30/2015 8 a.m. PDT",1806,1705,1189,-617
BANC,"10/30/2015 9 a.m. PDT",1777,1710,1067,-710
BANC,"10/30/2015 10 a.m. PDT",1796,1760,1072,-724
BANC,"10/30/2015 11 a.m. PDT",1837,1823,1076,-761
BANC,"10/30/2015 12 p.m. PDT",1863,1866,1092,-771
BANC,"10/30/2015 1 p.m. PDT",1895,1914,1116,-779
BANC,"10/30/2015 2 p.m. PDT",1921,1972,1146,-775
BANC,"10/30/2015 3 p.m. PDT",1969,2010,1205,-764
BANC,"10/30/2015 4 p.m. PDT",2000,2045,1247,-753
BANC,"10/30/2015 5 p.m. PDT",2037,2084,1372,-665
BANC,"10/30/2015 6 p.m. PDT",2030,2066,1421,-609
BANC,"10/30/2015 7 p.m. PDT",2062,2087,1519,-543
BANC,"10/30/2015 8 p.m. PDT",2040,2103,1425,-615
BANC,"10/30/2015 9 p.m. PDT",1966,2014,1365,-601
BANC,"10/30/2015 10 p.m. PDT",1863,1891,1199,-664
BANC,"10/30/2015 11 p.m. PDT",1746,1728,1152,-594
BANC,"10/31/2015 12 a.m. PDT",1603,1569,1027,-576
BANC,"10/31/2015 1 a.m. PDT",1493,1504,986,-507
BANC,"10/31/2015 2 a.m. PDT",1431,1432,927,-504
BANC,"10/31/2015 3 a.m. PDT",1359,1388,856,-503
BANC,"10/31/2015 4 a.m. PDT",1332,1364,835,-497
BANC,"10/31/2015 5 a.m. PDT",1352,1370,874,-478
BANC,"10/31/2015 6 a.m. PDT",1393,1400,938,-455
BANC,"10/31/2015 7 a.m. PDT",1459,1470,916,-543
BANC,"10/31/2015 8 a.m. PDT",1510,1519,942,-568
BANC,"10/31/2015 9 a.m. PDT",1554,1591,935,-619
BANC,"10/31/2015 10 a.m. PDT",1609,1665,946,-663
BANC,"10/31/2015 11 a.m. PDT",1678,1718,996,-682
BANC,"10/31/2015 12 p.m. PDT",1727,1760,1030,-697
BANC,"10/31/2015 1 p.m. PDT",1749,1805,1028,-721
BANC,"10/31/2015 2 p.m. PDT",1780,1836,1055,-725
BANC,"10/31/2015 3 p.m. PDT",1825,1878,1117,-708
BANC,"10/31/2015 4 p.m. PDT",1883,1932,1223,-660
BANC,"10/31/2015 5 p.m. PDT",1958,1970,1385,-573
BANC,"10/31/2015 6 p.m. PDT",1989,1983,1427,-562
BANC,"10/31/2015 7 p.m. PDT",2005,2005,1585,-420
BANC,"10/31/2015 8 p.m. PDT",1952,2007,1392,-560
BANC,"10/31/2015 9 p.m. PDT",1885,1952,1331,-554
BANC,"10/31/2015 10 p.m. PDT",1807,1872,1231,-576
BANC,"10/31/2015 11 p.m. PDT",1716,1735,1163,-553
BANC,"11/1/2015 12 a.m. PDT",1598,1597,1046,-553
